city,city,date,cases,daily cases,deaths,daily deaths
Acopiara,Acopiara,2020-03-27,0,0,0,0
Acopiara,Acopiara,2020-03-28,0,0,0,0
Acopiara,Acopiara,2020-03-29,0,0,0,0
Acopiara,Acopiara,2020-03-30,0,0,0,0
Acopiara,Acopiara,2020-03-31,0,0,0,0
Acopiara,Acopiara,2020-04-01,0,0,0,0
Acopiara,Acopiara,2020-04-02,0,0,0,0
Acopiara,Acopiara,2020-04-03,0,0,0,0
Acopiara,Acopiara,2020-04-04,0,0,0,0
Acopiara,Acopiara,2020-04-05,0,0,0,0
Acopiara,Acopiara,2020-04-06,0,0,0,0
Acopiara,Acopiara,2020-04-07,0,0,0,0
Acopiara,Acopiara,2020-04-08,0,0,0,0
Acopiara,Acopiara,2020-04-09,0,0,0,0
Acopiara,Acopiara,2020-04-10,0,0,0,0
Acopiara,Acopiara,2020-04-11,0,0,0,0
Acopiara,Acopiara,2020-04-12,0,0,0,0
Acopiara,Acopiara,2020-04-13,1,1,0,0
Acopiara,Acopiara,2020-04-14,1,0,0,0
Acopiara,Acopiara,2020-04-15,1,0,0,0
Acopiara,Acopiara,2020-04-16,2,1,0,0
Acopiara,Acopiara,2020-04-17,2,0,0,0
Acopiara,Acopiara,2020-04-18,2,0,0,0
Acopiara,Acopiara,2020-04-19,2,0,0,0
Acopiara,Acopiara,2020-04-20,2,0,0,0
Acopiara,Acopiara,2020-04-21,3,1,0,0
Acopiara,Acopiara,2020-04-22,3,0,0,0
Acopiara,Acopiara,2020-04-23,3,0,0,0
Acopiara,Acopiara,2020-04-24,2,-1,0,0
Acopiara,Acopiara,2020-04-25,3,1,0,0
Acopiara,Acopiara,2020-04-26,3,0,0,0
Acopiara,Acopiara,2020-04-27,5,2,0,0
Acopiara,Acopiara,2020-04-28,6,1,1,1
Acopiara,Acopiara,2020-04-29,7,1,1,0
Acopiara,Acopiara,2020-04-30,6,-1,1,0
Acopiara,Acopiara,2020-05-01,8,2,1,0
Acopiara,Acopiara,2020-05-02,8,0,1,0
Acopiara,Acopiara,2020-05-03,8,0,1,0
Acopiara,Acopiara,2020-05-04,8,0,1,0
Acopiara,Acopiara,2020-05-05,8,0,1,0
Acopiara,Acopiara,2020-05-06,8,0,1,0
Acopiara,Acopiara,2020-05-07,8,0,1,0
Acopiara,Acopiara,2020-05-08,8,0,1,0
Acopiara,Acopiara,2020-05-09,8,0,1,0
Acopiara,Acopiara,2020-05-10,8,0,1,0
Acopiara,Acopiara,2020-05-11,12,4,2,1
Acopiara,Acopiara,2020-05-12,12,0,2,0
Acopiara,Acopiara,2020-05-13,12,0,2,0
Acopiara,Acopiara,2020-05-14,17,5,2,0
Acopiara,Acopiara,2020-05-15,21,4,2,0
Acopiara,Acopiara,2020-05-16,20,-1,1,-1
Acopiara,Acopiara,2020-05-17,20,0,1,0
Acopiara,Acopiara,2020-05-18,28,8,1,0
Acopiara,Acopiara,2020-05-19,34,6,1,0
Acopiara,Acopiara,2020-05-20,38,4,1,0
Acopiara,Acopiara,2020-05-21,39,1,2,1
Acopiara,Acopiara,2020-05-22,48,9,2,0
Acopiara,Acopiara,2020-05-23,48,0,2,0
Acopiara,Acopiara,2020-05-24,48,0,2,0
Acopiara,Acopiara,2020-05-25,48,0,2,0
Acopiara,Acopiara,2020-05-26,48,0,2,0
Acopiara,Acopiara,2020-05-27,49,1,3,1
Acopiara,Acopiara,2020-05-28,49,0,3,0
Acopiara,Acopiara,2020-05-29,50,1,2,-1
Acopiara,Acopiara,2020-05-30,74,24,2,0
Acopiara,Acopiara,2020-05-31,75,1,2,0
Acopiara,Acopiara,2020-06-01,78,3,3,1
Acopiara,Acopiara,2020-06-02,87,9,4,1
Acopiara,Acopiara,2020-06-03,89,2,6,2
Acopiara,Acopiara,2020-06-04,103,14,6,0
Acopiara,Acopiara,2020-06-05,113,10,6,0
Acopiara,Acopiara,2020-06-06,123,10,6,0
Acopiara,Acopiara,2020-06-07,128,5,6,0
Acopiara,Acopiara,2020-06-08,127,-1,6,0
Acopiara,Acopiara,2020-06-09,135,8,6,0
Acopiara,Acopiara,2020-06-10,138,3,6,0
Acopiara,Acopiara,2020-06-11,155,17,9,3
Acopiara,Acopiara,2020-06-12,156,1,10,1
Acopiara,Acopiara,2020-06-13,156,0,10,0
Acopiara,Acopiara,2020-06-14,156,0,10,0
Acopiara,Acopiara,2020-06-15,156,0,10,0
Acopiara,Acopiara,2020-06-16,168,12,10,0
Acopiara,Acopiara,2020-06-17,174,6,13,3
Acopiara,Acopiara,2020-06-18,193,19,13,0
Acopiara,Acopiara,2020-06-19,198,5,13,0
Acopiara,Acopiara,2020-06-20,207,9,13,0
Acopiara,Acopiara,2020-06-21,209,2,13,0
Acopiara,Acopiara,2020-06-22,213,4,13,0
Acopiara,Acopiara,2020-06-23,223,10,15,2
Acopiara,Acopiara,2020-06-24,229,6,16,1
Acopiara,Acopiara,2020-06-25,230,1,16,0
Acopiara,Acopiara,2020-06-26,236,6,16,0
Acopiara,Acopiara,2020-06-27,237,1,17,1
Acopiara,Acopiara,2020-06-28,242,5,17,0
Acopiara,Acopiara,2020-06-29,242,0,17,0
Acopiara,Acopiara,2020-06-30,243,1,17,0
Acopiara,Acopiara,2020-07-01,266,23,17,0
Acopiara,Acopiara,2020-07-02,277,11,18,1
Acopiara,Acopiara,2020-07-03,289,12,18,0
Acopiara,Acopiara,2020-07-04,303,14,18,0
Acopiara,Acopiara,2020-07-05,303,0,18,0
Acopiara,Acopiara,2020-07-06,303,0,18,0
Acopiara,Acopiara,2020-07-07,304,1,18,0
Acopiara,Acopiara,2020-07-08,325,21,18,0
Acopiara,Acopiara,2020-07-09,332,7,18,0
Acopiara,Acopiara,2020-07-10,340,8,18,0
Acopiara,Acopiara,2020-07-11,352,12,18,0
Acopiara,Acopiara,2020-07-12,355,3,18,0
Acopiara,Acopiara,2020-07-13,356,1,19,1
Acopiara,Acopiara,2020-07-14,361,5,19,0
Acopiara,Acopiara,2020-07-15,377,16,20,1
Acopiara,Acopiara,2020-07-16,379,2,20,0
Acopiara,Acopiara,2020-07-17,380,1,20,0
Acopiara,Acopiara,2020-07-18,394,14,20,0
Acopiara,Acopiara,2020-07-19,394,0,20,0
Acopiara,Acopiara,2020-07-20,394,0,22,2
Acopiara,Acopiara,2020-07-21,403,9,22,0
Acopiara,Acopiara,2020-07-22,410,7,22,0
Acopiara,Acopiara,2020-07-23,410,0,22,0
Acopiara,Acopiara,2020-07-24,422,12,22,0
Acopiara,Acopiara,2020-07-25,435,13,22,0
Acopiara,Acopiara,2020-07-26,435,0,22,0
Acopiara,Acopiara,2020-07-27,436,1,22,0
Acopiara,Acopiara,2020-07-28,445,9,22,0
Acopiara,Acopiara,2020-07-29,454,9,22,0
Acopiara,Acopiara,2020-07-30,460,6,22,0
Acopiara,Acopiara,2020-07-31,463,3,22,0
Acopiara,Acopiara,2020-08-01,469,6,22,0
Acopiara,Acopiara,2020-08-02,472,3,24,2
Acopiara,Acopiara,2020-08-03,474,2,24,0
Acopiara,Acopiara,2020-08-04,487,13,24,0
Acopiara,Acopiara,2020-08-05,490,3,24,0
Acopiara,Acopiara,2020-08-06,491,1,25,1
Acopiara,Acopiara,2020-08-07,495,4,25,0
Acopiara,Acopiara,2020-08-08,497,2,26,1
Acopiara,Acopiara,2020-08-09,497,0,1,-25
Acopiara,Acopiara,2020-08-10,497,0,26,25
Acopiara,Acopiara,2020-08-11,498,1,26,0
Acopiara,Acopiara,2020-08-12,501,3,26,0
Acopiara,Acopiara,2020-08-13,515,14,28,2
Acopiara,Acopiara,2020-08-14,521,6,28,0
Acopiara,Acopiara,2020-08-15,545,24,28,0
Acopiara,Acopiara,2020-08-16,548,3,30,2
Acopiara,Acopiara,2020-08-17,548,0,30,0
Acopiara,Acopiara,2020-08-18,550,2,30,0
Acopiara,Acopiara,2020-08-19,567,17,30,0
Acopiara,Acopiara,2020-08-20,569,2,30,0
Acopiara,Acopiara,2020-08-21,588,19,30,0
Acopiara,Acopiara,2020-08-22,614,26,30,0
Acopiara,Acopiara,2020-08-23,617,3,30,0
Acopiara,Acopiara,2020-08-24,617,0,30,0
Acopiara,Acopiara,2020-08-25,619,2,30,0
Acopiara,Acopiara,2020-08-26,622,3,30,0
Acopiara,Acopiara,2020-08-27,637,15,30,0
Acopiara,Acopiara,2020-08-28,645,8,30,0
Acopiara,Acopiara,2020-08-29,661,16,30,0
Acopiara,Acopiara,2020-08-30,664,3,30,0
Acopiara,Acopiara,2020-08-31,666,2,30,0
Acopiara,Acopiara,2020-09-01,686,20,30,0
Acopiara,Acopiara,2020-09-02,702,16,31,1
Acopiara,Acopiara,2020-09-03,704,2,31,0
Acopiara,Acopiara,2020-09-04,735,31,31,0
Acopiara,Acopiara,2020-09-05,717,-18,31,0
Acopiara,Acopiara,2020-09-06,717,0,31,0
Acopiara,Acopiara,2020-09-07,717,0,31,0
Acopiara,Acopiara,2020-09-08,717,0,31,0
Acopiara,Acopiara,2020-09-09,726,9,31,0
Acopiara,Acopiara,2020-09-10,743,17,32,1
Acopiara,Acopiara,2020-09-11,746,3,32,0
Acopiara,Acopiara,2020-09-12,756,10,32,0
Acopiara,Acopiara,2020-09-13,760,4,32,0
Acopiara,Acopiara,2020-09-14,766,6,33,1
Acopiara,Acopiara,2020-09-15,768,2,33,0
Acopiara,Acopiara,2020-09-16,802,34,33,0
Acopiara,Acopiara,2020-09-17,808,6,33,0
Acopiara,Acopiara,2020-09-18,809,1,33,0
Acopiara,Acopiara,2020-09-19,821,12,33,0
Acopiara,Acopiara,2020-09-20,822,1,33,0
Acopiara,Acopiara,2020-09-21,822,0,33,0
Acopiara,Acopiara,2020-09-22,824,2,33,0
Acopiara,Acopiara,2020-09-23,839,15,33,0
Acopiara,Acopiara,2020-09-24,865,26,33,0
Acopiara,Acopiara,2020-09-25,865,0,33,0
Acopiara,Acopiara,2020-09-26,898,33,33,0
Acopiara,Acopiara,2020-09-27,913,15,33,0
Acopiara,Acopiara,2020-09-28,914,1,33,0
Acopiara,Acopiara,2020-09-29,915,1,35,2
Acopiara,Acopiara,2020-09-30,932,17,35,0
Acopiara,Acopiara,2020-10-01,932,0,36,1
Acopiara,Acopiara,2020-10-02,949,17,36,0
Acopiara,Acopiara,2020-10-03,951,2,36,0
Acopiara,Acopiara,2020-10-04,952,1,36,0
Acopiara,Acopiara,2020-10-05,952,0,36,0
Acopiara,Acopiara,2020-10-06,1037,85,39,3
Acopiara,Acopiara,2020-10-07,1047,10,39,0
Acopiara,Acopiara,2020-10-08,1050,3,39,0
Acopiara,Acopiara,2020-10-09,1076,26,39,0
Acopiara,Acopiara,2020-10-10,1075,-1,39,0
Acopiara,Acopiara,2020-10-11,1075,0,39,0
Acopiara,Acopiara,2020-10-12,1104,29,39,0
Acopiara,Acopiara,2020-10-13,1107,3,41,2
Acopiara,Acopiara,2020-10-14,1126,19,41,0
Acopiara,Acopiara,2020-10-15,1130,4,41,0
Acopiara,Acopiara,2020-10-16,1130,0,41,0
Acopiara,Acopiara,2020-10-17,1135,5,41,0
Acopiara,Acopiara,2020-10-18,1158,23,41,0
Acopiara,Acopiara,2020-10-19,1158,0,41,0
Acopiara,Acopiara,2020-10-20,1164,6,42,1
Acopiara,Acopiara,2020-10-21,1164,0,43,1
Acopiara,Acopiara,2020-10-22,1200,36,43,0
Acopiara,Acopiara,2020-10-23,1202,2,43,0
Acopiara,Acopiara,2020-10-24,1202,0,43,0
Acopiara,Acopiara,2020-10-25,1205,3,43,0
Acopiara,Acopiara,2020-10-26,1208,3,43,0
Acopiara,Acopiara,2020-10-27,1223,15,45,2
Acopiara,Acopiara,2020-10-28,1234,11,45,0
Acopiara,Acopiara,2020-10-29,1245,11,45,0
Acopiara,Acopiara,2020-10-30,1249,4,46,1
Acopiara,Acopiara,2020-10-31,1253,4,47,1
Acopiara,Acopiara,2020-11-01,1253,0,47,0
Acopiara,Acopiara,2020-11-02,1265,12,46,-1
Acopiara,Acopiara,2020-11-03,1268,3,47,1
Acopiara,Acopiara,2020-11-04,1271,3,50,3
Acopiara,Acopiara,2020-11-05,1273,2,50,0
Acopiara,Acopiara,2020-11-06,1275,2,50,0
Acopiara,Acopiara,2020-11-07,1276,1,49,-1
Acopiara,Acopiara,2020-11-08,1276,0,49,0
Acopiara,Acopiara,2020-11-09,1281,5,49,0
Acopiara,Acopiara,2020-11-10,1280,-1,49,0
Acopiara,Acopiara,2020-11-11,1281,1,48,-1
Acopiara,Acopiara,2020-11-12,1281,0,49,1
Acopiara,Acopiara,2020-11-13,1282,1,49,0
Acopiara,Acopiara,2020-11-14,1283,1,49,0
Acopiara,Acopiara,2020-11-15,1283,0,49,0
Acopiara,Acopiara,2020-11-16,1283,0,49,0
Acopiara,Acopiara,2020-11-17,1283,0,49,0
Acopiara,Acopiara,2020-11-18,1284,1,49,0
Acopiara,Acopiara,2020-11-19,1288,4,49,0
Acopiara,Acopiara,2020-11-20,1291,3,49,0
Acopiara,Acopiara,2020-11-21,1296,5,49,0
Acopiara,Acopiara,2020-11-22,1300,4,49,0
Acopiara,Acopiara,2020-11-23,1301,1,49,0
Acopiara,Acopiara,2020-11-24,1301,0,49,0
Acopiara,Acopiara,2020-11-25,1301,0,51,2
Acopiara,Acopiara,2020-11-26,1305,4,51,0
Acopiara,Acopiara,2020-11-27,1314,9,51,0
Acopiara,Acopiara,2020-11-28,1315,1,51,0
Acopiara,Acopiara,2020-11-29,1314,-1,51,0
Acopiara,Acopiara,2020-11-30,1314,0,51,0
Acopiara,Acopiara,2020-12-01,1322,8,51,0
Acopiara,Acopiara,2020-12-02,1323,1,51,0
Acopiara,Acopiara,2020-12-03,1323,0,51,0
Acopiara,Acopiara,2020-12-04,1326,3,51,0
Acopiara,Acopiara,2020-12-05,1336,10,51,0
Acopiara,Acopiara,2020-12-06,1336,0,51,0
Acopiara,Acopiara,2020-12-07,1338,2,53,2
Acopiara,Acopiara,2020-12-08,1342,4,53,0
Acopiara,Acopiara,2020-12-09,1343,1,53,0
Acopiara,Acopiara,2020-12-10,1346,3,53,0
Acopiara,Acopiara,2020-12-11,1347,1,54,1
Acopiara,Acopiara,2020-12-12,1347,0,54,0
Acopiara,Acopiara,2020-12-13,1349,2,56,2
Acopiara,Acopiara,2020-12-14,1349,0,56,0
Acopiara,Acopiara,2020-12-15,1350,1,56,0
Acopiara,Acopiara,2020-12-16,1352,2,56,0
Acopiara,Acopiara,2020-12-17,1356,4,56,0
Acopiara,Acopiara,2020-12-18,1357,1,56,0
Acopiara,Acopiara,2020-12-19,1359,2,56,0
Acopiara,Acopiara,2020-12-20,1360,1,56,0
Acopiara,Acopiara,2020-12-21,1360,0,56,0
Acopiara,Acopiara,2020-12-22,1361,1,56,0
Acopiara,Acopiara,2020-12-23,1361,0,56,0
Acopiara,Acopiara,2020-12-24,1361,0,56,0
Acopiara,Acopiara,2020-12-25,1361,0,56,0
Acopiara,Acopiara,2020-12-26,1364,3,56,0
Acopiara,Acopiara,2020-12-27,1364,0,56,0
Acopiara,Acopiara,2020-12-28,1364,0,56,0
Acopiara,Acopiara,2020-12-29,1364,0,57,1
Acopiara,Acopiara,2020-12-30,1365,1,57,0
Acopiara,Acopiara,2020-12-31,1366,1,57,0
Acopiara,Acopiara,2021-01-01,1370,4,57,0
Acopiara,Acopiara,2021-01-02,1371,1,57,0
Acopiara,Acopiara,2021-01-03,1371,0,57,0
Acopiara,Acopiara,2021-01-04,1371,0,57,0
Acopiara,Acopiara,2021-01-05,1372,1,57,0
Acopiara,Acopiara,2021-01-06,1373,1,57,0
Acopiara,Acopiara,2021-01-07,1376,3,57,0
Acopiara,Acopiara,2021-01-08,1377,1,57,0
Acopiara,Acopiara,2021-01-09,1379,2,57,0
Acopiara,Acopiara,2021-01-10,1379,0,57,0
Acopiara,Acopiara,2021-01-11,1379,0,57,0
Acopiara,Acopiara,2021-01-12,1377,-2,57,0
Acopiara,Acopiara,2021-01-13,1395,18,57,0
Acopiara,Acopiara,2021-01-14,1398,3,60,3
Acopiara,Acopiara,2021-01-15,1401,3,60,0
Acopiara,Acopiara,2021-01-16,1401,0,60,0
Acopiara,Acopiara,2021-01-17,1400,-1,60,0
Acopiara,Acopiara,2021-01-18,1410,10,60,0
Acopiara,Acopiara,2021-01-19,1413,3,60,0
Acopiara,Acopiara,2021-01-20,1422,9,60,0
Acopiara,Acopiara,2021-01-21,1426,4,60,0
Acopiara,Acopiara,2021-01-22,1428,2,62,2
Acopiara,Acopiara,2021-01-23,1428,0,62,0
Acopiara,Acopiara,2021-01-24,1429,1,62,0
Acopiara,Acopiara,2021-01-25,1431,2,62,0
Acopiara,Acopiara,2021-01-26,1431,0,62,0
Acopiara,Acopiara,2021-01-27,1435,4,62,0
Acopiara,Acopiara,2021-01-28,1436,1,62,0
Acopiara,Acopiara,2021-01-29,1436,0,62,0
Acopiara,Acopiara,2021-01-30,1442,6,62,0
Acopiara,Acopiara,2021-01-31,1444,2,62,0
Acopiara,Acopiara,2021-02-01,1444,0,62,0
Acopiara,Acopiara,2021-02-02,1444,0,62,0
Acopiara,Acopiara,2021-02-03,1448,4,63,1
Acopiara,Acopiara,2021-02-04,1448,0,63,0
Acopiara,Acopiara,2021-02-05,1451,3,65,2
Acopiara,Acopiara,2021-02-06,1451,0,66,1
Acopiara,Acopiara,2021-02-07,1452,1,66,0
Acopiara,Acopiara,2021-02-08,1457,5,66,0
