city,city,date,cases,daily cases,deaths,daily deaths
Acrelândia,Acrelândia,2020-03-27,0,0,0,0
Acrelândia,Acrelândia,2020-03-28,0,0,0,0
Acrelândia,Acrelândia,2020-03-29,2,2,0,0
Acrelândia,Acrelândia,2020-03-30,6,4,0,0
Acrelândia,Acrelândia,2020-03-31,7,1,0,0
Acrelândia,Acrelândia,2020-04-01,8,1,0,0
Acrelândia,Acrelândia,2020-04-02,8,0,0,0
Acrelândia,Acrelândia,2020-04-03,9,1,0,0
Acrelândia,Acrelândia,2020-04-04,9,0,0,0
Acrelândia,Acrelândia,2020-04-05,9,0,0,0
Acrelândia,Acrelândia,2020-04-06,9,0,0,0
Acrelândia,Acrelândia,2020-04-07,9,0,1,1
Acrelândia,Acrelândia,2020-04-08,9,0,0,-1
Acrelândia,Acrelândia,2020-04-09,9,0,0,0
Acrelândia,Acrelândia,2020-04-10,9,0,0,0
Acrelândia,Acrelândia,2020-04-11,9,0,0,0
Acrelândia,Acrelândia,2020-04-12,10,1,0,0
Acrelândia,Acrelândia,2020-04-13,11,1,0,0
Acrelândia,Acrelândia,2020-04-14,11,0,0,0
Acrelândia,Acrelândia,2020-04-15,11,0,0,0
Acrelândia,Acrelândia,2020-04-16,11,0,0,0
Acrelândia,Acrelândia,2020-04-17,12,1,0,0
Acrelândia,Acrelândia,2020-04-18,12,0,0,0
Acrelândia,Acrelândia,2020-04-19,12,0,0,0
Acrelândia,Acrelândia,2020-04-20,12,0,0,0
Acrelândia,Acrelândia,2020-04-21,12,0,0,0
Acrelândia,Acrelândia,2020-04-22,12,0,0,0
Acrelândia,Acrelândia,2020-04-23,12,0,0,0
Acrelândia,Acrelândia,2020-04-24,12,0,0,0
Acrelândia,Acrelândia,2020-04-25,12,0,0,0
Acrelândia,Acrelândia,2020-04-26,12,0,0,0
Acrelândia,Acrelândia,2020-04-27,13,1,0,0
Acrelândia,Acrelândia,2020-04-28,13,0,0,0
Acrelândia,Acrelândia,2020-04-29,13,0,0,0
Acrelândia,Acrelândia,2020-04-30,13,0,0,0
Acrelândia,Acrelândia,2020-05-01,13,0,0,0
Acrelândia,Acrelândia,2020-05-02,13,0,0,0
Acrelândia,Acrelândia,2020-05-03,14,1,0,0
Acrelândia,Acrelândia,2020-05-04,15,1,0,0
Acrelândia,Acrelândia,2020-05-05,16,1,1,1
Acrelândia,Acrelândia,2020-05-06,15,-1,1,0
Acrelândia,Acrelândia,2020-05-07,15,0,1,0
Acrelândia,Acrelândia,2020-05-08,17,2,1,0
Acrelândia,Acrelândia,2020-05-09,28,11,1,0
Acrelândia,Acrelândia,2020-05-10,30,2,1,0
Acrelândia,Acrelândia,2020-05-11,30,0,1,0
Acrelândia,Acrelândia,2020-05-12,31,1,1,0
Acrelândia,Acrelândia,2020-05-13,39,8,1,0
Acrelândia,Acrelândia,2020-05-14,47,8,1,0
Acrelândia,Acrelândia,2020-05-15,59,12,1,0
Acrelândia,Acrelândia,2020-05-16,67,8,1,0
Acrelândia,Acrelândia,2020-05-17,67,0,1,0
Acrelândia,Acrelândia,2020-05-18,74,7,1,0
Acrelândia,Acrelândia,2020-05-19,74,0,1,0
Acrelândia,Acrelândia,2020-05-20,90,16,1,0
Acrelândia,Acrelândia,2020-05-21,99,9,1,0
Acrelândia,Acrelândia,2020-05-22,119,20,1,0
Acrelândia,Acrelândia,2020-05-23,129,10,1,0
Acrelândia,Acrelândia,2020-05-24,129,0,1,0
Acrelândia,Acrelândia,2020-05-25,129,0,1,0
Acrelândia,Acrelândia,2020-05-26,132,3,1,0
Acrelândia,Acrelândia,2020-05-27,145,13,1,0
Acrelândia,Acrelândia,2020-05-28,150,5,1,0
Acrelândia,Acrelândia,2020-05-29,158,8,1,0
Acrelândia,Acrelândia,2020-05-30,158,0,1,0
Acrelândia,Acrelândia,2020-05-31,158,0,1,0
Acrelândia,Acrelândia,2020-06-01,158,0,1,0
Acrelândia,Acrelândia,2020-06-02,158,0,1,0
Acrelândia,Acrelândia,2020-06-03,160,2,1,0
Acrelândia,Acrelândia,2020-06-04,165,5,1,0
Acrelândia,Acrelândia,2020-06-05,165,0,1,0
Acrelândia,Acrelândia,2020-06-06,165,0,2,1
Acrelândia,Acrelândia,2020-06-07,165,0,2,0
Acrelândia,Acrelândia,2020-06-08,166,1,2,0
Acrelândia,Acrelândia,2020-06-09,167,1,2,0
Acrelândia,Acrelândia,2020-06-10,167,0,2,0
Acrelândia,Acrelândia,2020-06-11,167,0,2,0
Acrelândia,Acrelândia,2020-06-12,172,5,2,0
Acrelândia,Acrelândia,2020-06-13,172,0,2,0
Acrelândia,Acrelândia,2020-06-14,178,6,2,0
Acrelândia,Acrelândia,2020-06-15,178,0,2,0
Acrelândia,Acrelândia,2020-06-16,178,0,2,0
Acrelândia,Acrelândia,2020-06-17,180,2,2,0
Acrelândia,Acrelândia,2020-06-18,181,1,2,0
Acrelândia,Acrelândia,2020-06-19,181,0,2,0
Acrelândia,Acrelândia,2020-06-20,181,0,2,0
Acrelândia,Acrelândia,2020-06-21,181,0,2,0
Acrelândia,Acrelândia,2020-06-22,185,4,2,0
Acrelândia,Acrelândia,2020-06-23,185,0,2,0
Acrelândia,Acrelândia,2020-06-24,185,0,3,1
Acrelândia,Acrelândia,2020-06-25,185,0,3,0
Acrelândia,Acrelândia,2020-06-26,192,7,3,0
Acrelândia,Acrelândia,2020-06-27,192,0,3,0
Acrelândia,Acrelândia,2020-06-28,192,0,3,0
Acrelândia,Acrelândia,2020-06-29,192,0,3,0
Acrelândia,Acrelândia,2020-06-30,192,0,3,0
Acrelândia,Acrelândia,2020-07-01,194,2,3,0
Acrelândia,Acrelândia,2020-07-02,199,5,3,0
Acrelândia,Acrelândia,2020-07-03,199,0,3,0
Acrelândia,Acrelândia,2020-07-04,199,0,3,0
Acrelândia,Acrelândia,2020-07-05,201,2,3,0
Acrelândia,Acrelândia,2020-07-06,201,0,3,0
Acrelândia,Acrelândia,2020-07-07,211,10,3,0
Acrelândia,Acrelândia,2020-07-08,211,0,3,0
Acrelândia,Acrelândia,2020-07-09,212,1,3,0
Acrelândia,Acrelândia,2020-07-10,222,10,3,0
Acrelândia,Acrelândia,2020-07-11,222,0,3,0
Acrelândia,Acrelândia,2020-07-12,222,0,3,0
Acrelândia,Acrelândia,2020-07-13,222,0,3,0
Acrelândia,Acrelândia,2020-07-14,227,5,3,0
Acrelândia,Acrelândia,2020-07-15,229,2,3,0
Acrelândia,Acrelândia,2020-07-16,237,8,3,0
Acrelândia,Acrelândia,2020-07-17,237,0,3,0
Acrelândia,Acrelândia,2020-07-18,247,10,4,1
Acrelândia,Acrelândia,2020-07-19,247,0,4,0
Acrelândia,Acrelândia,2020-07-20,247,0,4,0
Acrelândia,Acrelândia,2020-07-21,248,1,4,0
Acrelândia,Acrelândia,2020-07-22,248,0,4,0
Acrelândia,Acrelândia,2020-07-23,248,0,4,0
Acrelândia,Acrelândia,2020-07-24,253,5,5,1
Acrelândia,Acrelândia,2020-07-25,253,0,5,0
Acrelândia,Acrelândia,2020-07-26,253,0,5,0
Acrelândia,Acrelândia,2020-07-27,254,1,5,0
Acrelândia,Acrelândia,2020-07-28,271,17,5,0
Acrelândia,Acrelândia,2020-07-29,270,-1,6,1
Acrelândia,Acrelândia,2020-07-30,277,7,6,0
Acrelândia,Acrelândia,2020-07-31,277,0,6,0
Acrelândia,Acrelândia,2020-08-01,277,0,6,0
Acrelândia,Acrelândia,2020-08-02,277,0,7,1
Acrelândia,Acrelândia,2020-08-03,287,10,7,0
Acrelândia,Acrelândia,2020-08-04,293,6,7,0
Acrelândia,Acrelândia,2020-08-05,293,0,7,0
Acrelândia,Acrelândia,2020-08-06,299,6,7,0
Acrelândia,Acrelândia,2020-08-07,299,0,7,0
Acrelândia,Acrelândia,2020-08-08,299,0,7,0
Acrelândia,Acrelândia,2020-08-09,304,5,7,0
Acrelândia,Acrelândia,2020-08-10,304,0,7,0
Acrelândia,Acrelândia,2020-08-11,308,4,7,0
Acrelândia,Acrelândia,2020-08-12,332,24,7,0
Acrelândia,Acrelândia,2020-08-13,363,31,8,1
Acrelândia,Acrelândia,2020-08-14,371,8,8,0
Acrelândia,Acrelândia,2020-08-15,373,2,8,0
Acrelândia,Acrelândia,2020-08-16,373,0,8,0
Acrelândia,Acrelândia,2020-08-17,378,5,8,0
Acrelândia,Acrelândia,2020-08-18,398,20,8,0
Acrelândia,Acrelândia,2020-08-19,398,0,8,0
Acrelândia,Acrelândia,2020-08-20,403,5,8,0
Acrelândia,Acrelândia,2020-08-21,403,0,8,0
Acrelândia,Acrelândia,2020-08-22,403,0,8,0
Acrelândia,Acrelândia,2020-08-23,408,5,8,0
Acrelândia,Acrelândia,2020-08-24,408,0,8,0
Acrelândia,Acrelândia,2020-08-25,420,12,8,0
Acrelândia,Acrelândia,2020-08-26,422,2,8,0
Acrelândia,Acrelândia,2020-08-27,425,3,8,0
Acrelândia,Acrelândia,2020-08-28,427,2,8,0
Acrelândia,Acrelândia,2020-08-29,428,1,8,0
Acrelândia,Acrelândia,2020-08-30,428,0,8,0
Acrelândia,Acrelândia,2020-08-31,428,0,8,0
Acrelândia,Acrelândia,2020-09-01,428,0,8,0
Acrelândia,Acrelândia,2020-09-02,429,1,9,1
Acrelândia,Acrelândia,2020-09-03,432,3,9,0
Acrelândia,Acrelândia,2020-09-04,432,0,9,0
Acrelândia,Acrelândia,2020-09-05,435,3,9,0
Acrelândia,Acrelândia,2020-09-06,435,0,9,0
Acrelândia,Acrelândia,2020-09-07,435,0,9,0
Acrelândia,Acrelândia,2020-09-08,437,2,9,0
Acrelândia,Acrelândia,2020-09-09,437,0,9,0
Acrelândia,Acrelândia,2020-09-10,440,3,9,0
Acrelândia,Acrelândia,2020-09-11,440,0,9,0
Acrelândia,Acrelândia,2020-09-12,446,6,9,0
Acrelândia,Acrelândia,2020-09-13,446,0,9,0
Acrelândia,Acrelândia,2020-09-14,446,0,9,0
Acrelândia,Acrelândia,2020-09-15,448,2,9,0
Acrelândia,Acrelândia,2020-09-16,452,4,9,0
Acrelândia,Acrelândia,2020-09-17,453,1,9,0
Acrelândia,Acrelândia,2020-09-18,454,1,9,0
Acrelândia,Acrelândia,2020-09-19,455,1,9,0
Acrelândia,Acrelândia,2020-09-20,455,0,9,0
Acrelândia,Acrelândia,2020-09-21,457,2,9,0
Acrelândia,Acrelândia,2020-09-22,457,0,9,0
Acrelândia,Acrelândia,2020-09-23,461,4,9,0
Acrelândia,Acrelândia,2020-09-24,464,3,9,0
Acrelândia,Acrelândia,2020-09-25,466,2,9,0
Acrelândia,Acrelândia,2020-09-26,468,2,9,0
Acrelândia,Acrelândia,2020-09-27,468,0,9,0
Acrelândia,Acrelândia,2020-09-28,468,0,9,0
Acrelândia,Acrelândia,2020-09-29,468,0,9,0
Acrelândia,Acrelândia,2020-09-30,471,3,9,0
Acrelândia,Acrelândia,2020-10-01,471,0,9,0
Acrelândia,Acrelândia,2020-10-02,471,0,9,0
Acrelândia,Acrelândia,2020-10-03,472,1,9,0
Acrelândia,Acrelândia,2020-10-04,472,0,9,0
Acrelândia,Acrelândia,2020-10-05,472,0,9,0
Acrelândia,Acrelândia,2020-10-06,472,0,9,0
Acrelândia,Acrelândia,2020-10-07,472,0,9,0
Acrelândia,Acrelândia,2020-10-08,472,0,9,0
Acrelândia,Acrelândia,2020-10-09,477,5,10,1
Acrelândia,Acrelândia,2020-10-10,478,1,10,0
Acrelândia,Acrelândia,2020-10-11,478,0,10,0
Acrelândia,Acrelândia,2020-10-12,478,0,10,0
Acrelândia,Acrelândia,2020-10-13,478,0,10,0
Acrelândia,Acrelândia,2020-10-14,478,0,10,0
Acrelândia,Acrelândia,2020-10-15,478,0,10,0
Acrelândia,Acrelândia,2020-10-16,479,1,10,0
Acrelândia,Acrelândia,2020-10-17,480,1,10,0
Acrelândia,Acrelândia,2020-10-18,480,0,10,0
Acrelândia,Acrelândia,2020-10-19,485,5,10,0
Acrelândia,Acrelândia,2020-10-20,485,0,10,0
Acrelândia,Acrelândia,2020-10-21,485,0,10,0
Acrelândia,Acrelândia,2020-10-22,485,0,10,0
Acrelândia,Acrelândia,2020-10-23,489,4,10,0
Acrelândia,Acrelândia,2020-10-24,491,2,10,0
Acrelândia,Acrelândia,2020-10-25,491,0,10,0
Acrelândia,Acrelândia,2020-10-26,490,-1,10,0
Acrelândia,Acrelândia,2020-10-27,490,0,10,0
Acrelândia,Acrelândia,2020-10-28,491,1,10,0
Acrelândia,Acrelândia,2020-10-29,492,1,10,0
Acrelândia,Acrelândia,2020-10-30,492,0,10,0
Acrelândia,Acrelândia,2020-10-31,492,0,10,0
Acrelândia,Acrelândia,2020-11-01,492,0,10,0
Acrelândia,Acrelândia,2020-11-02,492,0,10,0
Acrelândia,Acrelândia,2020-11-03,492,0,11,1
Acrelândia,Acrelândia,2020-11-04,492,0,11,0
Acrelândia,Acrelândia,2020-11-05,492,0,11,0
Acrelândia,Acrelândia,2020-11-06,492,0,11,0
Acrelândia,Acrelândia,2020-11-07,498,6,11,0
Acrelândia,Acrelândia,2020-11-08,498,0,11,0
Acrelândia,Acrelândia,2020-11-09,497,-1,11,0
Acrelândia,Acrelândia,2020-11-10,497,0,11,0
Acrelândia,Acrelândia,2020-11-11,497,0,11,0
Acrelândia,Acrelândia,2020-11-12,497,0,11,0
Acrelândia,Acrelândia,2020-11-13,497,0,11,0
Acrelândia,Acrelândia,2020-11-14,498,1,11,0
Acrelândia,Acrelândia,2020-11-15,498,0,11,0
Acrelândia,Acrelândia,2020-11-16,498,0,11,0
Acrelândia,Acrelândia,2020-11-17,498,0,11,0
Acrelândia,Acrelândia,2020-11-18,498,0,11,0
Acrelândia,Acrelândia,2020-11-19,498,0,11,0
Acrelândia,Acrelândia,2020-11-20,503,5,11,0
Acrelândia,Acrelândia,2020-11-21,503,0,11,0
Acrelândia,Acrelândia,2020-11-22,503,0,11,0
Acrelândia,Acrelândia,2020-11-23,503,0,11,0
Acrelândia,Acrelândia,2020-11-24,503,0,11,0
Acrelândia,Acrelândia,2020-11-25,503,0,11,0
Acrelândia,Acrelândia,2020-11-26,503,0,11,0
Acrelândia,Acrelândia,2020-11-27,507,4,11,0
Acrelândia,Acrelândia,2020-11-28,509,2,11,0
Acrelândia,Acrelândia,2020-11-29,516,7,11,0
Acrelândia,Acrelândia,2020-11-30,516,0,11,0
Acrelândia,Acrelândia,2020-12-01,516,0,11,0
Acrelândia,Acrelândia,2020-12-02,516,0,11,0
Acrelândia,Acrelândia,2020-12-03,516,0,11,0
Acrelândia,Acrelândia,2020-12-04,516,0,11,0
Acrelândia,Acrelândia,2020-12-05,517,1,11,0
Acrelândia,Acrelândia,2020-12-06,517,0,11,0
Acrelândia,Acrelândia,2020-12-07,518,1,11,0
Acrelândia,Acrelândia,2020-12-08,518,0,11,0
Acrelândia,Acrelândia,2020-12-09,519,1,11,0
Acrelândia,Acrelândia,2020-12-10,520,1,11,0
Acrelândia,Acrelândia,2020-12-11,525,5,11,0
Acrelândia,Acrelândia,2020-12-12,527,2,11,0
Acrelândia,Acrelândia,2020-12-13,527,0,11,0
Acrelândia,Acrelândia,2020-12-14,528,1,11,0
Acrelândia,Acrelândia,2020-12-15,528,0,11,0
Acrelândia,Acrelândia,2020-12-16,528,0,11,0
Acrelândia,Acrelândia,2020-12-17,528,0,11,0
Acrelândia,Acrelândia,2020-12-18,530,2,11,0
Acrelândia,Acrelândia,2020-12-19,537,7,11,0
Acrelândia,Acrelândia,2020-12-20,537,0,12,1
Acrelândia,Acrelândia,2020-12-21,547,10,12,0
Acrelândia,Acrelândia,2020-12-22,548,1,12,0
Acrelândia,Acrelândia,2020-12-23,552,4,12,0
Acrelândia,Acrelândia,2020-12-24,556,4,12,0
Acrelândia,Acrelândia,2020-12-25,556,0,12,0
Acrelândia,Acrelândia,2020-12-26,556,0,12,0
Acrelândia,Acrelândia,2020-12-27,556,0,12,0
Acrelândia,Acrelândia,2020-12-28,556,0,12,0
Acrelândia,Acrelândia,2020-12-29,557,1,12,0
Acrelândia,Acrelândia,2020-12-30,563,6,12,0
Acrelândia,Acrelândia,2020-12-31,563,0,12,0
Acrelândia,Acrelândia,2021-01-01,563,0,12,0
Acrelândia,Acrelândia,2021-01-02,563,0,12,0
Acrelândia,Acrelândia,2021-01-03,563,0,12,0
Acrelândia,Acrelândia,2021-01-04,563,0,12,0
Acrelândia,Acrelândia,2021-01-05,563,0,12,0
Acrelândia,Acrelândia,2021-01-06,569,6,13,1
Acrelândia,Acrelândia,2021-01-07,572,3,14,1
Acrelândia,Acrelândia,2021-01-08,574,2,14,0
Acrelândia,Acrelândia,2021-01-09,574,0,14,0
Acrelândia,Acrelândia,2021-01-10,574,0,14,0
Acrelândia,Acrelândia,2021-01-11,574,0,14,0
Acrelândia,Acrelândia,2021-01-12,574,0,14,0
Acrelândia,Acrelândia,2021-01-13,576,2,14,0
Acrelândia,Acrelândia,2021-01-14,580,4,14,0
Acrelândia,Acrelândia,2021-01-15,584,4,14,0
Acrelândia,Acrelândia,2021-01-16,592,8,14,0
Acrelândia,Acrelândia,2021-01-17,591,-1,14,0
Acrelândia,Acrelândia,2021-01-18,591,0,14,0
Acrelândia,Acrelândia,2021-01-19,594,3,14,0
Acrelândia,Acrelândia,2021-01-20,597,3,14,0
Acrelândia,Acrelândia,2021-01-21,603,6,14,0
Acrelândia,Acrelândia,2021-01-22,614,11,14,0
Acrelândia,Acrelândia,2021-01-23,622,8,14,0
Acrelândia,Acrelândia,2021-01-24,622,0,14,0
Acrelândia,Acrelândia,2021-01-25,623,1,14,0
Acrelândia,Acrelândia,2021-01-26,623,0,14,0
Acrelândia,Acrelândia,2021-01-27,625,2,14,0
Acrelândia,Acrelândia,2021-01-28,638,13,14,0
Acrelândia,Acrelândia,2021-01-29,642,4,14,0
Acrelândia,Acrelândia,2021-01-30,647,5,14,0
Acrelândia,Acrelândia,2021-01-31,647,0,14,0
Acrelândia,Acrelândia,2021-02-01,647,0,14,0
Acrelândia,Acrelândia,2021-02-02,647,0,14,0
Acrelândia,Acrelândia,2021-02-03,648,1,14,0
Acrelândia,Acrelândia,2021-02-04,682,34,14,0
Acrelândia,Acrelândia,2021-02-05,687,5,14,0
Acrelândia,Acrelândia,2021-02-06,699,12,14,0
Acrelândia,Acrelândia,2021-02-07,703,4,14,0
Acrelândia,Acrelândia,2021-02-08,713,10,14,0
