city,city,date,cases,daily cases,deaths,daily deaths
Aguiarnópolis,Aguiarnópolis,2020-03-27,0,0,0,0
Aguiarnópolis,Aguiarnópolis,2020-03-28,0,0,0,0
Aguiarnópolis,Aguiarnópolis,2020-03-29,0,0,0,0
Aguiarnópolis,Aguiarnópolis,2020-03-30,0,0,0,0
Aguiarnópolis,Aguiarnópolis,2020-03-31,0,0,0,0
Aguiarnópolis,Aguiarnópolis,2020-04-01,0,0,0,0
Aguiarnópolis,Aguiarnópolis,2020-04-02,0,0,0,0
Aguiarnópolis,Aguiarnópolis,2020-04-03,0,0,0,0
Aguiarnópolis,Aguiarnópolis,2020-04-04,0,0,0,0
Aguiarnópolis,Aguiarnópolis,2020-04-05,0,0,0,0
Aguiarnópolis,Aguiarnópolis,2020-04-06,0,0,0,0
Aguiarnópolis,Aguiarnópolis,2020-04-07,0,0,0,0
Aguiarnópolis,Aguiarnópolis,2020-04-08,0,0,0,0
Aguiarnópolis,Aguiarnópolis,2020-04-09,0,0,0,0
Aguiarnópolis,Aguiarnópolis,2020-04-10,0,0,0,0
Aguiarnópolis,Aguiarnópolis,2020-04-11,0,0,0,0
Aguiarnópolis,Aguiarnópolis,2020-04-12,0,0,0,0
Aguiarnópolis,Aguiarnópolis,2020-04-13,0,0,0,0
Aguiarnópolis,Aguiarnópolis,2020-04-14,0,0,0,0
Aguiarnópolis,Aguiarnópolis,2020-04-15,0,0,0,0
Aguiarnópolis,Aguiarnópolis,2020-04-16,0,0,0,0
Aguiarnópolis,Aguiarnópolis,2020-04-17,0,0,0,0
Aguiarnópolis,Aguiarnópolis,2020-04-18,0,0,0,0
Aguiarnópolis,Aguiarnópolis,2020-04-19,0,0,0,0
Aguiarnópolis,Aguiarnópolis,2020-04-20,0,0,0,0
Aguiarnópolis,Aguiarnópolis,2020-04-21,0,0,0,0
Aguiarnópolis,Aguiarnópolis,2020-04-22,0,0,0,0
Aguiarnópolis,Aguiarnópolis,2020-04-23,0,0,0,0
Aguiarnópolis,Aguiarnópolis,2020-04-24,0,0,0,0
Aguiarnópolis,Aguiarnópolis,2020-04-25,0,0,0,0
Aguiarnópolis,Aguiarnópolis,2020-04-26,0,0,0,0
Aguiarnópolis,Aguiarnópolis,2020-04-27,0,0,0,0
Aguiarnópolis,Aguiarnópolis,2020-04-28,0,0,0,0
Aguiarnópolis,Aguiarnópolis,2020-04-29,0,0,0,0
Aguiarnópolis,Aguiarnópolis,2020-04-30,0,0,0,0
Aguiarnópolis,Aguiarnópolis,2020-05-01,0,0,0,0
Aguiarnópolis,Aguiarnópolis,2020-05-02,0,0,0,0
Aguiarnópolis,Aguiarnópolis,2020-05-03,1,1,0,0
Aguiarnópolis,Aguiarnópolis,2020-05-04,1,0,1,1
Aguiarnópolis,Aguiarnópolis,2020-05-05,1,0,1,0
Aguiarnópolis,Aguiarnópolis,2020-05-06,1,0,1,0
Aguiarnópolis,Aguiarnópolis,2020-05-07,2,1,1,0
Aguiarnópolis,Aguiarnópolis,2020-05-08,2,0,1,0
Aguiarnópolis,Aguiarnópolis,2020-05-09,2,0,1,0
Aguiarnópolis,Aguiarnópolis,2020-05-10,2,0,1,0
Aguiarnópolis,Aguiarnópolis,2020-05-11,2,0,1,0
Aguiarnópolis,Aguiarnópolis,2020-05-12,2,0,1,0
Aguiarnópolis,Aguiarnópolis,2020-05-13,2,0,1,0
Aguiarnópolis,Aguiarnópolis,2020-05-14,2,0,1,0
Aguiarnópolis,Aguiarnópolis,2020-05-15,3,1,1,0
Aguiarnópolis,Aguiarnópolis,2020-05-16,4,1,1,0
Aguiarnópolis,Aguiarnópolis,2020-05-17,5,1,1,0
Aguiarnópolis,Aguiarnópolis,2020-05-18,5,0,1,0
Aguiarnópolis,Aguiarnópolis,2020-05-19,7,2,1,0
Aguiarnópolis,Aguiarnópolis,2020-05-20,9,2,1,0
Aguiarnópolis,Aguiarnópolis,2020-05-21,10,1,1,0
Aguiarnópolis,Aguiarnópolis,2020-05-22,10,0,1,0
Aguiarnópolis,Aguiarnópolis,2020-05-23,12,2,1,0
Aguiarnópolis,Aguiarnópolis,2020-05-24,12,0,1,0
Aguiarnópolis,Aguiarnópolis,2020-05-25,12,0,1,0
Aguiarnópolis,Aguiarnópolis,2020-05-26,19,7,1,0
Aguiarnópolis,Aguiarnópolis,2020-05-27,21,2,1,0
Aguiarnópolis,Aguiarnópolis,2020-05-28,28,7,1,0
Aguiarnópolis,Aguiarnópolis,2020-05-29,31,3,1,0
Aguiarnópolis,Aguiarnópolis,2020-05-30,35,4,1,0
Aguiarnópolis,Aguiarnópolis,2020-05-31,37,2,1,0
Aguiarnópolis,Aguiarnópolis,2020-06-01,36,-1,1,0
Aguiarnópolis,Aguiarnópolis,2020-06-02,39,3,1,0
Aguiarnópolis,Aguiarnópolis,2020-06-03,41,2,1,0
Aguiarnópolis,Aguiarnópolis,2020-06-04,45,4,1,0
Aguiarnópolis,Aguiarnópolis,2020-06-05,48,3,1,0
Aguiarnópolis,Aguiarnópolis,2020-06-06,55,7,1,0
Aguiarnópolis,Aguiarnópolis,2020-06-07,55,0,1,0
Aguiarnópolis,Aguiarnópolis,2020-06-08,55,0,1,0
Aguiarnópolis,Aguiarnópolis,2020-06-09,70,15,1,0
Aguiarnópolis,Aguiarnópolis,2020-06-10,73,3,2,1
Aguiarnópolis,Aguiarnópolis,2020-06-11,79,6,2,0
Aguiarnópolis,Aguiarnópolis,2020-06-12,80,1,2,0
Aguiarnópolis,Aguiarnópolis,2020-06-13,81,1,2,0
Aguiarnópolis,Aguiarnópolis,2020-06-14,81,0,2,0
Aguiarnópolis,Aguiarnópolis,2020-06-15,88,7,2,0
Aguiarnópolis,Aguiarnópolis,2020-06-16,94,6,2,0
Aguiarnópolis,Aguiarnópolis,2020-06-17,95,1,3,1
Aguiarnópolis,Aguiarnópolis,2020-06-18,97,2,3,0
Aguiarnópolis,Aguiarnópolis,2020-06-19,103,6,3,0
Aguiarnópolis,Aguiarnópolis,2020-06-20,104,1,4,1
Aguiarnópolis,Aguiarnópolis,2020-06-21,104,0,4,0
Aguiarnópolis,Aguiarnópolis,2020-06-22,104,0,4,0
Aguiarnópolis,Aguiarnópolis,2020-06-23,111,7,4,0
Aguiarnópolis,Aguiarnópolis,2020-06-24,112,1,4,0
Aguiarnópolis,Aguiarnópolis,2020-06-25,112,0,4,0
Aguiarnópolis,Aguiarnópolis,2020-06-26,117,5,4,0
Aguiarnópolis,Aguiarnópolis,2020-06-27,123,6,4,0
Aguiarnópolis,Aguiarnópolis,2020-06-28,123,0,4,0
Aguiarnópolis,Aguiarnópolis,2020-06-29,123,0,4,0
Aguiarnópolis,Aguiarnópolis,2020-06-30,139,16,4,0
Aguiarnópolis,Aguiarnópolis,2020-07-01,143,4,4,0
Aguiarnópolis,Aguiarnópolis,2020-07-02,151,8,4,0
Aguiarnópolis,Aguiarnópolis,2020-07-03,155,4,4,0
Aguiarnópolis,Aguiarnópolis,2020-07-04,159,4,4,0
Aguiarnópolis,Aguiarnópolis,2020-07-05,159,0,4,0
Aguiarnópolis,Aguiarnópolis,2020-07-06,159,0,4,0
Aguiarnópolis,Aguiarnópolis,2020-07-07,170,11,4,0
Aguiarnópolis,Aguiarnópolis,2020-07-08,187,17,4,0
Aguiarnópolis,Aguiarnópolis,2020-07-09,191,4,4,0
Aguiarnópolis,Aguiarnópolis,2020-07-10,196,5,4,0
Aguiarnópolis,Aguiarnópolis,2020-07-11,202,6,4,0
Aguiarnópolis,Aguiarnópolis,2020-07-12,203,1,4,0
Aguiarnópolis,Aguiarnópolis,2020-07-13,203,0,4,0
Aguiarnópolis,Aguiarnópolis,2020-07-14,216,13,5,1
Aguiarnópolis,Aguiarnópolis,2020-07-15,222,6,5,0
Aguiarnópolis,Aguiarnópolis,2020-07-16,222,0,5,0
Aguiarnópolis,Aguiarnópolis,2020-07-17,222,0,5,0
Aguiarnópolis,Aguiarnópolis,2020-07-18,229,7,5,0
Aguiarnópolis,Aguiarnópolis,2020-07-19,231,2,5,0
Aguiarnópolis,Aguiarnópolis,2020-07-20,234,3,6,1
Aguiarnópolis,Aguiarnópolis,2020-07-21,242,8,6,0
Aguiarnópolis,Aguiarnópolis,2020-07-22,245,3,6,0
Aguiarnópolis,Aguiarnópolis,2020-07-23,248,3,6,0
Aguiarnópolis,Aguiarnópolis,2020-07-24,251,3,6,0
Aguiarnópolis,Aguiarnópolis,2020-07-25,260,9,6,0
Aguiarnópolis,Aguiarnópolis,2020-07-26,261,1,6,0
Aguiarnópolis,Aguiarnópolis,2020-07-27,261,0,6,0
Aguiarnópolis,Aguiarnópolis,2020-07-28,274,13,6,0
Aguiarnópolis,Aguiarnópolis,2020-07-29,276,2,6,0
Aguiarnópolis,Aguiarnópolis,2020-07-30,278,2,6,0
Aguiarnópolis,Aguiarnópolis,2020-07-31,279,1,6,0
Aguiarnópolis,Aguiarnópolis,2020-08-01,279,0,6,0
Aguiarnópolis,Aguiarnópolis,2020-08-02,289,10,6,0
Aguiarnópolis,Aguiarnópolis,2020-08-03,291,2,6,0
Aguiarnópolis,Aguiarnópolis,2020-08-04,303,12,6,0
Aguiarnópolis,Aguiarnópolis,2020-08-05,306,3,6,0
Aguiarnópolis,Aguiarnópolis,2020-08-06,310,4,6,0
Aguiarnópolis,Aguiarnópolis,2020-08-07,315,5,6,0
Aguiarnópolis,Aguiarnópolis,2020-08-08,319,4,6,0
Aguiarnópolis,Aguiarnópolis,2020-08-09,321,2,6,0
Aguiarnópolis,Aguiarnópolis,2020-08-10,327,6,6,0
Aguiarnópolis,Aguiarnópolis,2020-08-11,330,3,6,0
Aguiarnópolis,Aguiarnópolis,2020-08-12,334,4,6,0
Aguiarnópolis,Aguiarnópolis,2020-08-13,335,1,6,0
Aguiarnópolis,Aguiarnópolis,2020-08-14,342,7,6,0
Aguiarnópolis,Aguiarnópolis,2020-08-15,346,4,6,0
Aguiarnópolis,Aguiarnópolis,2020-08-16,351,5,6,0
Aguiarnópolis,Aguiarnópolis,2020-08-17,353,2,6,0
Aguiarnópolis,Aguiarnópolis,2020-08-18,356,3,6,0
Aguiarnópolis,Aguiarnópolis,2020-08-19,360,4,6,0
Aguiarnópolis,Aguiarnópolis,2020-08-20,363,3,6,0
Aguiarnópolis,Aguiarnópolis,2020-08-21,366,3,6,0
Aguiarnópolis,Aguiarnópolis,2020-08-22,367,1,6,0
Aguiarnópolis,Aguiarnópolis,2020-08-23,369,2,6,0
Aguiarnópolis,Aguiarnópolis,2020-08-24,369,0,6,0
Aguiarnópolis,Aguiarnópolis,2020-08-25,371,2,7,1
Aguiarnópolis,Aguiarnópolis,2020-08-26,376,5,7,0
Aguiarnópolis,Aguiarnópolis,2020-08-27,377,1,7,0
Aguiarnópolis,Aguiarnópolis,2020-08-28,378,1,8,1
Aguiarnópolis,Aguiarnópolis,2020-08-29,378,0,8,0
Aguiarnópolis,Aguiarnópolis,2020-08-30,379,1,8,0
Aguiarnópolis,Aguiarnópolis,2020-08-31,379,0,8,0
Aguiarnópolis,Aguiarnópolis,2020-09-01,381,2,8,0
Aguiarnópolis,Aguiarnópolis,2020-09-02,386,5,8,0
Aguiarnópolis,Aguiarnópolis,2020-09-03,388,2,8,0
Aguiarnópolis,Aguiarnópolis,2020-09-04,393,5,8,0
Aguiarnópolis,Aguiarnópolis,2020-09-05,403,10,8,0
Aguiarnópolis,Aguiarnópolis,2020-09-06,404,1,8,0
Aguiarnópolis,Aguiarnópolis,2020-09-07,404,0,8,0
Aguiarnópolis,Aguiarnópolis,2020-09-08,404,0,8,0
Aguiarnópolis,Aguiarnópolis,2020-09-09,405,1,8,0
Aguiarnópolis,Aguiarnópolis,2020-09-10,405,0,8,0
Aguiarnópolis,Aguiarnópolis,2020-09-11,405,0,8,0
Aguiarnópolis,Aguiarnópolis,2020-09-12,405,0,8,0
Aguiarnópolis,Aguiarnópolis,2020-09-13,406,1,8,0
Aguiarnópolis,Aguiarnópolis,2020-09-14,406,0,8,0
Aguiarnópolis,Aguiarnópolis,2020-09-15,408,2,8,0
Aguiarnópolis,Aguiarnópolis,2020-09-16,408,0,8,0
Aguiarnópolis,Aguiarnópolis,2020-09-17,408,0,8,0
Aguiarnópolis,Aguiarnópolis,2020-09-18,408,0,8,0
Aguiarnópolis,Aguiarnópolis,2020-09-19,408,0,8,0
Aguiarnópolis,Aguiarnópolis,2020-09-20,408,0,8,0
Aguiarnópolis,Aguiarnópolis,2020-09-21,408,0,8,0
Aguiarnópolis,Aguiarnópolis,2020-09-22,409,1,8,0
Aguiarnópolis,Aguiarnópolis,2020-09-23,410,1,8,0
Aguiarnópolis,Aguiarnópolis,2020-09-24,411,1,8,0
Aguiarnópolis,Aguiarnópolis,2020-09-25,411,0,8,0
Aguiarnópolis,Aguiarnópolis,2020-09-26,411,0,8,0
Aguiarnópolis,Aguiarnópolis,2020-09-27,411,0,8,0
Aguiarnópolis,Aguiarnópolis,2020-09-28,411,0,8,0
Aguiarnópolis,Aguiarnópolis,2020-09-29,413,2,8,0
Aguiarnópolis,Aguiarnópolis,2020-09-30,415,2,8,0
Aguiarnópolis,Aguiarnópolis,2020-10-01,415,0,8,0
Aguiarnópolis,Aguiarnópolis,2020-10-02,416,1,9,1
Aguiarnópolis,Aguiarnópolis,2020-10-03,418,2,9,0
Aguiarnópolis,Aguiarnópolis,2020-10-04,418,0,9,0
Aguiarnópolis,Aguiarnópolis,2020-10-05,418,0,9,0
Aguiarnópolis,Aguiarnópolis,2020-10-06,420,2,9,0
Aguiarnópolis,Aguiarnópolis,2020-10-07,421,1,9,0
Aguiarnópolis,Aguiarnópolis,2020-10-08,421,0,9,0
Aguiarnópolis,Aguiarnópolis,2020-10-09,421,0,9,0
Aguiarnópolis,Aguiarnópolis,2020-10-10,421,0,9,0
Aguiarnópolis,Aguiarnópolis,2020-10-11,421,0,9,0
Aguiarnópolis,Aguiarnópolis,2020-10-12,421,0,9,0
Aguiarnópolis,Aguiarnópolis,2020-10-13,421,0,9,0
Aguiarnópolis,Aguiarnópolis,2020-10-14,421,0,9,0
Aguiarnópolis,Aguiarnópolis,2020-10-15,421,0,9,0
Aguiarnópolis,Aguiarnópolis,2020-10-16,421,0,9,0
Aguiarnópolis,Aguiarnópolis,2020-10-17,421,0,9,0
Aguiarnópolis,Aguiarnópolis,2020-10-18,421,0,9,0
Aguiarnópolis,Aguiarnópolis,2020-10-19,422,1,9,0
Aguiarnópolis,Aguiarnópolis,2020-10-20,422,0,9,0
Aguiarnópolis,Aguiarnópolis,2020-10-21,423,1,9,0
Aguiarnópolis,Aguiarnópolis,2020-10-22,424,1,9,0
Aguiarnópolis,Aguiarnópolis,2020-10-23,425,1,9,0
Aguiarnópolis,Aguiarnópolis,2020-10-24,425,0,9,0
Aguiarnópolis,Aguiarnópolis,2020-10-25,425,0,9,0
Aguiarnópolis,Aguiarnópolis,2020-10-26,425,0,9,0
Aguiarnópolis,Aguiarnópolis,2020-10-27,425,0,9,0
Aguiarnópolis,Aguiarnópolis,2020-10-28,425,0,9,0
Aguiarnópolis,Aguiarnópolis,2020-10-29,427,2,9,0
Aguiarnópolis,Aguiarnópolis,2020-10-30,430,3,9,0
Aguiarnópolis,Aguiarnópolis,2020-10-31,431,1,9,0
Aguiarnópolis,Aguiarnópolis,2020-11-01,431,0,9,0
Aguiarnópolis,Aguiarnópolis,2020-11-02,431,0,9,0
Aguiarnópolis,Aguiarnópolis,2020-11-03,431,0,9,0
Aguiarnópolis,Aguiarnópolis,2020-11-04,431,0,9,0
Aguiarnópolis,Aguiarnópolis,2020-11-05,431,0,9,0
Aguiarnópolis,Aguiarnópolis,2020-11-06,431,0,9,0
Aguiarnópolis,Aguiarnópolis,2020-11-07,432,1,9,0
Aguiarnópolis,Aguiarnópolis,2020-11-08,432,0,9,0
Aguiarnópolis,Aguiarnópolis,2020-11-09,432,0,9,0
Aguiarnópolis,Aguiarnópolis,2020-11-10,431,-1,9,0
Aguiarnópolis,Aguiarnópolis,2020-11-11,431,0,9,0
Aguiarnópolis,Aguiarnópolis,2020-11-12,431,0,9,0
Aguiarnópolis,Aguiarnópolis,2020-11-13,432,1,9,0
Aguiarnópolis,Aguiarnópolis,2020-11-14,434,2,9,0
Aguiarnópolis,Aguiarnópolis,2020-11-15,434,0,9,0
Aguiarnópolis,Aguiarnópolis,2020-11-16,435,1,9,0
Aguiarnópolis,Aguiarnópolis,2020-11-17,435,0,9,0
Aguiarnópolis,Aguiarnópolis,2020-11-18,435,0,9,0
Aguiarnópolis,Aguiarnópolis,2020-11-19,436,1,9,0
Aguiarnópolis,Aguiarnópolis,2020-11-20,437,1,9,0
Aguiarnópolis,Aguiarnópolis,2020-11-21,438,1,9,0
Aguiarnópolis,Aguiarnópolis,2020-11-22,439,1,9,0
Aguiarnópolis,Aguiarnópolis,2020-11-23,439,0,9,0
Aguiarnópolis,Aguiarnópolis,2020-11-24,439,0,9,0
Aguiarnópolis,Aguiarnópolis,2020-11-25,440,1,9,0
Aguiarnópolis,Aguiarnópolis,2020-11-26,441,1,9,0
Aguiarnópolis,Aguiarnópolis,2020-11-27,442,1,9,0
Aguiarnópolis,Aguiarnópolis,2020-11-28,441,-1,9,0
Aguiarnópolis,Aguiarnópolis,2020-11-29,441,0,9,0
Aguiarnópolis,Aguiarnópolis,2020-11-30,441,0,9,0
Aguiarnópolis,Aguiarnópolis,2020-12-01,446,5,9,0
Aguiarnópolis,Aguiarnópolis,2020-12-02,446,0,9,0
Aguiarnópolis,Aguiarnópolis,2020-12-03,447,1,9,0
Aguiarnópolis,Aguiarnópolis,2020-12-04,447,0,9,0
Aguiarnópolis,Aguiarnópolis,2020-12-05,448,1,9,0
Aguiarnópolis,Aguiarnópolis,2020-12-06,448,0,9,0
Aguiarnópolis,Aguiarnópolis,2020-12-07,448,0,9,0
Aguiarnópolis,Aguiarnópolis,2020-12-08,448,0,9,0
Aguiarnópolis,Aguiarnópolis,2020-12-09,453,5,9,0
Aguiarnópolis,Aguiarnópolis,2020-12-10,454,1,9,0
Aguiarnópolis,Aguiarnópolis,2020-12-11,456,2,9,0
Aguiarnópolis,Aguiarnópolis,2020-12-12,456,0,9,0
Aguiarnópolis,Aguiarnópolis,2020-12-13,456,0,9,0
Aguiarnópolis,Aguiarnópolis,2020-12-14,457,1,9,0
Aguiarnópolis,Aguiarnópolis,2020-12-15,457,0,9,0
Aguiarnópolis,Aguiarnópolis,2020-12-16,459,2,9,0
Aguiarnópolis,Aguiarnópolis,2020-12-17,459,0,9,0
Aguiarnópolis,Aguiarnópolis,2020-12-18,460,1,9,0
Aguiarnópolis,Aguiarnópolis,2020-12-19,460,0,9,0
Aguiarnópolis,Aguiarnópolis,2020-12-20,460,0,9,0
Aguiarnópolis,Aguiarnópolis,2020-12-21,460,0,9,0
Aguiarnópolis,Aguiarnópolis,2020-12-22,461,1,9,0
Aguiarnópolis,Aguiarnópolis,2020-12-23,463,2,9,0
Aguiarnópolis,Aguiarnópolis,2020-12-24,463,0,9,0
Aguiarnópolis,Aguiarnópolis,2020-12-25,463,0,9,0
Aguiarnópolis,Aguiarnópolis,2020-12-26,463,0,9,0
Aguiarnópolis,Aguiarnópolis,2020-12-27,463,0,9,0
Aguiarnópolis,Aguiarnópolis,2020-12-28,465,2,9,0
Aguiarnópolis,Aguiarnópolis,2020-12-29,466,1,9,0
Aguiarnópolis,Aguiarnópolis,2020-12-30,466,0,9,0
Aguiarnópolis,Aguiarnópolis,2020-12-31,467,1,9,0
Aguiarnópolis,Aguiarnópolis,2021-01-01,467,0,9,0
Aguiarnópolis,Aguiarnópolis,2021-01-02,467,0,9,0
Aguiarnópolis,Aguiarnópolis,2021-01-03,467,0,9,0
Aguiarnópolis,Aguiarnópolis,2021-01-04,467,0,9,0
Aguiarnópolis,Aguiarnópolis,2021-01-05,467,0,9,0
Aguiarnópolis,Aguiarnópolis,2021-01-06,466,-1,9,0
Aguiarnópolis,Aguiarnópolis,2021-01-07,466,0,9,0
Aguiarnópolis,Aguiarnópolis,2021-01-08,466,0,9,0
Aguiarnópolis,Aguiarnópolis,2021-01-09,466,0,9,0
Aguiarnópolis,Aguiarnópolis,2021-01-10,466,0,9,0
Aguiarnópolis,Aguiarnópolis,2021-01-11,466,0,9,0
Aguiarnópolis,Aguiarnópolis,2021-01-12,466,0,9,0
Aguiarnópolis,Aguiarnópolis,2021-01-13,466,0,9,0
Aguiarnópolis,Aguiarnópolis,2021-01-14,466,0,9,0
Aguiarnópolis,Aguiarnópolis,2021-01-15,467,1,9,0
Aguiarnópolis,Aguiarnópolis,2021-01-16,468,1,9,0
Aguiarnópolis,Aguiarnópolis,2021-01-17,468,0,9,0
Aguiarnópolis,Aguiarnópolis,2021-01-18,468,0,9,0
Aguiarnópolis,Aguiarnópolis,2021-01-19,468,0,9,0
Aguiarnópolis,Aguiarnópolis,2021-01-20,468,0,9,0
Aguiarnópolis,Aguiarnópolis,2021-01-21,472,4,9,0
Aguiarnópolis,Aguiarnópolis,2021-01-22,472,0,9,0
Aguiarnópolis,Aguiarnópolis,2021-01-23,475,3,9,0
Aguiarnópolis,Aguiarnópolis,2021-01-24,475,0,9,0
Aguiarnópolis,Aguiarnópolis,2021-01-25,475,0,9,0
Aguiarnópolis,Aguiarnópolis,2021-01-26,475,0,9,0
Aguiarnópolis,Aguiarnópolis,2021-01-27,477,2,9,0
Aguiarnópolis,Aguiarnópolis,2021-01-28,477,0,9,0
Aguiarnópolis,Aguiarnópolis,2021-01-29,480,3,9,0
Aguiarnópolis,Aguiarnópolis,2021-01-30,480,0,9,0
Aguiarnópolis,Aguiarnópolis,2021-01-31,481,1,10,1
Aguiarnópolis,Aguiarnópolis,2021-02-01,481,0,10,0
Aguiarnópolis,Aguiarnópolis,2021-02-02,480,-1,10,0
Aguiarnópolis,Aguiarnópolis,2021-02-03,481,1,10,0
Aguiarnópolis,Aguiarnópolis,2021-02-04,481,0,10,0
Aguiarnópolis,Aguiarnópolis,2021-02-05,481,0,10,0
Aguiarnópolis,Aguiarnópolis,2021-02-06,481,0,10,0
Aguiarnópolis,Aguiarnópolis,2021-02-07,481,0,10,0
Aguiarnópolis,Aguiarnópolis,2021-02-08,481,0,10,0
