city,city,date,cases,daily cases,deaths,daily deaths
Alagoa Nova,Alagoa Nova,2020-03-27,0,0,0,0
Alagoa Nova,Alagoa Nova,2020-03-28,0,0,0,0
Alagoa Nova,Alagoa Nova,2020-03-29,0,0,0,0
Alagoa Nova,Alagoa Nova,2020-03-30,0,0,0,0
Alagoa Nova,Alagoa Nova,2020-03-31,0,0,0,0
Alagoa Nova,Alagoa Nova,2020-04-01,0,0,0,0
Alagoa Nova,Alagoa Nova,2020-04-02,0,0,0,0
Alagoa Nova,Alagoa Nova,2020-04-03,0,0,0,0
Alagoa Nova,Alagoa Nova,2020-04-04,0,0,0,0
Alagoa Nova,Alagoa Nova,2020-04-05,0,0,0,0
Alagoa Nova,Alagoa Nova,2020-04-06,0,0,0,0
Alagoa Nova,Alagoa Nova,2020-04-07,0,0,0,0
Alagoa Nova,Alagoa Nova,2020-04-08,0,0,0,0
Alagoa Nova,Alagoa Nova,2020-04-09,0,0,0,0
Alagoa Nova,Alagoa Nova,2020-04-10,0,0,0,0
Alagoa Nova,Alagoa Nova,2020-04-11,0,0,0,0
Alagoa Nova,Alagoa Nova,2020-04-12,0,0,0,0
Alagoa Nova,Alagoa Nova,2020-04-13,0,0,0,0
Alagoa Nova,Alagoa Nova,2020-04-14,0,0,0,0
Alagoa Nova,Alagoa Nova,2020-04-15,0,0,0,0
Alagoa Nova,Alagoa Nova,2020-04-16,0,0,0,0
Alagoa Nova,Alagoa Nova,2020-04-17,0,0,0,0
Alagoa Nova,Alagoa Nova,2020-04-18,0,0,0,0
Alagoa Nova,Alagoa Nova,2020-04-19,0,0,0,0
Alagoa Nova,Alagoa Nova,2020-04-20,0,0,0,0
Alagoa Nova,Alagoa Nova,2020-04-21,0,0,0,0
Alagoa Nova,Alagoa Nova,2020-04-22,0,0,0,0
Alagoa Nova,Alagoa Nova,2020-04-23,1,1,0,0
Alagoa Nova,Alagoa Nova,2020-04-24,1,0,0,0
Alagoa Nova,Alagoa Nova,2020-04-25,1,0,0,0
Alagoa Nova,Alagoa Nova,2020-04-26,1,0,0,0
Alagoa Nova,Alagoa Nova,2020-04-27,1,0,0,0
Alagoa Nova,Alagoa Nova,2020-04-28,1,0,0,0
Alagoa Nova,Alagoa Nova,2020-04-29,1,0,0,0
Alagoa Nova,Alagoa Nova,2020-04-30,1,0,0,0
Alagoa Nova,Alagoa Nova,2020-05-01,1,0,0,0
Alagoa Nova,Alagoa Nova,2020-05-02,1,0,0,0
Alagoa Nova,Alagoa Nova,2020-05-03,1,0,0,0
Alagoa Nova,Alagoa Nova,2020-05-04,1,0,0,0
Alagoa Nova,Alagoa Nova,2020-05-05,1,0,0,0
Alagoa Nova,Alagoa Nova,2020-05-06,1,0,0,0
Alagoa Nova,Alagoa Nova,2020-05-07,1,0,0,0
Alagoa Nova,Alagoa Nova,2020-05-08,1,0,0,0
Alagoa Nova,Alagoa Nova,2020-05-09,1,0,0,0
Alagoa Nova,Alagoa Nova,2020-05-10,1,0,0,0
Alagoa Nova,Alagoa Nova,2020-05-11,1,0,0,0
Alagoa Nova,Alagoa Nova,2020-05-12,1,0,0,0
Alagoa Nova,Alagoa Nova,2020-05-13,1,0,0,0
Alagoa Nova,Alagoa Nova,2020-05-14,2,1,0,0
Alagoa Nova,Alagoa Nova,2020-05-15,2,0,0,0
Alagoa Nova,Alagoa Nova,2020-05-16,2,0,0,0
Alagoa Nova,Alagoa Nova,2020-05-17,3,1,1,1
Alagoa Nova,Alagoa Nova,2020-05-18,4,1,1,0
Alagoa Nova,Alagoa Nova,2020-05-19,4,0,1,0
Alagoa Nova,Alagoa Nova,2020-05-20,7,3,1,0
Alagoa Nova,Alagoa Nova,2020-05-21,7,0,1,0
Alagoa Nova,Alagoa Nova,2020-05-22,8,1,1,0
Alagoa Nova,Alagoa Nova,2020-05-23,9,1,1,0
Alagoa Nova,Alagoa Nova,2020-05-24,9,0,1,0
Alagoa Nova,Alagoa Nova,2020-05-25,10,1,1,0
Alagoa Nova,Alagoa Nova,2020-05-26,12,2,1,0
Alagoa Nova,Alagoa Nova,2020-05-27,16,4,1,0
Alagoa Nova,Alagoa Nova,2020-05-28,19,3,1,0
Alagoa Nova,Alagoa Nova,2020-05-29,21,2,1,0
Alagoa Nova,Alagoa Nova,2020-05-30,32,11,1,0
Alagoa Nova,Alagoa Nova,2020-05-31,33,1,1,0
Alagoa Nova,Alagoa Nova,2020-06-01,36,3,1,0
Alagoa Nova,Alagoa Nova,2020-06-02,38,2,1,0
Alagoa Nova,Alagoa Nova,2020-06-03,43,5,1,0
Alagoa Nova,Alagoa Nova,2020-06-04,50,7,2,1
Alagoa Nova,Alagoa Nova,2020-06-05,49,-1,2,0
Alagoa Nova,Alagoa Nova,2020-06-06,54,5,2,0
Alagoa Nova,Alagoa Nova,2020-06-07,54,0,2,0
Alagoa Nova,Alagoa Nova,2020-06-08,55,1,2,0
Alagoa Nova,Alagoa Nova,2020-06-09,68,13,2,0
Alagoa Nova,Alagoa Nova,2020-06-10,72,4,2,0
Alagoa Nova,Alagoa Nova,2020-06-11,81,9,2,0
Alagoa Nova,Alagoa Nova,2020-06-12,88,7,2,0
Alagoa Nova,Alagoa Nova,2020-06-13,93,5,2,0
Alagoa Nova,Alagoa Nova,2020-06-14,93,0,2,0
Alagoa Nova,Alagoa Nova,2020-06-15,95,2,2,0
Alagoa Nova,Alagoa Nova,2020-06-16,103,8,2,0
Alagoa Nova,Alagoa Nova,2020-06-17,108,5,2,0
Alagoa Nova,Alagoa Nova,2020-06-18,108,0,2,0
Alagoa Nova,Alagoa Nova,2020-06-19,123,15,2,0
Alagoa Nova,Alagoa Nova,2020-06-20,130,7,2,0
Alagoa Nova,Alagoa Nova,2020-06-21,132,2,2,0
Alagoa Nova,Alagoa Nova,2020-06-22,133,1,2,0
Alagoa Nova,Alagoa Nova,2020-06-23,139,6,2,0
Alagoa Nova,Alagoa Nova,2020-06-24,139,0,2,0
Alagoa Nova,Alagoa Nova,2020-06-25,145,6,2,0
Alagoa Nova,Alagoa Nova,2020-06-26,155,10,2,0
Alagoa Nova,Alagoa Nova,2020-06-27,156,1,2,0
Alagoa Nova,Alagoa Nova,2020-06-28,157,1,3,1
Alagoa Nova,Alagoa Nova,2020-06-29,158,1,3,0
Alagoa Nova,Alagoa Nova,2020-06-30,159,1,4,1
Alagoa Nova,Alagoa Nova,2020-07-01,161,2,4,0
Alagoa Nova,Alagoa Nova,2020-07-02,168,7,5,1
Alagoa Nova,Alagoa Nova,2020-07-03,167,-1,5,0
Alagoa Nova,Alagoa Nova,2020-07-04,177,10,6,1
Alagoa Nova,Alagoa Nova,2020-07-05,178,1,6,0
Alagoa Nova,Alagoa Nova,2020-07-06,185,7,6,0
Alagoa Nova,Alagoa Nova,2020-07-07,189,4,6,0
Alagoa Nova,Alagoa Nova,2020-07-08,195,6,6,0
Alagoa Nova,Alagoa Nova,2020-07-09,195,0,6,0
Alagoa Nova,Alagoa Nova,2020-07-10,200,5,6,0
Alagoa Nova,Alagoa Nova,2020-07-11,204,4,6,0
Alagoa Nova,Alagoa Nova,2020-07-12,204,0,6,0
Alagoa Nova,Alagoa Nova,2020-07-13,206,2,6,0
Alagoa Nova,Alagoa Nova,2020-07-14,215,9,6,0
Alagoa Nova,Alagoa Nova,2020-07-15,217,2,6,0
Alagoa Nova,Alagoa Nova,2020-07-16,219,2,6,0
Alagoa Nova,Alagoa Nova,2020-07-17,219,0,6,0
Alagoa Nova,Alagoa Nova,2020-07-18,220,1,6,0
Alagoa Nova,Alagoa Nova,2020-07-19,220,0,6,0
Alagoa Nova,Alagoa Nova,2020-07-20,220,0,6,0
Alagoa Nova,Alagoa Nova,2020-07-21,222,2,6,0
Alagoa Nova,Alagoa Nova,2020-07-22,227,5,6,0
Alagoa Nova,Alagoa Nova,2020-07-23,234,7,6,0
Alagoa Nova,Alagoa Nova,2020-07-24,236,2,6,0
Alagoa Nova,Alagoa Nova,2020-07-25,237,1,6,0
Alagoa Nova,Alagoa Nova,2020-07-26,237,0,6,0
Alagoa Nova,Alagoa Nova,2020-07-27,238,1,6,0
Alagoa Nova,Alagoa Nova,2020-07-28,238,0,6,0
Alagoa Nova,Alagoa Nova,2020-07-29,244,6,6,0
Alagoa Nova,Alagoa Nova,2020-07-30,244,0,6,0
Alagoa Nova,Alagoa Nova,2020-07-31,244,0,6,0
Alagoa Nova,Alagoa Nova,2020-08-01,244,0,6,0
Alagoa Nova,Alagoa Nova,2020-08-02,245,1,6,0
Alagoa Nova,Alagoa Nova,2020-08-03,245,0,6,0
Alagoa Nova,Alagoa Nova,2020-08-04,250,5,7,1
Alagoa Nova,Alagoa Nova,2020-08-05,255,5,7,0
Alagoa Nova,Alagoa Nova,2020-08-06,258,3,7,0
Alagoa Nova,Alagoa Nova,2020-08-07,260,2,7,0
Alagoa Nova,Alagoa Nova,2020-08-08,261,1,7,0
Alagoa Nova,Alagoa Nova,2020-08-09,261,0,7,0
Alagoa Nova,Alagoa Nova,2020-08-10,261,0,7,0
Alagoa Nova,Alagoa Nova,2020-08-11,264,3,7,0
Alagoa Nova,Alagoa Nova,2020-08-12,265,1,7,0
Alagoa Nova,Alagoa Nova,2020-08-13,266,1,7,0
Alagoa Nova,Alagoa Nova,2020-08-14,266,0,7,0
Alagoa Nova,Alagoa Nova,2020-08-15,274,8,7,0
Alagoa Nova,Alagoa Nova,2020-08-16,274,0,7,0
Alagoa Nova,Alagoa Nova,2020-08-17,274,0,7,0
Alagoa Nova,Alagoa Nova,2020-08-18,276,2,7,0
Alagoa Nova,Alagoa Nova,2020-08-19,276,0,7,0
Alagoa Nova,Alagoa Nova,2020-08-20,277,1,7,0
Alagoa Nova,Alagoa Nova,2020-08-21,277,0,7,0
Alagoa Nova,Alagoa Nova,2020-08-22,277,0,7,0
Alagoa Nova,Alagoa Nova,2020-08-23,277,0,7,0
Alagoa Nova,Alagoa Nova,2020-08-24,278,1,7,0
Alagoa Nova,Alagoa Nova,2020-08-25,283,5,7,0
Alagoa Nova,Alagoa Nova,2020-08-26,284,1,9,2
Alagoa Nova,Alagoa Nova,2020-08-27,295,11,9,0
Alagoa Nova,Alagoa Nova,2020-08-28,303,8,9,0
Alagoa Nova,Alagoa Nova,2020-08-29,305,2,9,0
Alagoa Nova,Alagoa Nova,2020-08-30,311,6,9,0
Alagoa Nova,Alagoa Nova,2020-08-31,314,3,9,0
Alagoa Nova,Alagoa Nova,2020-09-01,315,1,9,0
Alagoa Nova,Alagoa Nova,2020-09-02,319,4,9,0
Alagoa Nova,Alagoa Nova,2020-09-03,321,2,9,0
Alagoa Nova,Alagoa Nova,2020-09-04,325,4,9,0
Alagoa Nova,Alagoa Nova,2020-09-05,325,0,9,0
Alagoa Nova,Alagoa Nova,2020-09-06,325,0,9,0
Alagoa Nova,Alagoa Nova,2020-09-07,325,0,9,0
Alagoa Nova,Alagoa Nova,2020-09-08,325,0,9,0
Alagoa Nova,Alagoa Nova,2020-09-09,332,7,9,0
Alagoa Nova,Alagoa Nova,2020-09-10,334,2,9,0
Alagoa Nova,Alagoa Nova,2020-09-11,336,2,9,0
Alagoa Nova,Alagoa Nova,2020-09-12,341,5,9,0
Alagoa Nova,Alagoa Nova,2020-09-13,341,0,9,0
Alagoa Nova,Alagoa Nova,2020-09-14,341,0,9,0
Alagoa Nova,Alagoa Nova,2020-09-15,345,4,9,0
Alagoa Nova,Alagoa Nova,2020-09-16,345,0,9,0
Alagoa Nova,Alagoa Nova,2020-09-17,350,5,9,0
Alagoa Nova,Alagoa Nova,2020-09-18,348,-2,9,0
Alagoa Nova,Alagoa Nova,2020-09-19,351,3,9,0
Alagoa Nova,Alagoa Nova,2020-09-20,351,0,9,0
Alagoa Nova,Alagoa Nova,2020-09-21,350,-1,9,0
Alagoa Nova,Alagoa Nova,2020-09-22,350,0,9,0
Alagoa Nova,Alagoa Nova,2020-09-23,352,2,9,0
Alagoa Nova,Alagoa Nova,2020-09-24,352,0,9,0
Alagoa Nova,Alagoa Nova,2020-09-25,352,0,9,0
Alagoa Nova,Alagoa Nova,2020-09-26,352,0,9,0
Alagoa Nova,Alagoa Nova,2020-09-27,352,0,9,0
Alagoa Nova,Alagoa Nova,2020-09-28,352,0,9,0
Alagoa Nova,Alagoa Nova,2020-09-29,352,0,9,0
Alagoa Nova,Alagoa Nova,2020-09-30,352,0,9,0
Alagoa Nova,Alagoa Nova,2020-10-01,353,1,9,0
Alagoa Nova,Alagoa Nova,2020-10-02,354,1,9,0
Alagoa Nova,Alagoa Nova,2020-10-03,354,0,9,0
Alagoa Nova,Alagoa Nova,2020-10-04,354,0,9,0
Alagoa Nova,Alagoa Nova,2020-10-05,354,0,9,0
Alagoa Nova,Alagoa Nova,2020-10-06,354,0,9,0
Alagoa Nova,Alagoa Nova,2020-10-07,356,2,9,0
Alagoa Nova,Alagoa Nova,2020-10-08,356,0,9,0
Alagoa Nova,Alagoa Nova,2020-10-09,360,4,9,0
Alagoa Nova,Alagoa Nova,2020-10-10,363,3,9,0
Alagoa Nova,Alagoa Nova,2020-10-11,363,0,9,0
Alagoa Nova,Alagoa Nova,2020-10-12,363,0,9,0
Alagoa Nova,Alagoa Nova,2020-10-13,363,0,9,0
Alagoa Nova,Alagoa Nova,2020-10-14,365,2,9,0
Alagoa Nova,Alagoa Nova,2020-10-15,365,0,9,0
Alagoa Nova,Alagoa Nova,2020-10-16,365,0,9,0
Alagoa Nova,Alagoa Nova,2020-10-17,365,0,9,0
Alagoa Nova,Alagoa Nova,2020-10-18,365,0,9,0
Alagoa Nova,Alagoa Nova,2020-10-19,365,0,9,0
Alagoa Nova,Alagoa Nova,2020-10-20,373,8,9,0
Alagoa Nova,Alagoa Nova,2020-10-21,373,0,9,0
Alagoa Nova,Alagoa Nova,2020-10-22,377,4,9,0
Alagoa Nova,Alagoa Nova,2020-10-23,379,2,9,0
Alagoa Nova,Alagoa Nova,2020-10-24,384,5,9,0
Alagoa Nova,Alagoa Nova,2020-10-25,384,0,9,0
Alagoa Nova,Alagoa Nova,2020-10-26,384,0,9,0
Alagoa Nova,Alagoa Nova,2020-10-27,385,1,9,0
Alagoa Nova,Alagoa Nova,2020-10-28,393,8,9,0
Alagoa Nova,Alagoa Nova,2020-10-29,393,0,9,0
Alagoa Nova,Alagoa Nova,2020-10-30,394,1,9,0
Alagoa Nova,Alagoa Nova,2020-10-31,394,0,9,0
Alagoa Nova,Alagoa Nova,2020-11-01,394,0,9,0
Alagoa Nova,Alagoa Nova,2020-11-02,395,1,9,0
Alagoa Nova,Alagoa Nova,2020-11-03,395,0,9,0
Alagoa Nova,Alagoa Nova,2020-11-04,396,1,10,1
Alagoa Nova,Alagoa Nova,2020-11-05,396,0,10,0
Alagoa Nova,Alagoa Nova,2020-11-06,396,0,10,0
Alagoa Nova,Alagoa Nova,2020-11-07,401,5,10,0
Alagoa Nova,Alagoa Nova,2020-11-08,401,0,10,0
Alagoa Nova,Alagoa Nova,2020-11-09,401,0,10,0
Alagoa Nova,Alagoa Nova,2020-11-10,403,2,10,0
Alagoa Nova,Alagoa Nova,2020-11-11,404,1,10,0
Alagoa Nova,Alagoa Nova,2020-11-12,404,0,10,0
Alagoa Nova,Alagoa Nova,2020-11-13,404,0,10,0
Alagoa Nova,Alagoa Nova,2020-11-14,404,0,10,0
Alagoa Nova,Alagoa Nova,2020-11-15,404,0,10,0
Alagoa Nova,Alagoa Nova,2020-11-16,404,0,10,0
Alagoa Nova,Alagoa Nova,2020-11-17,405,1,10,0
Alagoa Nova,Alagoa Nova,2020-11-18,405,0,10,0
Alagoa Nova,Alagoa Nova,2020-11-19,406,1,10,0
Alagoa Nova,Alagoa Nova,2020-11-20,406,0,10,0
Alagoa Nova,Alagoa Nova,2020-11-21,408,2,10,0
Alagoa Nova,Alagoa Nova,2020-11-22,408,0,10,0
Alagoa Nova,Alagoa Nova,2020-11-23,412,4,10,0
Alagoa Nova,Alagoa Nova,2020-11-24,412,0,10,0
Alagoa Nova,Alagoa Nova,2020-11-25,412,0,10,0
Alagoa Nova,Alagoa Nova,2020-11-26,412,0,10,0
Alagoa Nova,Alagoa Nova,2020-11-27,413,1,10,0
Alagoa Nova,Alagoa Nova,2020-11-28,413,0,10,0
Alagoa Nova,Alagoa Nova,2020-11-29,413,0,10,0
Alagoa Nova,Alagoa Nova,2020-11-30,413,0,10,0
Alagoa Nova,Alagoa Nova,2020-12-01,413,0,10,0
Alagoa Nova,Alagoa Nova,2020-12-02,415,2,10,0
Alagoa Nova,Alagoa Nova,2020-12-03,419,4,10,0
Alagoa Nova,Alagoa Nova,2020-12-04,419,0,10,0
Alagoa Nova,Alagoa Nova,2020-12-05,421,2,10,0
Alagoa Nova,Alagoa Nova,2020-12-06,423,2,10,0
Alagoa Nova,Alagoa Nova,2020-12-07,423,0,10,0
Alagoa Nova,Alagoa Nova,2020-12-08,423,0,10,0
Alagoa Nova,Alagoa Nova,2020-12-09,423,0,10,0
Alagoa Nova,Alagoa Nova,2020-12-10,424,1,10,0
Alagoa Nova,Alagoa Nova,2020-12-11,425,1,10,0
Alagoa Nova,Alagoa Nova,2020-12-12,426,1,10,0
Alagoa Nova,Alagoa Nova,2020-12-13,426,0,10,0
Alagoa Nova,Alagoa Nova,2020-12-14,429,3,10,0
Alagoa Nova,Alagoa Nova,2020-12-15,438,9,10,0
Alagoa Nova,Alagoa Nova,2020-12-16,441,3,10,0
Alagoa Nova,Alagoa Nova,2020-12-17,442,1,10,0
Alagoa Nova,Alagoa Nova,2020-12-18,446,4,10,0
Alagoa Nova,Alagoa Nova,2020-12-19,446,0,10,0
Alagoa Nova,Alagoa Nova,2020-12-20,446,0,10,0
Alagoa Nova,Alagoa Nova,2020-12-21,446,0,10,0
Alagoa Nova,Alagoa Nova,2020-12-22,449,3,10,0
Alagoa Nova,Alagoa Nova,2020-12-23,449,0,10,0
Alagoa Nova,Alagoa Nova,2020-12-24,451,2,10,0
Alagoa Nova,Alagoa Nova,2020-12-25,451,0,10,0
Alagoa Nova,Alagoa Nova,2020-12-26,451,0,10,0
Alagoa Nova,Alagoa Nova,2020-12-27,451,0,10,0
Alagoa Nova,Alagoa Nova,2020-12-28,451,0,10,0
Alagoa Nova,Alagoa Nova,2020-12-29,451,0,10,0
Alagoa Nova,Alagoa Nova,2020-12-30,451,0,10,0
Alagoa Nova,Alagoa Nova,2020-12-31,451,0,10,0
Alagoa Nova,Alagoa Nova,2021-01-01,451,0,10,0
Alagoa Nova,Alagoa Nova,2021-01-02,452,1,10,0
Alagoa Nova,Alagoa Nova,2021-01-03,453,1,10,0
Alagoa Nova,Alagoa Nova,2021-01-04,453,0,10,0
Alagoa Nova,Alagoa Nova,2021-01-05,453,0,10,0
Alagoa Nova,Alagoa Nova,2021-01-06,454,1,10,0
Alagoa Nova,Alagoa Nova,2021-01-07,454,0,10,0
Alagoa Nova,Alagoa Nova,2021-01-08,454,0,10,0
Alagoa Nova,Alagoa Nova,2021-01-09,455,1,10,0
Alagoa Nova,Alagoa Nova,2021-01-10,456,1,10,0
Alagoa Nova,Alagoa Nova,2021-01-11,456,0,10,0
Alagoa Nova,Alagoa Nova,2021-01-12,456,0,10,0
Alagoa Nova,Alagoa Nova,2021-01-13,463,7,10,0
Alagoa Nova,Alagoa Nova,2021-01-14,464,1,10,0
Alagoa Nova,Alagoa Nova,2021-01-15,465,1,10,0
Alagoa Nova,Alagoa Nova,2021-01-16,467,2,10,0
Alagoa Nova,Alagoa Nova,2021-01-17,467,0,10,0
Alagoa Nova,Alagoa Nova,2021-01-18,467,0,10,0
Alagoa Nova,Alagoa Nova,2021-01-19,468,1,10,0
Alagoa Nova,Alagoa Nova,2021-01-20,471,3,10,0
Alagoa Nova,Alagoa Nova,2021-01-21,474,3,10,0
Alagoa Nova,Alagoa Nova,2021-01-22,477,3,11,1
Alagoa Nova,Alagoa Nova,2021-01-23,478,1,11,0
Alagoa Nova,Alagoa Nova,2021-01-24,479,1,11,0
Alagoa Nova,Alagoa Nova,2021-01-25,480,1,11,0
Alagoa Nova,Alagoa Nova,2021-01-26,488,8,11,0
Alagoa Nova,Alagoa Nova,2021-01-27,490,2,11,0
Alagoa Nova,Alagoa Nova,2021-01-28,491,1,11,0
Alagoa Nova,Alagoa Nova,2021-01-29,494,3,11,0
Alagoa Nova,Alagoa Nova,2021-01-30,494,0,11,0
Alagoa Nova,Alagoa Nova,2021-01-31,501,7,11,0
Alagoa Nova,Alagoa Nova,2021-02-01,502,1,11,0
Alagoa Nova,Alagoa Nova,2021-02-02,508,6,11,0
Alagoa Nova,Alagoa Nova,2021-02-03,509,1,11,0
Alagoa Nova,Alagoa Nova,2021-02-04,511,2,11,0
Alagoa Nova,Alagoa Nova,2021-02-05,511,0,11,0
Alagoa Nova,Alagoa Nova,2021-02-06,515,4,11,0
Alagoa Nova,Alagoa Nova,2021-02-07,521,6,11,0
Alagoa Nova,Alagoa Nova,2021-02-08,526,5,11,0
