city,city,date,cases,daily cases,deaths,daily deaths
Aldeias Altas,Aldeias Altas,2020-03-27,0,0,0,0
Aldeias Altas,Aldeias Altas,2020-03-28,0,0,0,0
Aldeias Altas,Aldeias Altas,2020-03-29,0,0,0,0
Aldeias Altas,Aldeias Altas,2020-03-30,0,0,0,0
Aldeias Altas,Aldeias Altas,2020-03-31,0,0,0,0
Aldeias Altas,Aldeias Altas,2020-04-01,0,0,0,0
Aldeias Altas,Aldeias Altas,2020-04-02,0,0,0,0
Aldeias Altas,Aldeias Altas,2020-04-03,0,0,0,0
Aldeias Altas,Aldeias Altas,2020-04-04,0,0,0,0
Aldeias Altas,Aldeias Altas,2020-04-05,0,0,0,0
Aldeias Altas,Aldeias Altas,2020-04-06,0,0,0,0
Aldeias Altas,Aldeias Altas,2020-04-07,0,0,0,0
Aldeias Altas,Aldeias Altas,2020-04-08,0,0,0,0
Aldeias Altas,Aldeias Altas,2020-04-09,0,0,0,0
Aldeias Altas,Aldeias Altas,2020-04-10,0,0,0,0
Aldeias Altas,Aldeias Altas,2020-04-11,0,0,0,0
Aldeias Altas,Aldeias Altas,2020-04-12,0,0,0,0
Aldeias Altas,Aldeias Altas,2020-04-13,0,0,0,0
Aldeias Altas,Aldeias Altas,2020-04-14,0,0,0,0
Aldeias Altas,Aldeias Altas,2020-04-15,0,0,0,0
Aldeias Altas,Aldeias Altas,2020-04-16,0,0,0,0
Aldeias Altas,Aldeias Altas,2020-04-17,0,0,0,0
Aldeias Altas,Aldeias Altas,2020-04-18,0,0,0,0
Aldeias Altas,Aldeias Altas,2020-04-19,0,0,0,0
Aldeias Altas,Aldeias Altas,2020-04-20,0,0,0,0
Aldeias Altas,Aldeias Altas,2020-04-21,0,0,0,0
Aldeias Altas,Aldeias Altas,2020-04-22,0,0,0,0
Aldeias Altas,Aldeias Altas,2020-04-23,0,0,0,0
Aldeias Altas,Aldeias Altas,2020-04-24,0,0,0,0
Aldeias Altas,Aldeias Altas,2020-04-25,0,0,0,0
Aldeias Altas,Aldeias Altas,2020-04-26,0,0,0,0
Aldeias Altas,Aldeias Altas,2020-04-27,0,0,0,0
Aldeias Altas,Aldeias Altas,2020-04-28,0,0,0,0
Aldeias Altas,Aldeias Altas,2020-04-29,0,0,0,0
Aldeias Altas,Aldeias Altas,2020-04-30,0,0,0,0
Aldeias Altas,Aldeias Altas,2020-05-01,0,0,0,0
Aldeias Altas,Aldeias Altas,2020-05-02,1,1,0,0
Aldeias Altas,Aldeias Altas,2020-05-03,1,0,0,0
Aldeias Altas,Aldeias Altas,2020-05-04,1,0,0,0
Aldeias Altas,Aldeias Altas,2020-05-05,1,0,0,0
Aldeias Altas,Aldeias Altas,2020-05-06,1,0,0,0
Aldeias Altas,Aldeias Altas,2020-05-07,1,0,0,0
Aldeias Altas,Aldeias Altas,2020-05-08,1,0,0,0
Aldeias Altas,Aldeias Altas,2020-05-09,1,0,0,0
Aldeias Altas,Aldeias Altas,2020-05-10,1,0,0,0
Aldeias Altas,Aldeias Altas,2020-05-11,1,0,0,0
Aldeias Altas,Aldeias Altas,2020-05-12,2,1,0,0
Aldeias Altas,Aldeias Altas,2020-05-13,2,0,0,0
Aldeias Altas,Aldeias Altas,2020-05-14,2,0,0,0
Aldeias Altas,Aldeias Altas,2020-05-15,2,0,0,0
Aldeias Altas,Aldeias Altas,2020-05-16,2,0,0,0
Aldeias Altas,Aldeias Altas,2020-05-17,2,0,0,0
Aldeias Altas,Aldeias Altas,2020-05-18,2,0,0,0
Aldeias Altas,Aldeias Altas,2020-05-19,2,0,0,0
Aldeias Altas,Aldeias Altas,2020-05-20,2,0,0,0
Aldeias Altas,Aldeias Altas,2020-05-21,2,0,0,0
Aldeias Altas,Aldeias Altas,2020-05-22,3,1,0,0
Aldeias Altas,Aldeias Altas,2020-05-23,3,0,0,0
Aldeias Altas,Aldeias Altas,2020-05-24,4,1,0,0
Aldeias Altas,Aldeias Altas,2020-05-25,4,0,0,0
Aldeias Altas,Aldeias Altas,2020-05-26,4,0,0,0
Aldeias Altas,Aldeias Altas,2020-05-27,4,0,0,0
Aldeias Altas,Aldeias Altas,2020-05-28,9,5,0,0
Aldeias Altas,Aldeias Altas,2020-05-29,9,0,0,0
Aldeias Altas,Aldeias Altas,2020-05-30,9,0,0,0
Aldeias Altas,Aldeias Altas,2020-05-31,12,3,0,0
Aldeias Altas,Aldeias Altas,2020-06-01,12,0,0,0
Aldeias Altas,Aldeias Altas,2020-06-02,12,0,0,0
Aldeias Altas,Aldeias Altas,2020-06-03,12,0,0,0
Aldeias Altas,Aldeias Altas,2020-06-04,12,0,0,0
Aldeias Altas,Aldeias Altas,2020-06-05,12,0,0,0
Aldeias Altas,Aldeias Altas,2020-06-06,40,28,0,0
Aldeias Altas,Aldeias Altas,2020-06-07,40,0,0,0
Aldeias Altas,Aldeias Altas,2020-06-08,40,0,0,0
Aldeias Altas,Aldeias Altas,2020-06-09,40,0,0,0
Aldeias Altas,Aldeias Altas,2020-06-10,63,23,0,0
Aldeias Altas,Aldeias Altas,2020-06-11,63,0,0,0
Aldeias Altas,Aldeias Altas,2020-06-12,63,0,0,0
Aldeias Altas,Aldeias Altas,2020-06-13,65,2,0,0
Aldeias Altas,Aldeias Altas,2020-06-14,65,0,0,0
Aldeias Altas,Aldeias Altas,2020-06-15,62,-3,0,0
Aldeias Altas,Aldeias Altas,2020-06-16,62,0,0,0
Aldeias Altas,Aldeias Altas,2020-06-17,62,0,0,0
Aldeias Altas,Aldeias Altas,2020-06-18,62,0,0,0
Aldeias Altas,Aldeias Altas,2020-06-19,63,1,0,0
Aldeias Altas,Aldeias Altas,2020-06-20,63,0,0,0
Aldeias Altas,Aldeias Altas,2020-06-21,63,0,0,0
Aldeias Altas,Aldeias Altas,2020-06-22,63,0,0,0
Aldeias Altas,Aldeias Altas,2020-06-23,63,0,0,0
Aldeias Altas,Aldeias Altas,2020-06-24,63,0,0,0
Aldeias Altas,Aldeias Altas,2020-06-25,63,0,0,0
Aldeias Altas,Aldeias Altas,2020-06-26,63,0,0,0
Aldeias Altas,Aldeias Altas,2020-06-27,64,1,0,0
Aldeias Altas,Aldeias Altas,2020-06-28,64,0,0,0
Aldeias Altas,Aldeias Altas,2020-06-29,64,0,0,0
Aldeias Altas,Aldeias Altas,2020-06-30,64,0,0,0
Aldeias Altas,Aldeias Altas,2020-07-01,64,0,0,0
Aldeias Altas,Aldeias Altas,2020-07-02,68,4,0,0
Aldeias Altas,Aldeias Altas,2020-07-03,68,0,0,0
Aldeias Altas,Aldeias Altas,2020-07-04,68,0,0,0
Aldeias Altas,Aldeias Altas,2020-07-05,68,0,0,0
Aldeias Altas,Aldeias Altas,2020-07-06,74,6,0,0
Aldeias Altas,Aldeias Altas,2020-07-07,87,13,0,0
Aldeias Altas,Aldeias Altas,2020-07-08,89,2,0,0
Aldeias Altas,Aldeias Altas,2020-07-09,89,0,0,0
Aldeias Altas,Aldeias Altas,2020-07-10,113,24,0,0
Aldeias Altas,Aldeias Altas,2020-07-11,117,4,0,0
Aldeias Altas,Aldeias Altas,2020-07-12,117,0,0,0
Aldeias Altas,Aldeias Altas,2020-07-13,127,10,0,0
Aldeias Altas,Aldeias Altas,2020-07-14,146,19,0,0
Aldeias Altas,Aldeias Altas,2020-07-15,183,37,0,0
Aldeias Altas,Aldeias Altas,2020-07-16,198,15,0,0
Aldeias Altas,Aldeias Altas,2020-07-17,224,26,0,0
Aldeias Altas,Aldeias Altas,2020-07-18,233,9,0,0
Aldeias Altas,Aldeias Altas,2020-07-19,233,0,0,0
Aldeias Altas,Aldeias Altas,2020-07-20,248,15,0,0
Aldeias Altas,Aldeias Altas,2020-07-21,275,27,0,0
Aldeias Altas,Aldeias Altas,2020-07-22,279,4,0,0
Aldeias Altas,Aldeias Altas,2020-07-23,346,67,0,0
Aldeias Altas,Aldeias Altas,2020-07-24,387,41,0,0
Aldeias Altas,Aldeias Altas,2020-07-25,395,8,0,0
Aldeias Altas,Aldeias Altas,2020-07-26,395,0,0,0
Aldeias Altas,Aldeias Altas,2020-07-27,416,21,0,0
Aldeias Altas,Aldeias Altas,2020-07-28,447,31,0,0
Aldeias Altas,Aldeias Altas,2020-07-29,471,24,0,0
Aldeias Altas,Aldeias Altas,2020-07-30,479,8,0,0
Aldeias Altas,Aldeias Altas,2020-07-31,485,6,0,0
Aldeias Altas,Aldeias Altas,2020-08-01,488,3,0,0
Aldeias Altas,Aldeias Altas,2020-08-02,488,0,0,0
Aldeias Altas,Aldeias Altas,2020-08-03,497,9,0,0
Aldeias Altas,Aldeias Altas,2020-08-04,532,35,0,0
Aldeias Altas,Aldeias Altas,2020-08-05,576,44,0,0
Aldeias Altas,Aldeias Altas,2020-08-06,596,20,0,0
Aldeias Altas,Aldeias Altas,2020-08-07,628,32,0,0
Aldeias Altas,Aldeias Altas,2020-08-08,640,12,0,0
Aldeias Altas,Aldeias Altas,2020-08-09,641,1,0,0
Aldeias Altas,Aldeias Altas,2020-08-10,642,1,0,0
Aldeias Altas,Aldeias Altas,2020-08-11,668,26,0,0
Aldeias Altas,Aldeias Altas,2020-08-12,693,25,0,0
Aldeias Altas,Aldeias Altas,2020-08-13,709,16,1,1
Aldeias Altas,Aldeias Altas,2020-08-14,735,26,4,3
Aldeias Altas,Aldeias Altas,2020-08-15,741,6,4,0
Aldeias Altas,Aldeias Altas,2020-08-16,757,16,4,0
Aldeias Altas,Aldeias Altas,2020-08-17,758,1,4,0
Aldeias Altas,Aldeias Altas,2020-08-18,770,12,4,0
Aldeias Altas,Aldeias Altas,2020-08-19,785,15,4,0
Aldeias Altas,Aldeias Altas,2020-08-20,788,3,4,0
Aldeias Altas,Aldeias Altas,2020-08-21,797,9,4,0
Aldeias Altas,Aldeias Altas,2020-08-22,802,5,4,0
Aldeias Altas,Aldeias Altas,2020-08-23,802,0,4,0
Aldeias Altas,Aldeias Altas,2020-08-24,802,0,4,0
Aldeias Altas,Aldeias Altas,2020-08-25,815,13,4,0
Aldeias Altas,Aldeias Altas,2020-08-26,830,15,4,0
Aldeias Altas,Aldeias Altas,2020-08-27,830,0,4,0
Aldeias Altas,Aldeias Altas,2020-08-28,832,2,4,0
Aldeias Altas,Aldeias Altas,2020-08-29,832,0,4,0
Aldeias Altas,Aldeias Altas,2020-08-30,834,2,4,0
Aldeias Altas,Aldeias Altas,2020-08-31,834,0,4,0
Aldeias Altas,Aldeias Altas,2020-09-01,839,5,4,0
Aldeias Altas,Aldeias Altas,2020-09-02,855,16,4,0
Aldeias Altas,Aldeias Altas,2020-09-03,855,0,4,0
Aldeias Altas,Aldeias Altas,2020-09-04,860,5,4,0
Aldeias Altas,Aldeias Altas,2020-09-05,860,0,4,0
Aldeias Altas,Aldeias Altas,2020-09-06,860,0,4,0
Aldeias Altas,Aldeias Altas,2020-09-07,860,0,4,0
Aldeias Altas,Aldeias Altas,2020-09-08,863,3,4,0
Aldeias Altas,Aldeias Altas,2020-09-09,867,4,4,0
Aldeias Altas,Aldeias Altas,2020-09-10,870,3,4,0
Aldeias Altas,Aldeias Altas,2020-09-11,874,4,4,0
Aldeias Altas,Aldeias Altas,2020-09-12,877,3,4,0
Aldeias Altas,Aldeias Altas,2020-09-13,877,0,4,0
Aldeias Altas,Aldeias Altas,2020-09-14,881,4,4,0
Aldeias Altas,Aldeias Altas,2020-09-15,887,6,4,0
Aldeias Altas,Aldeias Altas,2020-09-16,887,0,4,0
Aldeias Altas,Aldeias Altas,2020-09-17,887,0,4,0
Aldeias Altas,Aldeias Altas,2020-09-18,899,12,4,0
Aldeias Altas,Aldeias Altas,2020-09-19,906,7,4,0
Aldeias Altas,Aldeias Altas,2020-09-20,906,0,4,0
Aldeias Altas,Aldeias Altas,2020-09-21,909,3,4,0
Aldeias Altas,Aldeias Altas,2020-09-22,916,7,4,0
Aldeias Altas,Aldeias Altas,2020-09-23,916,0,4,0
Aldeias Altas,Aldeias Altas,2020-09-24,916,0,4,0
Aldeias Altas,Aldeias Altas,2020-09-25,916,0,4,0
Aldeias Altas,Aldeias Altas,2020-09-26,916,0,4,0
Aldeias Altas,Aldeias Altas,2020-09-27,916,0,4,0
Aldeias Altas,Aldeias Altas,2020-09-28,921,5,4,0
Aldeias Altas,Aldeias Altas,2020-09-29,921,0,4,0
Aldeias Altas,Aldeias Altas,2020-09-30,921,0,4,0
Aldeias Altas,Aldeias Altas,2020-10-01,921,0,4,0
Aldeias Altas,Aldeias Altas,2020-10-02,923,2,4,0
Aldeias Altas,Aldeias Altas,2020-10-03,924,1,5,1
Aldeias Altas,Aldeias Altas,2020-10-04,924,0,5,0
Aldeias Altas,Aldeias Altas,2020-10-05,926,2,5,0
Aldeias Altas,Aldeias Altas,2020-10-06,926,0,5,0
Aldeias Altas,Aldeias Altas,2020-10-07,926,0,5,0
Aldeias Altas,Aldeias Altas,2020-10-08,929,3,5,0
Aldeias Altas,Aldeias Altas,2020-10-09,929,0,5,0
Aldeias Altas,Aldeias Altas,2020-10-10,929,0,5,0
Aldeias Altas,Aldeias Altas,2020-10-11,929,0,5,0
Aldeias Altas,Aldeias Altas,2020-10-12,929,0,5,0
Aldeias Altas,Aldeias Altas,2020-10-13,929,0,5,0
Aldeias Altas,Aldeias Altas,2020-10-14,930,1,5,0
Aldeias Altas,Aldeias Altas,2020-10-15,930,0,5,0
Aldeias Altas,Aldeias Altas,2020-10-16,930,0,5,0
Aldeias Altas,Aldeias Altas,2020-10-17,933,3,5,0
Aldeias Altas,Aldeias Altas,2020-10-18,933,0,5,0
Aldeias Altas,Aldeias Altas,2020-10-19,933,0,5,0
Aldeias Altas,Aldeias Altas,2020-10-20,933,0,5,0
Aldeias Altas,Aldeias Altas,2020-10-21,939,6,5,0
Aldeias Altas,Aldeias Altas,2020-10-22,939,0,5,0
Aldeias Altas,Aldeias Altas,2020-10-23,939,0,5,0
Aldeias Altas,Aldeias Altas,2020-10-24,939,0,5,0
Aldeias Altas,Aldeias Altas,2020-10-25,939,0,5,0
Aldeias Altas,Aldeias Altas,2020-10-26,939,0,5,0
Aldeias Altas,Aldeias Altas,2020-10-27,939,0,5,0
Aldeias Altas,Aldeias Altas,2020-10-28,939,0,5,0
Aldeias Altas,Aldeias Altas,2020-10-29,939,0,5,0
Aldeias Altas,Aldeias Altas,2020-10-30,939,0,5,0
Aldeias Altas,Aldeias Altas,2020-10-31,939,0,5,0
Aldeias Altas,Aldeias Altas,2020-11-01,939,0,5,0
Aldeias Altas,Aldeias Altas,2020-11-02,940,1,6,1
Aldeias Altas,Aldeias Altas,2020-11-03,941,1,6,0
Aldeias Altas,Aldeias Altas,2020-11-04,941,0,6,0
Aldeias Altas,Aldeias Altas,2020-11-05,941,0,6,0
Aldeias Altas,Aldeias Altas,2020-11-06,942,1,6,0
Aldeias Altas,Aldeias Altas,2020-11-07,942,0,6,0
Aldeias Altas,Aldeias Altas,2020-11-08,942,0,6,0
Aldeias Altas,Aldeias Altas,2020-11-09,942,0,6,0
Aldeias Altas,Aldeias Altas,2020-11-10,942,0,7,1
Aldeias Altas,Aldeias Altas,2020-11-11,942,0,8,1
Aldeias Altas,Aldeias Altas,2020-11-12,942,0,8,0
Aldeias Altas,Aldeias Altas,2020-11-13,942,0,9,1
Aldeias Altas,Aldeias Altas,2020-11-14,942,0,10,1
Aldeias Altas,Aldeias Altas,2020-11-15,942,0,10,0
Aldeias Altas,Aldeias Altas,2020-11-16,942,0,10,0
Aldeias Altas,Aldeias Altas,2020-11-17,942,0,10,0
Aldeias Altas,Aldeias Altas,2020-11-18,942,0,10,0
Aldeias Altas,Aldeias Altas,2020-11-19,942,0,10,0
Aldeias Altas,Aldeias Altas,2020-11-20,943,1,10,0
Aldeias Altas,Aldeias Altas,2020-11-21,943,0,10,0
Aldeias Altas,Aldeias Altas,2020-11-22,943,0,10,0
Aldeias Altas,Aldeias Altas,2020-11-23,943,0,10,0
Aldeias Altas,Aldeias Altas,2020-11-24,943,0,10,0
Aldeias Altas,Aldeias Altas,2020-11-25,943,0,10,0
Aldeias Altas,Aldeias Altas,2020-11-26,943,0,10,0
Aldeias Altas,Aldeias Altas,2020-11-27,945,2,10,0
Aldeias Altas,Aldeias Altas,2020-11-28,947,2,10,0
Aldeias Altas,Aldeias Altas,2020-11-29,947,0,10,0
Aldeias Altas,Aldeias Altas,2020-11-30,947,0,10,0
Aldeias Altas,Aldeias Altas,2020-12-01,947,0,10,0
Aldeias Altas,Aldeias Altas,2020-12-02,947,0,11,1
Aldeias Altas,Aldeias Altas,2020-12-03,947,0,11,0
Aldeias Altas,Aldeias Altas,2020-12-04,947,0,11,0
Aldeias Altas,Aldeias Altas,2020-12-05,947,0,11,0
Aldeias Altas,Aldeias Altas,2020-12-06,947,0,11,0
Aldeias Altas,Aldeias Altas,2020-12-07,947,0,11,0
Aldeias Altas,Aldeias Altas,2020-12-08,947,0,11,0
Aldeias Altas,Aldeias Altas,2020-12-09,947,0,11,0
Aldeias Altas,Aldeias Altas,2020-12-10,947,0,11,0
Aldeias Altas,Aldeias Altas,2020-12-11,947,0,11,0
Aldeias Altas,Aldeias Altas,2020-12-12,947,0,11,0
Aldeias Altas,Aldeias Altas,2020-12-13,947,0,11,0
Aldeias Altas,Aldeias Altas,2020-12-14,947,0,11,0
Aldeias Altas,Aldeias Altas,2020-12-15,947,0,11,0
Aldeias Altas,Aldeias Altas,2020-12-16,947,0,11,0
Aldeias Altas,Aldeias Altas,2020-12-17,947,0,11,0
Aldeias Altas,Aldeias Altas,2020-12-18,947,0,11,0
Aldeias Altas,Aldeias Altas,2020-12-19,947,0,11,0
Aldeias Altas,Aldeias Altas,2020-12-20,947,0,11,0
Aldeias Altas,Aldeias Altas,2020-12-21,947,0,11,0
Aldeias Altas,Aldeias Altas,2020-12-22,947,0,11,0
Aldeias Altas,Aldeias Altas,2020-12-23,947,0,11,0
Aldeias Altas,Aldeias Altas,2020-12-24,947,0,11,0
Aldeias Altas,Aldeias Altas,2020-12-25,947,0,11,0
Aldeias Altas,Aldeias Altas,2020-12-26,947,0,11,0
Aldeias Altas,Aldeias Altas,2020-12-27,947,0,11,0
Aldeias Altas,Aldeias Altas,2020-12-28,947,0,11,0
Aldeias Altas,Aldeias Altas,2020-12-29,947,0,11,0
Aldeias Altas,Aldeias Altas,2020-12-30,947,0,11,0
Aldeias Altas,Aldeias Altas,2020-12-31,947,0,11,0
Aldeias Altas,Aldeias Altas,2021-01-01,947,0,11,0
Aldeias Altas,Aldeias Altas,2021-01-02,947,0,11,0
Aldeias Altas,Aldeias Altas,2021-01-03,947,0,11,0
Aldeias Altas,Aldeias Altas,2021-01-04,947,0,11,0
Aldeias Altas,Aldeias Altas,2021-01-05,947,0,11,0
Aldeias Altas,Aldeias Altas,2021-01-06,947,0,11,0
Aldeias Altas,Aldeias Altas,2021-01-07,947,0,11,0
Aldeias Altas,Aldeias Altas,2021-01-08,947,0,11,0
Aldeias Altas,Aldeias Altas,2021-01-09,947,0,11,0
Aldeias Altas,Aldeias Altas,2021-01-10,947,0,11,0
Aldeias Altas,Aldeias Altas,2021-01-11,947,0,11,0
Aldeias Altas,Aldeias Altas,2021-01-12,947,0,11,0
Aldeias Altas,Aldeias Altas,2021-01-13,947,0,11,0
Aldeias Altas,Aldeias Altas,2021-01-14,947,0,11,0
Aldeias Altas,Aldeias Altas,2021-01-15,947,0,11,0
Aldeias Altas,Aldeias Altas,2021-01-16,947,0,11,0
Aldeias Altas,Aldeias Altas,2021-01-17,947,0,11,0
Aldeias Altas,Aldeias Altas,2021-01-18,947,0,11,0
Aldeias Altas,Aldeias Altas,2021-01-19,947,0,11,0
Aldeias Altas,Aldeias Altas,2021-01-20,947,0,11,0
Aldeias Altas,Aldeias Altas,2021-01-21,947,0,11,0
Aldeias Altas,Aldeias Altas,2021-01-22,947,0,11,0
Aldeias Altas,Aldeias Altas,2021-01-23,947,0,11,0
Aldeias Altas,Aldeias Altas,2021-01-24,947,0,11,0
Aldeias Altas,Aldeias Altas,2021-01-25,947,0,11,0
Aldeias Altas,Aldeias Altas,2021-01-26,947,0,11,0
Aldeias Altas,Aldeias Altas,2021-01-27,947,0,11,0
Aldeias Altas,Aldeias Altas,2021-01-28,947,0,11,0
Aldeias Altas,Aldeias Altas,2021-01-29,947,0,11,0
Aldeias Altas,Aldeias Altas,2021-01-30,947,0,11,0
Aldeias Altas,Aldeias Altas,2021-01-31,947,0,11,0
Aldeias Altas,Aldeias Altas,2021-02-01,947,0,11,0
Aldeias Altas,Aldeias Altas,2021-02-02,947,0,11,0
Aldeias Altas,Aldeias Altas,2021-02-03,947,0,11,0
Aldeias Altas,Aldeias Altas,2021-02-04,947,0,11,0
Aldeias Altas,Aldeias Altas,2021-02-05,947,0,11,0
Aldeias Altas,Aldeias Altas,2021-02-06,947,0,11,0
Aldeias Altas,Aldeias Altas,2021-02-07,947,0,11,0
Aldeias Altas,Aldeias Altas,2021-02-08,973,26,11,0
