city,city,date,cases,daily cases,deaths,daily deaths
Alegre,Alegre,2020-03-27,0,0,0,0
Alegre,Alegre,2020-03-28,0,0,0,0
Alegre,Alegre,2020-03-29,0,0,0,0
Alegre,Alegre,2020-03-30,0,0,0,0
Alegre,Alegre,2020-03-31,0,0,0,0
Alegre,Alegre,2020-04-01,0,0,0,0
Alegre,Alegre,2020-04-02,0,0,0,0
Alegre,Alegre,2020-04-03,0,0,0,0
Alegre,Alegre,2020-04-04,0,0,0,0
Alegre,Alegre,2020-04-05,0,0,0,0
Alegre,Alegre,2020-04-06,0,0,0,0
Alegre,Alegre,2020-04-07,0,0,0,0
Alegre,Alegre,2020-04-08,0,0,0,0
Alegre,Alegre,2020-04-09,0,0,0,0
Alegre,Alegre,2020-04-10,0,0,0,0
Alegre,Alegre,2020-04-11,0,0,0,0
Alegre,Alegre,2020-04-12,0,0,0,0
Alegre,Alegre,2020-04-13,0,0,0,0
Alegre,Alegre,2020-04-14,0,0,0,0
Alegre,Alegre,2020-04-15,0,0,0,0
Alegre,Alegre,2020-04-16,0,0,0,0
Alegre,Alegre,2020-04-17,0,0,0,0
Alegre,Alegre,2020-04-18,0,0,0,0
Alegre,Alegre,2020-04-19,0,0,0,0
Alegre,Alegre,2020-04-20,0,0,0,0
Alegre,Alegre,2020-04-21,1,1,0,0
Alegre,Alegre,2020-04-22,1,0,0,0
Alegre,Alegre,2020-04-23,1,0,0,0
Alegre,Alegre,2020-04-24,2,1,0,0
Alegre,Alegre,2020-04-25,2,0,0,0
Alegre,Alegre,2020-04-26,2,0,0,0
Alegre,Alegre,2020-04-27,2,0,0,0
Alegre,Alegre,2020-04-28,2,0,0,0
Alegre,Alegre,2020-04-29,2,0,0,0
Alegre,Alegre,2020-04-30,2,0,0,0
Alegre,Alegre,2020-05-01,2,0,0,0
Alegre,Alegre,2020-05-02,3,1,0,0
Alegre,Alegre,2020-05-03,3,0,0,0
Alegre,Alegre,2020-05-04,3,0,0,0
Alegre,Alegre,2020-05-05,3,0,0,0
Alegre,Alegre,2020-05-06,3,0,0,0
Alegre,Alegre,2020-05-07,3,0,0,0
Alegre,Alegre,2020-05-08,3,0,0,0
Alegre,Alegre,2020-05-09,3,0,0,0
Alegre,Alegre,2020-05-10,3,0,0,0
Alegre,Alegre,2020-05-11,4,1,0,0
Alegre,Alegre,2020-05-12,4,0,0,0
Alegre,Alegre,2020-05-13,4,0,0,0
Alegre,Alegre,2020-05-14,4,0,0,0
Alegre,Alegre,2020-05-15,4,0,0,0
Alegre,Alegre,2020-05-16,6,2,0,0
Alegre,Alegre,2020-05-17,6,0,0,0
Alegre,Alegre,2020-05-18,7,1,0,0
Alegre,Alegre,2020-05-19,6,-1,0,0
Alegre,Alegre,2020-05-20,6,0,0,0
Alegre,Alegre,2020-05-21,7,1,0,0
Alegre,Alegre,2020-05-22,7,0,0,0
Alegre,Alegre,2020-05-23,7,0,0,0
Alegre,Alegre,2020-05-24,7,0,0,0
Alegre,Alegre,2020-05-25,8,1,0,0
Alegre,Alegre,2020-05-26,9,1,0,0
Alegre,Alegre,2020-05-27,9,0,0,0
Alegre,Alegre,2020-05-28,11,2,0,0
Alegre,Alegre,2020-05-29,11,0,0,0
Alegre,Alegre,2020-05-30,11,0,0,0
Alegre,Alegre,2020-05-31,11,0,0,0
Alegre,Alegre,2020-06-01,11,0,0,0
Alegre,Alegre,2020-06-02,11,0,0,0
Alegre,Alegre,2020-06-03,16,5,0,0
Alegre,Alegre,2020-06-04,20,4,0,0
Alegre,Alegre,2020-06-05,20,0,0,0
Alegre,Alegre,2020-06-06,20,0,0,0
Alegre,Alegre,2020-06-07,23,3,0,0
Alegre,Alegre,2020-06-08,26,3,1,1
Alegre,Alegre,2020-06-09,29,3,1,0
Alegre,Alegre,2020-06-10,35,6,1,0
Alegre,Alegre,2020-06-11,36,1,1,0
Alegre,Alegre,2020-06-12,37,1,1,0
Alegre,Alegre,2020-06-13,41,4,1,0
Alegre,Alegre,2020-06-14,42,1,1,0
Alegre,Alegre,2020-06-15,45,3,2,1
Alegre,Alegre,2020-06-16,48,3,2,0
Alegre,Alegre,2020-06-17,53,5,2,0
Alegre,Alegre,2020-06-18,58,5,4,2
Alegre,Alegre,2020-06-19,61,3,4,0
Alegre,Alegre,2020-06-20,63,2,4,0
Alegre,Alegre,2020-06-21,68,5,4,0
Alegre,Alegre,2020-06-22,92,24,5,1
Alegre,Alegre,2020-06-23,93,1,5,0
Alegre,Alegre,2020-06-24,97,4,5,0
Alegre,Alegre,2020-06-25,100,3,6,1
Alegre,Alegre,2020-06-26,101,1,6,0
Alegre,Alegre,2020-06-27,101,0,6,0
Alegre,Alegre,2020-06-28,105,4,6,0
Alegre,Alegre,2020-06-29,109,4,6,0
Alegre,Alegre,2020-06-30,112,3,6,0
Alegre,Alegre,2020-07-01,123,11,8,2
Alegre,Alegre,2020-07-02,135,12,7,-1
Alegre,Alegre,2020-07-03,141,6,7,0
Alegre,Alegre,2020-07-04,141,0,7,0
Alegre,Alegre,2020-07-05,142,1,7,0
Alegre,Alegre,2020-07-06,148,6,8,1
Alegre,Alegre,2020-07-07,150,2,8,0
Alegre,Alegre,2020-07-08,154,4,8,0
Alegre,Alegre,2020-07-09,158,4,8,0
Alegre,Alegre,2020-07-10,160,2,10,2
Alegre,Alegre,2020-07-11,160,0,10,0
Alegre,Alegre,2020-07-12,161,1,10,0
Alegre,Alegre,2020-07-13,164,3,10,0
Alegre,Alegre,2020-07-14,170,6,10,0
Alegre,Alegre,2020-07-15,177,7,10,0
Alegre,Alegre,2020-07-16,195,18,10,0
Alegre,Alegre,2020-07-17,199,4,10,0
Alegre,Alegre,2020-07-18,200,1,11,1
Alegre,Alegre,2020-07-19,202,2,11,0
Alegre,Alegre,2020-07-20,207,5,12,1
Alegre,Alegre,2020-07-21,213,6,12,0
Alegre,Alegre,2020-07-22,217,4,12,0
Alegre,Alegre,2020-07-23,221,4,12,0
Alegre,Alegre,2020-07-24,225,4,12,0
Alegre,Alegre,2020-07-25,227,2,12,0
Alegre,Alegre,2020-07-26,229,2,12,0
Alegre,Alegre,2020-07-27,231,2,12,0
Alegre,Alegre,2020-07-28,232,1,12,0
Alegre,Alegre,2020-07-29,242,10,12,0
Alegre,Alegre,2020-07-30,244,2,13,1
Alegre,Alegre,2020-07-31,246,2,13,0
Alegre,Alegre,2020-08-01,246,0,13,0
Alegre,Alegre,2020-08-02,247,1,13,0
Alegre,Alegre,2020-08-03,246,-1,13,0
Alegre,Alegre,2020-08-04,248,2,14,1
Alegre,Alegre,2020-08-05,251,3,14,0
Alegre,Alegre,2020-08-06,252,1,14,0
Alegre,Alegre,2020-08-07,253,1,14,0
Alegre,Alegre,2020-08-08,253,0,14,0
Alegre,Alegre,2020-08-09,253,0,14,0
Alegre,Alegre,2020-08-10,256,3,14,0
Alegre,Alegre,2020-08-11,265,9,14,0
Alegre,Alegre,2020-08-12,273,8,15,1
Alegre,Alegre,2020-08-13,277,4,15,0
Alegre,Alegre,2020-08-14,290,13,15,0
Alegre,Alegre,2020-08-15,291,1,15,0
Alegre,Alegre,2020-08-16,293,2,15,0
Alegre,Alegre,2020-08-17,292,-1,15,0
Alegre,Alegre,2020-08-18,294,2,15,0
Alegre,Alegre,2020-08-19,296,2,15,0
Alegre,Alegre,2020-08-20,300,4,15,0
Alegre,Alegre,2020-08-21,301,1,15,0
Alegre,Alegre,2020-08-22,300,-1,15,0
Alegre,Alegre,2020-08-23,301,1,15,0
Alegre,Alegre,2020-08-24,299,-2,15,0
Alegre,Alegre,2020-08-25,301,2,15,0
Alegre,Alegre,2020-08-26,303,2,15,0
Alegre,Alegre,2020-08-27,305,2,15,0
Alegre,Alegre,2020-08-28,307,2,15,0
Alegre,Alegre,2020-08-29,308,1,15,0
Alegre,Alegre,2020-08-30,308,0,15,0
Alegre,Alegre,2020-08-31,308,0,16,1
Alegre,Alegre,2020-09-01,308,0,16,0
Alegre,Alegre,2020-09-02,312,4,16,0
Alegre,Alegre,2020-09-03,324,12,16,0
Alegre,Alegre,2020-09-04,320,-4,16,0
Alegre,Alegre,2020-09-05,320,0,16,0
Alegre,Alegre,2020-09-06,320,0,16,0
Alegre,Alegre,2020-09-07,320,0,16,0
Alegre,Alegre,2020-09-08,321,1,16,0
Alegre,Alegre,2020-09-09,323,2,16,0
Alegre,Alegre,2020-09-10,326,3,17,1
Alegre,Alegre,2020-09-11,327,1,17,0
Alegre,Alegre,2020-09-12,328,1,17,0
Alegre,Alegre,2020-09-13,328,0,17,0
Alegre,Alegre,2020-09-14,330,2,17,0
Alegre,Alegre,2020-09-15,334,4,17,0
Alegre,Alegre,2020-09-16,336,2,17,0
Alegre,Alegre,2020-09-17,339,3,16,-1
Alegre,Alegre,2020-09-18,345,6,16,0
Alegre,Alegre,2020-09-19,345,0,16,0
Alegre,Alegre,2020-09-20,346,1,16,0
Alegre,Alegre,2020-09-21,350,4,16,0
Alegre,Alegre,2020-09-22,352,2,16,0
Alegre,Alegre,2020-09-23,357,5,17,1
Alegre,Alegre,2020-09-24,360,3,17,0
Alegre,Alegre,2020-09-25,364,4,17,0
Alegre,Alegre,2020-09-26,366,2,17,0
Alegre,Alegre,2020-09-27,367,1,17,0
Alegre,Alegre,2020-09-28,369,2,17,0
Alegre,Alegre,2020-09-29,370,1,17,0
Alegre,Alegre,2020-09-30,372,2,17,0
Alegre,Alegre,2020-10-01,375,3,17,0
Alegre,Alegre,2020-10-02,377,2,18,1
Alegre,Alegre,2020-10-03,377,0,18,0
Alegre,Alegre,2020-10-04,378,1,18,0
Alegre,Alegre,2020-10-05,381,3,18,0
Alegre,Alegre,2020-10-06,387,6,18,0
Alegre,Alegre,2020-10-07,388,1,18,0
Alegre,Alegre,2020-10-08,388,0,18,0
Alegre,Alegre,2020-10-09,391,3,18,0
Alegre,Alegre,2020-10-10,391,0,18,0
Alegre,Alegre,2020-10-11,391,0,18,0
Alegre,Alegre,2020-10-12,392,1,18,0
Alegre,Alegre,2020-10-13,392,0,18,0
Alegre,Alegre,2020-10-14,393,1,18,0
Alegre,Alegre,2020-10-15,396,3,18,0
Alegre,Alegre,2020-10-16,397,1,18,0
Alegre,Alegre,2020-10-17,397,0,18,0
Alegre,Alegre,2020-10-18,397,0,18,0
Alegre,Alegre,2020-10-19,401,4,18,0
Alegre,Alegre,2020-10-20,403,2,19,1
Alegre,Alegre,2020-10-21,406,3,20,1
Alegre,Alegre,2020-10-22,406,0,20,0
Alegre,Alegre,2020-10-23,412,6,20,0
Alegre,Alegre,2020-10-24,416,4,20,0
Alegre,Alegre,2020-10-25,416,0,20,0
Alegre,Alegre,2020-10-26,415,-1,20,0
Alegre,Alegre,2020-10-27,420,5,20,0
Alegre,Alegre,2020-10-28,420,0,20,0
Alegre,Alegre,2020-10-29,423,3,20,0
Alegre,Alegre,2020-10-30,425,2,20,0
Alegre,Alegre,2020-10-31,426,1,20,0
Alegre,Alegre,2020-11-01,426,0,20,0
Alegre,Alegre,2020-11-02,427,1,20,0
Alegre,Alegre,2020-11-03,428,1,20,0
Alegre,Alegre,2020-11-04,430,2,20,0
Alegre,Alegre,2020-11-05,432,2,21,1
Alegre,Alegre,2020-11-06,433,1,21,0
Alegre,Alegre,2020-11-07,433,0,21,0
Alegre,Alegre,2020-11-08,438,5,21,0
Alegre,Alegre,2020-11-09,438,0,21,0
Alegre,Alegre,2020-11-10,439,1,21,0
Alegre,Alegre,2020-11-11,445,6,21,0
Alegre,Alegre,2020-11-12,445,0,21,0
Alegre,Alegre,2020-11-13,448,3,21,0
Alegre,Alegre,2020-11-14,448,0,21,0
Alegre,Alegre,2020-11-15,454,6,21,0
Alegre,Alegre,2020-11-16,456,2,21,0
Alegre,Alegre,2020-11-17,461,5,21,0
Alegre,Alegre,2020-11-18,465,4,21,0
Alegre,Alegre,2020-11-19,472,7,21,0
Alegre,Alegre,2020-11-20,490,18,21,0
Alegre,Alegre,2020-11-21,490,0,21,0
Alegre,Alegre,2020-11-22,497,7,21,0
Alegre,Alegre,2020-11-23,499,2,21,0
Alegre,Alegre,2020-11-24,509,10,21,0
Alegre,Alegre,2020-11-25,517,8,21,0
Alegre,Alegre,2020-11-26,521,4,21,0
Alegre,Alegre,2020-11-27,528,7,21,0
Alegre,Alegre,2020-11-28,528,0,21,0
Alegre,Alegre,2020-11-29,539,11,21,0
Alegre,Alegre,2020-11-30,544,5,21,0
Alegre,Alegre,2020-12-01,555,11,21,0
Alegre,Alegre,2020-12-02,564,9,21,0
Alegre,Alegre,2020-12-03,578,14,21,0
Alegre,Alegre,2020-12-04,590,12,21,0
Alegre,Alegre,2020-12-05,601,11,21,0
Alegre,Alegre,2020-12-06,604,3,21,0
Alegre,Alegre,2020-12-07,619,15,21,0
Alegre,Alegre,2020-12-08,629,10,21,0
Alegre,Alegre,2020-12-09,635,6,21,0
Alegre,Alegre,2020-12-10,645,10,21,0
Alegre,Alegre,2020-12-11,665,20,21,0
Alegre,Alegre,2020-12-12,666,1,21,0
Alegre,Alegre,2020-12-13,666,0,21,0
Alegre,Alegre,2020-12-14,667,1,21,0
Alegre,Alegre,2020-12-15,682,15,21,0
Alegre,Alegre,2020-12-16,718,36,22,1
Alegre,Alegre,2020-12-17,737,19,22,0
Alegre,Alegre,2020-12-18,749,12,22,0
Alegre,Alegre,2020-12-19,755,6,22,0
Alegre,Alegre,2020-12-20,761,6,22,0
Alegre,Alegre,2020-12-21,772,11,22,0
Alegre,Alegre,2020-12-22,779,7,22,0
Alegre,Alegre,2020-12-23,784,5,23,1
Alegre,Alegre,2020-12-24,785,1,23,0
Alegre,Alegre,2020-12-25,787,2,23,0
Alegre,Alegre,2020-12-26,791,4,23,0
Alegre,Alegre,2020-12-27,792,1,23,0
Alegre,Alegre,2020-12-28,806,14,23,0
Alegre,Alegre,2020-12-29,811,5,23,0
Alegre,Alegre,2020-12-30,827,16,23,0
Alegre,Alegre,2020-12-31,831,4,23,0
Alegre,Alegre,2021-01-01,833,2,23,0
Alegre,Alegre,2021-01-02,841,8,23,0
Alegre,Alegre,2021-01-03,841,0,23,0
Alegre,Alegre,2021-01-04,853,12,23,0
Alegre,Alegre,2021-01-05,858,5,23,0
Alegre,Alegre,2021-01-06,861,3,23,0
Alegre,Alegre,2021-01-07,887,26,23,0
Alegre,Alegre,2021-01-08,902,15,24,1
Alegre,Alegre,2021-01-09,904,2,24,0
Alegre,Alegre,2021-01-10,917,13,24,0
Alegre,Alegre,2021-01-11,945,28,24,0
Alegre,Alegre,2021-01-12,957,12,24,0
Alegre,Alegre,2021-01-13,964,7,24,0
Alegre,Alegre,2021-01-14,972,8,24,0
Alegre,Alegre,2021-01-15,981,9,24,0
Alegre,Alegre,2021-01-16,998,17,25,1
Alegre,Alegre,2021-01-17,1004,6,25,0
Alegre,Alegre,2021-01-18,1014,10,25,0
Alegre,Alegre,2021-01-19,1025,11,26,1
Alegre,Alegre,2021-01-20,1029,4,26,0
Alegre,Alegre,2021-01-21,1038,9,26,0
Alegre,Alegre,2021-01-22,1049,11,26,0
Alegre,Alegre,2021-01-23,1057,8,26,0
Alegre,Alegre,2021-01-24,1063,6,26,0
Alegre,Alegre,2021-01-25,1067,4,26,0
Alegre,Alegre,2021-01-26,1081,14,26,0
Alegre,Alegre,2021-01-27,1095,14,26,0
Alegre,Alegre,2021-01-28,1100,5,26,0
Alegre,Alegre,2021-01-29,1106,6,26,0
Alegre,Alegre,2021-01-30,1110,4,26,0
Alegre,Alegre,2021-01-31,1117,7,26,0
Alegre,Alegre,2021-02-01,1138,21,26,0
Alegre,Alegre,2021-02-02,1142,4,26,0
Alegre,Alegre,2021-02-03,1147,5,26,0
Alegre,Alegre,2021-02-04,1155,8,26,0
Alegre,Alegre,2021-02-05,1158,3,26,0
Alegre,Alegre,2021-02-06,1170,12,26,0
Alegre,Alegre,2021-02-07,1172,2,26,0
Alegre,Alegre,2021-02-08,1177,5,26,0
