city,city,date,cases,daily cases,deaths,daily deaths
Alto do Rodrigues,Alto do Rodrigues,2020-03-27,0,0,0,0
Alto do Rodrigues,Alto do Rodrigues,2020-03-28,0,0,0,0
Alto do Rodrigues,Alto do Rodrigues,2020-03-29,0,0,0,0
Alto do Rodrigues,Alto do Rodrigues,2020-03-30,0,0,0,0
Alto do Rodrigues,Alto do Rodrigues,2020-03-31,0,0,0,0
Alto do Rodrigues,Alto do Rodrigues,2020-04-01,0,0,0,0
Alto do Rodrigues,Alto do Rodrigues,2020-04-02,0,0,0,0
Alto do Rodrigues,Alto do Rodrigues,2020-04-03,0,0,0,0
Alto do Rodrigues,Alto do Rodrigues,2020-04-04,0,0,0,0
Alto do Rodrigues,Alto do Rodrigues,2020-04-05,0,0,0,0
Alto do Rodrigues,Alto do Rodrigues,2020-04-06,0,0,0,0
Alto do Rodrigues,Alto do Rodrigues,2020-04-07,0,0,0,0
Alto do Rodrigues,Alto do Rodrigues,2020-04-08,0,0,0,0
Alto do Rodrigues,Alto do Rodrigues,2020-04-09,0,0,0,0
Alto do Rodrigues,Alto do Rodrigues,2020-04-10,0,0,0,0
Alto do Rodrigues,Alto do Rodrigues,2020-04-11,0,0,0,0
Alto do Rodrigues,Alto do Rodrigues,2020-04-12,0,0,0,0
Alto do Rodrigues,Alto do Rodrigues,2020-04-13,0,0,0,0
Alto do Rodrigues,Alto do Rodrigues,2020-04-14,0,0,0,0
Alto do Rodrigues,Alto do Rodrigues,2020-04-15,0,0,0,0
Alto do Rodrigues,Alto do Rodrigues,2020-04-16,0,0,0,0
Alto do Rodrigues,Alto do Rodrigues,2020-04-17,0,0,0,0
Alto do Rodrigues,Alto do Rodrigues,2020-04-18,0,0,0,0
Alto do Rodrigues,Alto do Rodrigues,2020-04-19,1,1,0,0
Alto do Rodrigues,Alto do Rodrigues,2020-04-20,1,0,0,0
Alto do Rodrigues,Alto do Rodrigues,2020-04-21,1,0,0,0
Alto do Rodrigues,Alto do Rodrigues,2020-04-22,1,0,0,0
Alto do Rodrigues,Alto do Rodrigues,2020-04-23,1,0,0,0
Alto do Rodrigues,Alto do Rodrigues,2020-04-24,1,0,0,0
Alto do Rodrigues,Alto do Rodrigues,2020-04-25,1,0,0,0
Alto do Rodrigues,Alto do Rodrigues,2020-04-26,1,0,0,0
Alto do Rodrigues,Alto do Rodrigues,2020-04-27,1,0,0,0
Alto do Rodrigues,Alto do Rodrigues,2020-04-28,2,1,0,0
Alto do Rodrigues,Alto do Rodrigues,2020-04-29,2,0,1,1
Alto do Rodrigues,Alto do Rodrigues,2020-04-30,2,0,1,0
Alto do Rodrigues,Alto do Rodrigues,2020-05-01,2,0,1,0
Alto do Rodrigues,Alto do Rodrigues,2020-05-02,2,0,1,0
Alto do Rodrigues,Alto do Rodrigues,2020-05-03,2,0,1,0
Alto do Rodrigues,Alto do Rodrigues,2020-05-04,2,0,1,0
Alto do Rodrigues,Alto do Rodrigues,2020-05-05,2,0,1,0
Alto do Rodrigues,Alto do Rodrigues,2020-05-06,2,0,1,0
Alto do Rodrigues,Alto do Rodrigues,2020-05-07,3,1,1,0
Alto do Rodrigues,Alto do Rodrigues,2020-05-08,4,1,1,0
Alto do Rodrigues,Alto do Rodrigues,2020-05-09,4,0,1,0
Alto do Rodrigues,Alto do Rodrigues,2020-05-10,5,1,1,0
Alto do Rodrigues,Alto do Rodrigues,2020-05-11,5,0,1,0
Alto do Rodrigues,Alto do Rodrigues,2020-05-12,5,0,1,0
Alto do Rodrigues,Alto do Rodrigues,2020-05-13,9,4,1,0
Alto do Rodrigues,Alto do Rodrigues,2020-05-14,10,1,1,0
Alto do Rodrigues,Alto do Rodrigues,2020-05-15,12,2,1,0
Alto do Rodrigues,Alto do Rodrigues,2020-05-16,13,1,1,0
Alto do Rodrigues,Alto do Rodrigues,2020-05-17,14,1,1,0
Alto do Rodrigues,Alto do Rodrigues,2020-05-18,15,1,2,1
Alto do Rodrigues,Alto do Rodrigues,2020-05-19,16,1,2,0
Alto do Rodrigues,Alto do Rodrigues,2020-05-20,20,4,2,0
Alto do Rodrigues,Alto do Rodrigues,2020-05-21,20,0,2,0
Alto do Rodrigues,Alto do Rodrigues,2020-05-22,22,2,3,1
Alto do Rodrigues,Alto do Rodrigues,2020-05-23,23,1,3,0
Alto do Rodrigues,Alto do Rodrigues,2020-05-24,24,1,3,0
Alto do Rodrigues,Alto do Rodrigues,2020-05-25,24,0,3,0
Alto do Rodrigues,Alto do Rodrigues,2020-05-26,28,4,3,0
Alto do Rodrigues,Alto do Rodrigues,2020-05-27,31,3,4,1
Alto do Rodrigues,Alto do Rodrigues,2020-05-28,31,0,4,0
Alto do Rodrigues,Alto do Rodrigues,2020-05-29,37,6,4,0
Alto do Rodrigues,Alto do Rodrigues,2020-05-30,43,6,6,2
Alto do Rodrigues,Alto do Rodrigues,2020-05-31,43,0,6,0
Alto do Rodrigues,Alto do Rodrigues,2020-06-01,49,6,6,0
Alto do Rodrigues,Alto do Rodrigues,2020-06-02,49,0,6,0
Alto do Rodrigues,Alto do Rodrigues,2020-06-03,61,12,6,0
Alto do Rodrigues,Alto do Rodrigues,2020-06-04,61,0,6,0
Alto do Rodrigues,Alto do Rodrigues,2020-06-05,61,0,6,0
Alto do Rodrigues,Alto do Rodrigues,2020-06-06,61,0,6,0
Alto do Rodrigues,Alto do Rodrigues,2020-06-07,61,0,6,0
Alto do Rodrigues,Alto do Rodrigues,2020-06-08,72,11,6,0
Alto do Rodrigues,Alto do Rodrigues,2020-06-09,73,1,6,0
Alto do Rodrigues,Alto do Rodrigues,2020-06-10,73,0,6,0
Alto do Rodrigues,Alto do Rodrigues,2020-06-11,92,19,6,0
Alto do Rodrigues,Alto do Rodrigues,2020-06-12,93,1,6,0
Alto do Rodrigues,Alto do Rodrigues,2020-06-13,93,0,6,0
Alto do Rodrigues,Alto do Rodrigues,2020-06-14,93,0,6,0
Alto do Rodrigues,Alto do Rodrigues,2020-06-15,93,0,6,0
Alto do Rodrigues,Alto do Rodrigues,2020-06-16,101,8,6,0
Alto do Rodrigues,Alto do Rodrigues,2020-06-17,101,0,6,0
Alto do Rodrigues,Alto do Rodrigues,2020-06-18,102,1,6,0
Alto do Rodrigues,Alto do Rodrigues,2020-06-19,103,1,6,0
Alto do Rodrigues,Alto do Rodrigues,2020-06-20,108,5,6,0
Alto do Rodrigues,Alto do Rodrigues,2020-06-21,108,0,6,0
Alto do Rodrigues,Alto do Rodrigues,2020-06-22,109,1,6,0
Alto do Rodrigues,Alto do Rodrigues,2020-06-23,109,0,6,0
Alto do Rodrigues,Alto do Rodrigues,2020-06-24,115,6,6,0
Alto do Rodrigues,Alto do Rodrigues,2020-06-25,121,6,6,0
Alto do Rodrigues,Alto do Rodrigues,2020-06-26,124,3,6,0
Alto do Rodrigues,Alto do Rodrigues,2020-06-27,124,0,6,0
Alto do Rodrigues,Alto do Rodrigues,2020-06-28,126,2,8,2
Alto do Rodrigues,Alto do Rodrigues,2020-06-29,177,51,6,-2
Alto do Rodrigues,Alto do Rodrigues,2020-06-30,188,11,6,0
Alto do Rodrigues,Alto do Rodrigues,2020-07-01,194,6,6,0
Alto do Rodrigues,Alto do Rodrigues,2020-07-02,198,4,7,1
Alto do Rodrigues,Alto do Rodrigues,2020-07-03,199,1,8,1
Alto do Rodrigues,Alto do Rodrigues,2020-07-04,200,1,8,0
Alto do Rodrigues,Alto do Rodrigues,2020-07-05,201,1,8,0
Alto do Rodrigues,Alto do Rodrigues,2020-07-06,202,1,8,0
Alto do Rodrigues,Alto do Rodrigues,2020-07-07,200,-2,8,0
Alto do Rodrigues,Alto do Rodrigues,2020-07-08,202,2,9,1
Alto do Rodrigues,Alto do Rodrigues,2020-07-09,202,0,9,0
Alto do Rodrigues,Alto do Rodrigues,2020-07-10,204,2,9,0
Alto do Rodrigues,Alto do Rodrigues,2020-07-11,206,2,9,0
Alto do Rodrigues,Alto do Rodrigues,2020-07-12,209,3,9,0
Alto do Rodrigues,Alto do Rodrigues,2020-07-13,212,3,9,0
Alto do Rodrigues,Alto do Rodrigues,2020-07-14,220,8,9,0
Alto do Rodrigues,Alto do Rodrigues,2020-07-15,220,0,9,0
Alto do Rodrigues,Alto do Rodrigues,2020-07-16,220,0,9,0
Alto do Rodrigues,Alto do Rodrigues,2020-07-17,220,0,9,0
Alto do Rodrigues,Alto do Rodrigues,2020-07-18,227,7,9,0
Alto do Rodrigues,Alto do Rodrigues,2020-07-19,229,2,9,0
Alto do Rodrigues,Alto do Rodrigues,2020-07-20,231,2,10,1
Alto do Rodrigues,Alto do Rodrigues,2020-07-21,231,0,10,0
Alto do Rodrigues,Alto do Rodrigues,2020-07-22,235,4,11,1
Alto do Rodrigues,Alto do Rodrigues,2020-07-23,237,2,11,0
Alto do Rodrigues,Alto do Rodrigues,2020-07-24,237,0,11,0
Alto do Rodrigues,Alto do Rodrigues,2020-07-25,237,0,11,0
Alto do Rodrigues,Alto do Rodrigues,2020-07-26,237,0,11,0
Alto do Rodrigues,Alto do Rodrigues,2020-07-27,237,0,11,0
Alto do Rodrigues,Alto do Rodrigues,2020-07-28,252,15,11,0
Alto do Rodrigues,Alto do Rodrigues,2020-07-29,253,1,11,0
Alto do Rodrigues,Alto do Rodrigues,2020-07-30,274,21,11,0
Alto do Rodrigues,Alto do Rodrigues,2020-07-31,278,4,11,0
Alto do Rodrigues,Alto do Rodrigues,2020-08-01,281,3,11,0
Alto do Rodrigues,Alto do Rodrigues,2020-08-02,281,0,11,0
Alto do Rodrigues,Alto do Rodrigues,2020-08-03,281,0,11,0
Alto do Rodrigues,Alto do Rodrigues,2020-08-04,288,7,11,0
Alto do Rodrigues,Alto do Rodrigues,2020-08-05,290,2,12,1
Alto do Rodrigues,Alto do Rodrigues,2020-08-06,315,25,12,0
Alto do Rodrigues,Alto do Rodrigues,2020-08-07,316,1,12,0
Alto do Rodrigues,Alto do Rodrigues,2020-08-08,319,3,12,0
Alto do Rodrigues,Alto do Rodrigues,2020-08-09,322,3,12,0
Alto do Rodrigues,Alto do Rodrigues,2020-08-10,322,0,12,0
Alto do Rodrigues,Alto do Rodrigues,2020-08-11,330,8,12,0
Alto do Rodrigues,Alto do Rodrigues,2020-08-12,329,-1,13,1
Alto do Rodrigues,Alto do Rodrigues,2020-08-13,330,1,13,0
Alto do Rodrigues,Alto do Rodrigues,2020-08-14,331,1,14,1
Alto do Rodrigues,Alto do Rodrigues,2020-08-15,331,0,14,0
Alto do Rodrigues,Alto do Rodrigues,2020-08-16,331,0,14,0
Alto do Rodrigues,Alto do Rodrigues,2020-08-17,331,0,15,1
Alto do Rodrigues,Alto do Rodrigues,2020-08-18,332,1,15,0
Alto do Rodrigues,Alto do Rodrigues,2020-08-19,336,4,15,0
Alto do Rodrigues,Alto do Rodrigues,2020-08-20,339,3,15,0
Alto do Rodrigues,Alto do Rodrigues,2020-08-21,339,0,15,0
Alto do Rodrigues,Alto do Rodrigues,2020-08-22,339,0,16,1
Alto do Rodrigues,Alto do Rodrigues,2020-08-23,339,0,16,0
Alto do Rodrigues,Alto do Rodrigues,2020-08-24,339,0,16,0
Alto do Rodrigues,Alto do Rodrigues,2020-08-25,340,1,16,0
Alto do Rodrigues,Alto do Rodrigues,2020-08-26,342,2,16,0
Alto do Rodrigues,Alto do Rodrigues,2020-08-27,346,4,16,0
Alto do Rodrigues,Alto do Rodrigues,2020-08-28,348,2,16,0
Alto do Rodrigues,Alto do Rodrigues,2020-08-29,348,0,16,0
Alto do Rodrigues,Alto do Rodrigues,2020-08-30,348,0,16,0
Alto do Rodrigues,Alto do Rodrigues,2020-08-31,348,0,16,0
Alto do Rodrigues,Alto do Rodrigues,2020-09-01,349,1,16,0
Alto do Rodrigues,Alto do Rodrigues,2020-09-02,350,1,16,0
Alto do Rodrigues,Alto do Rodrigues,2020-09-03,355,5,16,0
Alto do Rodrigues,Alto do Rodrigues,2020-09-04,357,2,16,0
Alto do Rodrigues,Alto do Rodrigues,2020-09-05,357,0,16,0
Alto do Rodrigues,Alto do Rodrigues,2020-09-06,357,0,16,0
Alto do Rodrigues,Alto do Rodrigues,2020-09-07,357,0,16,0
Alto do Rodrigues,Alto do Rodrigues,2020-09-08,357,0,16,0
Alto do Rodrigues,Alto do Rodrigues,2020-09-09,357,0,16,0
Alto do Rodrigues,Alto do Rodrigues,2020-09-10,362,5,17,1
Alto do Rodrigues,Alto do Rodrigues,2020-09-11,363,1,17,0
Alto do Rodrigues,Alto do Rodrigues,2020-09-12,364,1,17,0
Alto do Rodrigues,Alto do Rodrigues,2020-09-13,364,0,17,0
Alto do Rodrigues,Alto do Rodrigues,2020-09-14,364,0,17,0
Alto do Rodrigues,Alto do Rodrigues,2020-09-15,366,2,17,0
Alto do Rodrigues,Alto do Rodrigues,2020-09-16,367,1,17,0
Alto do Rodrigues,Alto do Rodrigues,2020-09-17,368,1,17,0
Alto do Rodrigues,Alto do Rodrigues,2020-09-18,368,0,17,0
Alto do Rodrigues,Alto do Rodrigues,2020-09-19,370,2,17,0
Alto do Rodrigues,Alto do Rodrigues,2020-09-20,373,3,17,0
Alto do Rodrigues,Alto do Rodrigues,2020-09-21,373,0,17,0
Alto do Rodrigues,Alto do Rodrigues,2020-09-22,373,0,17,0
Alto do Rodrigues,Alto do Rodrigues,2020-09-23,373,0,17,0
Alto do Rodrigues,Alto do Rodrigues,2020-09-24,375,2,17,0
Alto do Rodrigues,Alto do Rodrigues,2020-09-25,375,0,17,0
Alto do Rodrigues,Alto do Rodrigues,2020-09-26,377,2,17,0
Alto do Rodrigues,Alto do Rodrigues,2020-09-27,377,0,17,0
Alto do Rodrigues,Alto do Rodrigues,2020-09-28,377,0,17,0
Alto do Rodrigues,Alto do Rodrigues,2020-09-29,378,1,17,0
Alto do Rodrigues,Alto do Rodrigues,2020-09-30,379,1,18,1
Alto do Rodrigues,Alto do Rodrigues,2020-10-01,382,3,18,0
Alto do Rodrigues,Alto do Rodrigues,2020-10-02,383,1,18,0
Alto do Rodrigues,Alto do Rodrigues,2020-10-03,383,0,18,0
Alto do Rodrigues,Alto do Rodrigues,2020-10-04,383,0,18,0
Alto do Rodrigues,Alto do Rodrigues,2020-10-05,383,0,18,0
Alto do Rodrigues,Alto do Rodrigues,2020-10-06,385,2,18,0
Alto do Rodrigues,Alto do Rodrigues,2020-10-07,386,1,18,0
Alto do Rodrigues,Alto do Rodrigues,2020-10-08,386,0,18,0
Alto do Rodrigues,Alto do Rodrigues,2020-10-09,386,0,18,0
Alto do Rodrigues,Alto do Rodrigues,2020-10-10,387,1,18,0
Alto do Rodrigues,Alto do Rodrigues,2020-10-11,387,0,18,0
Alto do Rodrigues,Alto do Rodrigues,2020-10-12,389,2,18,0
Alto do Rodrigues,Alto do Rodrigues,2020-10-13,402,13,18,0
Alto do Rodrigues,Alto do Rodrigues,2020-10-14,405,3,18,0
Alto do Rodrigues,Alto do Rodrigues,2020-10-15,419,14,18,0
Alto do Rodrigues,Alto do Rodrigues,2020-10-16,413,-6,18,0
Alto do Rodrigues,Alto do Rodrigues,2020-10-17,413,0,18,0
Alto do Rodrigues,Alto do Rodrigues,2020-10-18,416,3,18,0
Alto do Rodrigues,Alto do Rodrigues,2020-10-19,432,16,18,0
Alto do Rodrigues,Alto do Rodrigues,2020-10-20,432,0,18,0
Alto do Rodrigues,Alto do Rodrigues,2020-10-21,464,32,18,0
Alto do Rodrigues,Alto do Rodrigues,2020-10-22,465,1,18,0
Alto do Rodrigues,Alto do Rodrigues,2020-10-23,478,13,18,0
Alto do Rodrigues,Alto do Rodrigues,2020-10-24,484,6,18,0
Alto do Rodrigues,Alto do Rodrigues,2020-10-25,494,10,18,0
Alto do Rodrigues,Alto do Rodrigues,2020-10-26,494,0,18,0
Alto do Rodrigues,Alto do Rodrigues,2020-10-27,496,2,18,0
Alto do Rodrigues,Alto do Rodrigues,2020-10-28,501,5,18,0
Alto do Rodrigues,Alto do Rodrigues,2020-10-29,502,1,18,0
Alto do Rodrigues,Alto do Rodrigues,2020-10-30,503,1,18,0
Alto do Rodrigues,Alto do Rodrigues,2020-10-31,521,18,18,0
Alto do Rodrigues,Alto do Rodrigues,2020-11-01,518,-3,18,0
Alto do Rodrigues,Alto do Rodrigues,2020-11-02,518,0,18,0
Alto do Rodrigues,Alto do Rodrigues,2020-11-03,518,0,18,0
Alto do Rodrigues,Alto do Rodrigues,2020-11-04,518,0,18,0
Alto do Rodrigues,Alto do Rodrigues,2020-11-05,515,-3,18,0
Alto do Rodrigues,Alto do Rodrigues,2020-11-06,518,3,18,0
Alto do Rodrigues,Alto do Rodrigues,2020-11-07,518,0,18,0
Alto do Rodrigues,Alto do Rodrigues,2020-11-08,517,-1,18,0
Alto do Rodrigues,Alto do Rodrigues,2020-11-09,517,0,18,0
Alto do Rodrigues,Alto do Rodrigues,2020-11-10,521,4,18,0
Alto do Rodrigues,Alto do Rodrigues,2020-11-11,524,3,18,0
Alto do Rodrigues,Alto do Rodrigues,2020-11-12,524,0,18,0
Alto do Rodrigues,Alto do Rodrigues,2020-11-13,523,-1,18,0
Alto do Rodrigues,Alto do Rodrigues,2020-11-14,523,0,18,0
Alto do Rodrigues,Alto do Rodrigues,2020-11-15,526,3,18,0
Alto do Rodrigues,Alto do Rodrigues,2020-11-16,526,0,18,0
Alto do Rodrigues,Alto do Rodrigues,2020-11-17,526,0,18,0
Alto do Rodrigues,Alto do Rodrigues,2020-11-18,526,0,18,0
Alto do Rodrigues,Alto do Rodrigues,2020-11-19,524,-2,18,0
Alto do Rodrigues,Alto do Rodrigues,2020-11-20,522,-2,18,0
Alto do Rodrigues,Alto do Rodrigues,2020-11-21,524,2,18,0
Alto do Rodrigues,Alto do Rodrigues,2020-11-22,525,1,18,0
Alto do Rodrigues,Alto do Rodrigues,2020-11-23,525,0,18,0
Alto do Rodrigues,Alto do Rodrigues,2020-11-24,526,1,18,0
Alto do Rodrigues,Alto do Rodrigues,2020-11-25,534,8,18,0
Alto do Rodrigues,Alto do Rodrigues,2020-11-26,534,0,18,0
Alto do Rodrigues,Alto do Rodrigues,2020-11-27,568,34,18,0
Alto do Rodrigues,Alto do Rodrigues,2020-11-28,573,5,18,0
Alto do Rodrigues,Alto do Rodrigues,2020-11-29,573,0,18,0
Alto do Rodrigues,Alto do Rodrigues,2020-11-30,578,5,18,0
Alto do Rodrigues,Alto do Rodrigues,2020-12-01,579,1,18,0
Alto do Rodrigues,Alto do Rodrigues,2020-12-02,582,3,18,0
Alto do Rodrigues,Alto do Rodrigues,2020-12-03,584,2,18,0
Alto do Rodrigues,Alto do Rodrigues,2020-12-04,584,0,18,0
Alto do Rodrigues,Alto do Rodrigues,2020-12-05,584,0,18,0
Alto do Rodrigues,Alto do Rodrigues,2020-12-06,585,1,19,1
Alto do Rodrigues,Alto do Rodrigues,2020-12-07,590,5,19,0
Alto do Rodrigues,Alto do Rodrigues,2020-12-08,590,0,19,0
Alto do Rodrigues,Alto do Rodrigues,2020-12-09,593,3,19,0
Alto do Rodrigues,Alto do Rodrigues,2020-12-10,594,1,19,0
Alto do Rodrigues,Alto do Rodrigues,2020-12-11,596,2,19,0
Alto do Rodrigues,Alto do Rodrigues,2020-12-12,598,2,19,0
Alto do Rodrigues,Alto do Rodrigues,2020-12-13,605,7,19,0
Alto do Rodrigues,Alto do Rodrigues,2020-12-14,605,0,19,0
Alto do Rodrigues,Alto do Rodrigues,2020-12-15,605,0,19,0
Alto do Rodrigues,Alto do Rodrigues,2020-12-16,610,5,19,0
Alto do Rodrigues,Alto do Rodrigues,2020-12-17,610,0,19,0
Alto do Rodrigues,Alto do Rodrigues,2020-12-18,610,0,19,0
Alto do Rodrigues,Alto do Rodrigues,2020-12-19,610,0,19,0
Alto do Rodrigues,Alto do Rodrigues,2020-12-20,625,15,19,0
Alto do Rodrigues,Alto do Rodrigues,2020-12-21,627,2,19,0
Alto do Rodrigues,Alto do Rodrigues,2020-12-22,627,0,19,0
Alto do Rodrigues,Alto do Rodrigues,2020-12-23,640,13,19,0
Alto do Rodrigues,Alto do Rodrigues,2020-12-24,651,11,19,0
Alto do Rodrigues,Alto do Rodrigues,2020-12-25,665,14,19,0
Alto do Rodrigues,Alto do Rodrigues,2020-12-26,667,2,19,0
Alto do Rodrigues,Alto do Rodrigues,2020-12-27,667,0,19,0
Alto do Rodrigues,Alto do Rodrigues,2020-12-28,667,0,19,0
Alto do Rodrigues,Alto do Rodrigues,2020-12-29,671,4,19,0
Alto do Rodrigues,Alto do Rodrigues,2020-12-30,672,1,19,0
Alto do Rodrigues,Alto do Rodrigues,2020-12-31,672,0,19,0
Alto do Rodrigues,Alto do Rodrigues,2021-01-01,671,-1,19,0
Alto do Rodrigues,Alto do Rodrigues,2021-01-02,671,0,19,0
Alto do Rodrigues,Alto do Rodrigues,2021-01-03,671,0,19,0
Alto do Rodrigues,Alto do Rodrigues,2021-01-04,671,0,19,0
Alto do Rodrigues,Alto do Rodrigues,2021-01-05,693,22,19,0
Alto do Rodrigues,Alto do Rodrigues,2021-01-06,691,-2,19,0
Alto do Rodrigues,Alto do Rodrigues,2021-01-07,692,1,19,0
Alto do Rodrigues,Alto do Rodrigues,2021-01-08,693,1,19,0
Alto do Rodrigues,Alto do Rodrigues,2021-01-09,704,11,19,0
Alto do Rodrigues,Alto do Rodrigues,2021-01-10,704,0,19,0
Alto do Rodrigues,Alto do Rodrigues,2021-01-11,704,0,19,0
Alto do Rodrigues,Alto do Rodrigues,2021-01-12,704,0,19,0
Alto do Rodrigues,Alto do Rodrigues,2021-01-13,704,0,19,0
Alto do Rodrigues,Alto do Rodrigues,2021-01-14,706,2,19,0
Alto do Rodrigues,Alto do Rodrigues,2021-01-15,706,0,19,0
Alto do Rodrigues,Alto do Rodrigues,2021-01-16,709,3,19,0
Alto do Rodrigues,Alto do Rodrigues,2021-01-17,712,3,19,0
Alto do Rodrigues,Alto do Rodrigues,2021-01-18,712,0,19,0
Alto do Rodrigues,Alto do Rodrigues,2021-01-19,712,0,19,0
Alto do Rodrigues,Alto do Rodrigues,2021-01-20,713,1,19,0
Alto do Rodrigues,Alto do Rodrigues,2021-01-21,724,11,19,0
Alto do Rodrigues,Alto do Rodrigues,2021-01-22,743,19,19,0
Alto do Rodrigues,Alto do Rodrigues,2021-01-23,756,13,19,0
Alto do Rodrigues,Alto do Rodrigues,2021-01-24,760,4,19,0
Alto do Rodrigues,Alto do Rodrigues,2021-01-25,772,12,19,0
Alto do Rodrigues,Alto do Rodrigues,2021-01-26,773,1,19,0
Alto do Rodrigues,Alto do Rodrigues,2021-01-27,781,8,19,0
Alto do Rodrigues,Alto do Rodrigues,2021-01-28,785,4,19,0
Alto do Rodrigues,Alto do Rodrigues,2021-01-29,789,4,19,0
Alto do Rodrigues,Alto do Rodrigues,2021-01-30,807,18,19,0
Alto do Rodrigues,Alto do Rodrigues,2021-01-31,815,8,19,0
Alto do Rodrigues,Alto do Rodrigues,2021-02-01,815,0,19,0
Alto do Rodrigues,Alto do Rodrigues,2021-02-02,820,5,19,0
Alto do Rodrigues,Alto do Rodrigues,2021-02-03,809,-11,19,0
Alto do Rodrigues,Alto do Rodrigues,2021-02-04,814,5,19,0
Alto do Rodrigues,Alto do Rodrigues,2021-02-05,814,0,19,0
Alto do Rodrigues,Alto do Rodrigues,2021-02-06,820,6,19,0
Alto do Rodrigues,Alto do Rodrigues,2021-02-07,829,9,19,0
Alto do Rodrigues,Alto do Rodrigues,2021-02-08,831,2,19,0
