city,city,date,cases,daily cases,deaths,daily deaths
Alumínio,Alumínio,2020-03-27,0,0,0,0
Alumínio,Alumínio,2020-03-28,0,0,0,0
Alumínio,Alumínio,2020-03-29,0,0,0,0
Alumínio,Alumínio,2020-03-30,0,0,0,0
Alumínio,Alumínio,2020-03-31,0,0,0,0
Alumínio,Alumínio,2020-04-01,0,0,0,0
Alumínio,Alumínio,2020-04-02,0,0,0,0
Alumínio,Alumínio,2020-04-03,0,0,0,0
Alumínio,Alumínio,2020-04-04,0,0,0,0
Alumínio,Alumínio,2020-04-05,0,0,0,0
Alumínio,Alumínio,2020-04-06,0,0,0,0
Alumínio,Alumínio,2020-04-07,0,0,0,0
Alumínio,Alumínio,2020-04-08,0,0,0,0
Alumínio,Alumínio,2020-04-09,0,0,0,0
Alumínio,Alumínio,2020-04-10,0,0,0,0
Alumínio,Alumínio,2020-04-11,0,0,0,0
Alumínio,Alumínio,2020-04-12,0,0,0,0
Alumínio,Alumínio,2020-04-13,0,0,0,0
Alumínio,Alumínio,2020-04-14,0,0,0,0
Alumínio,Alumínio,2020-04-15,0,0,0,0
Alumínio,Alumínio,2020-04-16,0,0,0,0
Alumínio,Alumínio,2020-04-17,0,0,0,0
Alumínio,Alumínio,2020-04-18,0,0,0,0
Alumínio,Alumínio,2020-04-19,0,0,0,0
Alumínio,Alumínio,2020-04-20,0,0,0,0
Alumínio,Alumínio,2020-04-21,0,0,0,0
Alumínio,Alumínio,2020-04-22,0,0,0,0
Alumínio,Alumínio,2020-04-23,0,0,0,0
Alumínio,Alumínio,2020-04-24,0,0,0,0
Alumínio,Alumínio,2020-04-25,0,0,0,0
Alumínio,Alumínio,2020-04-26,0,0,0,0
Alumínio,Alumínio,2020-04-27,0,0,0,0
Alumínio,Alumínio,2020-04-28,0,0,0,0
Alumínio,Alumínio,2020-04-29,0,0,0,0
Alumínio,Alumínio,2020-04-30,0,0,0,0
Alumínio,Alumínio,2020-05-01,0,0,0,0
Alumínio,Alumínio,2020-05-02,0,0,0,0
Alumínio,Alumínio,2020-05-03,0,0,0,0
Alumínio,Alumínio,2020-05-04,0,0,0,0
Alumínio,Alumínio,2020-05-05,0,0,0,0
Alumínio,Alumínio,2020-05-06,0,0,0,0
Alumínio,Alumínio,2020-05-07,0,0,0,0
Alumínio,Alumínio,2020-05-08,0,0,0,0
Alumínio,Alumínio,2020-05-09,0,0,0,0
Alumínio,Alumínio,2020-05-10,0,0,0,0
Alumínio,Alumínio,2020-05-11,0,0,0,0
Alumínio,Alumínio,2020-05-12,1,1,0,0
Alumínio,Alumínio,2020-05-13,1,0,0,0
Alumínio,Alumínio,2020-05-14,4,3,0,0
Alumínio,Alumínio,2020-05-15,5,1,1,1
Alumínio,Alumínio,2020-05-16,5,0,1,0
Alumínio,Alumínio,2020-05-17,6,1,1,0
Alumínio,Alumínio,2020-05-18,7,1,1,0
Alumínio,Alumínio,2020-05-19,7,0,1,0
Alumínio,Alumínio,2020-05-20,8,1,1,0
Alumínio,Alumínio,2020-05-21,8,0,1,0
Alumínio,Alumínio,2020-05-22,12,4,1,0
Alumínio,Alumínio,2020-05-23,11,-1,1,0
Alumínio,Alumínio,2020-05-24,11,0,1,0
Alumínio,Alumínio,2020-05-25,11,0,1,0
Alumínio,Alumínio,2020-05-26,11,0,1,0
Alumínio,Alumínio,2020-05-27,11,0,1,0
Alumínio,Alumínio,2020-05-28,11,0,1,0
Alumínio,Alumínio,2020-05-29,12,1,1,0
Alumínio,Alumínio,2020-05-30,13,1,1,0
Alumínio,Alumínio,2020-05-31,13,0,1,0
Alumínio,Alumínio,2020-06-01,13,0,1,0
Alumínio,Alumínio,2020-06-02,11,-2,1,0
Alumínio,Alumínio,2020-06-03,11,0,1,0
Alumínio,Alumínio,2020-06-04,11,0,1,0
Alumínio,Alumínio,2020-06-05,12,1,1,0
Alumínio,Alumínio,2020-06-06,13,1,1,0
Alumínio,Alumínio,2020-06-07,13,0,1,0
Alumínio,Alumínio,2020-06-08,13,0,1,0
Alumínio,Alumínio,2020-06-09,13,0,1,0
Alumínio,Alumínio,2020-06-10,14,1,1,0
Alumínio,Alumínio,2020-06-11,15,1,1,0
Alumínio,Alumínio,2020-06-12,15,0,1,0
Alumínio,Alumínio,2020-06-13,16,1,1,0
Alumínio,Alumínio,2020-06-14,16,0,1,0
Alumínio,Alumínio,2020-06-15,16,0,1,0
Alumínio,Alumínio,2020-06-16,20,4,1,0
Alumínio,Alumínio,2020-06-17,22,2,2,1
Alumínio,Alumínio,2020-06-18,23,1,2,0
Alumínio,Alumínio,2020-06-19,28,5,2,0
Alumínio,Alumínio,2020-06-20,30,2,2,0
Alumínio,Alumínio,2020-06-21,31,1,2,0
Alumínio,Alumínio,2020-06-22,31,0,2,0
Alumínio,Alumínio,2020-06-23,33,2,2,0
Alumínio,Alumínio,2020-06-24,35,2,2,0
Alumínio,Alumínio,2020-06-25,45,10,2,0
Alumínio,Alumínio,2020-06-26,45,0,2,0
Alumínio,Alumínio,2020-06-27,45,0,2,0
Alumínio,Alumínio,2020-06-28,46,1,2,0
Alumínio,Alumínio,2020-06-29,47,1,2,0
Alumínio,Alumínio,2020-06-30,48,1,2,0
Alumínio,Alumínio,2020-07-01,49,1,2,0
Alumínio,Alumínio,2020-07-02,52,3,2,0
Alumínio,Alumínio,2020-07-03,51,-1,3,1
Alumínio,Alumínio,2020-07-04,51,0,3,0
Alumínio,Alumínio,2020-07-05,51,0,3,0
Alumínio,Alumínio,2020-07-06,51,0,3,0
Alumínio,Alumínio,2020-07-07,53,2,4,1
Alumínio,Alumínio,2020-07-08,53,0,4,0
Alumínio,Alumínio,2020-07-09,53,0,4,0
Alumínio,Alumínio,2020-07-10,54,1,4,0
Alumínio,Alumínio,2020-07-11,57,3,4,0
Alumínio,Alumínio,2020-07-12,58,1,4,0
Alumínio,Alumínio,2020-07-13,58,0,4,0
Alumínio,Alumínio,2020-07-14,67,9,4,0
Alumínio,Alumínio,2020-07-15,70,3,4,0
Alumínio,Alumínio,2020-07-16,76,6,4,0
Alumínio,Alumínio,2020-07-17,76,0,4,0
Alumínio,Alumínio,2020-07-18,76,0,4,0
Alumínio,Alumínio,2020-07-19,76,0,4,0
Alumínio,Alumínio,2020-07-20,76,0,4,0
Alumínio,Alumínio,2020-07-21,81,5,4,0
Alumínio,Alumínio,2020-07-22,80,-1,4,0
Alumínio,Alumínio,2020-07-23,81,1,4,0
Alumínio,Alumínio,2020-07-24,82,1,4,0
Alumínio,Alumínio,2020-07-25,83,1,4,0
Alumínio,Alumínio,2020-07-26,87,4,4,0
Alumínio,Alumínio,2020-07-27,87,0,4,0
Alumínio,Alumínio,2020-07-28,87,0,4,0
Alumínio,Alumínio,2020-07-29,94,7,4,0
Alumínio,Alumínio,2020-07-30,98,4,4,0
Alumínio,Alumínio,2020-07-31,98,0,4,0
Alumínio,Alumínio,2020-08-01,100,2,4,0
Alumínio,Alumínio,2020-08-02,99,-1,4,0
Alumínio,Alumínio,2020-08-03,100,1,4,0
Alumínio,Alumínio,2020-08-04,110,10,4,0
Alumínio,Alumínio,2020-08-05,111,1,4,0
Alumínio,Alumínio,2020-08-06,112,1,5,1
Alumínio,Alumínio,2020-08-07,112,0,5,0
Alumínio,Alumínio,2020-08-08,114,2,5,0
Alumínio,Alumínio,2020-08-09,116,2,5,0
Alumínio,Alumínio,2020-08-10,116,0,5,0
Alumínio,Alumínio,2020-08-11,115,-1,5,0
Alumínio,Alumínio,2020-08-12,118,3,5,0
Alumínio,Alumínio,2020-08-13,120,2,6,1
Alumínio,Alumínio,2020-08-14,122,2,6,0
Alumínio,Alumínio,2020-08-15,127,5,6,0
Alumínio,Alumínio,2020-08-16,127,0,6,0
Alumínio,Alumínio,2020-08-17,128,1,6,0
Alumínio,Alumínio,2020-08-18,129,1,6,0
Alumínio,Alumínio,2020-08-19,130,1,6,0
Alumínio,Alumínio,2020-08-20,131,1,6,0
Alumínio,Alumínio,2020-08-21,132,1,6,0
Alumínio,Alumínio,2020-08-22,133,1,6,0
Alumínio,Alumínio,2020-08-23,134,1,6,0
Alumínio,Alumínio,2020-08-24,136,2,6,0
Alumínio,Alumínio,2020-08-25,138,2,6,0
Alumínio,Alumínio,2020-08-26,138,0,6,0
Alumínio,Alumínio,2020-08-27,139,1,6,0
Alumínio,Alumínio,2020-08-28,146,7,6,0
Alumínio,Alumínio,2020-08-29,152,6,6,0
Alumínio,Alumínio,2020-08-30,152,0,6,0
Alumínio,Alumínio,2020-08-31,152,0,6,0
Alumínio,Alumínio,2020-09-01,152,0,6,0
Alumínio,Alumínio,2020-09-02,156,4,6,0
Alumínio,Alumínio,2020-09-03,158,2,6,0
Alumínio,Alumínio,2020-09-04,160,2,6,0
Alumínio,Alumínio,2020-09-05,168,8,6,0
Alumínio,Alumínio,2020-09-06,169,1,6,0
Alumínio,Alumínio,2020-09-07,169,0,6,0
Alumínio,Alumínio,2020-09-08,169,0,6,0
Alumínio,Alumínio,2020-09-09,175,6,6,0
Alumínio,Alumínio,2020-09-10,178,3,6,0
Alumínio,Alumínio,2020-09-11,183,5,6,0
Alumínio,Alumínio,2020-09-12,186,3,6,0
Alumínio,Alumínio,2020-09-13,186,0,6,0
Alumínio,Alumínio,2020-09-14,186,0,6,0
Alumínio,Alumínio,2020-09-15,192,6,6,0
Alumínio,Alumínio,2020-09-16,197,5,6,0
Alumínio,Alumínio,2020-09-17,199,2,6,0
Alumínio,Alumínio,2020-09-18,205,6,6,0
Alumínio,Alumínio,2020-09-19,210,5,6,0
Alumínio,Alumínio,2020-09-20,215,5,6,0
Alumínio,Alumínio,2020-09-21,216,1,6,0
Alumínio,Alumínio,2020-09-22,225,9,6,0
Alumínio,Alumínio,2020-09-23,231,6,6,0
Alumínio,Alumínio,2020-09-24,231,0,6,0
Alumínio,Alumínio,2020-09-25,233,2,6,0
Alumínio,Alumínio,2020-09-26,235,2,6,0
Alumínio,Alumínio,2020-09-27,235,0,6,0
Alumínio,Alumínio,2020-09-28,235,0,6,0
Alumínio,Alumínio,2020-09-29,239,4,6,0
Alumínio,Alumínio,2020-09-30,239,0,6,0
Alumínio,Alumínio,2020-10-01,245,6,6,0
Alumínio,Alumínio,2020-10-02,248,3,6,0
Alumínio,Alumínio,2020-10-03,250,2,6,0
Alumínio,Alumínio,2020-10-04,250,0,6,0
Alumínio,Alumínio,2020-10-05,252,2,6,0
Alumínio,Alumínio,2020-10-06,253,1,6,0
Alumínio,Alumínio,2020-10-07,254,1,8,2
Alumínio,Alumínio,2020-10-08,254,0,8,0
Alumínio,Alumínio,2020-10-09,254,0,8,0
Alumínio,Alumínio,2020-10-10,255,1,8,0
Alumínio,Alumínio,2020-10-11,255,0,8,0
Alumínio,Alumínio,2020-10-12,255,0,8,0
Alumínio,Alumínio,2020-10-13,258,3,8,0
Alumínio,Alumínio,2020-10-14,258,0,8,0
Alumínio,Alumínio,2020-10-15,262,4,8,0
Alumínio,Alumínio,2020-10-16,264,2,8,0
Alumínio,Alumínio,2020-10-17,267,3,8,0
Alumínio,Alumínio,2020-10-18,267,0,8,0
Alumínio,Alumínio,2020-10-19,267,0,8,0
Alumínio,Alumínio,2020-10-20,268,1,9,1
Alumínio,Alumínio,2020-10-21,271,3,9,0
Alumínio,Alumínio,2020-10-22,271,0,9,0
Alumínio,Alumínio,2020-10-23,272,1,9,0
Alumínio,Alumínio,2020-10-24,272,0,9,0
Alumínio,Alumínio,2020-10-25,272,0,9,0
Alumínio,Alumínio,2020-10-26,272,0,9,0
Alumínio,Alumínio,2020-10-27,272,0,9,0
Alumínio,Alumínio,2020-10-28,272,0,9,0
Alumínio,Alumínio,2020-10-29,272,0,9,0
Alumínio,Alumínio,2020-10-30,273,1,9,0
Alumínio,Alumínio,2020-10-31,273,0,9,0
Alumínio,Alumínio,2020-11-01,273,0,9,0
Alumínio,Alumínio,2020-11-02,273,0,9,0
Alumínio,Alumínio,2020-11-03,273,0,9,0
Alumínio,Alumínio,2020-11-04,272,-1,9,0
Alumínio,Alumínio,2020-11-05,273,1,9,0
Alumínio,Alumínio,2020-11-06,273,0,9,0
Alumínio,Alumínio,2020-11-07,273,0,9,0
Alumínio,Alumínio,2020-11-08,273,0,9,0
Alumínio,Alumínio,2020-11-09,273,0,9,0
Alumínio,Alumínio,2020-11-10,273,0,9,0
Alumínio,Alumínio,2020-11-11,277,4,9,0
Alumínio,Alumínio,2020-11-12,278,1,9,0
Alumínio,Alumínio,2020-11-13,280,2,9,0
Alumínio,Alumínio,2020-11-14,281,1,9,0
Alumínio,Alumínio,2020-11-15,281,0,9,0
Alumínio,Alumínio,2020-11-16,282,1,9,0
Alumínio,Alumínio,2020-11-17,283,1,9,0
Alumínio,Alumínio,2020-11-18,287,4,9,0
Alumínio,Alumínio,2020-11-19,289,2,9,0
Alumínio,Alumínio,2020-11-20,293,4,9,0
Alumínio,Alumínio,2020-11-21,294,1,9,0
Alumínio,Alumínio,2020-11-22,294,0,9,0
Alumínio,Alumínio,2020-11-23,297,3,9,0
Alumínio,Alumínio,2020-11-24,299,2,9,0
Alumínio,Alumínio,2020-11-25,310,11,9,0
Alumínio,Alumínio,2020-11-26,314,4,9,0
Alumínio,Alumínio,2020-11-27,315,1,9,0
Alumínio,Alumínio,2020-11-28,315,0,9,0
Alumínio,Alumínio,2020-11-29,315,0,9,0
Alumínio,Alumínio,2020-11-30,318,3,9,0
Alumínio,Alumínio,2020-12-01,321,3,9,0
Alumínio,Alumínio,2020-12-02,323,2,9,0
Alumínio,Alumínio,2020-12-03,324,1,10,1
Alumínio,Alumínio,2020-12-04,327,3,10,0
Alumínio,Alumínio,2020-12-05,330,3,10,0
Alumínio,Alumínio,2020-12-06,330,0,10,0
Alumínio,Alumínio,2020-12-07,330,0,10,0
Alumínio,Alumínio,2020-12-08,330,0,10,0
Alumínio,Alumínio,2020-12-09,345,15,10,0
Alumínio,Alumínio,2020-12-10,347,2,10,0
Alumínio,Alumínio,2020-12-11,350,3,10,0
Alumínio,Alumínio,2020-12-12,353,3,10,0
Alumínio,Alumínio,2020-12-13,353,0,10,0
Alumínio,Alumínio,2020-12-14,353,0,10,0
Alumínio,Alumínio,2020-12-15,362,9,10,0
Alumínio,Alumínio,2020-12-16,362,0,10,0
Alumínio,Alumínio,2020-12-17,368,6,10,0
Alumínio,Alumínio,2020-12-18,374,6,10,0
Alumínio,Alumínio,2020-12-19,378,4,11,1
Alumínio,Alumínio,2020-12-20,378,0,11,0
Alumínio,Alumínio,2020-12-21,378,0,11,0
Alumínio,Alumínio,2020-12-22,383,5,11,0
Alumínio,Alumínio,2020-12-23,386,3,11,0
Alumínio,Alumínio,2020-12-24,388,2,11,0
Alumínio,Alumínio,2020-12-25,392,4,11,0
Alumínio,Alumínio,2020-12-26,392,0,11,0
Alumínio,Alumínio,2020-12-27,393,1,13,2
Alumínio,Alumínio,2020-12-28,393,0,13,0
Alumínio,Alumínio,2020-12-29,406,13,13,0
Alumínio,Alumínio,2020-12-30,411,5,13,0
Alumínio,Alumínio,2020-12-31,420,9,13,0
Alumínio,Alumínio,2021-01-01,423,3,13,0
Alumínio,Alumínio,2021-01-02,423,0,13,0
Alumínio,Alumínio,2021-01-03,428,5,13,0
Alumínio,Alumínio,2021-01-04,428,0,13,0
Alumínio,Alumínio,2021-01-05,431,3,13,0
Alumínio,Alumínio,2021-01-06,451,20,13,0
Alumínio,Alumínio,2021-01-07,454,3,13,0
Alumínio,Alumínio,2021-01-08,468,14,13,0
Alumínio,Alumínio,2021-01-09,473,5,13,0
Alumínio,Alumínio,2021-01-10,477,4,13,0
Alumínio,Alumínio,2021-01-11,481,4,13,0
Alumínio,Alumínio,2021-01-12,487,6,13,0
Alumínio,Alumínio,2021-01-13,489,2,13,0
Alumínio,Alumínio,2021-01-14,497,8,13,0
Alumínio,Alumínio,2021-01-15,499,2,13,0
Alumínio,Alumínio,2021-01-16,502,3,13,0
Alumínio,Alumínio,2021-01-17,509,7,13,0
Alumínio,Alumínio,2021-01-18,509,0,13,0
Alumínio,Alumínio,2021-01-19,509,0,13,0
Alumínio,Alumínio,2021-01-20,512,3,13,0
Alumínio,Alumínio,2021-01-21,513,1,13,0
Alumínio,Alumínio,2021-01-22,514,1,13,0
Alumínio,Alumínio,2021-01-23,524,10,13,0
Alumínio,Alumínio,2021-01-24,525,1,13,0
Alumínio,Alumínio,2021-01-25,529,4,13,0
Alumínio,Alumínio,2021-01-26,532,3,13,0
Alumínio,Alumínio,2021-01-27,540,8,14,1
Alumínio,Alumínio,2021-01-28,551,11,17,3
Alumínio,Alumínio,2021-01-29,561,10,18,1
Alumínio,Alumínio,2021-01-30,564,3,18,0
Alumínio,Alumínio,2021-01-31,566,2,18,0
Alumínio,Alumínio,2021-02-01,569,3,18,0
Alumínio,Alumínio,2021-02-02,570,1,18,0
Alumínio,Alumínio,2021-02-03,571,1,18,0
Alumínio,Alumínio,2021-02-04,572,1,18,0
Alumínio,Alumínio,2021-02-05,573,1,19,1
Alumínio,Alumínio,2021-02-06,574,1,19,0
Alumínio,Alumínio,2021-02-07,574,0,20,1
Alumínio,Alumínio,2021-02-08,578,4,20,0
