city,city,date,cases,daily cases,deaths,daily deaths
Amaturá,Amaturá,2020-03-27,0,0,0,0
Amaturá,Amaturá,2020-03-28,0,0,0,0
Amaturá,Amaturá,2020-03-29,0,0,0,0
Amaturá,Amaturá,2020-03-30,0,0,0,0
Amaturá,Amaturá,2020-03-31,0,0,0,0
Amaturá,Amaturá,2020-04-01,0,0,0,0
Amaturá,Amaturá,2020-04-02,0,0,0,0
Amaturá,Amaturá,2020-04-03,0,0,0,0
Amaturá,Amaturá,2020-04-04,0,0,0,0
Amaturá,Amaturá,2020-04-05,0,0,0,0
Amaturá,Amaturá,2020-04-06,0,0,0,0
Amaturá,Amaturá,2020-04-07,0,0,0,0
Amaturá,Amaturá,2020-04-08,0,0,0,0
Amaturá,Amaturá,2020-04-09,0,0,0,0
Amaturá,Amaturá,2020-04-10,0,0,0,0
Amaturá,Amaturá,2020-04-11,0,0,0,0
Amaturá,Amaturá,2020-04-12,0,0,0,0
Amaturá,Amaturá,2020-04-13,0,0,0,0
Amaturá,Amaturá,2020-04-14,0,0,0,0
Amaturá,Amaturá,2020-04-15,0,0,0,0
Amaturá,Amaturá,2020-04-16,0,0,0,0
Amaturá,Amaturá,2020-04-17,0,0,0,0
Amaturá,Amaturá,2020-04-18,0,0,0,0
Amaturá,Amaturá,2020-04-19,0,0,0,0
Amaturá,Amaturá,2020-04-20,0,0,0,0
Amaturá,Amaturá,2020-04-21,0,0,0,0
Amaturá,Amaturá,2020-04-22,0,0,0,0
Amaturá,Amaturá,2020-04-23,0,0,0,0
Amaturá,Amaturá,2020-04-24,12,12,0,0
Amaturá,Amaturá,2020-04-25,14,2,0,0
Amaturá,Amaturá,2020-04-26,19,5,0,0
Amaturá,Amaturá,2020-04-27,19,0,0,0
Amaturá,Amaturá,2020-04-28,20,1,0,0
Amaturá,Amaturá,2020-04-29,25,5,0,0
Amaturá,Amaturá,2020-04-30,25,0,0,0
Amaturá,Amaturá,2020-05-01,25,0,0,0
Amaturá,Amaturá,2020-05-02,25,0,0,0
Amaturá,Amaturá,2020-05-03,25,0,1,1
Amaturá,Amaturá,2020-05-04,30,5,1,0
Amaturá,Amaturá,2020-05-05,35,5,1,0
Amaturá,Amaturá,2020-05-06,63,28,1,0
Amaturá,Amaturá,2020-05-07,65,2,1,0
Amaturá,Amaturá,2020-05-08,68,3,2,1
Amaturá,Amaturá,2020-05-09,87,19,2,0
Amaturá,Amaturá,2020-05-10,89,2,2,0
Amaturá,Amaturá,2020-05-11,98,9,3,1
Amaturá,Amaturá,2020-05-12,114,16,3,0
Amaturá,Amaturá,2020-05-13,133,19,3,0
Amaturá,Amaturá,2020-05-14,154,21,4,1
Amaturá,Amaturá,2020-05-15,163,9,4,0
Amaturá,Amaturá,2020-05-16,168,5,4,0
Amaturá,Amaturá,2020-05-17,170,2,4,0
Amaturá,Amaturá,2020-05-18,173,3,5,1
Amaturá,Amaturá,2020-05-19,174,1,5,0
Amaturá,Amaturá,2020-05-20,180,6,5,0
Amaturá,Amaturá,2020-05-21,183,3,6,1
Amaturá,Amaturá,2020-05-22,183,0,6,0
Amaturá,Amaturá,2020-05-23,195,12,6,0
Amaturá,Amaturá,2020-05-24,195,0,6,0
Amaturá,Amaturá,2020-05-25,195,0,6,0
Amaturá,Amaturá,2020-05-26,214,19,6,0
Amaturá,Amaturá,2020-05-27,231,17,6,0
Amaturá,Amaturá,2020-05-28,242,11,6,0
Amaturá,Amaturá,2020-05-29,273,31,6,0
Amaturá,Amaturá,2020-05-30,280,7,6,0
Amaturá,Amaturá,2020-05-31,300,20,6,0
Amaturá,Amaturá,2020-06-01,309,9,8,2
Amaturá,Amaturá,2020-06-02,317,8,8,0
Amaturá,Amaturá,2020-06-03,321,4,8,0
Amaturá,Amaturá,2020-06-04,326,5,8,0
Amaturá,Amaturá,2020-06-05,329,3,8,0
Amaturá,Amaturá,2020-06-06,331,2,8,0
Amaturá,Amaturá,2020-06-07,334,3,8,0
Amaturá,Amaturá,2020-06-08,334,0,8,0
Amaturá,Amaturá,2020-06-09,336,2,8,0
Amaturá,Amaturá,2020-06-10,342,6,8,0
Amaturá,Amaturá,2020-06-11,343,1,8,0
Amaturá,Amaturá,2020-06-12,344,1,8,0
Amaturá,Amaturá,2020-06-13,347,3,8,0
Amaturá,Amaturá,2020-06-14,351,4,8,0
Amaturá,Amaturá,2020-06-15,351,0,8,0
Amaturá,Amaturá,2020-06-16,357,6,8,0
Amaturá,Amaturá,2020-06-17,357,0,8,0
Amaturá,Amaturá,2020-06-18,360,3,8,0
Amaturá,Amaturá,2020-06-19,361,1,8,0
Amaturá,Amaturá,2020-06-20,362,1,8,0
Amaturá,Amaturá,2020-06-21,363,1,8,0
Amaturá,Amaturá,2020-06-22,363,0,8,0
Amaturá,Amaturá,2020-06-23,364,1,8,0
Amaturá,Amaturá,2020-06-24,370,6,8,0
Amaturá,Amaturá,2020-06-25,375,5,8,0
Amaturá,Amaturá,2020-06-26,388,13,8,0
Amaturá,Amaturá,2020-06-27,399,11,8,0
Amaturá,Amaturá,2020-06-28,409,10,8,0
Amaturá,Amaturá,2020-06-29,409,0,8,0
Amaturá,Amaturá,2020-06-30,415,6,8,0
Amaturá,Amaturá,2020-07-01,415,0,8,0
Amaturá,Amaturá,2020-07-02,429,14,8,0
Amaturá,Amaturá,2020-07-03,431,2,8,0
Amaturá,Amaturá,2020-07-04,441,10,8,0
Amaturá,Amaturá,2020-07-05,442,1,8,0
Amaturá,Amaturá,2020-07-06,442,0,8,0
Amaturá,Amaturá,2020-07-07,444,2,8,0
Amaturá,Amaturá,2020-07-08,448,4,8,0
Amaturá,Amaturá,2020-07-09,453,5,8,0
Amaturá,Amaturá,2020-07-10,456,3,8,0
Amaturá,Amaturá,2020-07-11,464,8,8,0
Amaturá,Amaturá,2020-07-12,464,0,8,0
Amaturá,Amaturá,2020-07-13,464,0,8,0
Amaturá,Amaturá,2020-07-14,468,4,8,0
Amaturá,Amaturá,2020-07-15,472,4,8,0
Amaturá,Amaturá,2020-07-16,474,2,8,0
Amaturá,Amaturá,2020-07-17,475,1,8,0
Amaturá,Amaturá,2020-07-18,480,5,8,0
Amaturá,Amaturá,2020-07-19,480,0,8,0
Amaturá,Amaturá,2020-07-20,480,0,8,0
Amaturá,Amaturá,2020-07-21,485,5,8,0
Amaturá,Amaturá,2020-07-22,488,3,8,0
Amaturá,Amaturá,2020-07-23,490,2,8,0
Amaturá,Amaturá,2020-07-24,491,1,8,0
Amaturá,Amaturá,2020-07-25,496,5,8,0
Amaturá,Amaturá,2020-07-26,497,1,8,0
Amaturá,Amaturá,2020-07-27,497,0,8,0
Amaturá,Amaturá,2020-07-28,500,3,8,0
Amaturá,Amaturá,2020-07-29,501,1,8,0
Amaturá,Amaturá,2020-07-30,506,5,8,0
Amaturá,Amaturá,2020-07-31,506,0,8,0
Amaturá,Amaturá,2020-08-01,508,2,8,0
Amaturá,Amaturá,2020-08-02,508,0,8,0
Amaturá,Amaturá,2020-08-03,508,0,8,0
Amaturá,Amaturá,2020-08-04,511,3,8,0
Amaturá,Amaturá,2020-08-05,511,0,8,0
Amaturá,Amaturá,2020-08-06,512,1,8,0
Amaturá,Amaturá,2020-08-07,512,0,8,0
Amaturá,Amaturá,2020-08-08,519,7,8,0
Amaturá,Amaturá,2020-08-09,519,0,8,0
Amaturá,Amaturá,2020-08-10,519,0,8,0
Amaturá,Amaturá,2020-08-11,534,15,8,0
Amaturá,Amaturá,2020-08-12,534,0,8,0
Amaturá,Amaturá,2020-08-13,546,12,8,0
Amaturá,Amaturá,2020-08-14,551,5,8,0
Amaturá,Amaturá,2020-08-15,559,8,8,0
Amaturá,Amaturá,2020-08-16,560,1,8,0
Amaturá,Amaturá,2020-08-17,560,0,8,0
Amaturá,Amaturá,2020-08-18,575,15,8,0
Amaturá,Amaturá,2020-08-19,583,8,8,0
Amaturá,Amaturá,2020-08-20,586,3,8,0
Amaturá,Amaturá,2020-08-21,588,2,9,1
Amaturá,Amaturá,2020-08-22,594,6,9,0
Amaturá,Amaturá,2020-08-23,595,1,9,0
Amaturá,Amaturá,2020-08-24,595,0,9,0
Amaturá,Amaturá,2020-08-25,601,6,9,0
Amaturá,Amaturá,2020-08-26,603,2,9,0
Amaturá,Amaturá,2020-08-27,603,0,9,0
Amaturá,Amaturá,2020-08-28,619,16,9,0
Amaturá,Amaturá,2020-08-29,631,12,9,0
Amaturá,Amaturá,2020-08-30,633,2,9,0
Amaturá,Amaturá,2020-08-31,634,1,9,0
Amaturá,Amaturá,2020-09-01,639,5,9,0
Amaturá,Amaturá,2020-09-02,642,3,9,0
Amaturá,Amaturá,2020-09-03,643,1,9,0
Amaturá,Amaturá,2020-09-04,652,9,9,0
Amaturá,Amaturá,2020-09-05,655,3,9,0
Amaturá,Amaturá,2020-09-06,655,0,9,0
Amaturá,Amaturá,2020-09-07,656,1,9,0
Amaturá,Amaturá,2020-09-08,657,1,9,0
Amaturá,Amaturá,2020-09-09,665,8,9,0
Amaturá,Amaturá,2020-09-10,669,4,9,0
Amaturá,Amaturá,2020-09-11,675,6,9,0
Amaturá,Amaturá,2020-09-12,675,0,9,0
Amaturá,Amaturá,2020-09-13,681,6,9,0
Amaturá,Amaturá,2020-09-14,681,0,9,0
Amaturá,Amaturá,2020-09-15,687,6,9,0
Amaturá,Amaturá,2020-09-16,687,0,9,0
Amaturá,Amaturá,2020-09-17,687,0,9,0
Amaturá,Amaturá,2020-09-18,690,3,10,1
Amaturá,Amaturá,2020-09-19,691,1,10,0
Amaturá,Amaturá,2020-09-20,691,0,10,0
Amaturá,Amaturá,2020-09-21,691,0,10,0
Amaturá,Amaturá,2020-09-22,695,4,10,0
Amaturá,Amaturá,2020-09-23,695,0,10,0
Amaturá,Amaturá,2020-09-24,698,3,10,0
Amaturá,Amaturá,2020-09-25,702,4,10,0
Amaturá,Amaturá,2020-09-26,705,3,10,0
Amaturá,Amaturá,2020-09-27,705,0,10,0
Amaturá,Amaturá,2020-09-28,705,0,10,0
Amaturá,Amaturá,2020-09-29,707,2,10,0
Amaturá,Amaturá,2020-09-30,710,3,10,0
Amaturá,Amaturá,2020-10-01,710,0,10,0
Amaturá,Amaturá,2020-10-02,713,3,10,0
Amaturá,Amaturá,2020-10-03,749,36,10,0
Amaturá,Amaturá,2020-10-04,775,26,10,0
Amaturá,Amaturá,2020-10-05,775,0,10,0
Amaturá,Amaturá,2020-10-06,776,1,10,0
Amaturá,Amaturá,2020-10-07,853,77,10,0
Amaturá,Amaturá,2020-10-08,863,10,10,0
Amaturá,Amaturá,2020-10-09,869,6,10,0
Amaturá,Amaturá,2020-10-10,902,33,10,0
Amaturá,Amaturá,2020-10-11,902,0,10,0
Amaturá,Amaturá,2020-10-12,902,0,10,0
Amaturá,Amaturá,2020-10-13,917,15,10,0
Amaturá,Amaturá,2020-10-14,919,2,10,0
Amaturá,Amaturá,2020-10-15,919,0,10,0
Amaturá,Amaturá,2020-10-16,921,2,10,0
Amaturá,Amaturá,2020-10-17,930,9,10,0
Amaturá,Amaturá,2020-10-18,930,0,10,0
Amaturá,Amaturá,2020-10-19,932,2,10,0
Amaturá,Amaturá,2020-10-20,942,10,10,0
Amaturá,Amaturá,2020-10-21,942,0,10,0
Amaturá,Amaturá,2020-10-22,945,3,10,0
Amaturá,Amaturá,2020-10-23,945,0,10,0
Amaturá,Amaturá,2020-10-24,948,3,10,0
Amaturá,Amaturá,2020-10-25,948,0,10,0
Amaturá,Amaturá,2020-10-26,948,0,10,0
Amaturá,Amaturá,2020-10-27,949,1,10,0
Amaturá,Amaturá,2020-10-28,949,0,10,0
Amaturá,Amaturá,2020-10-29,966,17,10,0
Amaturá,Amaturá,2020-10-30,966,0,10,0
Amaturá,Amaturá,2020-10-31,966,0,10,0
Amaturá,Amaturá,2020-11-01,966,0,10,0
Amaturá,Amaturá,2020-11-02,977,11,10,0
Amaturá,Amaturá,2020-11-03,977,0,10,0
Amaturá,Amaturá,2020-11-04,983,6,10,0
Amaturá,Amaturá,2020-11-05,985,2,10,0
Amaturá,Amaturá,2020-11-06,985,0,10,0
Amaturá,Amaturá,2020-11-07,990,5,10,0
Amaturá,Amaturá,2020-11-08,990,0,10,0
Amaturá,Amaturá,2020-11-09,990,0,10,0
Amaturá,Amaturá,2020-11-10,995,5,10,0
Amaturá,Amaturá,2020-11-11,1001,6,10,0
Amaturá,Amaturá,2020-11-12,1001,0,10,0
Amaturá,Amaturá,2020-11-13,1004,3,10,0
Amaturá,Amaturá,2020-11-14,1012,8,10,0
Amaturá,Amaturá,2020-11-15,1012,0,10,0
Amaturá,Amaturá,2020-11-16,1012,0,10,0
Amaturá,Amaturá,2020-11-17,1014,2,10,0
Amaturá,Amaturá,2020-11-18,1015,1,10,0
Amaturá,Amaturá,2020-11-19,1016,1,10,0
Amaturá,Amaturá,2020-11-20,1016,0,10,0
Amaturá,Amaturá,2020-11-21,1016,0,10,0
Amaturá,Amaturá,2020-11-22,1017,1,10,0
Amaturá,Amaturá,2020-11-23,1017,0,10,0
Amaturá,Amaturá,2020-11-24,1021,4,10,0
Amaturá,Amaturá,2020-11-25,1021,0,10,0
Amaturá,Amaturá,2020-11-26,1021,0,10,0
Amaturá,Amaturá,2020-11-27,1025,4,10,0
Amaturá,Amaturá,2020-11-28,1026,1,10,0
Amaturá,Amaturá,2020-11-29,1026,0,10,0
Amaturá,Amaturá,2020-11-30,1026,0,10,0
Amaturá,Amaturá,2020-12-01,1027,1,10,0
Amaturá,Amaturá,2020-12-02,1027,0,10,0
Amaturá,Amaturá,2020-12-03,1028,1,10,0
Amaturá,Amaturá,2020-12-04,1028,0,10,0
Amaturá,Amaturá,2020-12-05,1032,4,10,0
Amaturá,Amaturá,2020-12-06,1032,0,10,0
Amaturá,Amaturá,2020-12-07,1032,0,10,0
Amaturá,Amaturá,2020-12-08,1032,0,10,0
Amaturá,Amaturá,2020-12-09,1032,0,10,0
Amaturá,Amaturá,2020-12-10,1032,0,10,0
Amaturá,Amaturá,2020-12-11,1032,0,10,0
Amaturá,Amaturá,2020-12-12,1032,0,10,0
Amaturá,Amaturá,2020-12-13,1032,0,10,0
Amaturá,Amaturá,2020-12-14,1032,0,10,0
Amaturá,Amaturá,2020-12-15,1033,1,10,0
Amaturá,Amaturá,2020-12-16,1033,0,10,0
Amaturá,Amaturá,2020-12-17,1033,0,10,0
Amaturá,Amaturá,2020-12-18,1033,0,10,0
Amaturá,Amaturá,2020-12-19,1033,0,10,0
Amaturá,Amaturá,2020-12-20,1034,1,10,0
Amaturá,Amaturá,2020-12-21,1034,0,10,0
Amaturá,Amaturá,2020-12-22,1034,0,10,0
Amaturá,Amaturá,2020-12-23,1034,0,10,0
Amaturá,Amaturá,2020-12-24,1035,1,10,0
Amaturá,Amaturá,2020-12-25,1035,0,10,0
Amaturá,Amaturá,2020-12-26,1035,0,10,0
Amaturá,Amaturá,2020-12-27,1035,0,10,0
Amaturá,Amaturá,2020-12-28,1035,0,10,0
Amaturá,Amaturá,2020-12-29,1035,0,10,0
Amaturá,Amaturá,2020-12-30,1035,0,10,0
Amaturá,Amaturá,2020-12-31,1035,0,10,0
Amaturá,Amaturá,2021-01-01,1035,0,10,0
Amaturá,Amaturá,2021-01-02,1035,0,10,0
Amaturá,Amaturá,2021-01-03,1035,0,10,0
Amaturá,Amaturá,2021-01-04,1035,0,10,0
Amaturá,Amaturá,2021-01-05,1035,0,10,0
Amaturá,Amaturá,2021-01-06,1069,34,10,0
Amaturá,Amaturá,2021-01-07,1096,27,10,0
Amaturá,Amaturá,2021-01-08,1096,0,10,0
Amaturá,Amaturá,2021-01-09,1158,62,10,0
Amaturá,Amaturá,2021-01-10,1158,0,10,0
Amaturá,Amaturá,2021-01-11,1165,7,10,0
Amaturá,Amaturá,2021-01-12,1194,29,10,0
Amaturá,Amaturá,2021-01-13,1212,18,10,0
Amaturá,Amaturá,2021-01-14,1232,20,10,0
Amaturá,Amaturá,2021-01-15,1232,0,10,0
Amaturá,Amaturá,2021-01-16,1283,51,10,0
Amaturá,Amaturá,2021-01-17,1283,0,10,0
Amaturá,Amaturá,2021-01-18,1283,0,10,0
Amaturá,Amaturá,2021-01-19,1303,20,10,0
Amaturá,Amaturá,2021-01-20,1304,1,10,0
Amaturá,Amaturá,2021-01-21,1309,5,10,0
Amaturá,Amaturá,2021-01-22,1309,0,10,0
Amaturá,Amaturá,2021-01-23,1319,10,10,0
Amaturá,Amaturá,2021-01-24,1320,1,10,0
Amaturá,Amaturá,2021-01-25,1321,1,10,0
Amaturá,Amaturá,2021-01-26,1337,16,10,0
Amaturá,Amaturá,2021-01-27,1337,0,10,0
Amaturá,Amaturá,2021-01-28,1355,18,10,0
Amaturá,Amaturá,2021-01-29,1365,10,10,0
Amaturá,Amaturá,2021-01-30,1372,7,10,0
Amaturá,Amaturá,2021-01-31,1372,0,10,0
Amaturá,Amaturá,2021-02-01,1372,0,11,1
Amaturá,Amaturá,2021-02-02,1397,25,11,0
Amaturá,Amaturá,2021-02-03,1411,14,12,1
Amaturá,Amaturá,2021-02-04,1418,7,12,0
Amaturá,Amaturá,2021-02-05,1435,17,12,0
Amaturá,Amaturá,2021-02-06,1440,5,12,0
Amaturá,Amaturá,2021-02-07,1440,0,12,0
Amaturá,Amaturá,2021-02-08,1440,0,12,0
