city,city,date,cases,daily cases,deaths,daily deaths
Américo Brasiliense,Américo Brasiliense,2020-03-27,0,0,0,0
Américo Brasiliense,Américo Brasiliense,2020-03-28,0,0,0,0
Américo Brasiliense,Américo Brasiliense,2020-03-29,0,0,0,0
Américo Brasiliense,Américo Brasiliense,2020-03-30,0,0,0,0
Américo Brasiliense,Américo Brasiliense,2020-03-31,0,0,0,0
Américo Brasiliense,Américo Brasiliense,2020-04-01,0,0,0,0
Américo Brasiliense,Américo Brasiliense,2020-04-02,0,0,0,0
Américo Brasiliense,Américo Brasiliense,2020-04-03,0,0,0,0
Américo Brasiliense,Américo Brasiliense,2020-04-04,0,0,0,0
Américo Brasiliense,Américo Brasiliense,2020-04-05,0,0,0,0
Américo Brasiliense,Américo Brasiliense,2020-04-06,0,0,0,0
Américo Brasiliense,Américo Brasiliense,2020-04-07,0,0,0,0
Américo Brasiliense,Américo Brasiliense,2020-04-08,0,0,0,0
Américo Brasiliense,Américo Brasiliense,2020-04-09,0,0,0,0
Américo Brasiliense,Américo Brasiliense,2020-04-10,0,0,0,0
Américo Brasiliense,Américo Brasiliense,2020-04-11,1,1,0,0
Américo Brasiliense,Américo Brasiliense,2020-04-12,1,0,0,0
Américo Brasiliense,Américo Brasiliense,2020-04-13,1,0,0,0
Américo Brasiliense,Américo Brasiliense,2020-04-14,2,1,0,0
Américo Brasiliense,Américo Brasiliense,2020-04-15,3,1,0,0
Américo Brasiliense,Américo Brasiliense,2020-04-16,4,1,0,0
Américo Brasiliense,Américo Brasiliense,2020-04-17,5,1,0,0
Américo Brasiliense,Américo Brasiliense,2020-04-18,5,0,0,0
Américo Brasiliense,Américo Brasiliense,2020-04-19,5,0,0,0
Américo Brasiliense,Américo Brasiliense,2020-04-20,5,0,0,0
Américo Brasiliense,Américo Brasiliense,2020-04-21,5,0,0,0
Américo Brasiliense,Américo Brasiliense,2020-04-22,5,0,0,0
Américo Brasiliense,Américo Brasiliense,2020-04-23,5,0,0,0
Américo Brasiliense,Américo Brasiliense,2020-04-24,4,-1,0,0
Américo Brasiliense,Américo Brasiliense,2020-04-25,5,1,0,0
Américo Brasiliense,Américo Brasiliense,2020-04-26,5,0,0,0
Américo Brasiliense,Américo Brasiliense,2020-04-27,5,0,0,0
Américo Brasiliense,Américo Brasiliense,2020-04-28,5,0,0,0
Américo Brasiliense,Américo Brasiliense,2020-04-29,6,1,0,0
Américo Brasiliense,Américo Brasiliense,2020-04-30,7,1,0,0
Américo Brasiliense,Américo Brasiliense,2020-05-01,9,2,0,0
Américo Brasiliense,Américo Brasiliense,2020-05-02,9,0,0,0
Américo Brasiliense,Américo Brasiliense,2020-05-03,9,0,0,0
Américo Brasiliense,Américo Brasiliense,2020-05-04,9,0,0,0
Américo Brasiliense,Américo Brasiliense,2020-05-05,8,-1,0,0
Américo Brasiliense,Américo Brasiliense,2020-05-06,8,0,0,0
Américo Brasiliense,Américo Brasiliense,2020-05-07,11,3,0,0
Américo Brasiliense,Américo Brasiliense,2020-05-08,11,0,0,0
Américo Brasiliense,Américo Brasiliense,2020-05-09,12,1,0,0
Américo Brasiliense,Américo Brasiliense,2020-05-10,12,0,0,0
Américo Brasiliense,Américo Brasiliense,2020-05-11,14,2,0,0
Américo Brasiliense,Américo Brasiliense,2020-05-12,15,1,0,0
Américo Brasiliense,Américo Brasiliense,2020-05-13,17,2,0,0
Américo Brasiliense,Américo Brasiliense,2020-05-14,17,0,0,0
Américo Brasiliense,Américo Brasiliense,2020-05-15,18,1,0,0
Américo Brasiliense,Américo Brasiliense,2020-05-16,19,1,0,0
Américo Brasiliense,Américo Brasiliense,2020-05-17,20,1,0,0
Américo Brasiliense,Américo Brasiliense,2020-05-18,20,0,0,0
Américo Brasiliense,Américo Brasiliense,2020-05-19,20,0,0,0
Américo Brasiliense,Américo Brasiliense,2020-05-20,20,0,0,0
Américo Brasiliense,Américo Brasiliense,2020-05-21,24,4,0,0
Américo Brasiliense,Américo Brasiliense,2020-05-22,26,2,0,0
Américo Brasiliense,Américo Brasiliense,2020-05-23,27,1,0,0
Américo Brasiliense,Américo Brasiliense,2020-05-24,27,0,0,0
Américo Brasiliense,Américo Brasiliense,2020-05-25,27,0,0,0
Américo Brasiliense,Américo Brasiliense,2020-05-26,31,4,2,2
Américo Brasiliense,Américo Brasiliense,2020-05-27,35,4,2,0
Américo Brasiliense,Américo Brasiliense,2020-05-28,36,1,2,0
Américo Brasiliense,Américo Brasiliense,2020-05-29,37,1,2,0
Américo Brasiliense,Américo Brasiliense,2020-05-30,40,3,2,0
Américo Brasiliense,Américo Brasiliense,2020-05-31,40,0,2,0
Américo Brasiliense,Américo Brasiliense,2020-06-01,40,0,2,0
Américo Brasiliense,Américo Brasiliense,2020-06-02,41,1,2,0
Américo Brasiliense,Américo Brasiliense,2020-06-03,44,3,2,0
Américo Brasiliense,Américo Brasiliense,2020-06-04,49,5,2,0
Américo Brasiliense,Américo Brasiliense,2020-06-05,49,0,2,0
Américo Brasiliense,Américo Brasiliense,2020-06-06,50,1,2,0
Américo Brasiliense,Américo Brasiliense,2020-06-07,52,2,2,0
Américo Brasiliense,Américo Brasiliense,2020-06-08,53,1,2,0
Américo Brasiliense,Américo Brasiliense,2020-06-09,53,0,2,0
Américo Brasiliense,Américo Brasiliense,2020-06-10,58,5,2,0
Américo Brasiliense,Américo Brasiliense,2020-06-11,65,7,2,0
Américo Brasiliense,Américo Brasiliense,2020-06-12,69,4,2,0
Américo Brasiliense,Américo Brasiliense,2020-06-13,72,3,2,0
Américo Brasiliense,Américo Brasiliense,2020-06-14,74,2,2,0
Américo Brasiliense,Américo Brasiliense,2020-06-15,74,0,2,0
Américo Brasiliense,Américo Brasiliense,2020-06-16,78,4,2,0
Américo Brasiliense,Américo Brasiliense,2020-06-17,78,0,2,0
Américo Brasiliense,Américo Brasiliense,2020-06-18,78,0,2,0
Américo Brasiliense,Américo Brasiliense,2020-06-19,87,9,2,0
Américo Brasiliense,Américo Brasiliense,2020-06-20,93,6,2,0
Américo Brasiliense,Américo Brasiliense,2020-06-21,95,2,2,0
Américo Brasiliense,Américo Brasiliense,2020-06-22,98,3,2,0
Américo Brasiliense,Américo Brasiliense,2020-06-23,99,1,2,0
Américo Brasiliense,Américo Brasiliense,2020-06-24,99,0,2,0
Américo Brasiliense,Américo Brasiliense,2020-06-25,109,10,2,0
Américo Brasiliense,Américo Brasiliense,2020-06-26,113,4,2,0
Américo Brasiliense,Américo Brasiliense,2020-06-27,118,5,2,0
Américo Brasiliense,Américo Brasiliense,2020-06-28,120,2,2,0
Américo Brasiliense,Américo Brasiliense,2020-06-29,120,0,2,0
Américo Brasiliense,Américo Brasiliense,2020-06-30,121,1,2,0
Américo Brasiliense,Américo Brasiliense,2020-07-01,133,12,2,0
Américo Brasiliense,Américo Brasiliense,2020-07-02,139,6,2,0
Américo Brasiliense,Américo Brasiliense,2020-07-03,138,-1,2,0
Américo Brasiliense,Américo Brasiliense,2020-07-04,144,6,2,0
Américo Brasiliense,Américo Brasiliense,2020-07-05,147,3,2,0
Américo Brasiliense,Américo Brasiliense,2020-07-06,149,2,2,0
Américo Brasiliense,Américo Brasiliense,2020-07-07,152,3,2,0
Américo Brasiliense,Américo Brasiliense,2020-07-08,157,5,2,0
Américo Brasiliense,Américo Brasiliense,2020-07-09,159,2,2,0
Américo Brasiliense,Américo Brasiliense,2020-07-10,164,5,2,0
Américo Brasiliense,Américo Brasiliense,2020-07-11,165,1,2,0
Américo Brasiliense,Américo Brasiliense,2020-07-12,168,3,2,0
Américo Brasiliense,Américo Brasiliense,2020-07-13,168,0,2,0
Américo Brasiliense,Américo Brasiliense,2020-07-14,171,3,2,0
Américo Brasiliense,Américo Brasiliense,2020-07-15,175,4,2,0
Américo Brasiliense,Américo Brasiliense,2020-07-16,178,3,2,0
Américo Brasiliense,Américo Brasiliense,2020-07-17,178,0,2,0
Américo Brasiliense,Américo Brasiliense,2020-07-18,177,-1,2,0
Américo Brasiliense,Américo Brasiliense,2020-07-19,180,3,2,0
Américo Brasiliense,Américo Brasiliense,2020-07-20,180,0,2,0
Américo Brasiliense,Américo Brasiliense,2020-07-21,181,1,2,0
Américo Brasiliense,Américo Brasiliense,2020-07-22,192,11,2,0
Américo Brasiliense,Américo Brasiliense,2020-07-23,201,9,2,0
Américo Brasiliense,Américo Brasiliense,2020-07-24,203,2,2,0
Américo Brasiliense,Américo Brasiliense,2020-07-25,208,5,2,0
Américo Brasiliense,Américo Brasiliense,2020-07-26,211,3,2,0
Américo Brasiliense,Américo Brasiliense,2020-07-27,211,0,2,0
Américo Brasiliense,Américo Brasiliense,2020-07-28,211,0,2,0
Américo Brasiliense,Américo Brasiliense,2020-07-29,227,16,3,1
Américo Brasiliense,Américo Brasiliense,2020-07-30,227,0,3,0
Américo Brasiliense,Américo Brasiliense,2020-07-31,233,6,3,0
Américo Brasiliense,Américo Brasiliense,2020-08-01,234,1,3,0
Américo Brasiliense,Américo Brasiliense,2020-08-02,238,4,3,0
Américo Brasiliense,Américo Brasiliense,2020-08-03,240,2,3,0
Américo Brasiliense,Américo Brasiliense,2020-08-04,251,11,3,0
Américo Brasiliense,Américo Brasiliense,2020-08-05,252,1,3,0
Américo Brasiliense,Américo Brasiliense,2020-08-06,263,11,3,0
Américo Brasiliense,Américo Brasiliense,2020-08-07,270,7,3,0
Américo Brasiliense,Américo Brasiliense,2020-08-08,290,20,3,0
Américo Brasiliense,Américo Brasiliense,2020-08-09,292,2,3,0
Américo Brasiliense,Américo Brasiliense,2020-08-10,292,0,3,0
Américo Brasiliense,Américo Brasiliense,2020-08-11,295,3,3,0
Américo Brasiliense,Américo Brasiliense,2020-08-12,298,3,3,0
Américo Brasiliense,Américo Brasiliense,2020-08-13,302,4,4,1
Américo Brasiliense,Américo Brasiliense,2020-08-14,323,21,4,0
Américo Brasiliense,Américo Brasiliense,2020-08-15,339,16,4,0
Américo Brasiliense,Américo Brasiliense,2020-08-16,340,1,4,0
Américo Brasiliense,Américo Brasiliense,2020-08-17,344,4,4,0
Américo Brasiliense,Américo Brasiliense,2020-08-18,344,0,4,0
Américo Brasiliense,Américo Brasiliense,2020-08-19,355,11,4,0
Américo Brasiliense,Américo Brasiliense,2020-08-20,364,9,4,0
Américo Brasiliense,Américo Brasiliense,2020-08-21,367,3,4,0
Américo Brasiliense,Américo Brasiliense,2020-08-22,382,15,4,0
Américo Brasiliense,Américo Brasiliense,2020-08-23,385,3,4,0
Américo Brasiliense,Américo Brasiliense,2020-08-24,385,0,4,0
Américo Brasiliense,Américo Brasiliense,2020-08-25,386,1,4,0
Américo Brasiliense,Américo Brasiliense,2020-08-26,398,12,4,0
Américo Brasiliense,Américo Brasiliense,2020-08-27,409,11,4,0
Américo Brasiliense,Américo Brasiliense,2020-08-28,414,5,4,0
Américo Brasiliense,Américo Brasiliense,2020-08-29,415,1,4,0
Américo Brasiliense,Américo Brasiliense,2020-08-30,415,0,4,0
Américo Brasiliense,Américo Brasiliense,2020-08-31,420,5,4,0
Américo Brasiliense,Américo Brasiliense,2020-09-01,422,2,5,1
Américo Brasiliense,Américo Brasiliense,2020-09-02,424,2,6,1
Américo Brasiliense,Américo Brasiliense,2020-09-03,434,10,7,1
Américo Brasiliense,Américo Brasiliense,2020-09-04,436,2,7,0
Américo Brasiliense,Américo Brasiliense,2020-09-05,440,4,7,0
Américo Brasiliense,Américo Brasiliense,2020-09-06,441,1,7,0
Américo Brasiliense,Américo Brasiliense,2020-09-07,441,0,7,0
Américo Brasiliense,Américo Brasiliense,2020-09-08,443,2,7,0
Américo Brasiliense,Américo Brasiliense,2020-09-09,449,6,8,1
Américo Brasiliense,Américo Brasiliense,2020-09-10,456,7,8,0
Américo Brasiliense,Américo Brasiliense,2020-09-11,471,15,9,1
Américo Brasiliense,Américo Brasiliense,2020-09-12,489,18,10,1
Américo Brasiliense,Américo Brasiliense,2020-09-13,493,4,10,0
Américo Brasiliense,Américo Brasiliense,2020-09-14,496,3,10,0
Américo Brasiliense,Américo Brasiliense,2020-09-15,498,2,11,1
Américo Brasiliense,Américo Brasiliense,2020-09-16,510,12,10,-1
Américo Brasiliense,Américo Brasiliense,2020-09-17,515,5,10,0
Américo Brasiliense,Américo Brasiliense,2020-09-18,526,11,10,0
Américo Brasiliense,Américo Brasiliense,2020-09-19,540,14,10,0
Américo Brasiliense,Américo Brasiliense,2020-09-20,544,4,10,0
Américo Brasiliense,Américo Brasiliense,2020-09-21,543,-1,10,0
Américo Brasiliense,Américo Brasiliense,2020-09-22,547,4,10,0
Américo Brasiliense,Américo Brasiliense,2020-09-23,558,11,10,0
Américo Brasiliense,Américo Brasiliense,2020-09-24,563,5,11,1
Américo Brasiliense,Américo Brasiliense,2020-09-25,568,5,11,0
Américo Brasiliense,Américo Brasiliense,2020-09-26,575,7,11,0
Américo Brasiliense,Américo Brasiliense,2020-09-27,575,0,11,0
Américo Brasiliense,Américo Brasiliense,2020-09-28,576,1,11,0
Américo Brasiliense,Américo Brasiliense,2020-09-29,589,13,11,0
Américo Brasiliense,Américo Brasiliense,2020-09-30,592,3,11,0
Américo Brasiliense,Américo Brasiliense,2020-10-01,599,7,11,0
Américo Brasiliense,Américo Brasiliense,2020-10-02,606,7,11,0
Américo Brasiliense,Américo Brasiliense,2020-10-03,622,16,11,0
Américo Brasiliense,Américo Brasiliense,2020-10-04,622,0,11,0
Américo Brasiliense,Américo Brasiliense,2020-10-05,622,0,11,0
Américo Brasiliense,Américo Brasiliense,2020-10-06,624,2,12,1
Américo Brasiliense,Américo Brasiliense,2020-10-07,635,11,12,0
Américo Brasiliense,Américo Brasiliense,2020-10-08,639,4,12,0
Américo Brasiliense,Américo Brasiliense,2020-10-09,645,6,12,0
Américo Brasiliense,Américo Brasiliense,2020-10-10,649,4,12,0
Américo Brasiliense,Américo Brasiliense,2020-10-11,650,1,12,0
Américo Brasiliense,Américo Brasiliense,2020-10-12,651,1,12,0
Américo Brasiliense,Américo Brasiliense,2020-10-13,651,0,12,0
Américo Brasiliense,Américo Brasiliense,2020-10-14,664,13,12,0
Américo Brasiliense,Américo Brasiliense,2020-10-15,675,11,12,0
Américo Brasiliense,Américo Brasiliense,2020-10-16,677,2,12,0
Américo Brasiliense,Américo Brasiliense,2020-10-17,680,3,12,0
Américo Brasiliense,Américo Brasiliense,2020-10-18,680,0,12,0
Américo Brasiliense,Américo Brasiliense,2020-10-19,680,0,12,0
Américo Brasiliense,Américo Brasiliense,2020-10-20,682,2,13,1
Américo Brasiliense,Américo Brasiliense,2020-10-21,694,12,13,0
Américo Brasiliense,Américo Brasiliense,2020-10-22,697,3,13,0
Américo Brasiliense,Américo Brasiliense,2020-10-23,703,6,13,0
Américo Brasiliense,Américo Brasiliense,2020-10-24,707,4,13,0
Américo Brasiliense,Américo Brasiliense,2020-10-25,709,2,13,0
Américo Brasiliense,Américo Brasiliense,2020-10-26,710,1,13,0
Américo Brasiliense,Américo Brasiliense,2020-10-27,714,4,14,1
Américo Brasiliense,Américo Brasiliense,2020-10-28,720,6,14,0
Américo Brasiliense,Américo Brasiliense,2020-10-29,741,21,14,0
Américo Brasiliense,Américo Brasiliense,2020-10-30,743,2,14,0
Américo Brasiliense,Américo Brasiliense,2020-10-31,748,5,14,0
Américo Brasiliense,Américo Brasiliense,2020-11-01,748,0,14,0
Américo Brasiliense,Américo Brasiliense,2020-11-02,749,1,14,0
Américo Brasiliense,Américo Brasiliense,2020-11-03,750,1,14,0
Américo Brasiliense,Américo Brasiliense,2020-11-04,758,8,14,0
Américo Brasiliense,Américo Brasiliense,2020-11-05,759,1,14,0
Américo Brasiliense,Américo Brasiliense,2020-11-06,759,0,14,0
Américo Brasiliense,Américo Brasiliense,2020-11-07,759,0,14,0
Américo Brasiliense,Américo Brasiliense,2020-11-08,759,0,14,0
Américo Brasiliense,Américo Brasiliense,2020-11-09,759,0,14,0
Américo Brasiliense,Américo Brasiliense,2020-11-10,759,0,14,0
Américo Brasiliense,Américo Brasiliense,2020-11-11,799,40,14,0
Américo Brasiliense,Américo Brasiliense,2020-11-12,815,16,14,0
Américo Brasiliense,Américo Brasiliense,2020-11-13,825,10,14,0
Américo Brasiliense,Américo Brasiliense,2020-11-14,834,9,14,0
Américo Brasiliense,Américo Brasiliense,2020-11-15,834,0,14,0
Américo Brasiliense,Américo Brasiliense,2020-11-16,834,0,14,0
Américo Brasiliense,Américo Brasiliense,2020-11-17,835,1,14,0
Américo Brasiliense,Américo Brasiliense,2020-11-18,846,11,14,0
Américo Brasiliense,Américo Brasiliense,2020-11-19,849,3,14,0
Américo Brasiliense,Américo Brasiliense,2020-11-20,851,2,15,1
Américo Brasiliense,Américo Brasiliense,2020-11-21,852,1,15,0
Américo Brasiliense,Américo Brasiliense,2020-11-22,853,1,15,0
Américo Brasiliense,Américo Brasiliense,2020-11-23,853,0,15,0
Américo Brasiliense,Américo Brasiliense,2020-11-24,860,7,15,0
Américo Brasiliense,Américo Brasiliense,2020-11-25,863,3,15,0
Américo Brasiliense,Américo Brasiliense,2020-11-26,872,9,15,0
Américo Brasiliense,Américo Brasiliense,2020-11-27,873,1,15,0
Américo Brasiliense,Américo Brasiliense,2020-11-28,882,9,15,0
Américo Brasiliense,Américo Brasiliense,2020-11-29,883,1,15,0
Américo Brasiliense,Américo Brasiliense,2020-11-30,883,0,15,0
Américo Brasiliense,Américo Brasiliense,2020-12-01,889,6,15,0
Américo Brasiliense,Américo Brasiliense,2020-12-02,894,5,15,0
Américo Brasiliense,Américo Brasiliense,2020-12-03,898,4,15,0
Américo Brasiliense,Américo Brasiliense,2020-12-04,914,16,15,0
Américo Brasiliense,Américo Brasiliense,2020-12-05,925,11,15,0
Américo Brasiliense,Américo Brasiliense,2020-12-06,926,1,15,0
Américo Brasiliense,Américo Brasiliense,2020-12-07,926,0,15,0
Américo Brasiliense,Américo Brasiliense,2020-12-08,932,6,15,0
Américo Brasiliense,Américo Brasiliense,2020-12-09,940,8,15,0
Américo Brasiliense,Américo Brasiliense,2020-12-10,940,0,15,0
Américo Brasiliense,Américo Brasiliense,2020-12-11,950,10,15,0
Américo Brasiliense,Américo Brasiliense,2020-12-12,959,9,15,0
Américo Brasiliense,Américo Brasiliense,2020-12-13,959,0,15,0
Américo Brasiliense,Américo Brasiliense,2020-12-14,959,0,15,0
Américo Brasiliense,Américo Brasiliense,2020-12-15,961,2,15,0
Américo Brasiliense,Américo Brasiliense,2020-12-16,961,0,15,0
Américo Brasiliense,Américo Brasiliense,2020-12-17,974,13,16,1
Américo Brasiliense,Américo Brasiliense,2020-12-18,978,4,16,0
Américo Brasiliense,Américo Brasiliense,2020-12-19,991,13,16,0
Américo Brasiliense,Américo Brasiliense,2020-12-20,991,0,16,0
Américo Brasiliense,Américo Brasiliense,2020-12-21,991,0,16,0
Américo Brasiliense,Américo Brasiliense,2020-12-22,1001,10,16,0
Américo Brasiliense,Américo Brasiliense,2020-12-23,1015,14,16,0
Américo Brasiliense,Américo Brasiliense,2020-12-24,1020,5,17,1
Américo Brasiliense,Américo Brasiliense,2020-12-25,1026,6,18,1
Américo Brasiliense,Américo Brasiliense,2020-12-26,1026,0,18,0
Américo Brasiliense,Américo Brasiliense,2020-12-27,1032,6,18,0
Américo Brasiliense,Américo Brasiliense,2020-12-28,1033,1,18,0
Américo Brasiliense,Américo Brasiliense,2020-12-29,1035,2,18,0
Américo Brasiliense,Américo Brasiliense,2020-12-30,1046,11,18,0
Américo Brasiliense,Américo Brasiliense,2020-12-31,1052,6,18,0
Américo Brasiliense,Américo Brasiliense,2021-01-01,1060,8,18,0
Américo Brasiliense,Américo Brasiliense,2021-01-02,1060,0,18,0
Américo Brasiliense,Américo Brasiliense,2021-01-03,1068,8,18,0
Américo Brasiliense,Américo Brasiliense,2021-01-04,1071,3,18,0
Américo Brasiliense,Américo Brasiliense,2021-01-05,1075,4,18,0
Américo Brasiliense,Américo Brasiliense,2021-01-06,1087,12,18,0
Américo Brasiliense,Américo Brasiliense,2021-01-07,1103,16,18,0
Américo Brasiliense,Américo Brasiliense,2021-01-08,1114,11,18,0
Américo Brasiliense,Américo Brasiliense,2021-01-09,1121,7,18,0
Américo Brasiliense,Américo Brasiliense,2021-01-10,1122,1,18,0
Américo Brasiliense,Américo Brasiliense,2021-01-11,1124,2,18,0
Américo Brasiliense,Américo Brasiliense,2021-01-12,1138,14,19,1
Américo Brasiliense,Américo Brasiliense,2021-01-13,1152,14,19,0
Américo Brasiliense,Américo Brasiliense,2021-01-14,1184,32,20,1
Américo Brasiliense,Américo Brasiliense,2021-01-15,1190,6,20,0
Américo Brasiliense,Américo Brasiliense,2021-01-16,1214,24,20,0
Américo Brasiliense,Américo Brasiliense,2021-01-17,1215,1,20,0
Américo Brasiliense,Américo Brasiliense,2021-01-18,1235,20,20,0
Américo Brasiliense,Américo Brasiliense,2021-01-19,1251,16,22,2
Américo Brasiliense,Américo Brasiliense,2021-01-20,1267,16,22,0
Américo Brasiliense,Américo Brasiliense,2021-01-21,1278,11,22,0
Américo Brasiliense,Américo Brasiliense,2021-01-22,1291,13,22,0
Américo Brasiliense,Américo Brasiliense,2021-01-23,1302,11,22,0
Américo Brasiliense,Américo Brasiliense,2021-01-24,1305,3,22,0
Américo Brasiliense,Américo Brasiliense,2021-01-25,1305,0,22,0
Américo Brasiliense,Américo Brasiliense,2021-01-26,1317,12,22,0
Américo Brasiliense,Américo Brasiliense,2021-01-27,1363,46,22,0
Américo Brasiliense,Américo Brasiliense,2021-01-28,1385,22,22,0
Américo Brasiliense,Américo Brasiliense,2021-01-29,1417,32,22,0
Américo Brasiliense,Américo Brasiliense,2021-01-30,1451,34,22,0
Américo Brasiliense,Américo Brasiliense,2021-01-31,1452,1,22,0
Américo Brasiliense,Américo Brasiliense,2021-02-01,1452,0,22,0
Américo Brasiliense,Américo Brasiliense,2021-02-02,1480,28,24,2
Américo Brasiliense,Américo Brasiliense,2021-02-03,1511,31,24,0
Américo Brasiliense,Américo Brasiliense,2021-02-04,1538,27,24,0
Américo Brasiliense,Américo Brasiliense,2021-02-05,1565,27,27,3
Américo Brasiliense,Américo Brasiliense,2021-02-06,1612,47,29,2
Américo Brasiliense,Américo Brasiliense,2021-02-07,1616,4,30,1
Américo Brasiliense,Américo Brasiliense,2021-02-08,1616,0,30,0
