city,city,date,cases,daily cases,deaths,daily deaths
Anchieta,Anchieta,2020-03-27,0,0,0,0
Anchieta,Anchieta,2020-03-28,0,0,0,0
Anchieta,Anchieta,2020-03-29,0,0,0,0
Anchieta,Anchieta,2020-03-30,0,0,0,0
Anchieta,Anchieta,2020-03-31,0,0,0,0
Anchieta,Anchieta,2020-04-01,0,0,0,0
Anchieta,Anchieta,2020-04-02,0,0,0,0
Anchieta,Anchieta,2020-04-03,0,0,0,0
Anchieta,Anchieta,2020-04-04,0,0,0,0
Anchieta,Anchieta,2020-04-05,0,0,0,0
Anchieta,Anchieta,2020-04-06,0,0,0,0
Anchieta,Anchieta,2020-04-07,0,0,0,0
Anchieta,Anchieta,2020-04-08,0,0,0,0
Anchieta,Anchieta,2020-04-09,0,0,0,0
Anchieta,Anchieta,2020-04-10,0,0,0,0
Anchieta,Anchieta,2020-04-11,0,0,0,0
Anchieta,Anchieta,2020-04-12,0,0,0,0
Anchieta,Anchieta,2020-04-13,0,0,0,0
Anchieta,Anchieta,2020-04-14,0,0,0,0
Anchieta,Anchieta,2020-04-15,0,0,0,0
Anchieta,Anchieta,2020-04-16,0,0,0,0
Anchieta,Anchieta,2020-04-17,5,5,0,0
Anchieta,Anchieta,2020-04-18,5,0,0,0
Anchieta,Anchieta,2020-04-19,7,2,0,0
Anchieta,Anchieta,2020-04-20,7,0,0,0
Anchieta,Anchieta,2020-04-21,7,0,0,0
Anchieta,Anchieta,2020-04-22,7,0,0,0
Anchieta,Anchieta,2020-04-23,7,0,0,0
Anchieta,Anchieta,2020-04-24,7,0,0,0
Anchieta,Anchieta,2020-04-25,7,0,0,0
Anchieta,Anchieta,2020-04-26,7,0,0,0
Anchieta,Anchieta,2020-04-27,7,0,0,0
Anchieta,Anchieta,2020-04-28,7,0,0,0
Anchieta,Anchieta,2020-04-29,8,1,0,0
Anchieta,Anchieta,2020-04-30,10,2,0,0
Anchieta,Anchieta,2020-05-01,10,0,0,0
Anchieta,Anchieta,2020-05-02,10,0,0,0
Anchieta,Anchieta,2020-05-03,10,0,0,0
Anchieta,Anchieta,2020-05-04,11,1,0,0
Anchieta,Anchieta,2020-05-05,12,1,0,0
Anchieta,Anchieta,2020-05-06,14,2,0,0
Anchieta,Anchieta,2020-05-07,20,6,0,0
Anchieta,Anchieta,2020-05-08,23,3,0,0
Anchieta,Anchieta,2020-05-09,23,0,0,0
Anchieta,Anchieta,2020-05-10,23,0,0,0
Anchieta,Anchieta,2020-05-11,27,4,0,0
Anchieta,Anchieta,2020-05-12,29,2,0,0
Anchieta,Anchieta,2020-05-13,30,1,0,0
Anchieta,Anchieta,2020-05-14,35,5,0,0
Anchieta,Anchieta,2020-05-15,37,2,0,0
Anchieta,Anchieta,2020-05-16,37,0,0,0
Anchieta,Anchieta,2020-05-17,39,2,0,0
Anchieta,Anchieta,2020-05-18,41,2,0,0
Anchieta,Anchieta,2020-05-19,43,2,0,0
Anchieta,Anchieta,2020-05-20,44,1,0,0
Anchieta,Anchieta,2020-05-21,50,6,0,0
Anchieta,Anchieta,2020-05-22,53,3,0,0
Anchieta,Anchieta,2020-05-23,56,3,0,0
Anchieta,Anchieta,2020-05-24,57,1,1,1
Anchieta,Anchieta,2020-05-25,58,1,1,0
Anchieta,Anchieta,2020-05-26,62,4,1,0
Anchieta,Anchieta,2020-05-27,65,3,1,0
Anchieta,Anchieta,2020-05-28,93,28,1,0
Anchieta,Anchieta,2020-05-29,121,28,1,0
Anchieta,Anchieta,2020-05-30,152,31,1,0
Anchieta,Anchieta,2020-05-31,155,3,1,0
Anchieta,Anchieta,2020-06-01,158,3,1,0
Anchieta,Anchieta,2020-06-02,166,8,2,1
Anchieta,Anchieta,2020-06-03,175,9,2,0
Anchieta,Anchieta,2020-06-04,184,9,3,1
Anchieta,Anchieta,2020-06-05,192,8,3,0
Anchieta,Anchieta,2020-06-06,193,1,3,0
Anchieta,Anchieta,2020-06-07,194,1,3,0
Anchieta,Anchieta,2020-06-08,202,8,3,0
Anchieta,Anchieta,2020-06-09,204,2,3,0
Anchieta,Anchieta,2020-06-10,205,1,3,0
Anchieta,Anchieta,2020-06-11,210,5,3,0
Anchieta,Anchieta,2020-06-12,215,5,4,1
Anchieta,Anchieta,2020-06-13,218,3,4,0
Anchieta,Anchieta,2020-06-14,219,1,4,0
Anchieta,Anchieta,2020-06-15,221,2,4,0
Anchieta,Anchieta,2020-06-16,230,9,4,0
Anchieta,Anchieta,2020-06-17,234,4,4,0
Anchieta,Anchieta,2020-06-18,236,2,4,0
Anchieta,Anchieta,2020-06-19,247,11,4,0
Anchieta,Anchieta,2020-06-20,250,3,4,0
Anchieta,Anchieta,2020-06-21,253,3,5,1
Anchieta,Anchieta,2020-06-22,258,5,5,0
Anchieta,Anchieta,2020-06-23,262,4,5,0
Anchieta,Anchieta,2020-06-24,286,24,6,1
Anchieta,Anchieta,2020-06-25,293,7,6,0
Anchieta,Anchieta,2020-06-26,298,5,6,0
Anchieta,Anchieta,2020-06-27,298,0,6,0
Anchieta,Anchieta,2020-06-28,315,17,6,0
Anchieta,Anchieta,2020-06-29,320,5,7,1
Anchieta,Anchieta,2020-06-30,328,8,8,1
Anchieta,Anchieta,2020-07-01,344,16,9,1
Anchieta,Anchieta,2020-07-02,353,9,10,1
Anchieta,Anchieta,2020-07-03,357,4,10,0
Anchieta,Anchieta,2020-07-04,364,7,10,0
Anchieta,Anchieta,2020-07-05,367,3,10,0
Anchieta,Anchieta,2020-07-06,374,7,10,0
Anchieta,Anchieta,2020-07-07,382,8,11,1
Anchieta,Anchieta,2020-07-08,386,4,11,0
Anchieta,Anchieta,2020-07-09,390,4,11,0
Anchieta,Anchieta,2020-07-10,392,2,11,0
Anchieta,Anchieta,2020-07-11,396,4,12,1
Anchieta,Anchieta,2020-07-12,398,2,12,0
Anchieta,Anchieta,2020-07-13,409,11,12,0
Anchieta,Anchieta,2020-07-14,421,12,13,1
Anchieta,Anchieta,2020-07-15,429,8,14,1
Anchieta,Anchieta,2020-07-16,441,12,14,0
Anchieta,Anchieta,2020-07-17,454,13,14,0
Anchieta,Anchieta,2020-07-18,457,3,14,0
Anchieta,Anchieta,2020-07-19,463,6,14,0
Anchieta,Anchieta,2020-07-20,481,18,14,0
Anchieta,Anchieta,2020-07-21,501,20,14,0
Anchieta,Anchieta,2020-07-22,516,15,14,0
Anchieta,Anchieta,2020-07-23,532,16,14,0
Anchieta,Anchieta,2020-07-24,547,15,15,1
Anchieta,Anchieta,2020-07-25,552,5,15,0
Anchieta,Anchieta,2020-07-26,554,2,15,0
Anchieta,Anchieta,2020-07-27,559,5,15,0
Anchieta,Anchieta,2020-07-28,568,9,15,0
Anchieta,Anchieta,2020-07-29,578,10,15,0
Anchieta,Anchieta,2020-07-30,588,10,15,0
Anchieta,Anchieta,2020-07-31,599,11,16,1
Anchieta,Anchieta,2020-08-01,603,4,16,0
Anchieta,Anchieta,2020-08-02,604,1,17,1
Anchieta,Anchieta,2020-08-03,612,8,17,0
Anchieta,Anchieta,2020-08-04,617,5,17,0
Anchieta,Anchieta,2020-08-05,623,6,17,0
Anchieta,Anchieta,2020-08-06,625,2,17,0
Anchieta,Anchieta,2020-08-07,635,10,17,0
Anchieta,Anchieta,2020-08-08,638,3,18,1
Anchieta,Anchieta,2020-08-09,641,3,18,0
Anchieta,Anchieta,2020-08-10,647,6,18,0
Anchieta,Anchieta,2020-08-11,652,5,18,0
Anchieta,Anchieta,2020-08-12,660,8,18,0
Anchieta,Anchieta,2020-08-13,672,12,19,1
Anchieta,Anchieta,2020-08-14,679,7,20,1
Anchieta,Anchieta,2020-08-15,681,2,20,0
Anchieta,Anchieta,2020-08-16,684,3,20,0
Anchieta,Anchieta,2020-08-17,695,11,20,0
Anchieta,Anchieta,2020-08-18,703,8,20,0
Anchieta,Anchieta,2020-08-19,711,8,21,1
Anchieta,Anchieta,2020-08-20,721,10,21,0
Anchieta,Anchieta,2020-08-21,724,3,21,0
Anchieta,Anchieta,2020-08-22,727,3,21,0
Anchieta,Anchieta,2020-08-23,727,0,21,0
Anchieta,Anchieta,2020-08-24,733,6,21,0
Anchieta,Anchieta,2020-08-25,745,12,21,0
Anchieta,Anchieta,2020-08-26,748,3,21,0
Anchieta,Anchieta,2020-08-27,760,12,21,0
Anchieta,Anchieta,2020-08-28,766,6,21,0
Anchieta,Anchieta,2020-08-29,770,4,21,0
Anchieta,Anchieta,2020-08-30,771,1,21,0
Anchieta,Anchieta,2020-08-31,786,15,21,0
Anchieta,Anchieta,2020-09-01,800,14,21,0
Anchieta,Anchieta,2020-09-02,808,8,21,0
Anchieta,Anchieta,2020-09-03,817,9,21,0
Anchieta,Anchieta,2020-09-04,827,10,21,0
Anchieta,Anchieta,2020-09-05,833,6,21,0
Anchieta,Anchieta,2020-09-06,834,1,21,0
Anchieta,Anchieta,2020-09-07,837,3,21,0
Anchieta,Anchieta,2020-09-08,842,5,21,0
Anchieta,Anchieta,2020-09-09,850,8,21,0
Anchieta,Anchieta,2020-09-10,853,3,21,0
Anchieta,Anchieta,2020-09-11,861,8,21,0
Anchieta,Anchieta,2020-09-12,869,8,21,0
Anchieta,Anchieta,2020-09-13,871,2,21,0
Anchieta,Anchieta,2020-09-14,873,2,21,0
Anchieta,Anchieta,2020-09-15,877,4,21,0
Anchieta,Anchieta,2020-09-16,885,8,21,0
Anchieta,Anchieta,2020-09-17,893,8,21,0
Anchieta,Anchieta,2020-09-18,893,0,21,0
Anchieta,Anchieta,2020-09-19,893,0,21,0
Anchieta,Anchieta,2020-09-20,897,4,21,0
Anchieta,Anchieta,2020-09-21,905,8,22,1
Anchieta,Anchieta,2020-09-22,910,5,22,0
Anchieta,Anchieta,2020-09-23,913,3,22,0
Anchieta,Anchieta,2020-09-24,915,2,22,0
Anchieta,Anchieta,2020-09-25,922,7,22,0
Anchieta,Anchieta,2020-09-26,924,2,22,0
Anchieta,Anchieta,2020-09-27,926,2,22,0
Anchieta,Anchieta,2020-09-28,930,4,22,0
Anchieta,Anchieta,2020-09-29,933,3,22,0
Anchieta,Anchieta,2020-09-30,938,5,22,0
Anchieta,Anchieta,2020-10-01,942,4,22,0
Anchieta,Anchieta,2020-10-02,945,3,21,-1
Anchieta,Anchieta,2020-10-03,945,0,21,0
Anchieta,Anchieta,2020-10-04,949,4,21,0
Anchieta,Anchieta,2020-10-05,953,4,22,1
Anchieta,Anchieta,2020-10-06,958,5,23,1
Anchieta,Anchieta,2020-10-07,959,1,24,1
Anchieta,Anchieta,2020-10-08,959,0,24,0
Anchieta,Anchieta,2020-10-09,970,11,24,0
Anchieta,Anchieta,2020-10-10,969,-1,24,0
Anchieta,Anchieta,2020-10-11,978,9,24,0
Anchieta,Anchieta,2020-10-12,981,3,24,0
Anchieta,Anchieta,2020-10-13,982,1,24,0
Anchieta,Anchieta,2020-10-14,986,4,24,0
Anchieta,Anchieta,2020-10-15,988,2,24,0
Anchieta,Anchieta,2020-10-16,996,8,24,0
Anchieta,Anchieta,2020-10-17,1002,6,24,0
Anchieta,Anchieta,2020-10-18,1007,5,24,0
Anchieta,Anchieta,2020-10-19,1012,5,23,-1
Anchieta,Anchieta,2020-10-20,1019,7,23,0
Anchieta,Anchieta,2020-10-21,1033,14,23,0
Anchieta,Anchieta,2020-10-22,1044,11,23,0
Anchieta,Anchieta,2020-10-23,1046,2,23,0
Anchieta,Anchieta,2020-10-24,1050,4,23,0
Anchieta,Anchieta,2020-10-25,1054,4,23,0
Anchieta,Anchieta,2020-10-26,1062,8,23,0
Anchieta,Anchieta,2020-10-27,1069,7,23,0
Anchieta,Anchieta,2020-10-28,1079,10,23,0
Anchieta,Anchieta,2020-10-29,1086,7,23,0
Anchieta,Anchieta,2020-10-30,1093,7,23,0
Anchieta,Anchieta,2020-10-31,1102,9,23,0
Anchieta,Anchieta,2020-11-01,1105,3,23,0
Anchieta,Anchieta,2020-11-02,1110,5,23,0
Anchieta,Anchieta,2020-11-03,1122,12,23,0
Anchieta,Anchieta,2020-11-04,1124,2,23,0
Anchieta,Anchieta,2020-11-05,1134,10,23,0
Anchieta,Anchieta,2020-11-06,1142,8,24,1
Anchieta,Anchieta,2020-11-07,1141,-1,24,0
Anchieta,Anchieta,2020-11-08,1157,16,24,0
Anchieta,Anchieta,2020-11-09,1161,4,24,0
Anchieta,Anchieta,2020-11-10,1179,18,24,0
Anchieta,Anchieta,2020-11-11,1190,11,24,0
Anchieta,Anchieta,2020-11-12,1193,3,24,0
Anchieta,Anchieta,2020-11-13,1212,19,24,0
Anchieta,Anchieta,2020-11-14,1213,1,24,0
Anchieta,Anchieta,2020-11-15,1221,8,24,0
Anchieta,Anchieta,2020-11-16,1232,11,24,0
Anchieta,Anchieta,2020-11-17,1244,12,24,0
Anchieta,Anchieta,2020-11-18,1260,16,25,1
Anchieta,Anchieta,2020-11-19,1274,14,25,0
Anchieta,Anchieta,2020-11-20,1279,5,25,0
Anchieta,Anchieta,2020-11-21,1280,1,25,0
Anchieta,Anchieta,2020-11-22,1283,3,25,0
Anchieta,Anchieta,2020-11-23,1295,12,25,0
Anchieta,Anchieta,2020-11-24,1303,8,26,1
Anchieta,Anchieta,2020-11-25,1321,18,26,0
Anchieta,Anchieta,2020-11-26,1341,20,26,0
Anchieta,Anchieta,2020-11-27,1345,4,26,0
Anchieta,Anchieta,2020-11-28,1354,9,26,0
Anchieta,Anchieta,2020-11-29,1382,28,26,0
Anchieta,Anchieta,2020-11-30,1393,11,26,0
Anchieta,Anchieta,2020-12-01,1411,18,26,0
Anchieta,Anchieta,2020-12-02,1444,33,27,1
Anchieta,Anchieta,2020-12-03,1454,10,27,0
Anchieta,Anchieta,2020-12-04,1467,13,27,0
Anchieta,Anchieta,2020-12-05,1497,30,28,1
Anchieta,Anchieta,2020-12-06,1505,8,28,0
Anchieta,Anchieta,2020-12-07,1521,16,28,0
Anchieta,Anchieta,2020-12-08,1546,25,28,0
Anchieta,Anchieta,2020-12-09,1592,46,28,0
Anchieta,Anchieta,2020-12-10,1598,6,28,0
Anchieta,Anchieta,2020-12-11,1618,20,29,1
Anchieta,Anchieta,2020-12-12,1647,29,29,0
Anchieta,Anchieta,2020-12-13,1649,2,30,1
Anchieta,Anchieta,2020-12-14,1670,21,30,0
Anchieta,Anchieta,2020-12-15,1745,75,30,0
Anchieta,Anchieta,2020-12-16,1792,47,31,1
Anchieta,Anchieta,2020-12-17,1816,24,31,0
Anchieta,Anchieta,2020-12-18,1863,47,31,0
Anchieta,Anchieta,2020-12-19,1878,15,31,0
Anchieta,Anchieta,2020-12-20,1889,11,31,0
Anchieta,Anchieta,2020-12-21,1914,25,32,1
Anchieta,Anchieta,2020-12-22,1943,29,32,0
Anchieta,Anchieta,2020-12-23,1964,21,32,0
Anchieta,Anchieta,2020-12-24,1983,19,33,1
Anchieta,Anchieta,2020-12-25,1988,5,33,0
Anchieta,Anchieta,2020-12-26,2000,12,34,1
Anchieta,Anchieta,2020-12-27,2011,11,34,0
Anchieta,Anchieta,2020-12-28,2046,35,34,0
Anchieta,Anchieta,2020-12-29,2078,32,36,2
Anchieta,Anchieta,2020-12-30,2104,26,36,0
Anchieta,Anchieta,2020-12-31,2118,14,36,0
Anchieta,Anchieta,2021-01-01,2131,13,36,0
Anchieta,Anchieta,2021-01-02,2133,2,38,2
Anchieta,Anchieta,2021-01-03,2141,8,38,0
Anchieta,Anchieta,2021-01-04,2156,15,38,0
Anchieta,Anchieta,2021-01-05,2168,12,38,0
Anchieta,Anchieta,2021-01-06,2178,10,38,0
Anchieta,Anchieta,2021-01-07,2198,20,39,1
Anchieta,Anchieta,2021-01-08,2224,26,39,0
Anchieta,Anchieta,2021-01-09,2236,12,39,0
Anchieta,Anchieta,2021-01-10,2243,7,39,0
Anchieta,Anchieta,2021-01-11,2268,25,39,0
Anchieta,Anchieta,2021-01-12,2290,22,39,0
Anchieta,Anchieta,2021-01-13,2309,19,39,0
Anchieta,Anchieta,2021-01-14,2315,6,39,0
Anchieta,Anchieta,2021-01-15,2332,17,40,1
Anchieta,Anchieta,2021-01-16,2348,16,40,0
Anchieta,Anchieta,2021-01-17,2353,5,40,0
Anchieta,Anchieta,2021-01-18,2375,22,40,0
Anchieta,Anchieta,2021-01-19,2395,20,41,1
Anchieta,Anchieta,2021-01-20,2403,8,41,0
Anchieta,Anchieta,2021-01-21,2415,12,41,0
Anchieta,Anchieta,2021-01-22,2428,13,41,0
Anchieta,Anchieta,2021-01-23,2440,12,41,0
Anchieta,Anchieta,2021-01-24,2449,9,41,0
Anchieta,Anchieta,2021-01-25,2462,13,43,2
Anchieta,Anchieta,2021-01-26,2481,19,45,2
Anchieta,Anchieta,2021-01-27,2497,16,46,1
Anchieta,Anchieta,2021-01-28,2508,11,46,0
Anchieta,Anchieta,2021-01-29,2533,25,45,-1
Anchieta,Anchieta,2021-01-30,2536,3,45,0
Anchieta,Anchieta,2021-01-31,2548,12,45,0
Anchieta,Anchieta,2021-02-01,2550,2,45,0
Anchieta,Anchieta,2021-02-02,2575,25,45,0
Anchieta,Anchieta,2021-02-03,2592,17,45,0
Anchieta,Anchieta,2021-02-04,2609,17,45,0
Anchieta,Anchieta,2021-02-05,2623,14,45,0
Anchieta,Anchieta,2021-02-06,2648,25,45,0
Anchieta,Anchieta,2021-02-07,2668,20,45,0
Anchieta,Anchieta,2021-02-08,2682,14,45,0
