city,city,date,cases,daily cases,deaths,daily deaths
Anori,Anori,2020-03-27,0,0,0,0
Anori,Anori,2020-03-28,0,0,0,0
Anori,Anori,2020-03-29,1,1,0,0
Anori,Anori,2020-03-30,1,0,0,0
Anori,Anori,2020-03-31,1,0,0,0
Anori,Anori,2020-04-01,1,0,0,0
Anori,Anori,2020-04-02,1,0,0,0
Anori,Anori,2020-04-03,1,0,0,0
Anori,Anori,2020-04-04,1,0,0,0
Anori,Anori,2020-04-05,1,0,0,0
Anori,Anori,2020-04-06,1,0,0,0
Anori,Anori,2020-04-07,1,0,0,0
Anori,Anori,2020-04-08,1,0,0,0
Anori,Anori,2020-04-09,1,0,0,0
Anori,Anori,2020-04-10,2,1,0,0
Anori,Anori,2020-04-11,2,0,0,0
Anori,Anori,2020-04-12,3,1,0,0
Anori,Anori,2020-04-13,3,0,0,0
Anori,Anori,2020-04-14,3,0,0,0
Anori,Anori,2020-04-15,3,0,0,0
Anori,Anori,2020-04-16,3,0,0,0
Anori,Anori,2020-04-17,4,1,0,0
Anori,Anori,2020-04-18,6,2,0,0
Anori,Anori,2020-04-19,6,0,0,0
Anori,Anori,2020-04-20,6,0,0,0
Anori,Anori,2020-04-21,7,1,0,0
Anori,Anori,2020-04-22,8,1,0,0
Anori,Anori,2020-04-23,10,2,0,0
Anori,Anori,2020-04-24,17,7,0,0
Anori,Anori,2020-04-25,18,1,0,0
Anori,Anori,2020-04-26,18,0,0,0
Anori,Anori,2020-04-27,18,0,0,0
Anori,Anori,2020-04-28,25,7,0,0
Anori,Anori,2020-04-29,27,2,0,0
Anori,Anori,2020-04-30,32,5,0,0
Anori,Anori,2020-05-01,37,5,0,0
Anori,Anori,2020-05-02,37,0,0,0
Anori,Anori,2020-05-03,37,0,1,1
Anori,Anori,2020-05-04,40,3,1,0
Anori,Anori,2020-05-05,47,7,1,0
Anori,Anori,2020-05-06,56,9,1,0
Anori,Anori,2020-05-07,56,0,1,0
Anori,Anori,2020-05-08,78,22,1,0
Anori,Anori,2020-05-09,87,9,1,0
Anori,Anori,2020-05-10,87,0,1,0
Anori,Anori,2020-05-11,91,4,1,0
Anori,Anori,2020-05-12,104,13,1,0
Anori,Anori,2020-05-13,107,3,1,0
Anori,Anori,2020-05-14,109,2,1,0
Anori,Anori,2020-05-15,114,5,1,0
Anori,Anori,2020-05-16,130,16,2,1
Anori,Anori,2020-05-17,140,10,2,0
Anori,Anori,2020-05-18,140,0,3,1
Anori,Anori,2020-05-19,150,10,3,0
Anori,Anori,2020-05-20,176,26,3,0
Anori,Anori,2020-05-21,187,11,3,0
Anori,Anori,2020-05-22,194,7,3,0
Anori,Anori,2020-05-23,208,14,3,0
Anori,Anori,2020-05-24,210,2,3,0
Anori,Anori,2020-05-25,212,2,3,0
Anori,Anori,2020-05-26,270,58,3,0
Anori,Anori,2020-05-27,299,29,3,0
Anori,Anori,2020-05-28,326,27,3,0
Anori,Anori,2020-05-29,336,10,3,0
Anori,Anori,2020-05-30,355,19,3,0
Anori,Anori,2020-05-31,355,0,3,0
Anori,Anori,2020-06-01,360,5,4,1
Anori,Anori,2020-06-02,380,20,4,0
Anori,Anori,2020-06-03,391,11,5,1
Anori,Anori,2020-06-04,403,12,5,0
Anori,Anori,2020-06-05,416,13,5,0
Anori,Anori,2020-06-06,424,8,6,1
Anori,Anori,2020-06-07,468,44,7,1
Anori,Anori,2020-06-08,462,-6,8,1
Anori,Anori,2020-06-09,488,26,8,0
Anori,Anori,2020-06-10,503,15,8,0
Anori,Anori,2020-06-11,503,0,8,0
Anori,Anori,2020-06-12,521,18,8,0
Anori,Anori,2020-06-13,525,4,9,1
Anori,Anori,2020-06-14,528,3,9,0
Anori,Anori,2020-06-15,528,0,9,0
Anori,Anori,2020-06-16,539,11,9,0
Anori,Anori,2020-06-17,556,17,9,0
Anori,Anori,2020-06-18,566,10,9,0
Anori,Anori,2020-06-19,566,0,9,0
Anori,Anori,2020-06-20,566,0,9,0
Anori,Anori,2020-06-21,566,0,9,0
Anori,Anori,2020-06-22,566,0,9,0
Anori,Anori,2020-06-23,566,0,9,0
Anori,Anori,2020-06-24,566,0,10,1
Anori,Anori,2020-06-25,566,0,10,0
Anori,Anori,2020-06-26,566,0,10,0
Anori,Anori,2020-06-27,566,0,10,0
Anori,Anori,2020-06-28,566,0,10,0
Anori,Anori,2020-06-29,566,0,10,0
Anori,Anori,2020-06-30,566,0,10,0
Anori,Anori,2020-07-01,566,0,10,0
Anori,Anori,2020-07-02,566,0,10,0
Anori,Anori,2020-07-03,571,5,10,0
Anori,Anori,2020-07-04,571,0,10,0
Anori,Anori,2020-07-05,571,0,10,0
Anori,Anori,2020-07-06,581,10,10,0
Anori,Anori,2020-07-07,584,3,10,0
Anori,Anori,2020-07-08,597,13,11,1
Anori,Anori,2020-07-09,624,27,11,0
Anori,Anori,2020-07-10,639,15,11,0
Anori,Anori,2020-07-11,639,0,11,0
Anori,Anori,2020-07-12,639,0,11,0
Anori,Anori,2020-07-13,709,70,11,0
Anori,Anori,2020-07-14,709,0,11,0
Anori,Anori,2020-07-15,709,0,11,0
Anori,Anori,2020-07-16,709,0,11,0
Anori,Anori,2020-07-17,709,0,11,0
Anori,Anori,2020-07-18,709,0,11,0
Anori,Anori,2020-07-19,709,0,11,0
Anori,Anori,2020-07-20,709,0,11,0
Anori,Anori,2020-07-21,709,0,11,0
Anori,Anori,2020-07-22,709,0,11,0
Anori,Anori,2020-07-23,709,0,11,0
Anori,Anori,2020-07-24,709,0,11,0
Anori,Anori,2020-07-25,709,0,11,0
Anori,Anori,2020-07-26,709,0,11,0
Anori,Anori,2020-07-27,709,0,11,0
Anori,Anori,2020-07-28,709,0,11,0
Anori,Anori,2020-07-29,709,0,11,0
Anori,Anori,2020-07-30,709,0,11,0
Anori,Anori,2020-07-31,709,0,11,0
Anori,Anori,2020-08-01,709,0,11,0
Anori,Anori,2020-08-02,709,0,11,0
Anori,Anori,2020-08-03,709,0,11,0
Anori,Anori,2020-08-04,709,0,11,0
Anori,Anori,2020-08-05,709,0,11,0
Anori,Anori,2020-08-06,709,0,11,0
Anori,Anori,2020-08-07,715,6,11,0
Anori,Anori,2020-08-08,715,0,11,0
Anori,Anori,2020-08-09,715,0,11,0
Anori,Anori,2020-08-10,715,0,11,0
Anori,Anori,2020-08-11,715,0,11,0
Anori,Anori,2020-08-12,715,0,11,0
Anori,Anori,2020-08-13,715,0,11,0
Anori,Anori,2020-08-14,715,0,11,0
Anori,Anori,2020-08-15,724,9,11,0
Anori,Anori,2020-08-16,724,0,11,0
Anori,Anori,2020-08-17,724,0,11,0
Anori,Anori,2020-08-18,724,0,11,0
Anori,Anori,2020-08-19,729,5,11,0
Anori,Anori,2020-08-20,729,0,11,0
Anori,Anori,2020-08-21,730,1,11,0
Anori,Anori,2020-08-22,735,5,11,0
Anori,Anori,2020-08-23,735,0,11,0
Anori,Anori,2020-08-24,735,0,11,0
Anori,Anori,2020-08-25,735,0,11,0
Anori,Anori,2020-08-26,746,11,11,0
Anori,Anori,2020-08-27,746,0,11,0
Anori,Anori,2020-08-28,746,0,11,0
Anori,Anori,2020-08-29,746,0,11,0
Anori,Anori,2020-08-30,746,0,11,0
Anori,Anori,2020-08-31,746,0,11,0
Anori,Anori,2020-09-01,749,3,11,0
Anori,Anori,2020-09-02,749,0,11,0
Anori,Anori,2020-09-03,753,4,11,0
Anori,Anori,2020-09-04,755,2,11,0
Anori,Anori,2020-09-05,755,0,11,0
Anori,Anori,2020-09-06,755,0,11,0
Anori,Anori,2020-09-07,755,0,11,0
Anori,Anori,2020-09-08,755,0,11,0
Anori,Anori,2020-09-09,755,0,11,0
Anori,Anori,2020-09-10,755,0,11,0
Anori,Anori,2020-09-11,760,5,11,0
Anori,Anori,2020-09-12,760,0,11,0
Anori,Anori,2020-09-13,760,0,11,0
Anori,Anori,2020-09-14,760,0,11,0
Anori,Anori,2020-09-15,764,4,11,0
Anori,Anori,2020-09-16,764,0,11,0
Anori,Anori,2020-09-17,764,0,11,0
Anori,Anori,2020-09-18,764,0,11,0
Anori,Anori,2020-09-19,764,0,11,0
Anori,Anori,2020-09-20,764,0,11,0
Anori,Anori,2020-09-21,769,5,11,0
Anori,Anori,2020-09-22,769,0,11,0
Anori,Anori,2020-09-23,769,0,11,0
Anori,Anori,2020-09-24,769,0,11,0
Anori,Anori,2020-09-25,772,3,11,0
Anori,Anori,2020-09-26,772,0,11,0
Anori,Anori,2020-09-27,772,0,11,0
Anori,Anori,2020-09-28,772,0,11,0
Anori,Anori,2020-09-29,772,0,11,0
Anori,Anori,2020-09-30,780,8,11,0
Anori,Anori,2020-10-01,780,0,11,0
Anori,Anori,2020-10-02,791,11,11,0
Anori,Anori,2020-10-03,791,0,11,0
Anori,Anori,2020-10-04,791,0,11,0
Anori,Anori,2020-10-05,794,3,11,0
Anori,Anori,2020-10-06,797,3,11,0
Anori,Anori,2020-10-07,800,3,11,0
Anori,Anori,2020-10-08,802,2,11,0
Anori,Anori,2020-10-09,811,9,11,0
Anori,Anori,2020-10-10,811,0,11,0
Anori,Anori,2020-10-11,819,8,11,0
Anori,Anori,2020-10-12,819,0,11,0
Anori,Anori,2020-10-13,819,0,11,0
Anori,Anori,2020-10-14,819,0,11,0
Anori,Anori,2020-10-15,825,6,11,0
Anori,Anori,2020-10-16,825,0,11,0
Anori,Anori,2020-10-17,825,0,11,0
Anori,Anori,2020-10-18,825,0,11,0
Anori,Anori,2020-10-19,832,7,11,0
Anori,Anori,2020-10-20,859,27,11,0
Anori,Anori,2020-10-21,873,14,11,0
Anori,Anori,2020-10-22,902,29,11,0
Anori,Anori,2020-10-23,922,20,11,0
Anori,Anori,2020-10-24,922,0,11,0
Anori,Anori,2020-10-25,926,4,11,0
Anori,Anori,2020-10-26,926,0,11,0
Anori,Anori,2020-10-27,929,3,11,0
Anori,Anori,2020-10-28,949,20,11,0
Anori,Anori,2020-10-29,949,0,11,0
Anori,Anori,2020-10-30,962,13,11,0
Anori,Anori,2020-10-31,982,20,12,1
Anori,Anori,2020-11-01,982,0,12,0
Anori,Anori,2020-11-02,982,0,13,1
Anori,Anori,2020-11-03,986,4,13,0
Anori,Anori,2020-11-04,986,0,13,0
Anori,Anori,2020-11-05,986,0,13,0
Anori,Anori,2020-11-06,986,0,13,0
Anori,Anori,2020-11-07,992,6,13,0
Anori,Anori,2020-11-08,992,0,13,0
Anori,Anori,2020-11-09,992,0,13,0
Anori,Anori,2020-11-10,1020,28,14,1
Anori,Anori,2020-11-11,1020,0,14,0
Anori,Anori,2020-11-12,1020,0,14,0
Anori,Anori,2020-11-13,1050,30,14,0
Anori,Anori,2020-11-14,1050,0,14,0
Anori,Anori,2020-11-15,1050,0,14,0
Anori,Anori,2020-11-16,1050,0,14,0
Anori,Anori,2020-11-17,1064,14,14,0
Anori,Anori,2020-11-18,1064,0,14,0
Anori,Anori,2020-11-19,1078,14,14,0
Anori,Anori,2020-11-20,1078,0,14,0
Anori,Anori,2020-11-21,1078,0,14,0
Anori,Anori,2020-11-22,1078,0,14,0
Anori,Anori,2020-11-23,1102,24,14,0
Anori,Anori,2020-11-24,1102,0,14,0
Anori,Anori,2020-11-25,1104,2,15,1
Anori,Anori,2020-11-26,1104,0,15,0
Anori,Anori,2020-11-27,1126,22,15,0
Anori,Anori,2020-11-28,1126,0,15,0
Anori,Anori,2020-11-29,1126,0,15,0
Anori,Anori,2020-11-30,1126,0,15,0
Anori,Anori,2020-12-01,1126,0,15,0
Anori,Anori,2020-12-02,1126,0,15,0
Anori,Anori,2020-12-03,1206,80,15,0
Anori,Anori,2020-12-04,1214,8,15,0
Anori,Anori,2020-12-05,1214,0,15,0
Anori,Anori,2020-12-06,1214,0,15,0
Anori,Anori,2020-12-07,1214,0,15,0
Anori,Anori,2020-12-08,1214,0,15,0
Anori,Anori,2020-12-09,1214,0,15,0
Anori,Anori,2020-12-10,1234,20,15,0
Anori,Anori,2020-12-11,1234,0,15,0
Anori,Anori,2020-12-12,1234,0,15,0
Anori,Anori,2020-12-13,1234,0,15,0
Anori,Anori,2020-12-14,1237,3,15,0
Anori,Anori,2020-12-15,1242,5,16,1
Anori,Anori,2020-12-16,1247,5,17,1
Anori,Anori,2020-12-17,1290,43,17,0
Anori,Anori,2020-12-18,1296,6,17,0
Anori,Anori,2020-12-19,1296,0,17,0
Anori,Anori,2020-12-20,1296,0,17,0
Anori,Anori,2020-12-21,1296,0,17,0
Anori,Anori,2020-12-22,1296,0,17,0
Anori,Anori,2020-12-23,1296,0,17,0
Anori,Anori,2020-12-24,1296,0,17,0
Anori,Anori,2020-12-25,1302,6,18,1
Anori,Anori,2020-12-26,1302,0,18,0
Anori,Anori,2020-12-27,1302,0,18,0
Anori,Anori,2020-12-28,1306,4,18,0
Anori,Anori,2020-12-29,1306,0,18,0
Anori,Anori,2020-12-30,1315,9,18,0
Anori,Anori,2020-12-31,1320,5,18,0
Anori,Anori,2021-01-01,1320,0,18,0
Anori,Anori,2021-01-02,1320,0,18,0
Anori,Anori,2021-01-03,1321,1,21,3
Anori,Anori,2021-01-04,1321,0,21,0
Anori,Anori,2021-01-05,1328,7,21,0
Anori,Anori,2021-01-06,1332,4,21,0
Anori,Anori,2021-01-07,1340,8,21,0
Anori,Anori,2021-01-08,1340,0,21,0
Anori,Anori,2021-01-09,1349,9,21,0
Anori,Anori,2021-01-10,1354,5,21,0
Anori,Anori,2021-01-11,1354,0,21,0
Anori,Anori,2021-01-12,1354,0,21,0
Anori,Anori,2021-01-13,1368,14,21,0
Anori,Anori,2021-01-14,1380,12,21,0
Anori,Anori,2021-01-15,1387,7,21,0
Anori,Anori,2021-01-16,1390,3,21,0
Anori,Anori,2021-01-17,1419,29,21,0
Anori,Anori,2021-01-18,1419,0,21,0
Anori,Anori,2021-01-19,1445,26,21,0
Anori,Anori,2021-01-20,1450,5,21,0
Anori,Anori,2021-01-21,1461,11,21,0
Anori,Anori,2021-01-22,1472,11,21,0
Anori,Anori,2021-01-23,1472,0,21,0
Anori,Anori,2021-01-24,1486,14,21,0
Anori,Anori,2021-01-25,1487,1,21,0
Anori,Anori,2021-01-26,1534,47,22,1
Anori,Anori,2021-01-27,1534,0,22,0
Anori,Anori,2021-01-28,1544,10,22,0
Anori,Anori,2021-01-29,1560,16,22,0
Anori,Anori,2021-01-30,1560,0,22,0
Anori,Anori,2021-01-31,1567,7,22,0
Anori,Anori,2021-02-01,1585,18,22,0
Anori,Anori,2021-02-02,1585,0,22,0
Anori,Anori,2021-02-03,1599,14,22,0
Anori,Anori,2021-02-04,1599,0,23,1
Anori,Anori,2021-02-05,1599,0,23,0
Anori,Anori,2021-02-06,1599,0,23,0
Anori,Anori,2021-02-07,1658,59,23,0
Anori,Anori,2021-02-08,1658,0,23,0
