city,city,date,cases,daily cases,deaths,daily deaths
Antonina,Antonina,2020-03-27,0,0,0,0
Antonina,Antonina,2020-03-28,0,0,0,0
Antonina,Antonina,2020-03-29,0,0,0,0
Antonina,Antonina,2020-03-30,0,0,0,0
Antonina,Antonina,2020-03-31,0,0,0,0
Antonina,Antonina,2020-04-01,0,0,0,0
Antonina,Antonina,2020-04-02,0,0,0,0
Antonina,Antonina,2020-04-03,0,0,0,0
Antonina,Antonina,2020-04-04,0,0,0,0
Antonina,Antonina,2020-04-05,0,0,0,0
Antonina,Antonina,2020-04-06,0,0,0,0
Antonina,Antonina,2020-04-07,0,0,0,0
Antonina,Antonina,2020-04-08,0,0,0,0
Antonina,Antonina,2020-04-09,0,0,0,0
Antonina,Antonina,2020-04-10,0,0,0,0
Antonina,Antonina,2020-04-11,0,0,0,0
Antonina,Antonina,2020-04-12,0,0,0,0
Antonina,Antonina,2020-04-13,0,0,0,0
Antonina,Antonina,2020-04-14,0,0,0,0
Antonina,Antonina,2020-04-15,0,0,0,0
Antonina,Antonina,2020-04-16,0,0,0,0
Antonina,Antonina,2020-04-17,0,0,0,0
Antonina,Antonina,2020-04-18,0,0,0,0
Antonina,Antonina,2020-04-19,0,0,0,0
Antonina,Antonina,2020-04-20,0,0,0,0
Antonina,Antonina,2020-04-21,0,0,0,0
Antonina,Antonina,2020-04-22,0,0,0,0
Antonina,Antonina,2020-04-23,0,0,0,0
Antonina,Antonina,2020-04-24,0,0,0,0
Antonina,Antonina,2020-04-25,0,0,0,0
Antonina,Antonina,2020-04-26,0,0,0,0
Antonina,Antonina,2020-04-27,0,0,0,0
Antonina,Antonina,2020-04-28,0,0,0,0
Antonina,Antonina,2020-04-29,0,0,0,0
Antonina,Antonina,2020-04-30,0,0,0,0
Antonina,Antonina,2020-05-01,0,0,0,0
Antonina,Antonina,2020-05-02,0,0,0,0
Antonina,Antonina,2020-05-03,0,0,0,0
Antonina,Antonina,2020-05-04,0,0,0,0
Antonina,Antonina,2020-05-05,0,0,0,0
Antonina,Antonina,2020-05-06,0,0,0,0
Antonina,Antonina,2020-05-07,0,0,0,0
Antonina,Antonina,2020-05-08,0,0,0,0
Antonina,Antonina,2020-05-09,0,0,0,0
Antonina,Antonina,2020-05-10,0,0,0,0
Antonina,Antonina,2020-05-11,0,0,0,0
Antonina,Antonina,2020-05-12,0,0,0,0
Antonina,Antonina,2020-05-13,0,0,0,0
Antonina,Antonina,2020-05-14,0,0,0,0
Antonina,Antonina,2020-05-15,0,0,0,0
Antonina,Antonina,2020-05-16,0,0,0,0
Antonina,Antonina,2020-05-17,0,0,0,0
Antonina,Antonina,2020-05-18,0,0,0,0
Antonina,Antonina,2020-05-19,0,0,0,0
Antonina,Antonina,2020-05-20,0,0,0,0
Antonina,Antonina,2020-05-21,0,0,0,0
Antonina,Antonina,2020-05-22,0,0,0,0
Antonina,Antonina,2020-05-23,0,0,0,0
Antonina,Antonina,2020-05-24,0,0,0,0
Antonina,Antonina,2020-05-25,0,0,0,0
Antonina,Antonina,2020-05-26,0,0,0,0
Antonina,Antonina,2020-05-27,0,0,0,0
Antonina,Antonina,2020-05-28,0,0,0,0
Antonina,Antonina,2020-05-29,0,0,0,0
Antonina,Antonina,2020-05-30,1,1,0,0
Antonina,Antonina,2020-05-31,4,3,0,0
Antonina,Antonina,2020-06-01,5,1,0,0
Antonina,Antonina,2020-06-02,5,0,0,0
Antonina,Antonina,2020-06-03,5,0,0,0
Antonina,Antonina,2020-06-04,6,1,0,0
Antonina,Antonina,2020-06-05,6,0,0,0
Antonina,Antonina,2020-06-06,7,1,0,0
Antonina,Antonina,2020-06-07,8,1,0,0
Antonina,Antonina,2020-06-08,8,0,0,0
Antonina,Antonina,2020-06-09,8,0,0,0
Antonina,Antonina,2020-06-10,9,1,0,0
Antonina,Antonina,2020-06-11,10,1,0,0
Antonina,Antonina,2020-06-12,10,0,0,0
Antonina,Antonina,2020-06-13,10,0,0,0
Antonina,Antonina,2020-06-14,10,0,0,0
Antonina,Antonina,2020-06-15,10,0,0,0
Antonina,Antonina,2020-06-16,11,1,0,0
Antonina,Antonina,2020-06-17,11,0,0,0
Antonina,Antonina,2020-06-18,11,0,0,0
Antonina,Antonina,2020-06-19,12,1,0,0
Antonina,Antonina,2020-06-20,12,0,0,0
Antonina,Antonina,2020-06-21,12,0,0,0
Antonina,Antonina,2020-06-22,12,0,0,0
Antonina,Antonina,2020-06-23,14,2,0,0
Antonina,Antonina,2020-06-24,15,1,0,0
Antonina,Antonina,2020-06-25,15,0,0,0
Antonina,Antonina,2020-06-26,16,1,0,0
Antonina,Antonina,2020-06-27,16,0,0,0
Antonina,Antonina,2020-06-28,16,0,0,0
Antonina,Antonina,2020-06-29,16,0,0,0
Antonina,Antonina,2020-06-30,17,1,0,0
Antonina,Antonina,2020-07-01,22,5,0,0
Antonina,Antonina,2020-07-02,22,0,0,0
Antonina,Antonina,2020-07-03,29,7,0,0
Antonina,Antonina,2020-07-04,32,3,0,0
Antonina,Antonina,2020-07-05,32,0,0,0
Antonina,Antonina,2020-07-06,35,3,0,0
Antonina,Antonina,2020-07-07,41,6,0,0
Antonina,Antonina,2020-07-08,43,2,1,1
Antonina,Antonina,2020-07-09,48,5,1,0
Antonina,Antonina,2020-07-10,50,2,1,0
Antonina,Antonina,2020-07-11,50,0,1,0
Antonina,Antonina,2020-07-12,61,11,1,0
Antonina,Antonina,2020-07-13,61,0,1,0
Antonina,Antonina,2020-07-14,63,2,1,0
Antonina,Antonina,2020-07-15,64,1,1,0
Antonina,Antonina,2020-07-16,69,5,1,0
Antonina,Antonina,2020-07-17,69,0,1,0
Antonina,Antonina,2020-07-18,74,5,1,0
Antonina,Antonina,2020-07-19,74,0,1,0
Antonina,Antonina,2020-07-20,77,3,1,0
Antonina,Antonina,2020-07-21,79,2,1,0
Antonina,Antonina,2020-07-22,80,1,1,0
Antonina,Antonina,2020-07-23,90,10,1,0
Antonina,Antonina,2020-07-24,90,0,1,0
Antonina,Antonina,2020-07-25,90,0,1,0
Antonina,Antonina,2020-07-26,93,3,1,0
Antonina,Antonina,2020-07-27,94,1,1,0
Antonina,Antonina,2020-07-28,94,0,1,0
Antonina,Antonina,2020-07-29,100,6,1,0
Antonina,Antonina,2020-07-30,104,4,1,0
Antonina,Antonina,2020-07-31,109,5,1,0
Antonina,Antonina,2020-08-01,109,0,1,0
Antonina,Antonina,2020-08-02,109,0,1,0
Antonina,Antonina,2020-08-03,109,0,1,0
Antonina,Antonina,2020-08-04,136,27,1,0
Antonina,Antonina,2020-08-05,145,9,1,0
Antonina,Antonina,2020-08-06,151,6,3,2
Antonina,Antonina,2020-08-07,152,1,4,1
Antonina,Antonina,2020-08-08,152,0,4,0
Antonina,Antonina,2020-08-09,160,8,4,0
Antonina,Antonina,2020-08-10,189,29,4,0
Antonina,Antonina,2020-08-11,189,0,4,0
Antonina,Antonina,2020-08-12,192,3,4,0
Antonina,Antonina,2020-08-13,199,7,4,0
Antonina,Antonina,2020-08-14,200,1,4,0
Antonina,Antonina,2020-08-15,202,2,4,0
Antonina,Antonina,2020-08-16,213,11,4,0
Antonina,Antonina,2020-08-17,213,0,4,0
Antonina,Antonina,2020-08-18,225,12,4,0
Antonina,Antonina,2020-08-19,225,0,4,0
Antonina,Antonina,2020-08-20,236,11,4,0
Antonina,Antonina,2020-08-21,238,2,4,0
Antonina,Antonina,2020-08-22,275,37,4,0
Antonina,Antonina,2020-08-23,279,4,4,0
Antonina,Antonina,2020-08-24,288,9,4,0
Antonina,Antonina,2020-08-25,288,0,5,1
Antonina,Antonina,2020-08-26,288,0,5,0
Antonina,Antonina,2020-08-27,292,4,5,0
Antonina,Antonina,2020-08-28,321,29,5,0
Antonina,Antonina,2020-08-29,321,0,5,0
Antonina,Antonina,2020-08-30,322,1,5,0
Antonina,Antonina,2020-08-31,334,12,5,0
Antonina,Antonina,2020-09-01,334,0,6,1
Antonina,Antonina,2020-09-02,334,0,6,0
Antonina,Antonina,2020-09-03,335,1,6,0
Antonina,Antonina,2020-09-04,339,4,6,0
Antonina,Antonina,2020-09-05,339,0,6,0
Antonina,Antonina,2020-09-06,339,0,6,0
Antonina,Antonina,2020-09-07,341,2,6,0
Antonina,Antonina,2020-09-08,341,0,6,0
Antonina,Antonina,2020-09-09,342,1,6,0
Antonina,Antonina,2020-09-10,342,0,6,0
Antonina,Antonina,2020-09-11,343,1,6,0
Antonina,Antonina,2020-09-12,343,0,6,0
Antonina,Antonina,2020-09-13,343,0,6,0
Antonina,Antonina,2020-09-14,343,0,6,0
Antonina,Antonina,2020-09-15,343,0,6,0
Antonina,Antonina,2020-09-16,343,0,7,1
Antonina,Antonina,2020-09-17,346,3,7,0
Antonina,Antonina,2020-09-18,346,0,7,0
Antonina,Antonina,2020-09-19,347,1,7,0
Antonina,Antonina,2020-09-20,347,0,7,0
Antonina,Antonina,2020-09-21,348,1,7,0
Antonina,Antonina,2020-09-22,350,2,7,0
Antonina,Antonina,2020-09-23,350,0,7,0
Antonina,Antonina,2020-09-24,357,7,7,0
Antonina,Antonina,2020-09-25,357,0,7,0
Antonina,Antonina,2020-09-26,361,4,7,0
Antonina,Antonina,2020-09-27,362,1,7,0
Antonina,Antonina,2020-09-28,362,0,7,0
Antonina,Antonina,2020-09-29,362,0,7,0
Antonina,Antonina,2020-09-30,364,2,7,0
Antonina,Antonina,2020-10-01,380,16,7,0
Antonina,Antonina,2020-10-02,400,20,7,0
Antonina,Antonina,2020-10-03,401,1,7,0
Antonina,Antonina,2020-10-04,427,26,7,0
Antonina,Antonina,2020-10-05,428,1,7,0
Antonina,Antonina,2020-10-06,430,2,7,0
Antonina,Antonina,2020-10-07,430,0,7,0
Antonina,Antonina,2020-10-08,430,0,7,0
Antonina,Antonina,2020-10-09,470,40,7,0
Antonina,Antonina,2020-10-10,475,5,9,2
Antonina,Antonina,2020-10-11,499,24,9,0
Antonina,Antonina,2020-10-12,499,0,9,0
Antonina,Antonina,2020-10-13,508,9,9,0
Antonina,Antonina,2020-10-14,509,1,9,0
Antonina,Antonina,2020-10-15,510,1,12,3
Antonina,Antonina,2020-10-16,510,0,12,0
Antonina,Antonina,2020-10-17,512,2,12,0
Antonina,Antonina,2020-10-18,512,0,12,0
Antonina,Antonina,2020-10-19,514,2,12,0
Antonina,Antonina,2020-10-20,516,2,12,0
Antonina,Antonina,2020-10-21,517,1,12,0
Antonina,Antonina,2020-10-22,551,34,12,0
Antonina,Antonina,2020-10-23,551,0,12,0
Antonina,Antonina,2020-10-24,558,7,12,0
Antonina,Antonina,2020-10-25,602,44,12,0
Antonina,Antonina,2020-10-26,609,7,12,0
Antonina,Antonina,2020-10-27,609,0,12,0
Antonina,Antonina,2020-10-28,625,16,13,1
Antonina,Antonina,2020-10-29,626,1,13,0
Antonina,Antonina,2020-10-30,627,1,14,1
Antonina,Antonina,2020-10-31,642,15,14,0
Antonina,Antonina,2020-11-01,642,0,14,0
Antonina,Antonina,2020-11-02,656,14,15,1
Antonina,Antonina,2020-11-03,663,7,15,0
Antonina,Antonina,2020-11-04,664,1,15,0
Antonina,Antonina,2020-11-05,664,0,15,0
Antonina,Antonina,2020-11-06,665,1,16,1
Antonina,Antonina,2020-11-07,687,22,18,2
Antonina,Antonina,2020-11-08,687,0,18,0
Antonina,Antonina,2020-11-09,687,0,18,0
Antonina,Antonina,2020-11-10,687,0,18,0
Antonina,Antonina,2020-11-11,687,0,18,0
Antonina,Antonina,2020-11-12,690,3,18,0
Antonina,Antonina,2020-11-13,690,0,18,0
Antonina,Antonina,2020-11-14,736,46,18,0
Antonina,Antonina,2020-11-15,749,13,18,0
Antonina,Antonina,2020-11-16,749,0,19,1
Antonina,Antonina,2020-11-17,767,18,19,0
Antonina,Antonina,2020-11-18,768,1,19,0
Antonina,Antonina,2020-11-19,780,12,20,1
Antonina,Antonina,2020-11-20,780,0,20,0
Antonina,Antonina,2020-11-21,791,11,20,0
Antonina,Antonina,2020-11-22,791,0,20,0
Antonina,Antonina,2020-11-23,829,38,20,0
Antonina,Antonina,2020-11-24,830,1,21,1
Antonina,Antonina,2020-11-25,842,12,21,0
Antonina,Antonina,2020-11-26,842,0,21,0
Antonina,Antonina,2020-11-27,843,1,21,0
Antonina,Antonina,2020-11-28,874,31,21,0
Antonina,Antonina,2020-11-29,874,0,21,0
Antonina,Antonina,2020-11-30,896,22,21,0
Antonina,Antonina,2020-12-01,896,0,21,0
Antonina,Antonina,2020-12-02,899,3,21,0
Antonina,Antonina,2020-12-03,914,15,22,1
Antonina,Antonina,2020-12-04,914,0,22,0
Antonina,Antonina,2020-12-05,929,15,22,0
Antonina,Antonina,2020-12-06,929,0,22,0
Antonina,Antonina,2020-12-07,929,0,22,0
Antonina,Antonina,2020-12-08,965,36,22,0
Antonina,Antonina,2020-12-09,985,20,23,1
Antonina,Antonina,2020-12-10,987,2,23,0
Antonina,Antonina,2020-12-11,989,2,24,1
Antonina,Antonina,2020-12-12,1021,32,26,2
Antonina,Antonina,2020-12-13,1021,0,26,0
Antonina,Antonina,2020-12-14,1038,17,26,0
Antonina,Antonina,2020-12-15,1050,12,27,1
Antonina,Antonina,2020-12-16,1068,18,28,1
Antonina,Antonina,2020-12-17,1070,2,28,0
Antonina,Antonina,2020-12-18,1083,13,29,1
Antonina,Antonina,2020-12-19,1092,9,29,0
Antonina,Antonina,2020-12-20,1092,0,29,0
Antonina,Antonina,2020-12-21,1098,6,29,0
Antonina,Antonina,2020-12-22,1098,0,31,2
Antonina,Antonina,2020-12-23,1098,0,31,0
Antonina,Antonina,2020-12-24,1100,2,31,0
Antonina,Antonina,2020-12-25,1111,11,31,0
Antonina,Antonina,2020-12-26,1111,0,32,1
Antonina,Antonina,2020-12-27,1111,0,32,0
Antonina,Antonina,2020-12-28,1129,18,32,0
Antonina,Antonina,2020-12-29,1129,0,32,0
Antonina,Antonina,2020-12-30,1130,1,32,0
Antonina,Antonina,2020-12-31,1132,2,32,0
Antonina,Antonina,2021-01-01,1132,0,32,0
Antonina,Antonina,2021-01-02,1171,39,32,0
Antonina,Antonina,2021-01-03,1175,4,32,0
Antonina,Antonina,2021-01-04,1176,1,32,0
Antonina,Antonina,2021-01-05,1177,1,32,0
Antonina,Antonina,2021-01-06,1178,1,33,1
Antonina,Antonina,2021-01-07,1260,82,34,1
Antonina,Antonina,2021-01-08,1260,0,34,0
Antonina,Antonina,2021-01-09,1311,51,34,0
Antonina,Antonina,2021-01-10,1312,1,34,0
Antonina,Antonina,2021-01-11,1312,0,34,0
Antonina,Antonina,2021-01-12,1348,36,34,0
Antonina,Antonina,2021-01-13,1341,-7,34,0
Antonina,Antonina,2021-01-14,1359,18,34,0
Antonina,Antonina,2021-01-15,1366,7,34,0
Antonina,Antonina,2021-01-16,1371,5,34,0
Antonina,Antonina,2021-01-17,1371,0,34,0
Antonina,Antonina,2021-01-18,1374,3,34,0
Antonina,Antonina,2021-01-19,1376,2,34,0
Antonina,Antonina,2021-01-20,1379,3,34,0
Antonina,Antonina,2021-01-21,1382,3,34,0
Antonina,Antonina,2021-01-22,1382,0,34,0
Antonina,Antonina,2021-01-23,1390,8,34,0
Antonina,Antonina,2021-01-24,1390,0,34,0
Antonina,Antonina,2021-01-25,1394,4,34,0
Antonina,Antonina,2021-01-26,1395,1,34,0
Antonina,Antonina,2021-01-27,1395,0,34,0
Antonina,Antonina,2021-01-28,1400,5,34,0
Antonina,Antonina,2021-01-29,1413,13,34,0
Antonina,Antonina,2021-01-30,1416,3,34,0
Antonina,Antonina,2021-01-31,1421,5,34,0
Antonina,Antonina,2021-02-01,1425,4,34,0
Antonina,Antonina,2021-02-02,1427,2,35,1
Antonina,Antonina,2021-02-03,1427,0,35,0
Antonina,Antonina,2021-02-04,1433,6,36,1
Antonina,Antonina,2021-02-05,1444,11,36,0
Antonina,Antonina,2021-02-06,1450,6,36,0
Antonina,Antonina,2021-02-07,1452,2,36,0
Antonina,Antonina,2021-02-08,1453,1,36,0
