city,city,date,cases,daily cases,deaths,daily deaths
Araguaçu,Araguaçu,2020-03-27,0,0,0,0
Araguaçu,Araguaçu,2020-03-28,0,0,0,0
Araguaçu,Araguaçu,2020-03-29,0,0,0,0
Araguaçu,Araguaçu,2020-03-30,0,0,0,0
Araguaçu,Araguaçu,2020-03-31,0,0,0,0
Araguaçu,Araguaçu,2020-04-01,0,0,0,0
Araguaçu,Araguaçu,2020-04-02,0,0,0,0
Araguaçu,Araguaçu,2020-04-03,0,0,0,0
Araguaçu,Araguaçu,2020-04-04,0,0,0,0
Araguaçu,Araguaçu,2020-04-05,0,0,0,0
Araguaçu,Araguaçu,2020-04-06,0,0,0,0
Araguaçu,Araguaçu,2020-04-07,0,0,0,0
Araguaçu,Araguaçu,2020-04-08,0,0,0,0
Araguaçu,Araguaçu,2020-04-09,0,0,0,0
Araguaçu,Araguaçu,2020-04-10,0,0,0,0
Araguaçu,Araguaçu,2020-04-11,0,0,0,0
Araguaçu,Araguaçu,2020-04-12,0,0,0,0
Araguaçu,Araguaçu,2020-04-13,0,0,0,0
Araguaçu,Araguaçu,2020-04-14,0,0,0,0
Araguaçu,Araguaçu,2020-04-15,0,0,0,0
Araguaçu,Araguaçu,2020-04-16,0,0,0,0
Araguaçu,Araguaçu,2020-04-17,0,0,0,0
Araguaçu,Araguaçu,2020-04-18,0,0,0,0
Araguaçu,Araguaçu,2020-04-19,0,0,0,0
Araguaçu,Araguaçu,2020-04-20,0,0,0,0
Araguaçu,Araguaçu,2020-04-21,0,0,0,0
Araguaçu,Araguaçu,2020-04-22,0,0,0,0
Araguaçu,Araguaçu,2020-04-23,0,0,0,0
Araguaçu,Araguaçu,2020-04-24,0,0,0,0
Araguaçu,Araguaçu,2020-04-25,0,0,0,0
Araguaçu,Araguaçu,2020-04-26,0,0,0,0
Araguaçu,Araguaçu,2020-04-27,0,0,0,0
Araguaçu,Araguaçu,2020-04-28,0,0,0,0
Araguaçu,Araguaçu,2020-04-29,0,0,0,0
Araguaçu,Araguaçu,2020-04-30,0,0,0,0
Araguaçu,Araguaçu,2020-05-01,0,0,0,0
Araguaçu,Araguaçu,2020-05-02,0,0,0,0
Araguaçu,Araguaçu,2020-05-03,0,0,0,0
Araguaçu,Araguaçu,2020-05-04,0,0,0,0
Araguaçu,Araguaçu,2020-05-05,0,0,0,0
Araguaçu,Araguaçu,2020-05-06,0,0,0,0
Araguaçu,Araguaçu,2020-05-07,0,0,0,0
Araguaçu,Araguaçu,2020-05-08,0,0,0,0
Araguaçu,Araguaçu,2020-05-09,0,0,0,0
Araguaçu,Araguaçu,2020-05-10,0,0,0,0
Araguaçu,Araguaçu,2020-05-11,0,0,0,0
Araguaçu,Araguaçu,2020-05-12,0,0,0,0
Araguaçu,Araguaçu,2020-05-13,0,0,0,0
Araguaçu,Araguaçu,2020-05-14,0,0,0,0
Araguaçu,Araguaçu,2020-05-15,0,0,0,0
Araguaçu,Araguaçu,2020-05-16,0,0,0,0
Araguaçu,Araguaçu,2020-05-17,1,1,0,0
Araguaçu,Araguaçu,2020-05-18,1,0,0,0
Araguaçu,Araguaçu,2020-05-19,1,0,0,0
Araguaçu,Araguaçu,2020-05-20,1,0,0,0
Araguaçu,Araguaçu,2020-05-21,1,0,0,0
Araguaçu,Araguaçu,2020-05-22,1,0,0,0
Araguaçu,Araguaçu,2020-05-23,2,1,0,0
Araguaçu,Araguaçu,2020-05-24,2,0,0,0
Araguaçu,Araguaçu,2020-05-25,2,0,1,1
Araguaçu,Araguaçu,2020-05-26,2,0,1,0
Araguaçu,Araguaçu,2020-05-27,2,0,1,0
Araguaçu,Araguaçu,2020-05-28,2,0,1,0
Araguaçu,Araguaçu,2020-05-29,2,0,1,0
Araguaçu,Araguaçu,2020-05-30,2,0,1,0
Araguaçu,Araguaçu,2020-05-31,2,0,1,0
Araguaçu,Araguaçu,2020-06-01,2,0,1,0
Araguaçu,Araguaçu,2020-06-02,4,2,1,0
Araguaçu,Araguaçu,2020-06-03,4,0,1,0
Araguaçu,Araguaçu,2020-06-04,4,0,1,0
Araguaçu,Araguaçu,2020-06-05,4,0,1,0
Araguaçu,Araguaçu,2020-06-06,4,0,1,0
Araguaçu,Araguaçu,2020-06-07,4,0,1,0
Araguaçu,Araguaçu,2020-06-08,4,0,1,0
Araguaçu,Araguaçu,2020-06-09,5,1,1,0
Araguaçu,Araguaçu,2020-06-10,5,0,1,0
Araguaçu,Araguaçu,2020-06-11,5,0,1,0
Araguaçu,Araguaçu,2020-06-12,5,0,1,0
Araguaçu,Araguaçu,2020-06-13,5,0,1,0
Araguaçu,Araguaçu,2020-06-14,5,0,1,0
Araguaçu,Araguaçu,2020-06-15,5,0,1,0
Araguaçu,Araguaçu,2020-06-16,5,0,1,0
Araguaçu,Araguaçu,2020-06-17,8,3,1,0
Araguaçu,Araguaçu,2020-06-18,8,0,1,0
Araguaçu,Araguaçu,2020-06-19,12,4,1,0
Araguaçu,Araguaçu,2020-06-20,12,0,1,0
Araguaçu,Araguaçu,2020-06-21,12,0,1,0
Araguaçu,Araguaçu,2020-06-22,13,1,1,0
Araguaçu,Araguaçu,2020-06-23,17,4,1,0
Araguaçu,Araguaçu,2020-06-24,22,5,1,0
Araguaçu,Araguaçu,2020-06-25,23,1,1,0
Araguaçu,Araguaçu,2020-06-26,34,11,1,0
Araguaçu,Araguaçu,2020-06-27,40,6,1,0
Araguaçu,Araguaçu,2020-06-28,41,1,1,0
Araguaçu,Araguaçu,2020-06-29,41,0,1,0
Araguaçu,Araguaçu,2020-06-30,47,6,1,0
Araguaçu,Araguaçu,2020-07-01,51,4,1,0
Araguaçu,Araguaçu,2020-07-02,54,3,1,0
Araguaçu,Araguaçu,2020-07-03,60,6,1,0
Araguaçu,Araguaçu,2020-07-04,63,3,1,0
Araguaçu,Araguaçu,2020-07-05,63,0,1,0
Araguaçu,Araguaçu,2020-07-06,63,0,1,0
Araguaçu,Araguaçu,2020-07-07,70,7,1,0
Araguaçu,Araguaçu,2020-07-08,102,32,1,0
Araguaçu,Araguaçu,2020-07-09,109,7,1,0
Araguaçu,Araguaçu,2020-07-10,115,6,1,0
Araguaçu,Araguaçu,2020-07-11,116,1,1,0
Araguaçu,Araguaçu,2020-07-12,116,0,1,0
Araguaçu,Araguaçu,2020-07-13,123,7,1,0
Araguaçu,Araguaçu,2020-07-14,130,7,1,0
Araguaçu,Araguaçu,2020-07-15,134,4,1,0
Araguaçu,Araguaçu,2020-07-16,141,7,1,0
Araguaçu,Araguaçu,2020-07-17,142,1,1,0
Araguaçu,Araguaçu,2020-07-18,143,1,2,1
Araguaçu,Araguaçu,2020-07-19,145,2,2,0
Araguaçu,Araguaçu,2020-07-20,145,0,2,0
Araguaçu,Araguaçu,2020-07-21,150,5,2,0
Araguaçu,Araguaçu,2020-07-22,154,4,3,1
Araguaçu,Araguaçu,2020-07-23,161,7,3,0
Araguaçu,Araguaçu,2020-07-24,161,0,3,0
Araguaçu,Araguaçu,2020-07-25,163,2,3,0
Araguaçu,Araguaçu,2020-07-26,163,0,3,0
Araguaçu,Araguaçu,2020-07-27,163,0,3,0
Araguaçu,Araguaçu,2020-07-28,167,4,4,1
Araguaçu,Araguaçu,2020-07-29,183,16,4,0
Araguaçu,Araguaçu,2020-07-30,213,30,4,0
Araguaçu,Araguaçu,2020-07-31,213,0,4,0
Araguaçu,Araguaçu,2020-08-01,213,0,4,0
Araguaçu,Araguaçu,2020-08-02,224,11,4,0
Araguaçu,Araguaçu,2020-08-03,224,0,4,0
Araguaçu,Araguaçu,2020-08-04,232,8,4,0
Araguaçu,Araguaçu,2020-08-05,237,5,4,0
Araguaçu,Araguaçu,2020-08-06,239,2,4,0
Araguaçu,Araguaçu,2020-08-07,241,2,4,0
Araguaçu,Araguaçu,2020-08-08,245,4,4,0
Araguaçu,Araguaçu,2020-08-09,245,0,4,0
Araguaçu,Araguaçu,2020-08-10,248,3,4,0
Araguaçu,Araguaçu,2020-08-11,252,4,4,0
Araguaçu,Araguaçu,2020-08-12,266,14,4,0
Araguaçu,Araguaçu,2020-08-13,272,6,4,0
Araguaçu,Araguaçu,2020-08-14,289,17,5,1
Araguaçu,Araguaçu,2020-08-15,309,20,5,0
Araguaçu,Araguaçu,2020-08-16,310,1,5,0
Araguaçu,Araguaçu,2020-08-17,310,0,5,0
Araguaçu,Araguaçu,2020-08-18,317,7,6,1
Araguaçu,Araguaçu,2020-08-19,324,7,6,0
Araguaçu,Araguaçu,2020-08-20,327,3,6,0
Araguaçu,Araguaçu,2020-08-21,333,6,6,0
Araguaçu,Araguaçu,2020-08-22,334,1,6,0
Araguaçu,Araguaçu,2020-08-23,346,12,6,0
Araguaçu,Araguaçu,2020-08-24,346,0,6,0
Araguaçu,Araguaçu,2020-08-25,349,3,6,0
Araguaçu,Araguaçu,2020-08-26,349,0,6,0
Araguaçu,Araguaçu,2020-08-27,356,7,6,0
Araguaçu,Araguaçu,2020-08-28,368,12,6,0
Araguaçu,Araguaçu,2020-08-29,375,7,6,0
Araguaçu,Araguaçu,2020-08-30,376,1,6,0
Araguaçu,Araguaçu,2020-08-31,376,0,6,0
Araguaçu,Araguaçu,2020-09-01,378,2,6,0
Araguaçu,Araguaçu,2020-09-02,379,1,7,1
Araguaçu,Araguaçu,2020-09-03,386,7,7,0
Araguaçu,Araguaçu,2020-09-04,394,8,7,0
Araguaçu,Araguaçu,2020-09-05,410,16,7,0
Araguaçu,Araguaçu,2020-09-06,410,0,7,0
Araguaçu,Araguaçu,2020-09-07,410,0,7,0
Araguaçu,Araguaçu,2020-09-08,410,0,7,0
Araguaçu,Araguaçu,2020-09-09,425,15,7,0
Araguaçu,Araguaçu,2020-09-10,434,9,7,0
Araguaçu,Araguaçu,2020-09-11,439,5,7,0
Araguaçu,Araguaçu,2020-09-12,441,2,7,0
Araguaçu,Araguaçu,2020-09-13,441,0,7,0
Araguaçu,Araguaçu,2020-09-14,442,1,7,0
Araguaçu,Araguaçu,2020-09-15,446,4,7,0
Araguaçu,Araguaçu,2020-09-16,448,2,7,0
Araguaçu,Araguaçu,2020-09-17,425,-23,7,0
Araguaçu,Araguaçu,2020-09-18,425,0,7,0
Araguaçu,Araguaçu,2020-09-19,431,6,7,0
Araguaçu,Araguaçu,2020-09-20,431,0,7,0
Araguaçu,Araguaçu,2020-09-21,432,1,7,0
Araguaçu,Araguaçu,2020-09-22,434,2,7,0
Araguaçu,Araguaçu,2020-09-23,436,2,7,0
Araguaçu,Araguaçu,2020-09-24,435,-1,7,0
Araguaçu,Araguaçu,2020-09-25,436,1,7,0
Araguaçu,Araguaçu,2020-09-26,443,7,7,0
Araguaçu,Araguaçu,2020-09-27,443,0,7,0
Araguaçu,Araguaçu,2020-09-28,443,0,7,0
Araguaçu,Araguaçu,2020-09-29,446,3,7,0
Araguaçu,Araguaçu,2020-09-30,448,2,7,0
Araguaçu,Araguaçu,2020-10-01,450,2,7,0
Araguaçu,Araguaçu,2020-10-02,450,0,7,0
Araguaçu,Araguaçu,2020-10-03,451,1,7,0
Araguaçu,Araguaçu,2020-10-04,451,0,7,0
Araguaçu,Araguaçu,2020-10-05,451,0,7,0
Araguaçu,Araguaçu,2020-10-06,451,0,7,0
Araguaçu,Araguaçu,2020-10-07,465,14,7,0
Araguaçu,Araguaçu,2020-10-08,466,1,7,0
Araguaçu,Araguaçu,2020-10-09,466,0,7,0
Araguaçu,Araguaçu,2020-10-10,466,0,7,0
Araguaçu,Araguaçu,2020-10-11,466,0,7,0
Araguaçu,Araguaçu,2020-10-12,466,0,7,0
Araguaçu,Araguaçu,2020-10-13,468,2,7,0
Araguaçu,Araguaçu,2020-10-14,475,7,7,0
Araguaçu,Araguaçu,2020-10-15,477,2,7,0
Araguaçu,Araguaçu,2020-10-16,481,4,7,0
Araguaçu,Araguaçu,2020-10-17,484,3,7,0
Araguaçu,Araguaçu,2020-10-18,484,0,7,0
Araguaçu,Araguaçu,2020-10-19,484,0,7,0
Araguaçu,Araguaçu,2020-10-20,491,7,7,0
Araguaçu,Araguaçu,2020-10-21,491,0,7,0
Araguaçu,Araguaçu,2020-10-22,490,-1,7,0
Araguaçu,Araguaçu,2020-10-23,492,2,7,0
Araguaçu,Araguaçu,2020-10-24,493,1,7,0
Araguaçu,Araguaçu,2020-10-25,493,0,7,0
Araguaçu,Araguaçu,2020-10-26,493,0,7,0
Araguaçu,Araguaçu,2020-10-27,494,1,7,0
Araguaçu,Araguaçu,2020-10-28,494,0,7,0
Araguaçu,Araguaçu,2020-10-29,494,0,7,0
Araguaçu,Araguaçu,2020-10-30,494,0,7,0
Araguaçu,Araguaçu,2020-10-31,494,0,7,0
Araguaçu,Araguaçu,2020-11-01,494,0,7,0
Araguaçu,Araguaçu,2020-11-02,494,0,7,0
Araguaçu,Araguaçu,2020-11-03,494,0,7,0
Araguaçu,Araguaçu,2020-11-04,495,1,7,0
Araguaçu,Araguaçu,2020-11-05,499,4,7,0
Araguaçu,Araguaçu,2020-11-06,504,5,7,0
Araguaçu,Araguaçu,2020-11-07,506,2,8,1
Araguaçu,Araguaçu,2020-11-08,506,0,8,0
Araguaçu,Araguaçu,2020-11-09,507,1,8,0
Araguaçu,Araguaçu,2020-11-10,510,3,8,0
Araguaçu,Araguaçu,2020-11-11,511,1,9,1
Araguaçu,Araguaçu,2020-11-12,517,6,9,0
Araguaçu,Araguaçu,2020-11-13,520,3,9,0
Araguaçu,Araguaçu,2020-11-14,527,7,9,0
Araguaçu,Araguaçu,2020-11-15,527,0,9,0
Araguaçu,Araguaçu,2020-11-16,527,0,9,0
Araguaçu,Araguaçu,2020-11-17,527,0,9,0
Araguaçu,Araguaçu,2020-11-18,527,0,9,0
Araguaçu,Araguaçu,2020-11-19,527,0,9,0
Araguaçu,Araguaçu,2020-11-20,530,3,9,0
Araguaçu,Araguaçu,2020-11-21,535,5,9,0
Araguaçu,Araguaçu,2020-11-22,535,0,9,0
Araguaçu,Araguaçu,2020-11-23,535,0,9,0
Araguaçu,Araguaçu,2020-11-24,538,3,9,0
Araguaçu,Araguaçu,2020-11-25,539,1,9,0
Araguaçu,Araguaçu,2020-11-26,537,-2,9,0
Araguaçu,Araguaçu,2020-11-27,539,2,9,0
Araguaçu,Araguaçu,2020-11-28,545,6,9,0
Araguaçu,Araguaçu,2020-11-29,545,0,9,0
Araguaçu,Araguaçu,2020-11-30,545,0,9,0
Araguaçu,Araguaçu,2020-12-01,546,1,9,0
Araguaçu,Araguaçu,2020-12-02,547,1,9,0
Araguaçu,Araguaçu,2020-12-03,548,1,9,0
Araguaçu,Araguaçu,2020-12-04,548,0,9,0
Araguaçu,Araguaçu,2020-12-05,548,0,9,0
Araguaçu,Araguaçu,2020-12-06,548,0,9,0
Araguaçu,Araguaçu,2020-12-07,548,0,9,0
Araguaçu,Araguaçu,2020-12-08,551,3,9,0
Araguaçu,Araguaçu,2020-12-09,551,0,9,0
Araguaçu,Araguaçu,2020-12-10,551,0,9,0
Araguaçu,Araguaçu,2020-12-11,551,0,9,0
Araguaçu,Araguaçu,2020-12-12,552,1,9,0
Araguaçu,Araguaçu,2020-12-13,552,0,9,0
Araguaçu,Araguaçu,2020-12-14,552,0,9,0
Araguaçu,Araguaçu,2020-12-15,552,0,9,0
Araguaçu,Araguaçu,2020-12-16,552,0,9,0
Araguaçu,Araguaçu,2020-12-17,552,0,9,0
Araguaçu,Araguaçu,2020-12-18,552,0,9,0
Araguaçu,Araguaçu,2020-12-19,552,0,9,0
Araguaçu,Araguaçu,2020-12-20,552,0,9,0
Araguaçu,Araguaçu,2020-12-21,552,0,9,0
Araguaçu,Araguaçu,2020-12-22,552,0,9,0
Araguaçu,Araguaçu,2020-12-23,552,0,9,0
Araguaçu,Araguaçu,2020-12-24,554,2,9,0
Araguaçu,Araguaçu,2020-12-25,554,0,9,0
Araguaçu,Araguaçu,2020-12-26,554,0,9,0
Araguaçu,Araguaçu,2020-12-27,554,0,9,0
Araguaçu,Araguaçu,2020-12-28,554,0,9,0
Araguaçu,Araguaçu,2020-12-29,555,1,9,0
Araguaçu,Araguaçu,2020-12-30,555,0,9,0
Araguaçu,Araguaçu,2020-12-31,556,1,9,0
Araguaçu,Araguaçu,2021-01-01,556,0,9,0
Araguaçu,Araguaçu,2021-01-02,556,0,9,0
Araguaçu,Araguaçu,2021-01-03,556,0,9,0
Araguaçu,Araguaçu,2021-01-04,556,0,9,0
Araguaçu,Araguaçu,2021-01-05,556,0,9,0
Araguaçu,Araguaçu,2021-01-06,556,0,9,0
Araguaçu,Araguaçu,2021-01-07,557,1,9,0
Araguaçu,Araguaçu,2021-01-08,557,0,9,0
Araguaçu,Araguaçu,2021-01-09,568,11,9,0
Araguaçu,Araguaçu,2021-01-10,568,0,9,0
Araguaçu,Araguaçu,2021-01-11,568,0,9,0
Araguaçu,Araguaçu,2021-01-12,574,6,9,0
Araguaçu,Araguaçu,2021-01-13,575,1,9,0
Araguaçu,Araguaçu,2021-01-14,577,2,9,0
Araguaçu,Araguaçu,2021-01-15,577,0,9,0
Araguaçu,Araguaçu,2021-01-16,582,5,9,0
Araguaçu,Araguaçu,2021-01-17,582,0,9,0
Araguaçu,Araguaçu,2021-01-18,592,10,9,0
Araguaçu,Araguaçu,2021-01-19,598,6,9,0
Araguaçu,Araguaçu,2021-01-20,597,-1,9,0
Araguaçu,Araguaçu,2021-01-21,598,1,9,0
Araguaçu,Araguaçu,2021-01-22,598,0,9,0
Araguaçu,Araguaçu,2021-01-23,600,2,9,0
Araguaçu,Araguaçu,2021-01-24,601,1,10,1
Araguaçu,Araguaçu,2021-01-25,601,0,10,0
Araguaçu,Araguaçu,2021-01-26,608,7,10,0
Araguaçu,Araguaçu,2021-01-27,608,0,10,0
Araguaçu,Araguaçu,2021-01-28,612,4,10,0
Araguaçu,Araguaçu,2021-01-29,618,6,10,0
Araguaçu,Araguaçu,2021-01-30,620,2,10,0
Araguaçu,Araguaçu,2021-01-31,620,0,10,0
Araguaçu,Araguaçu,2021-02-01,621,1,10,0
Araguaçu,Araguaçu,2021-02-02,623,2,10,0
Araguaçu,Araguaçu,2021-02-03,625,2,11,1
Araguaçu,Araguaçu,2021-02-04,626,1,11,0
Araguaçu,Araguaçu,2021-02-05,630,4,12,1
Araguaçu,Araguaçu,2021-02-06,635,5,12,0
Araguaçu,Araguaçu,2021-02-07,634,-1,12,0
Araguaçu,Araguaçu,2021-02-08,634,0,12,0
