city,city,date,cases,daily cases,deaths,daily deaths
Araguatins,Araguatins,2020-03-27,0,0,0,0
Araguatins,Araguatins,2020-03-28,0,0,0,0
Araguatins,Araguatins,2020-03-29,0,0,0,0
Araguatins,Araguatins,2020-03-30,0,0,0,0
Araguatins,Araguatins,2020-03-31,0,0,0,0
Araguatins,Araguatins,2020-04-01,0,0,0,0
Araguatins,Araguatins,2020-04-02,0,0,0,0
Araguatins,Araguatins,2020-04-03,0,0,0,0
Araguatins,Araguatins,2020-04-04,0,0,0,0
Araguatins,Araguatins,2020-04-05,0,0,0,0
Araguatins,Araguatins,2020-04-06,0,0,0,0
Araguatins,Araguatins,2020-04-07,0,0,0,0
Araguatins,Araguatins,2020-04-08,0,0,0,0
Araguatins,Araguatins,2020-04-09,0,0,0,0
Araguatins,Araguatins,2020-04-10,0,0,0,0
Araguatins,Araguatins,2020-04-11,0,0,0,0
Araguatins,Araguatins,2020-04-12,0,0,0,0
Araguatins,Araguatins,2020-04-13,0,0,0,0
Araguatins,Araguatins,2020-04-14,0,0,0,0
Araguatins,Araguatins,2020-04-15,0,0,0,0
Araguatins,Araguatins,2020-04-16,0,0,0,0
Araguatins,Araguatins,2020-04-17,0,0,0,0
Araguatins,Araguatins,2020-04-18,0,0,0,0
Araguatins,Araguatins,2020-04-19,0,0,0,0
Araguatins,Araguatins,2020-04-20,0,0,0,0
Araguatins,Araguatins,2020-04-21,0,0,0,0
Araguatins,Araguatins,2020-04-22,0,0,0,0
Araguatins,Araguatins,2020-04-23,0,0,0,0
Araguatins,Araguatins,2020-04-24,0,0,0,0
Araguatins,Araguatins,2020-04-25,0,0,0,0
Araguatins,Araguatins,2020-04-26,0,0,0,0
Araguatins,Araguatins,2020-04-27,0,0,0,0
Araguatins,Araguatins,2020-04-28,0,0,0,0
Araguatins,Araguatins,2020-04-29,0,0,0,0
Araguatins,Araguatins,2020-04-30,0,0,0,0
Araguatins,Araguatins,2020-05-01,0,0,0,0
Araguatins,Araguatins,2020-05-02,1,1,0,0
Araguatins,Araguatins,2020-05-03,0,-1,0,0
Araguatins,Araguatins,2020-05-04,1,1,0,0
Araguatins,Araguatins,2020-05-05,1,0,0,0
Araguatins,Araguatins,2020-05-06,2,1,0,0
Araguatins,Araguatins,2020-05-07,3,1,0,0
Araguatins,Araguatins,2020-05-08,7,4,0,0
Araguatins,Araguatins,2020-05-09,7,0,0,0
Araguatins,Araguatins,2020-05-10,15,8,0,0
Araguatins,Araguatins,2020-05-11,15,0,0,0
Araguatins,Araguatins,2020-05-12,19,4,1,1
Araguatins,Araguatins,2020-05-13,18,-1,1,0
Araguatins,Araguatins,2020-05-14,19,1,1,0
Araguatins,Araguatins,2020-05-15,25,6,1,0
Araguatins,Araguatins,2020-05-16,25,0,2,1
Araguatins,Araguatins,2020-05-17,29,4,3,1
Araguatins,Araguatins,2020-05-18,30,1,4,1
Araguatins,Araguatins,2020-05-19,32,2,7,3
Araguatins,Araguatins,2020-05-20,32,0,7,0
Araguatins,Araguatins,2020-05-21,36,4,8,1
Araguatins,Araguatins,2020-05-22,37,1,8,0
Araguatins,Araguatins,2020-05-23,39,2,8,0
Araguatins,Araguatins,2020-05-24,41,2,8,0
Araguatins,Araguatins,2020-05-25,46,5,9,1
Araguatins,Araguatins,2020-05-26,45,-1,9,0
Araguatins,Araguatins,2020-05-27,45,0,9,0
Araguatins,Araguatins,2020-05-28,60,15,9,0
Araguatins,Araguatins,2020-05-29,63,3,10,1
Araguatins,Araguatins,2020-05-30,68,5,10,0
Araguatins,Araguatins,2020-05-31,73,5,11,1
Araguatins,Araguatins,2020-06-01,74,1,11,0
Araguatins,Araguatins,2020-06-02,76,2,11,0
Araguatins,Araguatins,2020-06-03,80,4,12,1
Araguatins,Araguatins,2020-06-04,82,2,12,0
Araguatins,Araguatins,2020-06-05,97,15,13,1
Araguatins,Araguatins,2020-06-06,97,0,13,0
Araguatins,Araguatins,2020-06-07,97,0,13,0
Araguatins,Araguatins,2020-06-08,112,15,13,0
Araguatins,Araguatins,2020-06-09,113,1,14,1
Araguatins,Araguatins,2020-06-10,113,0,14,0
Araguatins,Araguatins,2020-06-11,114,1,14,0
Araguatins,Araguatins,2020-06-12,117,3,14,0
Araguatins,Araguatins,2020-06-13,118,1,14,0
Araguatins,Araguatins,2020-06-14,118,0,14,0
Araguatins,Araguatins,2020-06-15,118,0,14,0
Araguatins,Araguatins,2020-06-16,121,3,14,0
Araguatins,Araguatins,2020-06-17,132,11,16,2
Araguatins,Araguatins,2020-06-18,140,8,16,0
Araguatins,Araguatins,2020-06-19,142,2,16,0
Araguatins,Araguatins,2020-06-20,154,12,16,0
Araguatins,Araguatins,2020-06-21,155,1,16,0
Araguatins,Araguatins,2020-06-22,155,0,16,0
Araguatins,Araguatins,2020-06-23,168,13,16,0
Araguatins,Araguatins,2020-06-24,177,9,16,0
Araguatins,Araguatins,2020-06-25,184,7,16,0
Araguatins,Araguatins,2020-06-26,188,4,16,0
Araguatins,Araguatins,2020-06-27,194,6,16,0
Araguatins,Araguatins,2020-06-28,194,0,16,0
Araguatins,Araguatins,2020-06-29,198,4,16,0
Araguatins,Araguatins,2020-06-30,203,5,16,0
Araguatins,Araguatins,2020-07-01,215,12,16,0
Araguatins,Araguatins,2020-07-02,218,3,16,0
Araguatins,Araguatins,2020-07-03,224,6,16,0
Araguatins,Araguatins,2020-07-04,228,4,16,0
Araguatins,Araguatins,2020-07-05,228,0,16,0
Araguatins,Araguatins,2020-07-06,228,0,16,0
Araguatins,Araguatins,2020-07-07,234,6,16,0
Araguatins,Araguatins,2020-07-08,238,4,16,0
Araguatins,Araguatins,2020-07-09,245,7,17,1
Araguatins,Araguatins,2020-07-10,256,11,17,0
Araguatins,Araguatins,2020-07-11,263,7,17,0
Araguatins,Araguatins,2020-07-12,265,2,17,0
Araguatins,Araguatins,2020-07-13,271,6,17,0
Araguatins,Araguatins,2020-07-14,273,2,18,1
Araguatins,Araguatins,2020-07-15,271,-2,18,0
Araguatins,Araguatins,2020-07-16,276,5,18,0
Araguatins,Araguatins,2020-07-17,276,0,18,0
Araguatins,Araguatins,2020-07-18,278,2,18,0
Araguatins,Araguatins,2020-07-19,281,3,18,0
Araguatins,Araguatins,2020-07-20,281,0,19,1
Araguatins,Araguatins,2020-07-21,282,1,19,0
Araguatins,Araguatins,2020-07-22,282,0,19,0
Araguatins,Araguatins,2020-07-23,282,0,19,0
Araguatins,Araguatins,2020-07-24,296,14,19,0
Araguatins,Araguatins,2020-07-25,313,17,19,0
Araguatins,Araguatins,2020-07-26,322,9,19,0
Araguatins,Araguatins,2020-07-27,322,0,19,0
Araguatins,Araguatins,2020-07-28,325,3,19,0
Araguatins,Araguatins,2020-07-29,326,1,19,0
Araguatins,Araguatins,2020-07-30,348,22,19,0
Araguatins,Araguatins,2020-07-31,348,0,19,0
Araguatins,Araguatins,2020-08-01,349,1,19,0
Araguatins,Araguatins,2020-08-02,358,9,19,0
Araguatins,Araguatins,2020-08-03,370,12,19,0
Araguatins,Araguatins,2020-08-04,383,13,19,0
Araguatins,Araguatins,2020-08-05,391,8,19,0
Araguatins,Araguatins,2020-08-06,395,4,19,0
Araguatins,Araguatins,2020-08-07,402,7,19,0
Araguatins,Araguatins,2020-08-08,437,35,19,0
Araguatins,Araguatins,2020-08-09,437,0,19,0
Araguatins,Araguatins,2020-08-10,439,2,19,0
Araguatins,Araguatins,2020-08-11,453,14,19,0
Araguatins,Araguatins,2020-08-12,465,12,19,0
Araguatins,Araguatins,2020-08-13,474,9,20,1
Araguatins,Araguatins,2020-08-14,508,34,21,1
Araguatins,Araguatins,2020-08-15,521,13,21,0
Araguatins,Araguatins,2020-08-16,526,5,21,0
Araguatins,Araguatins,2020-08-17,528,2,21,0
Araguatins,Araguatins,2020-08-18,553,25,21,0
Araguatins,Araguatins,2020-08-19,574,21,21,0
Araguatins,Araguatins,2020-08-20,585,11,21,0
Araguatins,Araguatins,2020-08-21,603,18,22,1
Araguatins,Araguatins,2020-08-22,609,6,23,1
Araguatins,Araguatins,2020-08-23,621,12,23,0
Araguatins,Araguatins,2020-08-24,623,2,23,0
Araguatins,Araguatins,2020-08-25,649,26,23,0
Araguatins,Araguatins,2020-08-26,656,7,23,0
Araguatins,Araguatins,2020-08-27,666,10,23,0
Araguatins,Araguatins,2020-08-28,673,7,23,0
Araguatins,Araguatins,2020-08-29,685,12,23,0
Araguatins,Araguatins,2020-08-30,686,1,23,0
Araguatins,Araguatins,2020-08-31,687,1,23,0
Araguatins,Araguatins,2020-09-01,698,11,23,0
Araguatins,Araguatins,2020-09-02,706,8,23,0
Araguatins,Araguatins,2020-09-03,728,22,23,0
Araguatins,Araguatins,2020-09-04,740,12,23,0
Araguatins,Araguatins,2020-09-05,746,6,23,0
Araguatins,Araguatins,2020-09-06,754,8,23,0
Araguatins,Araguatins,2020-09-07,755,1,23,0
Araguatins,Araguatins,2020-09-08,759,4,23,0
Araguatins,Araguatins,2020-09-09,765,6,23,0
Araguatins,Araguatins,2020-09-10,789,24,23,0
Araguatins,Araguatins,2020-09-11,797,8,23,0
Araguatins,Araguatins,2020-09-12,798,1,23,0
Araguatins,Araguatins,2020-09-13,800,2,23,0
Araguatins,Araguatins,2020-09-14,800,0,23,0
Araguatins,Araguatins,2020-09-15,822,22,23,0
Araguatins,Araguatins,2020-09-16,826,4,23,0
Araguatins,Araguatins,2020-09-17,837,11,23,0
Araguatins,Araguatins,2020-09-18,849,12,24,1
Araguatins,Araguatins,2020-09-19,852,3,24,0
Araguatins,Araguatins,2020-09-20,854,2,24,0
Araguatins,Araguatins,2020-09-21,856,2,24,0
Araguatins,Araguatins,2020-09-22,860,4,24,0
Araguatins,Araguatins,2020-09-23,872,12,25,1
Araguatins,Araguatins,2020-09-24,877,5,25,0
Araguatins,Araguatins,2020-09-25,878,1,25,0
Araguatins,Araguatins,2020-09-26,886,8,25,0
Araguatins,Araguatins,2020-09-27,888,2,25,0
Araguatins,Araguatins,2020-09-28,888,0,25,0
Araguatins,Araguatins,2020-09-29,892,4,25,0
Araguatins,Araguatins,2020-09-30,896,4,27,2
Araguatins,Araguatins,2020-10-01,901,5,27,0
Araguatins,Araguatins,2020-10-02,905,4,27,0
Araguatins,Araguatins,2020-10-03,935,30,27,0
Araguatins,Araguatins,2020-10-04,935,0,27,0
Araguatins,Araguatins,2020-10-05,936,1,27,0
Araguatins,Araguatins,2020-10-06,937,1,27,0
Araguatins,Araguatins,2020-10-07,954,17,27,0
Araguatins,Araguatins,2020-10-08,955,1,27,0
Araguatins,Araguatins,2020-10-09,958,3,27,0
Araguatins,Araguatins,2020-10-10,958,0,27,0
Araguatins,Araguatins,2020-10-11,959,1,27,0
Araguatins,Araguatins,2020-10-12,959,0,27,0
Araguatins,Araguatins,2020-10-13,961,2,27,0
Araguatins,Araguatins,2020-10-14,962,1,27,0
Araguatins,Araguatins,2020-10-15,961,-1,27,0
Araguatins,Araguatins,2020-10-16,966,5,27,0
Araguatins,Araguatins,2020-10-17,968,2,27,0
Araguatins,Araguatins,2020-10-18,968,0,27,0
Araguatins,Araguatins,2020-10-19,972,4,27,0
Araguatins,Araguatins,2020-10-20,975,3,27,0
Araguatins,Araguatins,2020-10-21,978,3,27,0
Araguatins,Araguatins,2020-10-22,979,1,27,0
Araguatins,Araguatins,2020-10-23,984,5,27,0
Araguatins,Araguatins,2020-10-24,987,3,27,0
Araguatins,Araguatins,2020-10-25,986,-1,27,0
Araguatins,Araguatins,2020-10-26,986,0,27,0
Araguatins,Araguatins,2020-10-27,990,4,27,0
Araguatins,Araguatins,2020-10-28,990,0,27,0
Araguatins,Araguatins,2020-10-29,992,2,27,0
Araguatins,Araguatins,2020-10-30,993,1,27,0
Araguatins,Araguatins,2020-10-31,995,2,27,0
Araguatins,Araguatins,2020-11-01,995,0,27,0
Araguatins,Araguatins,2020-11-02,996,1,27,0
Araguatins,Araguatins,2020-11-03,996,0,27,0
Araguatins,Araguatins,2020-11-04,996,0,27,0
Araguatins,Araguatins,2020-11-05,996,0,27,0
Araguatins,Araguatins,2020-11-06,999,3,27,0
Araguatins,Araguatins,2020-11-07,999,0,27,0
Araguatins,Araguatins,2020-11-08,999,0,27,0
Araguatins,Araguatins,2020-11-09,999,0,27,0
Araguatins,Araguatins,2020-11-10,1004,5,27,0
Araguatins,Araguatins,2020-11-11,1004,0,27,0
Araguatins,Araguatins,2020-11-12,1011,7,27,0
Araguatins,Araguatins,2020-11-13,1013,2,28,1
Araguatins,Araguatins,2020-11-14,1015,2,28,0
Araguatins,Araguatins,2020-11-15,1016,1,29,1
Araguatins,Araguatins,2020-11-16,1016,0,29,0
Araguatins,Araguatins,2020-11-17,1017,1,29,0
Araguatins,Araguatins,2020-11-18,1020,3,29,0
Araguatins,Araguatins,2020-11-19,1021,1,29,0
Araguatins,Araguatins,2020-11-20,1025,4,29,0
Araguatins,Araguatins,2020-11-21,1025,0,29,0
Araguatins,Araguatins,2020-11-22,1025,0,29,0
Araguatins,Araguatins,2020-11-23,1025,0,29,0
Araguatins,Araguatins,2020-11-24,1033,8,29,0
Araguatins,Araguatins,2020-11-25,1034,1,30,1
Araguatins,Araguatins,2020-11-26,1034,0,30,0
Araguatins,Araguatins,2020-11-27,1039,5,30,0
Araguatins,Araguatins,2020-11-28,1041,2,30,0
Araguatins,Araguatins,2020-11-29,1042,1,30,0
Araguatins,Araguatins,2020-11-30,1042,0,30,0
Araguatins,Araguatins,2020-12-01,1053,11,30,0
Araguatins,Araguatins,2020-12-02,1056,3,30,0
Araguatins,Araguatins,2020-12-03,1059,3,30,0
Araguatins,Araguatins,2020-12-04,1065,6,30,0
Araguatins,Araguatins,2020-12-05,1065,0,30,0
Araguatins,Araguatins,2020-12-06,1065,0,30,0
Araguatins,Araguatins,2020-12-07,1065,0,30,0
Araguatins,Araguatins,2020-12-08,1069,4,30,0
Araguatins,Araguatins,2020-12-09,1069,0,30,0
Araguatins,Araguatins,2020-12-10,1069,0,30,0
Araguatins,Araguatins,2020-12-11,1072,3,30,0
Araguatins,Araguatins,2020-12-12,1072,0,30,0
Araguatins,Araguatins,2020-12-13,1072,0,30,0
Araguatins,Araguatins,2020-12-14,1078,6,30,0
Araguatins,Araguatins,2020-12-15,1080,2,30,0
Araguatins,Araguatins,2020-12-16,1083,3,30,0
Araguatins,Araguatins,2020-12-17,1083,0,30,0
Araguatins,Araguatins,2020-12-18,1093,10,30,0
Araguatins,Araguatins,2020-12-19,1095,2,30,0
Araguatins,Araguatins,2020-12-20,1095,0,30,0
Araguatins,Araguatins,2020-12-21,1095,0,30,0
Araguatins,Araguatins,2020-12-22,1113,18,30,0
Araguatins,Araguatins,2020-12-23,1114,1,30,0
Araguatins,Araguatins,2020-12-24,1114,0,30,0
Araguatins,Araguatins,2020-12-25,1114,0,30,0
Araguatins,Araguatins,2020-12-26,1114,0,30,0
Araguatins,Araguatins,2020-12-27,1115,1,30,0
Araguatins,Araguatins,2020-12-28,1115,0,30,0
Araguatins,Araguatins,2020-12-29,1126,11,30,0
Araguatins,Araguatins,2020-12-30,1126,0,30,0
Araguatins,Araguatins,2020-12-31,1127,1,30,0
Araguatins,Araguatins,2021-01-01,1127,0,30,0
Araguatins,Araguatins,2021-01-02,1127,0,30,0
Araguatins,Araguatins,2021-01-03,1127,0,30,0
Araguatins,Araguatins,2021-01-04,1127,0,30,0
Araguatins,Araguatins,2021-01-05,1129,2,30,0
Araguatins,Araguatins,2021-01-06,1130,1,30,0
Araguatins,Araguatins,2021-01-07,1130,0,30,0
Araguatins,Araguatins,2021-01-08,1130,0,30,0
Araguatins,Araguatins,2021-01-09,1130,0,30,0
Araguatins,Araguatins,2021-01-10,1130,0,30,0
Araguatins,Araguatins,2021-01-11,1130,0,30,0
Araguatins,Araguatins,2021-01-12,1131,1,30,0
Araguatins,Araguatins,2021-01-13,1136,5,30,0
Araguatins,Araguatins,2021-01-14,1141,5,30,0
Araguatins,Araguatins,2021-01-15,1144,3,30,0
Araguatins,Araguatins,2021-01-16,1148,4,31,1
Araguatins,Araguatins,2021-01-17,1148,0,31,0
Araguatins,Araguatins,2021-01-18,1148,0,31,0
Araguatins,Araguatins,2021-01-19,1156,8,31,0
Araguatins,Araguatins,2021-01-20,1159,3,31,0
Araguatins,Araguatins,2021-01-21,1161,2,31,0
Araguatins,Araguatins,2021-01-22,1163,2,31,0
Araguatins,Araguatins,2021-01-23,1178,15,31,0
Araguatins,Araguatins,2021-01-24,1178,0,31,0
Araguatins,Araguatins,2021-01-25,1178,0,31,0
Araguatins,Araguatins,2021-01-26,1189,11,31,0
Araguatins,Araguatins,2021-01-27,1190,1,31,0
Araguatins,Araguatins,2021-01-28,1190,0,31,0
Araguatins,Araguatins,2021-01-29,1190,0,31,0
Araguatins,Araguatins,2021-01-30,1208,18,31,0
Araguatins,Araguatins,2021-01-31,1208,0,31,0
Araguatins,Araguatins,2021-02-01,1208,0,31,0
Araguatins,Araguatins,2021-02-02,1219,11,31,0
Araguatins,Araguatins,2021-02-03,1222,3,31,0
Araguatins,Araguatins,2021-02-04,1226,4,31,0
Araguatins,Araguatins,2021-02-05,1227,1,32,1
Araguatins,Araguatins,2021-02-06,1235,8,32,0
Araguatins,Araguatins,2021-02-07,1235,0,32,0
Araguatins,Araguatins,2021-02-08,1236,1,33,1
