city,city,date,cases,daily cases,deaths,daily deaths
Arari,Arari,2020-03-27,0,0,0,0
Arari,Arari,2020-03-28,0,0,0,0
Arari,Arari,2020-03-29,0,0,0,0
Arari,Arari,2020-03-30,0,0,0,0
Arari,Arari,2020-03-31,0,0,0,0
Arari,Arari,2020-04-01,0,0,0,0
Arari,Arari,2020-04-02,0,0,0,0
Arari,Arari,2020-04-03,0,0,0,0
Arari,Arari,2020-04-04,0,0,0,0
Arari,Arari,2020-04-05,0,0,0,0
Arari,Arari,2020-04-06,0,0,0,0
Arari,Arari,2020-04-07,0,0,0,0
Arari,Arari,2020-04-08,0,0,0,0
Arari,Arari,2020-04-09,0,0,0,0
Arari,Arari,2020-04-10,0,0,0,0
Arari,Arari,2020-04-11,0,0,0,0
Arari,Arari,2020-04-12,0,0,0,0
Arari,Arari,2020-04-13,0,0,0,0
Arari,Arari,2020-04-14,0,0,0,0
Arari,Arari,2020-04-15,0,0,0,0
Arari,Arari,2020-04-16,0,0,0,0
Arari,Arari,2020-04-17,0,0,0,0
Arari,Arari,2020-04-18,0,0,0,0
Arari,Arari,2020-04-19,1,1,0,0
Arari,Arari,2020-04-20,1,0,0,0
Arari,Arari,2020-04-21,3,2,0,0
Arari,Arari,2020-04-22,3,0,0,0
Arari,Arari,2020-04-23,3,0,0,0
Arari,Arari,2020-04-24,3,0,1,1
Arari,Arari,2020-04-25,3,0,1,0
Arari,Arari,2020-04-26,3,0,1,0
Arari,Arari,2020-04-27,3,0,1,0
Arari,Arari,2020-04-28,3,0,1,0
Arari,Arari,2020-04-29,3,0,1,0
Arari,Arari,2020-04-30,8,5,1,0
Arari,Arari,2020-05-01,14,6,1,0
Arari,Arari,2020-05-02,14,0,1,0
Arari,Arari,2020-05-03,14,0,1,0
Arari,Arari,2020-05-04,17,3,1,0
Arari,Arari,2020-05-05,19,2,1,0
Arari,Arari,2020-05-06,20,1,1,0
Arari,Arari,2020-05-07,20,0,1,0
Arari,Arari,2020-05-08,20,0,1,0
Arari,Arari,2020-05-09,20,0,1,0
Arari,Arari,2020-05-10,23,3,1,0
Arari,Arari,2020-05-11,28,5,1,0
Arari,Arari,2020-05-12,28,0,1,0
Arari,Arari,2020-05-13,31,3,1,0
Arari,Arari,2020-05-14,31,0,1,0
Arari,Arari,2020-05-15,32,1,1,0
Arari,Arari,2020-05-16,35,3,1,0
Arari,Arari,2020-05-17,36,1,1,0
Arari,Arari,2020-05-18,36,0,1,0
Arari,Arari,2020-05-19,37,1,1,0
Arari,Arari,2020-05-20,38,1,1,0
Arari,Arari,2020-05-21,51,13,1,0
Arari,Arari,2020-05-22,51,0,1,0
Arari,Arari,2020-05-23,51,0,1,0
Arari,Arari,2020-05-24,54,3,2,1
Arari,Arari,2020-05-25,54,0,2,0
Arari,Arari,2020-05-26,54,0,2,0
Arari,Arari,2020-05-27,54,0,2,0
Arari,Arari,2020-05-28,54,0,2,0
Arari,Arari,2020-05-29,54,0,2,0
Arari,Arari,2020-05-30,55,1,2,0
Arari,Arari,2020-05-31,56,1,2,0
Arari,Arari,2020-06-01,56,0,2,0
Arari,Arari,2020-06-02,57,1,2,0
Arari,Arari,2020-06-03,58,1,2,0
Arari,Arari,2020-06-04,58,0,2,0
Arari,Arari,2020-06-05,73,15,2,0
Arari,Arari,2020-06-06,92,19,2,0
Arari,Arari,2020-06-07,92,0,2,0
Arari,Arari,2020-06-08,136,44,2,0
Arari,Arari,2020-06-09,136,0,2,0
Arari,Arari,2020-06-10,137,1,2,0
Arari,Arari,2020-06-11,138,1,2,0
Arari,Arari,2020-06-12,138,0,2,0
Arari,Arari,2020-06-13,138,0,2,0
Arari,Arari,2020-06-14,138,0,2,0
Arari,Arari,2020-06-15,138,0,2,0
Arari,Arari,2020-06-16,139,1,2,0
Arari,Arari,2020-06-17,139,0,2,0
Arari,Arari,2020-06-18,139,0,2,0
Arari,Arari,2020-06-19,139,0,2,0
Arari,Arari,2020-06-20,140,1,2,0
Arari,Arari,2020-06-21,140,0,2,0
Arari,Arari,2020-06-22,141,1,2,0
Arari,Arari,2020-06-23,141,0,3,1
Arari,Arari,2020-06-24,141,0,3,0
Arari,Arari,2020-06-25,148,7,3,0
Arari,Arari,2020-06-26,147,-1,3,0
Arari,Arari,2020-06-27,148,1,3,0
Arari,Arari,2020-06-28,149,1,3,0
Arari,Arari,2020-06-29,149,0,3,0
Arari,Arari,2020-06-30,149,0,3,0
Arari,Arari,2020-07-01,150,1,4,1
Arari,Arari,2020-07-02,151,1,4,0
Arari,Arari,2020-07-03,152,1,4,0
Arari,Arari,2020-07-04,152,0,4,0
Arari,Arari,2020-07-05,154,2,4,0
Arari,Arari,2020-07-06,162,8,4,0
Arari,Arari,2020-07-07,163,1,4,0
Arari,Arari,2020-07-08,163,0,4,0
Arari,Arari,2020-07-09,163,0,4,0
Arari,Arari,2020-07-10,163,0,4,0
Arari,Arari,2020-07-11,163,0,4,0
Arari,Arari,2020-07-12,163,0,4,0
Arari,Arari,2020-07-13,163,0,4,0
Arari,Arari,2020-07-14,175,12,4,0
Arari,Arari,2020-07-15,177,2,4,0
Arari,Arari,2020-07-16,179,2,6,2
Arari,Arari,2020-07-17,184,5,6,0
Arari,Arari,2020-07-18,185,1,6,0
Arari,Arari,2020-07-19,185,0,6,0
Arari,Arari,2020-07-20,186,1,6,0
Arari,Arari,2020-07-21,186,0,6,0
Arari,Arari,2020-07-22,186,0,6,0
Arari,Arari,2020-07-23,190,4,6,0
Arari,Arari,2020-07-24,191,1,6,0
Arari,Arari,2020-07-25,191,0,6,0
Arari,Arari,2020-07-26,193,2,6,0
Arari,Arari,2020-07-27,193,0,6,0
Arari,Arari,2020-07-28,193,0,6,0
Arari,Arari,2020-07-29,193,0,6,0
Arari,Arari,2020-07-30,193,0,6,0
Arari,Arari,2020-07-31,194,1,6,0
Arari,Arari,2020-08-01,194,0,6,0
Arari,Arari,2020-08-02,194,0,6,0
Arari,Arari,2020-08-03,194,0,7,1
Arari,Arari,2020-08-04,194,0,7,0
Arari,Arari,2020-08-05,194,0,7,0
Arari,Arari,2020-08-06,194,0,7,0
Arari,Arari,2020-08-07,194,0,7,0
Arari,Arari,2020-08-08,194,0,7,0
Arari,Arari,2020-08-09,194,0,7,0
Arari,Arari,2020-08-10,194,0,7,0
Arari,Arari,2020-08-11,194,0,7,0
Arari,Arari,2020-08-12,194,0,7,0
Arari,Arari,2020-08-13,194,0,7,0
Arari,Arari,2020-08-14,194,0,7,0
Arari,Arari,2020-08-15,194,0,7,0
Arari,Arari,2020-08-16,195,1,7,0
Arari,Arari,2020-08-17,195,0,7,0
Arari,Arari,2020-08-18,195,0,7,0
Arari,Arari,2020-08-19,195,0,7,0
Arari,Arari,2020-08-20,195,0,7,0
Arari,Arari,2020-08-21,195,0,7,0
Arari,Arari,2020-08-22,195,0,7,0
Arari,Arari,2020-08-23,195,0,7,0
Arari,Arari,2020-08-24,195,0,7,0
Arari,Arari,2020-08-25,195,0,7,0
Arari,Arari,2020-08-26,196,1,8,1
Arari,Arari,2020-08-27,197,1,9,1
Arari,Arari,2020-08-28,197,0,9,0
Arari,Arari,2020-08-29,197,0,9,0
Arari,Arari,2020-08-30,197,0,9,0
Arari,Arari,2020-08-31,197,0,9,0
Arari,Arari,2020-09-01,197,0,9,0
Arari,Arari,2020-09-02,197,0,9,0
Arari,Arari,2020-09-03,197,0,9,0
Arari,Arari,2020-09-04,197,0,9,0
Arari,Arari,2020-09-05,197,0,9,0
Arari,Arari,2020-09-06,197,0,9,0
Arari,Arari,2020-09-07,197,0,9,0
Arari,Arari,2020-09-08,197,0,9,0
Arari,Arari,2020-09-09,197,0,9,0
Arari,Arari,2020-09-10,197,0,9,0
Arari,Arari,2020-09-11,197,0,9,0
Arari,Arari,2020-09-12,197,0,9,0
Arari,Arari,2020-09-13,197,0,9,0
Arari,Arari,2020-09-14,197,0,9,0
Arari,Arari,2020-09-15,197,0,9,0
Arari,Arari,2020-09-16,200,3,9,0
Arari,Arari,2020-09-17,202,2,9,0
Arari,Arari,2020-09-18,203,1,9,0
Arari,Arari,2020-09-19,203,0,9,0
Arari,Arari,2020-09-20,204,1,9,0
Arari,Arari,2020-09-21,204,0,9,0
Arari,Arari,2020-09-22,204,0,9,0
Arari,Arari,2020-09-23,204,0,9,0
Arari,Arari,2020-09-24,205,1,9,0
Arari,Arari,2020-09-25,209,4,9,0
Arari,Arari,2020-09-26,217,8,9,0
Arari,Arari,2020-09-27,217,0,9,0
Arari,Arari,2020-09-28,218,1,9,0
Arari,Arari,2020-09-29,219,1,9,0
Arari,Arari,2020-09-30,219,0,9,0
Arari,Arari,2020-10-01,219,0,9,0
Arari,Arari,2020-10-02,221,2,9,0
Arari,Arari,2020-10-03,223,2,9,0
Arari,Arari,2020-10-04,224,1,9,0
Arari,Arari,2020-10-05,224,0,9,0
Arari,Arari,2020-10-06,224,0,9,0
Arari,Arari,2020-10-07,224,0,9,0
Arari,Arari,2020-10-08,228,4,9,0
Arari,Arari,2020-10-09,228,0,9,0
Arari,Arari,2020-10-10,228,0,9,0
Arari,Arari,2020-10-11,228,0,9,0
Arari,Arari,2020-10-12,228,0,9,0
Arari,Arari,2020-10-13,228,0,9,0
Arari,Arari,2020-10-14,231,3,9,0
Arari,Arari,2020-10-15,231,0,9,0
Arari,Arari,2020-10-16,238,7,9,0
Arari,Arari,2020-10-17,244,6,10,1
Arari,Arari,2020-10-18,244,0,10,0
Arari,Arari,2020-10-19,245,1,10,0
Arari,Arari,2020-10-20,249,4,10,0
Arari,Arari,2020-10-21,250,1,10,0
Arari,Arari,2020-10-22,257,7,10,0
Arari,Arari,2020-10-23,257,0,10,0
Arari,Arari,2020-10-24,258,1,10,0
Arari,Arari,2020-10-25,258,0,10,0
Arari,Arari,2020-10-26,258,0,10,0
Arari,Arari,2020-10-27,258,0,10,0
Arari,Arari,2020-10-28,259,1,10,0
Arari,Arari,2020-10-29,263,4,10,0
Arari,Arari,2020-10-30,266,3,10,0
Arari,Arari,2020-10-31,266,0,10,0
Arari,Arari,2020-11-01,266,0,10,0
Arari,Arari,2020-11-02,266,0,10,0
Arari,Arari,2020-11-03,266,0,10,0
Arari,Arari,2020-11-04,266,0,10,0
Arari,Arari,2020-11-05,266,0,10,0
Arari,Arari,2020-11-06,266,0,10,0
Arari,Arari,2020-11-07,267,1,10,0
Arari,Arari,2020-11-08,269,2,10,0
Arari,Arari,2020-11-09,269,0,10,0
Arari,Arari,2020-11-10,269,0,10,0
Arari,Arari,2020-11-11,271,2,10,0
Arari,Arari,2020-11-12,272,1,10,0
Arari,Arari,2020-11-13,274,2,10,0
Arari,Arari,2020-11-14,274,0,10,0
Arari,Arari,2020-11-15,274,0,10,0
Arari,Arari,2020-11-16,274,0,10,0
Arari,Arari,2020-11-17,274,0,10,0
Arari,Arari,2020-11-18,274,0,10,0
Arari,Arari,2020-11-19,274,0,10,0
Arari,Arari,2020-11-20,274,0,10,0
Arari,Arari,2020-11-21,275,1,10,0
Arari,Arari,2020-11-22,275,0,10,0
Arari,Arari,2020-11-23,276,1,10,0
Arari,Arari,2020-11-24,277,1,10,0
Arari,Arari,2020-11-25,283,6,10,0
Arari,Arari,2020-11-26,292,9,10,0
Arari,Arari,2020-11-27,292,0,10,0
Arari,Arari,2020-11-28,293,1,10,0
Arari,Arari,2020-11-29,293,0,10,0
Arari,Arari,2020-11-30,293,0,10,0
Arari,Arari,2020-12-01,294,1,10,0
Arari,Arari,2020-12-02,294,0,10,0
Arari,Arari,2020-12-03,296,2,10,0
Arari,Arari,2020-12-04,303,7,10,0
Arari,Arari,2020-12-05,303,0,10,0
Arari,Arari,2020-12-06,303,0,10,0
Arari,Arari,2020-12-07,305,2,10,0
Arari,Arari,2020-12-08,310,5,10,0
Arari,Arari,2020-12-09,310,0,10,0
Arari,Arari,2020-12-10,315,5,10,0
Arari,Arari,2020-12-11,315,0,10,0
Arari,Arari,2020-12-12,315,0,10,0
Arari,Arari,2020-12-13,315,0,10,0
Arari,Arari,2020-12-14,315,0,10,0
Arari,Arari,2020-12-15,325,10,10,0
Arari,Arari,2020-12-16,339,14,10,0
Arari,Arari,2020-12-17,343,4,10,0
Arari,Arari,2020-12-18,349,6,10,0
Arari,Arari,2020-12-19,358,9,10,0
Arari,Arari,2020-12-20,358,0,10,0
Arari,Arari,2020-12-21,358,0,10,0
Arari,Arari,2020-12-22,363,5,10,0
Arari,Arari,2020-12-23,367,4,10,0
Arari,Arari,2020-12-24,369,2,10,0
Arari,Arari,2020-12-25,369,0,10,0
Arari,Arari,2020-12-26,369,0,10,0
Arari,Arari,2020-12-27,369,0,10,0
Arari,Arari,2020-12-28,369,0,10,0
Arari,Arari,2020-12-29,369,0,10,0
Arari,Arari,2020-12-30,369,0,10,0
Arari,Arari,2020-12-31,369,0,10,0
Arari,Arari,2021-01-01,369,0,10,0
Arari,Arari,2021-01-02,369,0,10,0
Arari,Arari,2021-01-03,369,0,10,0
Arari,Arari,2021-01-04,369,0,10,0
Arari,Arari,2021-01-05,371,2,10,0
Arari,Arari,2021-01-06,373,2,10,0
Arari,Arari,2021-01-07,373,0,10,0
Arari,Arari,2021-01-08,373,0,10,0
Arari,Arari,2021-01-09,373,0,10,0
Arari,Arari,2021-01-10,373,0,10,0
Arari,Arari,2021-01-11,373,0,10,0
Arari,Arari,2021-01-12,373,0,10,0
Arari,Arari,2021-01-13,373,0,10,0
Arari,Arari,2021-01-14,373,0,10,0
Arari,Arari,2021-01-15,373,0,10,0
Arari,Arari,2021-01-16,373,0,10,0
Arari,Arari,2021-01-17,373,0,10,0
Arari,Arari,2021-01-18,373,0,10,0
Arari,Arari,2021-01-19,373,0,10,0
Arari,Arari,2021-01-20,373,0,10,0
Arari,Arari,2021-01-21,373,0,10,0
Arari,Arari,2021-01-22,373,0,10,0
Arari,Arari,2021-01-23,373,0,10,0
Arari,Arari,2021-01-24,373,0,10,0
Arari,Arari,2021-01-25,373,0,10,0
Arari,Arari,2021-01-26,373,0,10,0
Arari,Arari,2021-01-27,373,0,10,0
Arari,Arari,2021-01-28,373,0,10,0
Arari,Arari,2021-01-29,373,0,10,0
Arari,Arari,2021-01-30,373,0,10,0
Arari,Arari,2021-01-31,373,0,10,0
Arari,Arari,2021-02-01,373,0,10,0
Arari,Arari,2021-02-02,374,1,11,1
Arari,Arari,2021-02-03,374,0,11,0
Arari,Arari,2021-02-04,374,0,11,0
Arari,Arari,2021-02-05,374,0,11,0
Arari,Arari,2021-02-06,374,0,11,0
Arari,Arari,2021-02-07,374,0,11,0
Arari,Arari,2021-02-08,374,0,11,0
