city,city,date,cases,daily cases,deaths,daily deaths
Arcos,Arcos,2020-03-27,0,0,0,0
Arcos,Arcos,2020-03-28,0,0,0,0
Arcos,Arcos,2020-03-29,0,0,0,0
Arcos,Arcos,2020-03-30,0,0,0,0
Arcos,Arcos,2020-03-31,0,0,0,0
Arcos,Arcos,2020-04-01,0,0,0,0
Arcos,Arcos,2020-04-02,1,1,0,0
Arcos,Arcos,2020-04-03,1,0,0,0
Arcos,Arcos,2020-04-04,1,0,0,0
Arcos,Arcos,2020-04-05,1,0,0,0
Arcos,Arcos,2020-04-06,1,0,0,0
Arcos,Arcos,2020-04-07,2,1,0,0
Arcos,Arcos,2020-04-08,2,0,0,0
Arcos,Arcos,2020-04-09,2,0,0,0
Arcos,Arcos,2020-04-10,2,0,0,0
Arcos,Arcos,2020-04-11,2,0,0,0
Arcos,Arcos,2020-04-12,4,2,0,0
Arcos,Arcos,2020-04-13,4,0,0,0
Arcos,Arcos,2020-04-14,4,0,0,0
Arcos,Arcos,2020-04-15,5,1,0,0
Arcos,Arcos,2020-04-16,5,0,0,0
Arcos,Arcos,2020-04-17,7,2,0,0
Arcos,Arcos,2020-04-18,7,0,0,0
Arcos,Arcos,2020-04-19,7,0,0,0
Arcos,Arcos,2020-04-20,7,0,0,0
Arcos,Arcos,2020-04-21,7,0,0,0
Arcos,Arcos,2020-04-22,7,0,0,0
Arcos,Arcos,2020-04-23,7,0,0,0
Arcos,Arcos,2020-04-24,7,0,0,0
Arcos,Arcos,2020-04-25,7,0,0,0
Arcos,Arcos,2020-04-26,7,0,0,0
Arcos,Arcos,2020-04-27,7,0,0,0
Arcos,Arcos,2020-04-28,7,0,0,0
Arcos,Arcos,2020-04-29,7,0,0,0
Arcos,Arcos,2020-04-30,7,0,0,0
Arcos,Arcos,2020-05-01,7,0,0,0
Arcos,Arcos,2020-05-02,7,0,0,0
Arcos,Arcos,2020-05-03,7,0,0,0
Arcos,Arcos,2020-05-04,7,0,0,0
Arcos,Arcos,2020-05-05,7,0,0,0
Arcos,Arcos,2020-05-06,7,0,0,0
Arcos,Arcos,2020-05-07,7,0,0,0
Arcos,Arcos,2020-05-08,7,0,0,0
Arcos,Arcos,2020-05-09,7,0,0,0
Arcos,Arcos,2020-05-10,7,0,0,0
Arcos,Arcos,2020-05-11,7,0,0,0
Arcos,Arcos,2020-05-12,7,0,0,0
Arcos,Arcos,2020-05-13,8,1,0,0
Arcos,Arcos,2020-05-14,8,0,0,0
Arcos,Arcos,2020-05-15,8,0,0,0
Arcos,Arcos,2020-05-16,9,1,0,0
Arcos,Arcos,2020-05-17,9,0,0,0
Arcos,Arcos,2020-05-18,9,0,0,0
Arcos,Arcos,2020-05-19,9,0,0,0
Arcos,Arcos,2020-05-20,10,1,0,0
Arcos,Arcos,2020-05-21,10,0,0,0
Arcos,Arcos,2020-05-22,10,0,0,0
Arcos,Arcos,2020-05-23,12,2,0,0
Arcos,Arcos,2020-05-24,12,0,0,0
Arcos,Arcos,2020-05-25,12,0,0,0
Arcos,Arcos,2020-05-26,12,0,0,0
Arcos,Arcos,2020-05-27,12,0,0,0
Arcos,Arcos,2020-05-28,13,1,0,0
Arcos,Arcos,2020-05-29,13,0,0,0
Arcos,Arcos,2020-05-30,24,11,0,0
Arcos,Arcos,2020-05-31,24,0,0,0
Arcos,Arcos,2020-06-01,24,0,0,0
Arcos,Arcos,2020-06-02,24,0,0,0
Arcos,Arcos,2020-06-03,24,0,0,0
Arcos,Arcos,2020-06-04,25,1,0,0
Arcos,Arcos,2020-06-05,26,1,0,0
Arcos,Arcos,2020-06-06,26,0,0,0
Arcos,Arcos,2020-06-07,25,-1,0,0
Arcos,Arcos,2020-06-08,25,0,0,0
Arcos,Arcos,2020-06-09,25,0,0,0
Arcos,Arcos,2020-06-10,25,0,0,0
Arcos,Arcos,2020-06-11,25,0,0,0
Arcos,Arcos,2020-06-12,25,0,0,0
Arcos,Arcos,2020-06-13,25,0,0,0
Arcos,Arcos,2020-06-14,25,0,0,0
Arcos,Arcos,2020-06-15,25,0,0,0
Arcos,Arcos,2020-06-16,25,0,0,0
Arcos,Arcos,2020-06-17,25,0,0,0
Arcos,Arcos,2020-06-18,25,0,0,0
Arcos,Arcos,2020-06-19,25,0,0,0
Arcos,Arcos,2020-06-20,25,0,0,0
Arcos,Arcos,2020-06-21,25,0,0,0
Arcos,Arcos,2020-06-22,25,0,0,0
Arcos,Arcos,2020-06-23,26,1,0,0
Arcos,Arcos,2020-06-24,26,0,0,0
Arcos,Arcos,2020-06-25,27,1,0,0
Arcos,Arcos,2020-06-26,38,11,1,1
Arcos,Arcos,2020-06-27,38,0,1,0
Arcos,Arcos,2020-06-28,38,0,1,0
Arcos,Arcos,2020-06-29,38,0,1,0
Arcos,Arcos,2020-06-30,46,8,1,0
Arcos,Arcos,2020-07-01,50,4,1,0
Arcos,Arcos,2020-07-02,53,3,1,0
Arcos,Arcos,2020-07-03,57,4,1,0
Arcos,Arcos,2020-07-04,57,0,1,0
Arcos,Arcos,2020-07-05,57,0,1,0
Arcos,Arcos,2020-07-06,57,0,1,0
Arcos,Arcos,2020-07-07,57,0,1,0
Arcos,Arcos,2020-07-08,63,6,1,0
Arcos,Arcos,2020-07-09,66,3,1,0
Arcos,Arcos,2020-07-10,72,6,1,0
Arcos,Arcos,2020-07-11,72,0,1,0
Arcos,Arcos,2020-07-12,77,5,1,0
Arcos,Arcos,2020-07-13,77,0,1,0
Arcos,Arcos,2020-07-14,78,1,1,0
Arcos,Arcos,2020-07-15,84,6,1,0
Arcos,Arcos,2020-07-16,87,3,1,0
Arcos,Arcos,2020-07-17,89,2,1,0
Arcos,Arcos,2020-07-18,89,0,1,0
Arcos,Arcos,2020-07-19,93,4,1,0
Arcos,Arcos,2020-07-20,93,0,1,0
Arcos,Arcos,2020-07-21,95,2,1,0
Arcos,Arcos,2020-07-22,95,0,1,0
Arcos,Arcos,2020-07-23,95,0,1,0
Arcos,Arcos,2020-07-24,95,0,1,0
Arcos,Arcos,2020-07-25,100,5,1,0
Arcos,Arcos,2020-07-26,102,2,1,0
Arcos,Arcos,2020-07-27,102,0,1,0
Arcos,Arcos,2020-07-28,106,4,1,0
Arcos,Arcos,2020-07-29,111,5,1,0
Arcos,Arcos,2020-07-30,114,3,1,0
Arcos,Arcos,2020-07-31,122,8,1,0
Arcos,Arcos,2020-08-01,122,0,1,0
Arcos,Arcos,2020-08-02,133,11,1,0
Arcos,Arcos,2020-08-03,133,0,1,0
Arcos,Arcos,2020-08-04,136,3,1,0
Arcos,Arcos,2020-08-05,145,9,1,0
Arcos,Arcos,2020-08-06,150,5,2,1
Arcos,Arcos,2020-08-07,150,0,2,0
Arcos,Arcos,2020-08-08,162,12,2,0
Arcos,Arcos,2020-08-09,172,10,3,1
Arcos,Arcos,2020-08-10,174,2,4,1
Arcos,Arcos,2020-08-11,174,0,4,0
Arcos,Arcos,2020-08-12,186,12,4,0
Arcos,Arcos,2020-08-13,190,4,4,0
Arcos,Arcos,2020-08-14,202,12,3,-1
Arcos,Arcos,2020-08-15,205,3,3,0
Arcos,Arcos,2020-08-16,205,0,3,0
Arcos,Arcos,2020-08-17,215,10,3,0
Arcos,Arcos,2020-08-18,217,2,3,0
Arcos,Arcos,2020-08-19,225,8,3,0
Arcos,Arcos,2020-08-20,227,2,4,1
Arcos,Arcos,2020-08-21,230,3,4,0
Arcos,Arcos,2020-08-22,238,8,4,0
Arcos,Arcos,2020-08-23,245,7,4,0
Arcos,Arcos,2020-08-24,245,0,4,0
Arcos,Arcos,2020-08-25,252,7,4,0
Arcos,Arcos,2020-08-26,257,5,4,0
Arcos,Arcos,2020-08-27,269,12,4,0
Arcos,Arcos,2020-08-28,269,0,4,0
Arcos,Arcos,2020-08-29,273,4,4,0
Arcos,Arcos,2020-08-30,274,1,4,0
Arcos,Arcos,2020-08-31,274,0,4,0
Arcos,Arcos,2020-09-01,281,7,4,0
Arcos,Arcos,2020-09-02,291,10,5,1
Arcos,Arcos,2020-09-03,298,7,5,0
Arcos,Arcos,2020-09-04,301,3,5,0
Arcos,Arcos,2020-09-05,304,3,5,0
Arcos,Arcos,2020-09-06,308,4,5,0
Arcos,Arcos,2020-09-07,308,0,5,0
Arcos,Arcos,2020-09-08,308,0,5,0
Arcos,Arcos,2020-09-09,309,1,5,0
Arcos,Arcos,2020-09-10,309,0,6,1
Arcos,Arcos,2020-09-11,314,5,6,0
Arcos,Arcos,2020-09-12,318,4,5,-1
Arcos,Arcos,2020-09-13,318,0,5,0
Arcos,Arcos,2020-09-14,318,0,5,0
Arcos,Arcos,2020-09-15,326,8,5,0
Arcos,Arcos,2020-09-16,326,0,5,0
Arcos,Arcos,2020-09-17,333,7,5,0
Arcos,Arcos,2020-09-18,336,3,5,0
Arcos,Arcos,2020-09-19,336,0,5,0
Arcos,Arcos,2020-09-20,340,4,5,0
Arcos,Arcos,2020-09-21,341,1,5,0
Arcos,Arcos,2020-09-22,343,2,5,0
Arcos,Arcos,2020-09-23,346,3,5,0
Arcos,Arcos,2020-09-24,352,6,6,1
Arcos,Arcos,2020-09-25,352,0,6,0
Arcos,Arcos,2020-09-26,358,6,6,0
Arcos,Arcos,2020-09-27,358,0,6,0
Arcos,Arcos,2020-09-28,368,10,6,0
Arcos,Arcos,2020-09-29,368,0,6,0
Arcos,Arcos,2020-09-30,370,2,6,0
Arcos,Arcos,2020-10-01,372,2,6,0
Arcos,Arcos,2020-10-02,377,5,6,0
Arcos,Arcos,2020-10-03,377,0,6,0
Arcos,Arcos,2020-10-04,377,0,6,0
Arcos,Arcos,2020-10-05,377,0,6,0
Arcos,Arcos,2020-10-06,377,0,6,0
Arcos,Arcos,2020-10-07,399,22,6,0
Arcos,Arcos,2020-10-08,399,0,6,0
Arcos,Arcos,2020-10-09,399,0,7,1
Arcos,Arcos,2020-10-10,416,17,7,0
Arcos,Arcos,2020-10-11,421,5,7,0
Arcos,Arcos,2020-10-12,424,3,7,0
Arcos,Arcos,2020-10-13,429,5,7,0
Arcos,Arcos,2020-10-14,429,0,7,0
Arcos,Arcos,2020-10-15,429,0,7,0
Arcos,Arcos,2020-10-16,429,0,9,2
Arcos,Arcos,2020-10-17,429,0,9,0
Arcos,Arcos,2020-10-18,429,0,9,0
Arcos,Arcos,2020-10-19,429,0,9,0
Arcos,Arcos,2020-10-20,429,0,9,0
Arcos,Arcos,2020-10-21,461,32,9,0
Arcos,Arcos,2020-10-22,467,6,10,1
Arcos,Arcos,2020-10-23,471,4,10,0
Arcos,Arcos,2020-10-24,475,4,10,0
Arcos,Arcos,2020-10-25,475,0,10,0
Arcos,Arcos,2020-10-26,484,9,10,0
Arcos,Arcos,2020-10-27,484,0,10,0
Arcos,Arcos,2020-10-28,497,13,10,0
Arcos,Arcos,2020-10-29,502,5,12,2
Arcos,Arcos,2020-10-30,507,5,13,1
Arcos,Arcos,2020-10-31,507,0,13,0
Arcos,Arcos,2020-11-01,521,14,13,0
Arcos,Arcos,2020-11-02,524,3,13,0
Arcos,Arcos,2020-11-03,527,3,13,0
Arcos,Arcos,2020-11-04,527,0,13,0
Arcos,Arcos,2020-11-05,538,11,13,0
Arcos,Arcos,2020-11-06,539,1,13,0
Arcos,Arcos,2020-11-07,542,3,13,0
Arcos,Arcos,2020-11-08,542,0,13,0
Arcos,Arcos,2020-11-09,542,0,13,0
Arcos,Arcos,2020-11-10,553,11,13,0
Arcos,Arcos,2020-11-11,558,5,13,0
Arcos,Arcos,2020-11-12,559,1,13,0
Arcos,Arcos,2020-11-13,564,5,13,0
Arcos,Arcos,2020-11-14,566,2,14,1
Arcos,Arcos,2020-11-15,566,0,14,0
Arcos,Arcos,2020-11-16,566,0,14,0
Arcos,Arcos,2020-11-17,571,5,14,0
Arcos,Arcos,2020-11-18,576,5,14,0
Arcos,Arcos,2020-11-19,591,15,14,0
Arcos,Arcos,2020-11-20,594,3,14,0
Arcos,Arcos,2020-11-21,596,2,14,0
Arcos,Arcos,2020-11-22,596,0,14,0
Arcos,Arcos,2020-11-23,596,0,14,0
Arcos,Arcos,2020-11-24,609,13,14,0
Arcos,Arcos,2020-11-25,623,14,15,1
Arcos,Arcos,2020-11-26,630,7,15,0
Arcos,Arcos,2020-11-27,637,7,15,0
Arcos,Arcos,2020-11-28,650,13,15,0
Arcos,Arcos,2020-11-29,650,0,15,0
Arcos,Arcos,2020-11-30,650,0,15,0
Arcos,Arcos,2020-12-01,662,12,15,0
Arcos,Arcos,2020-12-02,674,12,15,0
Arcos,Arcos,2020-12-03,679,5,15,0
Arcos,Arcos,2020-12-04,687,8,15,0
Arcos,Arcos,2020-12-05,694,7,15,0
Arcos,Arcos,2020-12-06,694,0,15,0
Arcos,Arcos,2020-12-07,694,0,15,0
Arcos,Arcos,2020-12-08,705,11,15,0
Arcos,Arcos,2020-12-09,711,6,15,0
Arcos,Arcos,2020-12-10,720,9,16,1
Arcos,Arcos,2020-12-11,728,8,16,0
Arcos,Arcos,2020-12-12,745,17,16,0
Arcos,Arcos,2020-12-13,745,0,16,0
Arcos,Arcos,2020-12-14,745,0,16,0
Arcos,Arcos,2020-12-15,756,11,16,0
Arcos,Arcos,2020-12-16,774,18,16,0
Arcos,Arcos,2020-12-17,781,7,16,0
Arcos,Arcos,2020-12-18,791,10,16,0
Arcos,Arcos,2020-12-19,815,24,16,0
Arcos,Arcos,2020-12-20,815,0,16,0
Arcos,Arcos,2020-12-21,815,0,16,0
Arcos,Arcos,2020-12-22,829,14,16,0
Arcos,Arcos,2020-12-23,858,29,16,0
Arcos,Arcos,2020-12-24,858,0,16,0
Arcos,Arcos,2020-12-25,858,0,16,0
Arcos,Arcos,2020-12-26,858,0,16,0
Arcos,Arcos,2020-12-27,858,0,16,0
Arcos,Arcos,2020-12-28,858,0,16,0
Arcos,Arcos,2020-12-29,940,82,16,0
Arcos,Arcos,2020-12-30,969,29,16,0
Arcos,Arcos,2020-12-31,969,0,16,0
Arcos,Arcos,2021-01-01,969,0,16,0
Arcos,Arcos,2021-01-02,969,0,16,0
Arcos,Arcos,2021-01-03,969,0,16,0
Arcos,Arcos,2021-01-04,969,0,16,0
Arcos,Arcos,2021-01-05,969,0,16,0
Arcos,Arcos,2021-01-06,1081,112,16,0
Arcos,Arcos,2021-01-07,1081,0,16,0
Arcos,Arcos,2021-01-08,1130,49,16,0
Arcos,Arcos,2021-01-09,1153,23,16,0
Arcos,Arcos,2021-01-10,1153,0,16,0
Arcos,Arcos,2021-01-11,1153,0,16,0
Arcos,Arcos,2021-01-12,1215,62,16,0
Arcos,Arcos,2021-01-13,1215,0,16,0
Arcos,Arcos,2021-01-14,1273,58,16,0
Arcos,Arcos,2021-01-15,1309,36,17,1
Arcos,Arcos,2021-01-16,1335,26,17,0
Arcos,Arcos,2021-01-17,1335,0,17,0
Arcos,Arcos,2021-01-18,1335,0,17,0
Arcos,Arcos,2021-01-19,1374,39,17,0
Arcos,Arcos,2021-01-20,1446,72,17,0
Arcos,Arcos,2021-01-21,1480,34,17,0
Arcos,Arcos,2021-01-22,1497,17,17,0
Arcos,Arcos,2021-01-23,1525,28,17,0
Arcos,Arcos,2021-01-24,1525,0,17,0
Arcos,Arcos,2021-01-25,1525,0,17,0
Arcos,Arcos,2021-01-26,1551,26,17,0
Arcos,Arcos,2021-01-27,1551,0,17,0
Arcos,Arcos,2021-01-28,1596,45,18,1
Arcos,Arcos,2021-01-29,1607,11,18,0
Arcos,Arcos,2021-01-30,1629,22,18,0
Arcos,Arcos,2021-01-31,1629,0,18,0
Arcos,Arcos,2021-02-01,1629,0,18,0
Arcos,Arcos,2021-02-02,1670,41,18,0
Arcos,Arcos,2021-02-03,1694,24,18,0
Arcos,Arcos,2021-02-04,1699,5,18,0
Arcos,Arcos,2021-02-05,1699,0,18,0
Arcos,Arcos,2021-02-06,1699,0,18,0
Arcos,Arcos,2021-02-07,1699,0,18,0
Arcos,Arcos,2021-02-08,1699,0,18,0
