city,city,date,cases,daily cases,deaths,daily deaths
Arcoverde,Arcoverde,2020-03-27,0,0,0,0
Arcoverde,Arcoverde,2020-03-28,0,0,0,0
Arcoverde,Arcoverde,2020-03-29,0,0,0,0
Arcoverde,Arcoverde,2020-03-30,0,0,0,0
Arcoverde,Arcoverde,2020-03-31,0,0,0,0
Arcoverde,Arcoverde,2020-04-01,0,0,0,0
Arcoverde,Arcoverde,2020-04-02,0,0,0,0
Arcoverde,Arcoverde,2020-04-03,0,0,0,0
Arcoverde,Arcoverde,2020-04-04,0,0,0,0
Arcoverde,Arcoverde,2020-04-05,0,0,0,0
Arcoverde,Arcoverde,2020-04-06,0,0,0,0
Arcoverde,Arcoverde,2020-04-07,0,0,0,0
Arcoverde,Arcoverde,2020-04-08,1,1,0,0
Arcoverde,Arcoverde,2020-04-09,3,2,0,0
Arcoverde,Arcoverde,2020-04-10,3,0,1,1
Arcoverde,Arcoverde,2020-04-11,3,0,1,0
Arcoverde,Arcoverde,2020-04-12,3,0,1,0
Arcoverde,Arcoverde,2020-04-13,4,1,1,0
Arcoverde,Arcoverde,2020-04-14,4,0,1,0
Arcoverde,Arcoverde,2020-04-15,4,0,1,0
Arcoverde,Arcoverde,2020-04-16,7,3,2,1
Arcoverde,Arcoverde,2020-04-17,7,0,2,0
Arcoverde,Arcoverde,2020-04-18,7,0,2,0
Arcoverde,Arcoverde,2020-04-19,10,3,2,0
Arcoverde,Arcoverde,2020-04-20,10,0,2,0
Arcoverde,Arcoverde,2020-04-21,11,1,2,0
Arcoverde,Arcoverde,2020-04-22,12,1,2,0
Arcoverde,Arcoverde,2020-04-23,12,0,3,1
Arcoverde,Arcoverde,2020-04-24,11,-1,3,0
Arcoverde,Arcoverde,2020-04-25,12,1,3,0
Arcoverde,Arcoverde,2020-04-26,12,0,3,0
Arcoverde,Arcoverde,2020-04-27,13,1,3,0
Arcoverde,Arcoverde,2020-04-28,13,0,4,1
Arcoverde,Arcoverde,2020-04-29,13,0,4,0
Arcoverde,Arcoverde,2020-04-30,14,1,4,0
Arcoverde,Arcoverde,2020-05-01,14,0,4,0
Arcoverde,Arcoverde,2020-05-02,27,13,4,0
Arcoverde,Arcoverde,2020-05-03,27,0,4,0
Arcoverde,Arcoverde,2020-05-04,27,0,4,0
Arcoverde,Arcoverde,2020-05-05,28,1,4,0
Arcoverde,Arcoverde,2020-05-06,28,0,5,1
Arcoverde,Arcoverde,2020-05-07,31,3,5,0
Arcoverde,Arcoverde,2020-05-08,33,2,7,2
Arcoverde,Arcoverde,2020-05-09,34,1,7,0
Arcoverde,Arcoverde,2020-05-10,34,0,7,0
Arcoverde,Arcoverde,2020-05-11,34,0,7,0
Arcoverde,Arcoverde,2020-05-12,34,0,7,0
Arcoverde,Arcoverde,2020-05-13,34,0,7,0
Arcoverde,Arcoverde,2020-05-14,34,0,7,0
Arcoverde,Arcoverde,2020-05-15,34,0,7,0
Arcoverde,Arcoverde,2020-05-16,43,9,7,0
Arcoverde,Arcoverde,2020-05-17,45,2,7,0
Arcoverde,Arcoverde,2020-05-18,46,1,8,1
Arcoverde,Arcoverde,2020-05-19,50,4,8,0
Arcoverde,Arcoverde,2020-05-20,54,4,9,1
Arcoverde,Arcoverde,2020-05-21,64,10,9,0
Arcoverde,Arcoverde,2020-05-22,76,12,10,1
Arcoverde,Arcoverde,2020-05-23,82,6,11,1
Arcoverde,Arcoverde,2020-05-24,85,3,11,0
Arcoverde,Arcoverde,2020-05-25,86,1,11,0
Arcoverde,Arcoverde,2020-05-26,86,0,11,0
Arcoverde,Arcoverde,2020-05-27,93,7,12,1
Arcoverde,Arcoverde,2020-05-28,97,4,12,0
Arcoverde,Arcoverde,2020-05-29,105,8,12,0
Arcoverde,Arcoverde,2020-05-30,109,4,12,0
Arcoverde,Arcoverde,2020-05-31,111,2,12,0
Arcoverde,Arcoverde,2020-06-01,112,1,12,0
Arcoverde,Arcoverde,2020-06-02,115,3,12,0
Arcoverde,Arcoverde,2020-06-03,118,3,13,1
Arcoverde,Arcoverde,2020-06-04,125,7,13,0
Arcoverde,Arcoverde,2020-06-05,133,8,14,1
Arcoverde,Arcoverde,2020-06-06,136,3,15,1
Arcoverde,Arcoverde,2020-06-07,141,5,15,0
Arcoverde,Arcoverde,2020-06-08,145,4,16,1
Arcoverde,Arcoverde,2020-06-09,146,1,16,0
Arcoverde,Arcoverde,2020-06-10,151,5,16,0
Arcoverde,Arcoverde,2020-06-11,155,4,17,1
Arcoverde,Arcoverde,2020-06-12,169,14,17,0
Arcoverde,Arcoverde,2020-06-13,177,8,19,2
Arcoverde,Arcoverde,2020-06-14,180,3,19,0
Arcoverde,Arcoverde,2020-06-15,183,3,19,0
Arcoverde,Arcoverde,2020-06-16,188,5,20,1
Arcoverde,Arcoverde,2020-06-17,195,7,20,0
Arcoverde,Arcoverde,2020-06-18,200,5,20,0
Arcoverde,Arcoverde,2020-06-19,202,2,20,0
Arcoverde,Arcoverde,2020-06-20,211,9,20,0
Arcoverde,Arcoverde,2020-06-21,213,2,20,0
Arcoverde,Arcoverde,2020-06-22,217,4,20,0
Arcoverde,Arcoverde,2020-06-23,217,0,20,0
Arcoverde,Arcoverde,2020-06-24,220,3,21,1
Arcoverde,Arcoverde,2020-06-25,226,6,21,0
Arcoverde,Arcoverde,2020-06-26,259,33,21,0
Arcoverde,Arcoverde,2020-06-27,265,6,21,0
Arcoverde,Arcoverde,2020-06-28,279,14,21,0
Arcoverde,Arcoverde,2020-06-29,280,1,21,0
Arcoverde,Arcoverde,2020-06-30,283,3,22,1
Arcoverde,Arcoverde,2020-07-01,295,12,22,0
Arcoverde,Arcoverde,2020-07-02,311,16,23,1
Arcoverde,Arcoverde,2020-07-03,325,14,23,0
Arcoverde,Arcoverde,2020-07-04,329,4,23,0
Arcoverde,Arcoverde,2020-07-05,344,15,23,0
Arcoverde,Arcoverde,2020-07-06,345,1,23,0
Arcoverde,Arcoverde,2020-07-07,346,1,23,0
Arcoverde,Arcoverde,2020-07-08,363,17,23,0
Arcoverde,Arcoverde,2020-07-09,364,1,23,0
Arcoverde,Arcoverde,2020-07-10,377,13,23,0
Arcoverde,Arcoverde,2020-07-11,398,21,23,0
Arcoverde,Arcoverde,2020-07-12,410,12,24,1
Arcoverde,Arcoverde,2020-07-13,410,0,24,0
Arcoverde,Arcoverde,2020-07-14,415,5,24,0
Arcoverde,Arcoverde,2020-07-15,428,13,24,0
Arcoverde,Arcoverde,2020-07-16,432,4,24,0
Arcoverde,Arcoverde,2020-07-17,440,8,24,0
Arcoverde,Arcoverde,2020-07-18,450,10,25,1
Arcoverde,Arcoverde,2020-07-19,454,4,25,0
Arcoverde,Arcoverde,2020-07-20,455,1,25,0
Arcoverde,Arcoverde,2020-07-21,463,8,25,0
Arcoverde,Arcoverde,2020-07-22,475,12,25,0
Arcoverde,Arcoverde,2020-07-23,495,20,25,0
Arcoverde,Arcoverde,2020-07-24,510,15,25,0
Arcoverde,Arcoverde,2020-07-25,513,3,25,0
Arcoverde,Arcoverde,2020-07-26,525,12,26,1
Arcoverde,Arcoverde,2020-07-27,528,3,26,0
Arcoverde,Arcoverde,2020-07-28,529,1,26,0
Arcoverde,Arcoverde,2020-07-29,596,67,26,0
Arcoverde,Arcoverde,2020-07-30,617,21,26,0
Arcoverde,Arcoverde,2020-07-31,654,37,27,1
Arcoverde,Arcoverde,2020-08-01,670,16,27,0
Arcoverde,Arcoverde,2020-08-02,678,8,27,0
Arcoverde,Arcoverde,2020-08-03,693,15,27,0
Arcoverde,Arcoverde,2020-08-04,698,5,29,2
Arcoverde,Arcoverde,2020-08-05,702,4,29,0
Arcoverde,Arcoverde,2020-08-06,705,3,29,0
Arcoverde,Arcoverde,2020-08-07,720,15,29,0
Arcoverde,Arcoverde,2020-08-08,736,16,30,1
Arcoverde,Arcoverde,2020-08-09,744,8,30,0
Arcoverde,Arcoverde,2020-08-10,747,3,30,0
Arcoverde,Arcoverde,2020-08-11,748,1,30,0
Arcoverde,Arcoverde,2020-08-12,762,14,32,2
Arcoverde,Arcoverde,2020-08-13,764,2,32,0
Arcoverde,Arcoverde,2020-08-14,766,2,32,0
Arcoverde,Arcoverde,2020-08-15,778,12,32,0
Arcoverde,Arcoverde,2020-08-16,784,6,32,0
Arcoverde,Arcoverde,2020-08-17,784,0,32,0
Arcoverde,Arcoverde,2020-08-18,802,18,33,1
Arcoverde,Arcoverde,2020-08-19,819,17,33,0
Arcoverde,Arcoverde,2020-08-20,830,11,35,2
Arcoverde,Arcoverde,2020-08-21,837,7,35,0
Arcoverde,Arcoverde,2020-08-22,845,8,35,0
Arcoverde,Arcoverde,2020-08-23,877,32,38,3
Arcoverde,Arcoverde,2020-08-24,877,0,38,0
Arcoverde,Arcoverde,2020-08-25,882,5,38,0
Arcoverde,Arcoverde,2020-08-26,894,12,41,3
Arcoverde,Arcoverde,2020-08-27,899,5,41,0
Arcoverde,Arcoverde,2020-08-28,908,9,42,1
Arcoverde,Arcoverde,2020-08-29,920,12,43,1
Arcoverde,Arcoverde,2020-08-30,925,5,43,0
Arcoverde,Arcoverde,2020-08-31,925,0,43,0
Arcoverde,Arcoverde,2020-09-01,1189,264,43,0
Arcoverde,Arcoverde,2020-09-02,1202,13,45,2
Arcoverde,Arcoverde,2020-09-03,1252,50,45,0
Arcoverde,Arcoverde,2020-09-04,1305,53,46,1
Arcoverde,Arcoverde,2020-09-05,1309,4,47,1
Arcoverde,Arcoverde,2020-09-06,1312,3,47,0
Arcoverde,Arcoverde,2020-09-07,1312,0,47,0
Arcoverde,Arcoverde,2020-09-08,1312,0,47,0
Arcoverde,Arcoverde,2020-09-09,1335,23,48,1
Arcoverde,Arcoverde,2020-09-10,1352,17,48,0
Arcoverde,Arcoverde,2020-09-11,1389,37,48,0
Arcoverde,Arcoverde,2020-09-12,1389,0,48,0
Arcoverde,Arcoverde,2020-09-13,1389,0,48,0
Arcoverde,Arcoverde,2020-09-14,1389,0,48,0
Arcoverde,Arcoverde,2020-09-15,1414,25,49,1
Arcoverde,Arcoverde,2020-09-16,1424,10,49,0
Arcoverde,Arcoverde,2020-09-17,1427,3,49,0
Arcoverde,Arcoverde,2020-09-18,1448,21,49,0
Arcoverde,Arcoverde,2020-09-19,1449,1,49,0
Arcoverde,Arcoverde,2020-09-20,1449,0,49,0
Arcoverde,Arcoverde,2020-09-21,1449,0,49,0
Arcoverde,Arcoverde,2020-09-22,1454,5,50,1
Arcoverde,Arcoverde,2020-09-23,1467,13,50,0
Arcoverde,Arcoverde,2020-09-24,1467,0,50,0
Arcoverde,Arcoverde,2020-09-25,1471,4,50,0
Arcoverde,Arcoverde,2020-09-26,1492,21,50,0
Arcoverde,Arcoverde,2020-09-27,1492,0,50,0
Arcoverde,Arcoverde,2020-09-28,1492,0,50,0
Arcoverde,Arcoverde,2020-09-29,1531,39,50,0
Arcoverde,Arcoverde,2020-09-30,1560,29,50,0
Arcoverde,Arcoverde,2020-10-01,1584,24,51,1
Arcoverde,Arcoverde,2020-10-02,1588,4,51,0
Arcoverde,Arcoverde,2020-10-03,1588,0,51,0
Arcoverde,Arcoverde,2020-10-04,1588,0,51,0
Arcoverde,Arcoverde,2020-10-05,1588,0,51,0
Arcoverde,Arcoverde,2020-10-06,1610,22,51,0
Arcoverde,Arcoverde,2020-10-07,1632,22,51,0
Arcoverde,Arcoverde,2020-10-08,1671,39,51,0
Arcoverde,Arcoverde,2020-10-09,1699,28,51,0
Arcoverde,Arcoverde,2020-10-10,1718,19,51,0
Arcoverde,Arcoverde,2020-10-11,1718,0,51,0
Arcoverde,Arcoverde,2020-10-12,1718,0,51,0
Arcoverde,Arcoverde,2020-10-13,1718,0,51,0
Arcoverde,Arcoverde,2020-10-14,1730,12,51,0
Arcoverde,Arcoverde,2020-10-15,1736,6,52,1
Arcoverde,Arcoverde,2020-10-16,1748,12,52,0
Arcoverde,Arcoverde,2020-10-17,1748,0,52,0
Arcoverde,Arcoverde,2020-10-18,1759,11,52,0
Arcoverde,Arcoverde,2020-10-19,1759,0,52,0
Arcoverde,Arcoverde,2020-10-20,1785,26,52,0
Arcoverde,Arcoverde,2020-10-21,1791,6,52,0
Arcoverde,Arcoverde,2020-10-22,1792,1,52,0
Arcoverde,Arcoverde,2020-10-23,1807,15,52,0
Arcoverde,Arcoverde,2020-10-24,1811,4,52,0
Arcoverde,Arcoverde,2020-10-25,1812,1,53,1
Arcoverde,Arcoverde,2020-10-26,1812,0,53,0
Arcoverde,Arcoverde,2020-10-27,1813,1,53,0
Arcoverde,Arcoverde,2020-10-28,1842,29,54,1
Arcoverde,Arcoverde,2020-10-29,1843,1,54,0
Arcoverde,Arcoverde,2020-10-30,1861,18,54,0
Arcoverde,Arcoverde,2020-10-31,1861,0,54,0
Arcoverde,Arcoverde,2020-11-01,1861,0,54,0
Arcoverde,Arcoverde,2020-11-02,1861,0,54,0
Arcoverde,Arcoverde,2020-11-03,1862,1,54,0
Arcoverde,Arcoverde,2020-11-04,1897,35,55,1
Arcoverde,Arcoverde,2020-11-05,1908,11,55,0
Arcoverde,Arcoverde,2020-11-06,1951,43,55,0
Arcoverde,Arcoverde,2020-11-07,1981,30,55,0
Arcoverde,Arcoverde,2020-11-08,1981,0,55,0
Arcoverde,Arcoverde,2020-11-09,1984,3,55,0
Arcoverde,Arcoverde,2020-11-10,2000,16,57,2
Arcoverde,Arcoverde,2020-11-11,2009,9,57,0
Arcoverde,Arcoverde,2020-11-12,2042,33,58,1
Arcoverde,Arcoverde,2020-11-13,2067,25,59,1
Arcoverde,Arcoverde,2020-11-14,2087,20,59,0
Arcoverde,Arcoverde,2020-11-15,2087,0,59,0
Arcoverde,Arcoverde,2020-11-16,2087,0,59,0
Arcoverde,Arcoverde,2020-11-17,2089,2,59,0
Arcoverde,Arcoverde,2020-11-18,2123,34,59,0
Arcoverde,Arcoverde,2020-11-19,2176,53,59,0
Arcoverde,Arcoverde,2020-11-20,2209,33,59,0
Arcoverde,Arcoverde,2020-11-21,2224,15,59,0
Arcoverde,Arcoverde,2020-11-22,2231,7,59,0
Arcoverde,Arcoverde,2020-11-23,2232,1,59,0
Arcoverde,Arcoverde,2020-11-24,2246,14,59,0
Arcoverde,Arcoverde,2020-11-25,2292,46,59,0
Arcoverde,Arcoverde,2020-11-26,2304,12,59,0
Arcoverde,Arcoverde,2020-11-27,2338,34,59,0
Arcoverde,Arcoverde,2020-11-28,2401,63,59,0
Arcoverde,Arcoverde,2020-11-29,2401,0,59,0
Arcoverde,Arcoverde,2020-11-30,2401,0,59,0
Arcoverde,Arcoverde,2020-12-01,2459,58,59,0
Arcoverde,Arcoverde,2020-12-02,2498,39,59,0
Arcoverde,Arcoverde,2020-12-03,2545,47,59,0
Arcoverde,Arcoverde,2020-12-04,2584,39,60,1
Arcoverde,Arcoverde,2020-12-05,2602,18,60,0
Arcoverde,Arcoverde,2020-12-06,2606,4,60,0
Arcoverde,Arcoverde,2020-12-07,2613,7,61,1
Arcoverde,Arcoverde,2020-12-08,2619,6,61,0
Arcoverde,Arcoverde,2020-12-09,2630,11,61,0
Arcoverde,Arcoverde,2020-12-10,2641,11,62,1
Arcoverde,Arcoverde,2020-12-11,2655,14,62,0
Arcoverde,Arcoverde,2020-12-12,2661,6,63,1
Arcoverde,Arcoverde,2020-12-13,2665,4,63,0
Arcoverde,Arcoverde,2020-12-14,2665,0,63,0
Arcoverde,Arcoverde,2020-12-15,2670,5,65,2
Arcoverde,Arcoverde,2020-12-16,2699,29,65,0
Arcoverde,Arcoverde,2020-12-17,2716,17,66,1
Arcoverde,Arcoverde,2020-12-18,2726,10,66,0
Arcoverde,Arcoverde,2020-12-19,2743,17,66,0
Arcoverde,Arcoverde,2020-12-20,2749,6,66,0
Arcoverde,Arcoverde,2020-12-21,2755,6,66,0
Arcoverde,Arcoverde,2020-12-22,2757,2,67,1
Arcoverde,Arcoverde,2020-12-23,2784,27,68,1
Arcoverde,Arcoverde,2020-12-24,2803,19,69,1
Arcoverde,Arcoverde,2020-12-25,2806,3,70,1
Arcoverde,Arcoverde,2020-12-26,2811,5,70,0
Arcoverde,Arcoverde,2020-12-27,2814,3,70,0
Arcoverde,Arcoverde,2020-12-28,2817,3,70,0
Arcoverde,Arcoverde,2020-12-29,2838,21,70,0
Arcoverde,Arcoverde,2020-12-30,2844,6,70,0
Arcoverde,Arcoverde,2020-12-31,2849,5,72,2
Arcoverde,Arcoverde,2021-01-01,2856,7,72,0
Arcoverde,Arcoverde,2021-01-02,2857,1,72,0
Arcoverde,Arcoverde,2021-01-03,2858,1,72,0
Arcoverde,Arcoverde,2021-01-04,2861,3,72,0
Arcoverde,Arcoverde,2021-01-05,2864,3,72,0
Arcoverde,Arcoverde,2021-01-06,2874,10,73,1
Arcoverde,Arcoverde,2021-01-07,2891,17,73,0
Arcoverde,Arcoverde,2021-01-08,2969,78,73,0
Arcoverde,Arcoverde,2021-01-09,3002,33,73,0
Arcoverde,Arcoverde,2021-01-10,3010,8,73,0
Arcoverde,Arcoverde,2021-01-11,3015,5,74,1
Arcoverde,Arcoverde,2021-01-12,3036,21,75,1
Arcoverde,Arcoverde,2021-01-13,3081,45,75,0
Arcoverde,Arcoverde,2021-01-14,3120,39,76,1
Arcoverde,Arcoverde,2021-01-15,3191,71,76,0
Arcoverde,Arcoverde,2021-01-16,3202,11,76,0
Arcoverde,Arcoverde,2021-01-17,3205,3,76,0
Arcoverde,Arcoverde,2021-01-18,3205,0,76,0
Arcoverde,Arcoverde,2021-01-19,3225,20,76,0
Arcoverde,Arcoverde,2021-01-20,3255,30,76,0
Arcoverde,Arcoverde,2021-01-21,3337,82,77,1
Arcoverde,Arcoverde,2021-01-22,3448,111,77,0
Arcoverde,Arcoverde,2021-01-23,3473,25,77,0
Arcoverde,Arcoverde,2021-01-24,3476,3,77,0
Arcoverde,Arcoverde,2021-01-25,3482,6,77,0
Arcoverde,Arcoverde,2021-01-26,3510,28,77,0
Arcoverde,Arcoverde,2021-01-27,3527,17,77,0
Arcoverde,Arcoverde,2021-01-28,3545,18,77,0
Arcoverde,Arcoverde,2021-01-29,3574,29,78,1
Arcoverde,Arcoverde,2021-01-30,3591,17,78,0
Arcoverde,Arcoverde,2021-01-31,3592,1,78,0
Arcoverde,Arcoverde,2021-02-01,3592,0,78,0
Arcoverde,Arcoverde,2021-02-02,3616,24,79,1
Arcoverde,Arcoverde,2021-02-03,3632,16,79,0
Arcoverde,Arcoverde,2021-02-04,3682,50,80,1
Arcoverde,Arcoverde,2021-02-05,3706,24,80,0
Arcoverde,Arcoverde,2021-02-06,3735,29,81,1
Arcoverde,Arcoverde,2021-02-07,3735,0,81,0
Arcoverde,Arcoverde,2021-02-08,3735,0,81,0
