city,city,date,cases,daily cases,deaths,daily deaths
Areia,Areia,2020-03-27,0,0,0,0
Areia,Areia,2020-03-28,0,0,0,0
Areia,Areia,2020-03-29,0,0,0,0
Areia,Areia,2020-03-30,0,0,0,0
Areia,Areia,2020-03-31,0,0,0,0
Areia,Areia,2020-04-01,0,0,0,0
Areia,Areia,2020-04-02,0,0,0,0
Areia,Areia,2020-04-03,0,0,0,0
Areia,Areia,2020-04-04,0,0,0,0
Areia,Areia,2020-04-05,0,0,0,0
Areia,Areia,2020-04-06,0,0,0,0
Areia,Areia,2020-04-07,0,0,0,0
Areia,Areia,2020-04-08,0,0,0,0
Areia,Areia,2020-04-09,0,0,0,0
Areia,Areia,2020-04-10,0,0,0,0
Areia,Areia,2020-04-11,0,0,0,0
Areia,Areia,2020-04-12,0,0,0,0
Areia,Areia,2020-04-13,0,0,0,0
Areia,Areia,2020-04-14,0,0,0,0
Areia,Areia,2020-04-15,0,0,0,0
Areia,Areia,2020-04-16,0,0,0,0
Areia,Areia,2020-04-17,0,0,0,0
Areia,Areia,2020-04-18,0,0,0,0
Areia,Areia,2020-04-19,0,0,0,0
Areia,Areia,2020-04-20,0,0,0,0
Areia,Areia,2020-04-21,0,0,0,0
Areia,Areia,2020-04-22,0,0,0,0
Areia,Areia,2020-04-23,0,0,0,0
Areia,Areia,2020-04-24,0,0,0,0
Areia,Areia,2020-04-25,0,0,0,0
Areia,Areia,2020-04-26,1,1,0,0
Areia,Areia,2020-04-27,1,0,0,0
Areia,Areia,2020-04-28,1,0,0,0
Areia,Areia,2020-04-29,1,0,0,0
Areia,Areia,2020-04-30,1,0,0,0
Areia,Areia,2020-05-01,1,0,0,0
Areia,Areia,2020-05-02,1,0,0,0
Areia,Areia,2020-05-03,1,0,0,0
Areia,Areia,2020-05-04,1,0,0,0
Areia,Areia,2020-05-05,1,0,0,0
Areia,Areia,2020-05-06,1,0,0,0
Areia,Areia,2020-05-07,3,2,0,0
Areia,Areia,2020-05-08,3,0,0,0
Areia,Areia,2020-05-09,3,0,0,0
Areia,Areia,2020-05-10,4,1,0,0
Areia,Areia,2020-05-11,4,0,0,0
Areia,Areia,2020-05-12,5,1,0,0
Areia,Areia,2020-05-13,6,1,0,0
Areia,Areia,2020-05-14,8,2,0,0
Areia,Areia,2020-05-15,13,5,0,0
Areia,Areia,2020-05-16,13,0,0,0
Areia,Areia,2020-05-17,13,0,0,0
Areia,Areia,2020-05-18,18,5,0,0
Areia,Areia,2020-05-19,21,3,0,0
Areia,Areia,2020-05-20,26,5,0,0
Areia,Areia,2020-05-21,30,4,0,0
Areia,Areia,2020-05-22,37,7,0,0
Areia,Areia,2020-05-23,37,0,1,1
Areia,Areia,2020-05-24,36,-1,1,0
Areia,Areia,2020-05-25,36,0,1,0
Areia,Areia,2020-05-26,40,4,1,0
Areia,Areia,2020-05-27,43,3,1,0
Areia,Areia,2020-05-28,44,1,1,0
Areia,Areia,2020-05-29,50,6,1,0
Areia,Areia,2020-05-30,54,4,1,0
Areia,Areia,2020-05-31,55,1,1,0
Areia,Areia,2020-06-01,56,1,1,0
Areia,Areia,2020-06-02,57,1,1,0
Areia,Areia,2020-06-03,59,2,1,0
Areia,Areia,2020-06-04,66,7,1,0
Areia,Areia,2020-06-05,69,3,1,0
Areia,Areia,2020-06-06,73,4,1,0
Areia,Areia,2020-06-07,74,1,1,0
Areia,Areia,2020-06-08,74,0,1,0
Areia,Areia,2020-06-09,77,3,1,0
Areia,Areia,2020-06-10,86,9,1,0
Areia,Areia,2020-06-11,94,8,1,0
Areia,Areia,2020-06-12,95,1,1,0
Areia,Areia,2020-06-13,103,8,1,0
Areia,Areia,2020-06-14,103,0,1,0
Areia,Areia,2020-06-15,105,2,1,0
Areia,Areia,2020-06-16,109,4,1,0
Areia,Areia,2020-06-17,112,3,1,0
Areia,Areia,2020-06-18,112,0,1,0
Areia,Areia,2020-06-19,115,3,1,0
Areia,Areia,2020-06-20,119,4,1,0
Areia,Areia,2020-06-21,119,0,1,0
Areia,Areia,2020-06-22,119,0,1,0
Areia,Areia,2020-06-23,123,4,1,0
Areia,Areia,2020-06-24,136,13,1,0
Areia,Areia,2020-06-25,148,12,1,0
Areia,Areia,2020-06-26,147,-1,1,0
Areia,Areia,2020-06-27,149,2,1,0
Areia,Areia,2020-06-28,150,1,1,0
Areia,Areia,2020-06-29,150,0,1,0
Areia,Areia,2020-06-30,161,11,1,0
Areia,Areia,2020-07-01,161,0,1,0
Areia,Areia,2020-07-02,167,6,1,0
Areia,Areia,2020-07-03,169,2,1,0
Areia,Areia,2020-07-04,178,9,1,0
Areia,Areia,2020-07-05,178,0,1,0
Areia,Areia,2020-07-06,178,0,1,0
Areia,Areia,2020-07-07,181,3,1,0
Areia,Areia,2020-07-08,185,4,1,0
Areia,Areia,2020-07-09,192,7,1,0
Areia,Areia,2020-07-10,192,0,1,0
Areia,Areia,2020-07-11,203,11,1,0
Areia,Areia,2020-07-12,204,1,1,0
Areia,Areia,2020-07-13,205,1,1,0
Areia,Areia,2020-07-14,209,4,1,0
Areia,Areia,2020-07-15,217,8,1,0
Areia,Areia,2020-07-16,218,1,2,1
Areia,Areia,2020-07-17,219,1,2,0
Areia,Areia,2020-07-18,219,0,2,0
Areia,Areia,2020-07-19,219,0,2,0
Areia,Areia,2020-07-20,219,0,2,0
Areia,Areia,2020-07-21,233,14,2,0
Areia,Areia,2020-07-22,248,15,2,0
Areia,Areia,2020-07-23,273,25,2,0
Areia,Areia,2020-07-24,276,3,2,0
Areia,Areia,2020-07-25,291,15,2,0
Areia,Areia,2020-07-26,292,1,2,0
Areia,Areia,2020-07-27,291,-1,2,0
Areia,Areia,2020-07-28,298,7,2,0
Areia,Areia,2020-07-29,309,11,2,0
Areia,Areia,2020-07-30,320,11,2,0
Areia,Areia,2020-07-31,333,13,2,0
Areia,Areia,2020-08-01,339,6,2,0
Areia,Areia,2020-08-02,339,0,2,0
Areia,Areia,2020-08-03,340,1,2,0
Areia,Areia,2020-08-04,355,15,2,0
Areia,Areia,2020-08-05,355,0,2,0
Areia,Areia,2020-08-06,359,4,3,1
Areia,Areia,2020-08-07,361,2,3,0
Areia,Areia,2020-08-08,361,0,3,0
Areia,Areia,2020-08-09,361,0,3,0
Areia,Areia,2020-08-10,366,5,3,0
Areia,Areia,2020-08-11,366,0,3,0
Areia,Areia,2020-08-12,376,10,3,0
Areia,Areia,2020-08-13,379,3,3,0
Areia,Areia,2020-08-14,384,5,3,0
Areia,Areia,2020-08-15,390,6,3,0
Areia,Areia,2020-08-16,390,0,3,0
Areia,Areia,2020-08-17,390,0,3,0
Areia,Areia,2020-08-18,405,15,3,0
Areia,Areia,2020-08-19,408,3,3,0
Areia,Areia,2020-08-20,411,3,3,0
Areia,Areia,2020-08-21,411,0,3,0
Areia,Areia,2020-08-22,411,0,3,0
Areia,Areia,2020-08-23,411,0,3,0
Areia,Areia,2020-08-24,411,0,3,0
Areia,Areia,2020-08-25,426,15,3,0
Areia,Areia,2020-08-26,435,9,3,0
Areia,Areia,2020-08-27,437,2,3,0
Areia,Areia,2020-08-28,437,0,3,0
Areia,Areia,2020-08-29,444,7,3,0
Areia,Areia,2020-08-30,444,0,3,0
Areia,Areia,2020-08-31,445,1,3,0
Areia,Areia,2020-09-01,447,2,3,0
Areia,Areia,2020-09-02,460,13,3,0
Areia,Areia,2020-09-03,460,0,3,0
Areia,Areia,2020-09-04,460,0,3,0
Areia,Areia,2020-09-05,469,9,3,0
Areia,Areia,2020-09-06,469,0,3,0
Areia,Areia,2020-09-07,469,0,4,1
Areia,Areia,2020-09-08,477,8,4,0
Areia,Areia,2020-09-09,478,1,4,0
Areia,Areia,2020-09-10,482,4,4,0
Areia,Areia,2020-09-11,485,3,5,1
Areia,Areia,2020-09-12,488,3,5,0
Areia,Areia,2020-09-13,488,0,5,0
Areia,Areia,2020-09-14,488,0,5,0
Areia,Areia,2020-09-15,489,1,5,0
Areia,Areia,2020-09-16,491,2,5,0
Areia,Areia,2020-09-17,493,2,5,0
Areia,Areia,2020-09-18,496,3,5,0
Areia,Areia,2020-09-19,497,1,5,0
Areia,Areia,2020-09-20,497,0,5,0
Areia,Areia,2020-09-21,498,1,5,0
Areia,Areia,2020-09-22,498,0,5,0
Areia,Areia,2020-09-23,500,2,5,0
Areia,Areia,2020-09-24,502,2,5,0
Areia,Areia,2020-09-25,502,0,5,0
Areia,Areia,2020-09-26,502,0,5,0
Areia,Areia,2020-09-27,502,0,5,0
Areia,Areia,2020-09-28,502,0,5,0
Areia,Areia,2020-09-29,504,2,5,0
Areia,Areia,2020-09-30,504,0,5,0
Areia,Areia,2020-10-01,506,2,5,0
Areia,Areia,2020-10-02,506,0,5,0
Areia,Areia,2020-10-03,509,3,5,0
Areia,Areia,2020-10-04,509,0,5,0
Areia,Areia,2020-10-05,509,0,5,0
Areia,Areia,2020-10-06,512,3,5,0
Areia,Areia,2020-10-07,514,2,5,0
Areia,Areia,2020-10-08,514,0,5,0
Areia,Areia,2020-10-09,514,0,5,0
Areia,Areia,2020-10-10,514,0,5,0
Areia,Areia,2020-10-11,514,0,5,0
Areia,Areia,2020-10-12,514,0,5,0
Areia,Areia,2020-10-13,514,0,5,0
Areia,Areia,2020-10-14,514,0,5,0
Areia,Areia,2020-10-15,514,0,5,0
Areia,Areia,2020-10-16,514,0,5,0
Areia,Areia,2020-10-17,513,-1,5,0
Areia,Areia,2020-10-18,513,0,5,0
Areia,Areia,2020-10-19,513,0,5,0
Areia,Areia,2020-10-20,514,1,5,0
Areia,Areia,2020-10-21,515,1,5,0
Areia,Areia,2020-10-22,515,0,5,0
Areia,Areia,2020-10-23,523,8,5,0
Areia,Areia,2020-10-24,523,0,5,0
Areia,Areia,2020-10-25,523,0,5,0
Areia,Areia,2020-10-26,523,0,5,0
Areia,Areia,2020-10-27,527,4,5,0
Areia,Areia,2020-10-28,527,0,5,0
Areia,Areia,2020-10-29,527,0,5,0
Areia,Areia,2020-10-30,527,0,5,0
Areia,Areia,2020-10-31,527,0,5,0
Areia,Areia,2020-11-01,527,0,5,0
Areia,Areia,2020-11-02,527,0,5,0
Areia,Areia,2020-11-03,527,0,5,0
Areia,Areia,2020-11-04,529,2,5,0
Areia,Areia,2020-11-05,530,1,5,0
Areia,Areia,2020-11-06,531,1,5,0
Areia,Areia,2020-11-07,531,0,5,0
Areia,Areia,2020-11-08,531,0,5,0
Areia,Areia,2020-11-09,531,0,5,0
Areia,Areia,2020-11-10,530,-1,5,0
Areia,Areia,2020-11-11,531,1,5,0
Areia,Areia,2020-11-12,532,1,5,0
Areia,Areia,2020-11-13,535,3,5,0
Areia,Areia,2020-11-14,536,1,5,0
Areia,Areia,2020-11-15,536,0,5,0
Areia,Areia,2020-11-16,536,0,5,0
Areia,Areia,2020-11-17,536,0,5,0
Areia,Areia,2020-11-18,535,-1,5,0
Areia,Areia,2020-11-19,535,0,5,0
Areia,Areia,2020-11-20,535,0,5,0
Areia,Areia,2020-11-21,539,4,5,0
Areia,Areia,2020-11-22,539,0,5,0
Areia,Areia,2020-11-23,538,-1,5,0
Areia,Areia,2020-11-24,538,0,5,0
Areia,Areia,2020-11-25,541,3,5,0
Areia,Areia,2020-11-26,542,1,5,0
Areia,Areia,2020-11-27,542,0,5,0
Areia,Areia,2020-11-28,545,3,5,0
Areia,Areia,2020-11-29,545,0,5,0
Areia,Areia,2020-11-30,545,0,5,0
Areia,Areia,2020-12-01,545,0,5,0
Areia,Areia,2020-12-02,545,0,5,0
Areia,Areia,2020-12-03,545,0,5,0
Areia,Areia,2020-12-04,547,2,5,0
Areia,Areia,2020-12-05,551,4,5,0
Areia,Areia,2020-12-06,551,0,6,1
Areia,Areia,2020-12-07,551,0,6,0
Areia,Areia,2020-12-08,551,0,6,0
Areia,Areia,2020-12-09,551,0,6,0
Areia,Areia,2020-12-10,552,1,6,0
Areia,Areia,2020-12-11,552,0,6,0
Areia,Areia,2020-12-12,556,4,6,0
Areia,Areia,2020-12-13,556,0,6,0
Areia,Areia,2020-12-14,557,1,6,0
Areia,Areia,2020-12-15,565,8,6,0
Areia,Areia,2020-12-16,575,10,6,0
Areia,Areia,2020-12-17,578,3,6,0
Areia,Areia,2020-12-18,580,2,6,0
Areia,Areia,2020-12-19,581,1,6,0
Areia,Areia,2020-12-20,581,0,6,0
Areia,Areia,2020-12-21,581,0,6,0
Areia,Areia,2020-12-22,582,1,6,0
Areia,Areia,2020-12-23,584,2,6,0
Areia,Areia,2020-12-24,585,1,6,0
Areia,Areia,2020-12-25,585,0,6,0
Areia,Areia,2020-12-26,586,1,6,0
Areia,Areia,2020-12-27,586,0,6,0
Areia,Areia,2020-12-28,586,0,6,0
Areia,Areia,2020-12-29,587,1,6,0
Areia,Areia,2020-12-30,589,2,6,0
Areia,Areia,2020-12-31,589,0,6,0
Areia,Areia,2021-01-01,589,0,6,0
Areia,Areia,2021-01-02,590,1,6,0
Areia,Areia,2021-01-03,590,0,6,0
Areia,Areia,2021-01-04,590,0,6,0
Areia,Areia,2021-01-05,590,0,6,0
Areia,Areia,2021-01-06,590,0,6,0
Areia,Areia,2021-01-07,593,3,6,0
Areia,Areia,2021-01-08,594,1,6,0
Areia,Areia,2021-01-09,595,1,6,0
Areia,Areia,2021-01-10,603,8,6,0
Areia,Areia,2021-01-11,603,0,6,0
Areia,Areia,2021-01-12,603,0,6,0
Areia,Areia,2021-01-13,612,9,6,0
Areia,Areia,2021-01-14,614,2,6,0
Areia,Areia,2021-01-15,615,1,6,0
Areia,Areia,2021-01-16,615,0,6,0
Areia,Areia,2021-01-17,616,1,6,0
Areia,Areia,2021-01-18,616,0,6,0
Areia,Areia,2021-01-19,616,0,6,0
Areia,Areia,2021-01-20,624,8,6,0
Areia,Areia,2021-01-21,625,1,6,0
Areia,Areia,2021-01-22,627,2,6,0
Areia,Areia,2021-01-23,630,3,6,0
Areia,Areia,2021-01-24,634,4,6,0
Areia,Areia,2021-01-25,634,0,6,0
Areia,Areia,2021-01-26,634,0,6,0
Areia,Areia,2021-01-27,636,2,6,0
Areia,Areia,2021-01-28,637,1,6,0
Areia,Areia,2021-01-29,637,0,6,0
Areia,Areia,2021-01-30,640,3,6,0
Areia,Areia,2021-01-31,641,1,6,0
Areia,Areia,2021-02-01,646,5,6,0
Areia,Areia,2021-02-02,660,14,6,0
Areia,Areia,2021-02-03,661,1,6,0
Areia,Areia,2021-02-04,674,13,6,0
Areia,Areia,2021-02-05,674,0,6,0
Areia,Areia,2021-02-06,676,2,6,0
Areia,Areia,2021-02-07,678,2,6,0
Areia,Areia,2021-02-08,679,1,7,1
