city,city,date,cases,daily cases,deaths,daily deaths
Assis,Assis,2020-03-27,0,0,0,0
Assis,Assis,2020-03-28,0,0,0,0
Assis,Assis,2020-03-29,0,0,0,0
Assis,Assis,2020-03-30,0,0,0,0
Assis,Assis,2020-03-31,0,0,0,0
Assis,Assis,2020-04-01,0,0,0,0
Assis,Assis,2020-04-02,1,1,0,0
Assis,Assis,2020-04-03,1,0,0,0
Assis,Assis,2020-04-04,1,0,0,0
Assis,Assis,2020-04-05,1,0,0,0
Assis,Assis,2020-04-06,1,0,0,0
Assis,Assis,2020-04-07,2,1,0,0
Assis,Assis,2020-04-08,2,0,0,0
Assis,Assis,2020-04-09,3,1,1,1
Assis,Assis,2020-04-10,4,1,1,0
Assis,Assis,2020-04-11,4,0,1,0
Assis,Assis,2020-04-12,4,0,1,0
Assis,Assis,2020-04-13,4,0,1,0
Assis,Assis,2020-04-14,4,0,1,0
Assis,Assis,2020-04-15,6,2,1,0
Assis,Assis,2020-04-16,6,0,1,0
Assis,Assis,2020-04-17,6,0,1,0
Assis,Assis,2020-04-18,6,0,1,0
Assis,Assis,2020-04-19,6,0,1,0
Assis,Assis,2020-04-20,6,0,1,0
Assis,Assis,2020-04-21,6,0,1,0
Assis,Assis,2020-04-22,6,0,1,0
Assis,Assis,2020-04-23,7,1,1,0
Assis,Assis,2020-04-24,7,0,1,0
Assis,Assis,2020-04-25,7,0,1,0
Assis,Assis,2020-04-26,7,0,1,0
Assis,Assis,2020-04-27,8,1,2,1
Assis,Assis,2020-04-28,8,0,2,0
Assis,Assis,2020-04-29,10,2,2,0
Assis,Assis,2020-04-30,13,3,2,0
Assis,Assis,2020-05-01,15,2,2,0
Assis,Assis,2020-05-02,15,0,2,0
Assis,Assis,2020-05-03,15,0,2,0
Assis,Assis,2020-05-04,15,0,2,0
Assis,Assis,2020-05-05,16,1,2,0
Assis,Assis,2020-05-06,19,3,2,0
Assis,Assis,2020-05-07,21,2,2,0
Assis,Assis,2020-05-08,22,1,3,1
Assis,Assis,2020-05-09,23,1,3,0
Assis,Assis,2020-05-10,23,0,3,0
Assis,Assis,2020-05-11,23,0,3,0
Assis,Assis,2020-05-12,24,1,4,1
Assis,Assis,2020-05-13,29,5,4,0
Assis,Assis,2020-05-14,31,2,4,0
Assis,Assis,2020-05-15,33,2,4,0
Assis,Assis,2020-05-16,33,0,4,0
Assis,Assis,2020-05-17,33,0,4,0
Assis,Assis,2020-05-18,33,0,4,0
Assis,Assis,2020-05-19,34,1,5,1
Assis,Assis,2020-05-20,36,2,5,0
Assis,Assis,2020-05-21,37,1,5,0
Assis,Assis,2020-05-22,37,0,5,0
Assis,Assis,2020-05-23,39,2,5,0
Assis,Assis,2020-05-24,39,0,5,0
Assis,Assis,2020-05-25,39,0,5,0
Assis,Assis,2020-05-26,39,0,5,0
Assis,Assis,2020-05-27,39,0,5,0
Assis,Assis,2020-05-28,45,6,5,0
Assis,Assis,2020-05-29,54,9,5,0
Assis,Assis,2020-05-30,56,2,5,0
Assis,Assis,2020-05-31,56,0,5,0
Assis,Assis,2020-06-01,56,0,5,0
Assis,Assis,2020-06-02,57,1,5,0
Assis,Assis,2020-06-03,59,2,5,0
Assis,Assis,2020-06-04,59,0,5,0
Assis,Assis,2020-06-05,60,1,5,0
Assis,Assis,2020-06-06,62,2,5,0
Assis,Assis,2020-06-07,62,0,5,0
Assis,Assis,2020-06-08,62,0,5,0
Assis,Assis,2020-06-09,63,1,5,0
Assis,Assis,2020-06-10,73,10,5,0
Assis,Assis,2020-06-11,74,1,5,0
Assis,Assis,2020-06-12,76,2,5,0
Assis,Assis,2020-06-13,78,2,5,0
Assis,Assis,2020-06-14,78,0,5,0
Assis,Assis,2020-06-15,78,0,5,0
Assis,Assis,2020-06-16,87,9,6,1
Assis,Assis,2020-06-17,87,0,6,0
Assis,Assis,2020-06-18,87,0,6,0
Assis,Assis,2020-06-19,108,21,6,0
Assis,Assis,2020-06-20,118,10,6,0
Assis,Assis,2020-06-21,118,0,6,0
Assis,Assis,2020-06-22,118,0,6,0
Assis,Assis,2020-06-23,129,11,7,1
Assis,Assis,2020-06-24,143,14,7,0
Assis,Assis,2020-06-25,154,11,8,1
Assis,Assis,2020-06-26,167,13,8,0
Assis,Assis,2020-06-27,169,2,8,0
Assis,Assis,2020-06-28,171,2,8,0
Assis,Assis,2020-06-29,173,2,8,0
Assis,Assis,2020-06-30,182,9,11,3
Assis,Assis,2020-07-01,203,21,11,0
Assis,Assis,2020-07-02,203,0,11,0
Assis,Assis,2020-07-03,225,22,12,1
Assis,Assis,2020-07-04,226,1,12,0
Assis,Assis,2020-07-05,227,1,12,0
Assis,Assis,2020-07-06,234,7,12,0
Assis,Assis,2020-07-07,261,27,13,1
Assis,Assis,2020-07-08,282,21,13,0
Assis,Assis,2020-07-09,296,14,14,1
Assis,Assis,2020-07-10,298,2,14,0
Assis,Assis,2020-07-11,303,5,14,0
Assis,Assis,2020-07-12,306,3,14,0
Assis,Assis,2020-07-13,306,0,14,0
Assis,Assis,2020-07-14,348,42,14,0
Assis,Assis,2020-07-15,353,5,14,0
Assis,Assis,2020-07-16,366,13,14,0
Assis,Assis,2020-07-17,370,4,16,2
Assis,Assis,2020-07-18,388,18,17,1
Assis,Assis,2020-07-19,392,4,17,0
Assis,Assis,2020-07-20,394,2,17,0
Assis,Assis,2020-07-21,406,12,17,0
Assis,Assis,2020-07-22,441,35,17,0
Assis,Assis,2020-07-23,507,66,17,0
Assis,Assis,2020-07-24,524,17,17,0
Assis,Assis,2020-07-25,545,21,17,0
Assis,Assis,2020-07-26,546,1,17,0
Assis,Assis,2020-07-27,547,1,17,0
Assis,Assis,2020-07-28,547,0,17,0
Assis,Assis,2020-07-29,577,30,17,0
Assis,Assis,2020-07-30,587,10,18,1
Assis,Assis,2020-07-31,597,10,18,0
Assis,Assis,2020-08-01,603,6,18,0
Assis,Assis,2020-08-02,612,9,18,0
Assis,Assis,2020-08-03,612,0,18,0
Assis,Assis,2020-08-04,633,21,18,0
Assis,Assis,2020-08-05,685,52,18,0
Assis,Assis,2020-08-06,694,9,18,0
Assis,Assis,2020-08-07,697,3,18,0
Assis,Assis,2020-08-08,722,25,18,0
Assis,Assis,2020-08-09,724,2,18,0
Assis,Assis,2020-08-10,724,0,18,0
Assis,Assis,2020-08-11,734,10,18,0
Assis,Assis,2020-08-12,754,20,18,0
Assis,Assis,2020-08-13,797,43,18,0
Assis,Assis,2020-08-14,814,17,18,0
Assis,Assis,2020-08-15,825,11,18,0
Assis,Assis,2020-08-16,826,1,18,0
Assis,Assis,2020-08-17,828,2,18,0
Assis,Assis,2020-08-18,839,11,18,0
Assis,Assis,2020-08-19,864,25,18,0
Assis,Assis,2020-08-20,877,13,20,2
Assis,Assis,2020-08-21,882,5,20,0
Assis,Assis,2020-08-22,906,24,20,0
Assis,Assis,2020-08-23,907,1,20,0
Assis,Assis,2020-08-24,913,6,20,0
Assis,Assis,2020-08-25,932,19,21,1
Assis,Assis,2020-08-26,939,7,21,0
Assis,Assis,2020-08-27,947,8,21,0
Assis,Assis,2020-08-28,966,19,21,0
Assis,Assis,2020-08-29,973,7,21,0
Assis,Assis,2020-08-30,975,2,21,0
Assis,Assis,2020-08-31,975,0,21,0
Assis,Assis,2020-09-01,986,11,21,0
Assis,Assis,2020-09-02,998,12,21,0
Assis,Assis,2020-09-03,1001,3,21,0
Assis,Assis,2020-09-04,1014,13,22,1
Assis,Assis,2020-09-05,1025,11,22,0
Assis,Assis,2020-09-06,1025,0,22,0
Assis,Assis,2020-09-07,1025,0,22,0
Assis,Assis,2020-09-08,1025,0,22,0
Assis,Assis,2020-09-09,1034,9,22,0
Assis,Assis,2020-09-10,1042,8,22,0
Assis,Assis,2020-09-11,1060,18,22,0
Assis,Assis,2020-09-12,1071,11,22,0
Assis,Assis,2020-09-13,1073,2,22,0
Assis,Assis,2020-09-14,1073,0,22,0
Assis,Assis,2020-09-15,1093,20,22,0
Assis,Assis,2020-09-16,1120,27,22,0
Assis,Assis,2020-09-17,1136,16,22,0
Assis,Assis,2020-09-18,1148,12,23,1
Assis,Assis,2020-09-19,1168,20,23,0
Assis,Assis,2020-09-20,1168,0,23,0
Assis,Assis,2020-09-21,1173,5,23,0
Assis,Assis,2020-09-22,1187,14,23,0
Assis,Assis,2020-09-23,1200,13,23,0
Assis,Assis,2020-09-24,1211,11,23,0
Assis,Assis,2020-09-25,1221,10,23,0
Assis,Assis,2020-09-26,1237,16,23,0
Assis,Assis,2020-09-27,1237,0,23,0
Assis,Assis,2020-09-28,1239,2,23,0
Assis,Assis,2020-09-29,1254,15,23,0
Assis,Assis,2020-09-30,1266,12,23,0
Assis,Assis,2020-10-01,1269,3,23,0
Assis,Assis,2020-10-02,1293,24,23,0
Assis,Assis,2020-10-03,1316,23,24,1
Assis,Assis,2020-10-04,1316,0,24,0
Assis,Assis,2020-10-05,1316,0,24,0
Assis,Assis,2020-10-06,1339,23,24,0
Assis,Assis,2020-10-07,1362,23,24,0
Assis,Assis,2020-10-08,1368,6,24,0
Assis,Assis,2020-10-09,1373,5,24,0
Assis,Assis,2020-10-10,1384,11,24,0
Assis,Assis,2020-10-11,1386,2,24,0
Assis,Assis,2020-10-12,1387,1,24,0
Assis,Assis,2020-10-13,1386,-1,24,0
Assis,Assis,2020-10-14,1411,25,24,0
Assis,Assis,2020-10-15,1419,8,24,0
Assis,Assis,2020-10-16,1427,8,24,0
Assis,Assis,2020-10-17,1431,4,24,0
Assis,Assis,2020-10-18,1431,0,24,0
Assis,Assis,2020-10-19,1431,0,24,0
Assis,Assis,2020-10-20,1435,4,25,1
Assis,Assis,2020-10-21,1444,9,25,0
Assis,Assis,2020-10-22,1451,7,25,0
Assis,Assis,2020-10-23,1460,9,25,0
Assis,Assis,2020-10-24,1475,15,25,0
Assis,Assis,2020-10-25,1479,4,25,0
Assis,Assis,2020-10-26,1481,2,25,0
Assis,Assis,2020-10-27,1486,5,25,0
Assis,Assis,2020-10-28,1493,7,25,0
Assis,Assis,2020-10-29,1498,5,25,0
Assis,Assis,2020-10-30,1511,13,25,0
Assis,Assis,2020-10-31,1520,9,25,0
Assis,Assis,2020-11-01,1523,3,25,0
Assis,Assis,2020-11-02,1523,0,25,0
Assis,Assis,2020-11-03,1523,0,25,0
Assis,Assis,2020-11-04,1532,9,25,0
Assis,Assis,2020-11-05,1548,16,26,1
Assis,Assis,2020-11-06,1548,0,26,0
Assis,Assis,2020-11-07,1548,0,26,0
Assis,Assis,2020-11-08,1548,0,26,0
Assis,Assis,2020-11-09,1548,0,26,0
Assis,Assis,2020-11-10,1548,0,26,0
Assis,Assis,2020-11-11,1595,47,27,1
Assis,Assis,2020-11-12,1608,13,27,0
Assis,Assis,2020-11-13,1619,11,27,0
Assis,Assis,2020-11-14,1630,11,27,0
Assis,Assis,2020-11-15,1635,5,27,0
Assis,Assis,2020-11-16,1638,3,27,0
Assis,Assis,2020-11-17,1659,21,28,1
Assis,Assis,2020-11-18,1674,15,28,0
Assis,Assis,2020-11-19,1681,7,28,0
Assis,Assis,2020-11-20,1687,6,28,0
Assis,Assis,2020-11-21,1700,13,28,0
Assis,Assis,2020-11-22,1703,3,28,0
Assis,Assis,2020-11-23,1703,0,28,0
Assis,Assis,2020-11-24,1706,3,28,0
Assis,Assis,2020-11-25,1732,26,28,0
Assis,Assis,2020-11-26,1740,8,28,0
Assis,Assis,2020-11-27,1747,7,29,1
Assis,Assis,2020-11-28,1756,9,29,0
Assis,Assis,2020-11-29,1758,2,29,0
Assis,Assis,2020-11-30,1760,2,29,0
Assis,Assis,2020-12-01,1776,16,29,0
Assis,Assis,2020-12-02,1784,8,29,0
Assis,Assis,2020-12-03,1811,27,30,1
Assis,Assis,2020-12-04,1838,27,30,0
Assis,Assis,2020-12-05,1861,23,30,0
Assis,Assis,2020-12-06,1864,3,30,0
Assis,Assis,2020-12-07,1864,0,30,0
Assis,Assis,2020-12-08,1893,29,31,1
Assis,Assis,2020-12-09,1927,34,31,0
Assis,Assis,2020-12-10,1944,17,32,1
Assis,Assis,2020-12-11,1970,26,33,1
Assis,Assis,2020-12-12,1982,12,33,0
Assis,Assis,2020-12-13,1983,1,33,0
Assis,Assis,2020-12-14,1990,7,33,0
Assis,Assis,2020-12-15,1993,3,34,1
Assis,Assis,2020-12-16,1993,0,34,0
Assis,Assis,2020-12-17,2046,53,34,0
Assis,Assis,2020-12-18,2054,8,34,0
Assis,Assis,2020-12-19,2066,12,34,0
Assis,Assis,2020-12-20,2066,0,34,0
Assis,Assis,2020-12-21,2069,3,35,1
Assis,Assis,2020-12-22,2080,11,35,0
Assis,Assis,2020-12-23,2110,30,35,0
Assis,Assis,2020-12-24,2144,34,35,0
Assis,Assis,2020-12-25,2156,12,35,0
Assis,Assis,2020-12-26,2156,0,35,0
Assis,Assis,2020-12-27,2158,2,36,1
Assis,Assis,2020-12-28,2167,9,38,2
Assis,Assis,2020-12-29,2181,14,38,0
Assis,Assis,2020-12-30,2224,43,38,0
Assis,Assis,2020-12-31,2252,28,38,0
Assis,Assis,2021-01-01,2257,5,39,1
Assis,Assis,2021-01-02,2259,2,39,0
Assis,Assis,2021-01-03,2267,8,39,0
Assis,Assis,2021-01-04,2269,2,39,0
Assis,Assis,2021-01-05,2278,9,41,2
Assis,Assis,2021-01-06,2314,36,42,1
Assis,Assis,2021-01-07,2324,10,43,1
Assis,Assis,2021-01-08,2356,32,43,0
Assis,Assis,2021-01-09,2395,39,43,0
Assis,Assis,2021-01-10,2417,22,43,0
Assis,Assis,2021-01-11,2429,12,43,0
Assis,Assis,2021-01-12,2459,30,43,0
Assis,Assis,2021-01-13,2508,49,43,0
Assis,Assis,2021-01-14,2548,40,43,0
Assis,Assis,2021-01-15,2573,25,44,1
Assis,Assis,2021-01-16,2612,39,45,1
Assis,Assis,2021-01-17,2637,25,45,0
Assis,Assis,2021-01-18,2662,25,46,1
Assis,Assis,2021-01-19,2693,31,47,1
Assis,Assis,2021-01-20,2751,58,47,0
Assis,Assis,2021-01-21,2783,32,48,1
Assis,Assis,2021-01-22,2806,23,48,0
Assis,Assis,2021-01-23,2821,15,48,0
Assis,Assis,2021-01-24,2838,17,48,0
Assis,Assis,2021-01-25,2869,31,48,0
Assis,Assis,2021-01-26,2894,25,49,1
Assis,Assis,2021-01-27,2920,26,50,1
Assis,Assis,2021-01-28,2959,39,51,1
Assis,Assis,2021-01-29,2979,20,51,0
Assis,Assis,2021-01-30,3019,40,52,1
Assis,Assis,2021-01-31,3033,14,52,0
Assis,Assis,2021-02-01,3040,7,57,5
Assis,Assis,2021-02-02,3074,34,57,0
Assis,Assis,2021-02-03,3099,25,57,0
Assis,Assis,2021-02-04,3135,36,57,0
Assis,Assis,2021-02-05,3156,21,57,0
Assis,Assis,2021-02-06,3193,37,57,0
Assis,Assis,2021-02-07,3200,7,57,0
Assis,Assis,2021-02-08,3201,1,57,0
