city,city,date,cases,daily cases,deaths,daily deaths
Autazes,Autazes,2020-03-27,0,0,0,0
Autazes,Autazes,2020-03-28,0,0,0,0
Autazes,Autazes,2020-03-29,0,0,0,0
Autazes,Autazes,2020-03-30,0,0,0,0
Autazes,Autazes,2020-03-31,0,0,0,0
Autazes,Autazes,2020-04-01,0,0,0,0
Autazes,Autazes,2020-04-02,0,0,0,0
Autazes,Autazes,2020-04-03,0,0,0,0
Autazes,Autazes,2020-04-04,0,0,0,0
Autazes,Autazes,2020-04-05,0,0,0,0
Autazes,Autazes,2020-04-06,0,0,0,0
Autazes,Autazes,2020-04-07,0,0,0,0
Autazes,Autazes,2020-04-08,0,0,0,0
Autazes,Autazes,2020-04-09,0,0,0,0
Autazes,Autazes,2020-04-10,0,0,0,0
Autazes,Autazes,2020-04-11,0,0,0,0
Autazes,Autazes,2020-04-12,0,0,0,0
Autazes,Autazes,2020-04-13,0,0,0,0
Autazes,Autazes,2020-04-14,0,0,0,0
Autazes,Autazes,2020-04-15,0,0,0,0
Autazes,Autazes,2020-04-16,0,0,0,0
Autazes,Autazes,2020-04-17,0,0,0,0
Autazes,Autazes,2020-04-18,0,0,0,0
Autazes,Autazes,2020-04-19,0,0,0,0
Autazes,Autazes,2020-04-20,2,2,0,0
Autazes,Autazes,2020-04-21,2,0,0,0
Autazes,Autazes,2020-04-22,3,1,0,0
Autazes,Autazes,2020-04-23,3,0,0,0
Autazes,Autazes,2020-04-24,3,0,0,0
Autazes,Autazes,2020-04-25,18,15,0,0
Autazes,Autazes,2020-04-26,26,8,2,2
Autazes,Autazes,2020-04-27,26,0,2,0
Autazes,Autazes,2020-04-28,47,21,3,1
Autazes,Autazes,2020-04-29,52,5,3,0
Autazes,Autazes,2020-04-30,77,25,7,4
Autazes,Autazes,2020-05-01,79,2,7,0
Autazes,Autazes,2020-05-02,84,5,8,1
Autazes,Autazes,2020-05-03,88,4,9,1
Autazes,Autazes,2020-05-04,88,0,9,0
Autazes,Autazes,2020-05-05,92,4,9,0
Autazes,Autazes,2020-05-06,109,17,13,4
Autazes,Autazes,2020-05-07,126,17,16,3
Autazes,Autazes,2020-05-08,142,16,16,0
Autazes,Autazes,2020-05-09,152,10,16,0
Autazes,Autazes,2020-05-10,162,10,16,0
Autazes,Autazes,2020-05-11,162,0,16,0
Autazes,Autazes,2020-05-12,185,23,18,2
Autazes,Autazes,2020-05-13,205,20,19,1
Autazes,Autazes,2020-05-14,214,9,21,2
Autazes,Autazes,2020-05-15,232,18,21,0
Autazes,Autazes,2020-05-16,260,28,21,0
Autazes,Autazes,2020-05-17,268,8,21,0
Autazes,Autazes,2020-05-18,269,1,21,0
Autazes,Autazes,2020-05-19,300,31,21,0
Autazes,Autazes,2020-05-20,321,21,22,1
Autazes,Autazes,2020-05-21,357,36,22,0
Autazes,Autazes,2020-05-22,378,21,22,0
Autazes,Autazes,2020-05-23,425,47,22,0
Autazes,Autazes,2020-05-24,432,7,22,0
Autazes,Autazes,2020-05-25,432,0,22,0
Autazes,Autazes,2020-05-26,458,26,22,0
Autazes,Autazes,2020-05-27,484,26,22,0
Autazes,Autazes,2020-05-28,502,18,22,0
Autazes,Autazes,2020-05-29,510,8,22,0
Autazes,Autazes,2020-05-30,554,44,22,0
Autazes,Autazes,2020-05-31,559,5,22,0
Autazes,Autazes,2020-06-01,560,1,22,0
Autazes,Autazes,2020-06-02,582,22,22,0
Autazes,Autazes,2020-06-03,610,28,22,0
Autazes,Autazes,2020-06-04,633,23,22,0
Autazes,Autazes,2020-06-05,647,14,22,0
Autazes,Autazes,2020-06-06,664,17,22,0
Autazes,Autazes,2020-06-07,666,2,23,1
Autazes,Autazes,2020-06-08,670,4,23,0
Autazes,Autazes,2020-06-09,713,43,23,0
Autazes,Autazes,2020-06-10,713,0,23,0
Autazes,Autazes,2020-06-11,772,59,26,3
Autazes,Autazes,2020-06-12,774,2,27,1
Autazes,Autazes,2020-06-13,776,2,27,0
Autazes,Autazes,2020-06-14,801,25,27,0
Autazes,Autazes,2020-06-15,802,1,27,0
Autazes,Autazes,2020-06-16,809,7,27,0
Autazes,Autazes,2020-06-17,818,9,27,0
Autazes,Autazes,2020-06-18,846,28,27,0
Autazes,Autazes,2020-06-19,852,6,27,0
Autazes,Autazes,2020-06-20,863,11,27,0
Autazes,Autazes,2020-06-21,868,5,27,0
Autazes,Autazes,2020-06-22,872,4,27,0
Autazes,Autazes,2020-06-23,883,11,27,0
Autazes,Autazes,2020-06-24,919,36,27,0
Autazes,Autazes,2020-06-25,933,14,27,0
Autazes,Autazes,2020-06-26,949,16,27,0
Autazes,Autazes,2020-06-27,953,4,27,0
Autazes,Autazes,2020-06-28,956,3,27,0
Autazes,Autazes,2020-06-29,958,2,27,0
Autazes,Autazes,2020-06-30,965,7,27,0
Autazes,Autazes,2020-07-01,983,18,27,0
Autazes,Autazes,2020-07-02,998,15,32,5
Autazes,Autazes,2020-07-03,1003,5,32,0
Autazes,Autazes,2020-07-04,1012,9,32,0
Autazes,Autazes,2020-07-05,1015,3,32,0
Autazes,Autazes,2020-07-06,1015,0,32,0
Autazes,Autazes,2020-07-07,1022,7,32,0
Autazes,Autazes,2020-07-08,1028,6,32,0
Autazes,Autazes,2020-07-09,1042,14,32,0
Autazes,Autazes,2020-07-10,1056,14,32,0
Autazes,Autazes,2020-07-11,1072,16,32,0
Autazes,Autazes,2020-07-12,1073,1,32,0
Autazes,Autazes,2020-07-13,1080,7,32,0
Autazes,Autazes,2020-07-14,1092,12,32,0
Autazes,Autazes,2020-07-15,1104,12,32,0
Autazes,Autazes,2020-07-16,1113,9,32,0
Autazes,Autazes,2020-07-17,1119,6,32,0
Autazes,Autazes,2020-07-18,1123,4,32,0
Autazes,Autazes,2020-07-19,1123,0,34,2
Autazes,Autazes,2020-07-20,1123,0,34,0
Autazes,Autazes,2020-07-21,1126,3,34,0
Autazes,Autazes,2020-07-22,1131,5,34,0
Autazes,Autazes,2020-07-23,1132,1,35,1
Autazes,Autazes,2020-07-24,1140,8,35,0
Autazes,Autazes,2020-07-25,1144,4,35,0
Autazes,Autazes,2020-07-26,1146,2,35,0
Autazes,Autazes,2020-07-27,1146,0,35,0
Autazes,Autazes,2020-07-28,1146,0,35,0
Autazes,Autazes,2020-07-29,1146,0,35,0
Autazes,Autazes,2020-07-30,1151,5,35,0
Autazes,Autazes,2020-07-31,1157,6,35,0
Autazes,Autazes,2020-08-01,1160,3,35,0
Autazes,Autazes,2020-08-02,1160,0,35,0
Autazes,Autazes,2020-08-03,1160,0,35,0
Autazes,Autazes,2020-08-04,1163,3,35,0
Autazes,Autazes,2020-08-05,1175,12,36,1
Autazes,Autazes,2020-08-06,1183,8,36,0
Autazes,Autazes,2020-08-07,1185,2,36,0
Autazes,Autazes,2020-08-08,1187,2,36,0
Autazes,Autazes,2020-08-09,1187,0,36,0
Autazes,Autazes,2020-08-10,1187,0,36,0
Autazes,Autazes,2020-08-11,1189,2,36,0
Autazes,Autazes,2020-08-12,1194,5,36,0
Autazes,Autazes,2020-08-13,1195,1,36,0
Autazes,Autazes,2020-08-14,1196,1,36,0
Autazes,Autazes,2020-08-15,1198,2,36,0
Autazes,Autazes,2020-08-16,1200,2,36,0
Autazes,Autazes,2020-08-17,1203,3,36,0
Autazes,Autazes,2020-08-18,1203,0,36,0
Autazes,Autazes,2020-08-19,1210,7,36,0
Autazes,Autazes,2020-08-20,1214,4,36,0
Autazes,Autazes,2020-08-21,1219,5,36,0
Autazes,Autazes,2020-08-22,1222,3,36,0
Autazes,Autazes,2020-08-23,1222,0,36,0
Autazes,Autazes,2020-08-24,1227,5,36,0
Autazes,Autazes,2020-08-25,1227,0,36,0
Autazes,Autazes,2020-08-26,1237,10,36,0
Autazes,Autazes,2020-08-27,1247,10,36,0
Autazes,Autazes,2020-08-28,1252,5,36,0
Autazes,Autazes,2020-08-29,1255,3,36,0
Autazes,Autazes,2020-08-30,1256,1,36,0
Autazes,Autazes,2020-08-31,1257,1,36,0
Autazes,Autazes,2020-09-01,1261,4,36,0
Autazes,Autazes,2020-09-02,1263,2,36,0
Autazes,Autazes,2020-09-03,1264,1,36,0
Autazes,Autazes,2020-09-04,1268,4,36,0
Autazes,Autazes,2020-09-05,1268,0,36,0
Autazes,Autazes,2020-09-06,1268,0,36,0
Autazes,Autazes,2020-09-07,1272,4,36,0
Autazes,Autazes,2020-09-08,1275,3,36,0
Autazes,Autazes,2020-09-09,1277,2,36,0
Autazes,Autazes,2020-09-10,1278,1,36,0
Autazes,Autazes,2020-09-11,1281,3,36,0
Autazes,Autazes,2020-09-12,1281,0,36,0
Autazes,Autazes,2020-09-13,1282,1,36,0
Autazes,Autazes,2020-09-14,1282,0,36,0
Autazes,Autazes,2020-09-15,1287,5,36,0
Autazes,Autazes,2020-09-16,1287,0,36,0
Autazes,Autazes,2020-09-17,1288,1,36,0
Autazes,Autazes,2020-09-18,1290,2,36,0
Autazes,Autazes,2020-09-19,1290,0,36,0
Autazes,Autazes,2020-09-20,1293,3,36,0
Autazes,Autazes,2020-09-21,1297,4,36,0
Autazes,Autazes,2020-09-22,1298,1,36,0
Autazes,Autazes,2020-09-23,1300,2,36,0
Autazes,Autazes,2020-09-24,1302,2,36,0
Autazes,Autazes,2020-09-25,1304,2,36,0
Autazes,Autazes,2020-09-26,1305,1,36,0
Autazes,Autazes,2020-09-27,1306,1,36,0
Autazes,Autazes,2020-09-28,1307,1,36,0
Autazes,Autazes,2020-09-29,1308,1,36,0
Autazes,Autazes,2020-09-30,1309,1,36,0
Autazes,Autazes,2020-10-01,1309,0,36,0
Autazes,Autazes,2020-10-02,1310,1,36,0
Autazes,Autazes,2020-10-03,1311,1,36,0
Autazes,Autazes,2020-10-04,1311,0,36,0
Autazes,Autazes,2020-10-05,1311,0,37,1
Autazes,Autazes,2020-10-06,1312,1,37,0
Autazes,Autazes,2020-10-07,1314,2,37,0
Autazes,Autazes,2020-10-08,1314,0,37,0
Autazes,Autazes,2020-10-09,1319,5,37,0
Autazes,Autazes,2020-10-10,1320,1,37,0
Autazes,Autazes,2020-10-11,1321,1,37,0
Autazes,Autazes,2020-10-12,1322,1,37,0
Autazes,Autazes,2020-10-13,1331,9,37,0
Autazes,Autazes,2020-10-14,1332,1,37,0
Autazes,Autazes,2020-10-15,1338,6,37,0
Autazes,Autazes,2020-10-16,1344,6,37,0
Autazes,Autazes,2020-10-17,1349,5,37,0
Autazes,Autazes,2020-10-18,1351,2,37,0
Autazes,Autazes,2020-10-19,1359,8,37,0
Autazes,Autazes,2020-10-20,1359,0,37,0
Autazes,Autazes,2020-10-21,1364,5,37,0
Autazes,Autazes,2020-10-22,1367,3,37,0
Autazes,Autazes,2020-10-23,1369,2,37,0
Autazes,Autazes,2020-10-24,1373,4,37,0
Autazes,Autazes,2020-10-25,1379,6,37,0
Autazes,Autazes,2020-10-26,1380,1,37,0
Autazes,Autazes,2020-10-27,1383,3,37,0
Autazes,Autazes,2020-10-28,1385,2,37,0
Autazes,Autazes,2020-10-29,1388,3,37,0
Autazes,Autazes,2020-10-30,1392,4,37,0
Autazes,Autazes,2020-10-31,1392,0,37,0
Autazes,Autazes,2020-11-01,1392,0,37,0
Autazes,Autazes,2020-11-02,1395,3,37,0
Autazes,Autazes,2020-11-03,1397,2,37,0
Autazes,Autazes,2020-11-04,1402,5,37,0
Autazes,Autazes,2020-11-05,1404,2,37,0
Autazes,Autazes,2020-11-06,1404,0,37,0
Autazes,Autazes,2020-11-07,1412,8,37,0
Autazes,Autazes,2020-11-08,1412,0,37,0
Autazes,Autazes,2020-11-09,1412,0,37,0
Autazes,Autazes,2020-11-10,1415,3,37,0
Autazes,Autazes,2020-11-11,1416,1,37,0
Autazes,Autazes,2020-11-12,1416,0,37,0
Autazes,Autazes,2020-11-13,1422,6,37,0
Autazes,Autazes,2020-11-14,1423,1,37,0
Autazes,Autazes,2020-11-15,1423,0,37,0
Autazes,Autazes,2020-11-16,1423,0,37,0
Autazes,Autazes,2020-11-17,1425,2,37,0
Autazes,Autazes,2020-11-18,1427,2,37,0
Autazes,Autazes,2020-11-19,1429,2,37,0
Autazes,Autazes,2020-11-20,1438,9,37,0
Autazes,Autazes,2020-11-21,1441,3,37,0
Autazes,Autazes,2020-11-22,1442,1,37,0
Autazes,Autazes,2020-11-23,1449,7,37,0
Autazes,Autazes,2020-11-24,1454,5,37,0
Autazes,Autazes,2020-11-25,1457,3,37,0
Autazes,Autazes,2020-11-26,1472,15,37,0
Autazes,Autazes,2020-11-27,1478,6,37,0
Autazes,Autazes,2020-11-28,1478,0,37,0
Autazes,Autazes,2020-11-29,1489,11,37,0
Autazes,Autazes,2020-11-30,1491,2,37,0
Autazes,Autazes,2020-12-01,1501,10,37,0
Autazes,Autazes,2020-12-02,1514,13,38,1
Autazes,Autazes,2020-12-03,1519,5,38,0
Autazes,Autazes,2020-12-04,1526,7,38,0
Autazes,Autazes,2020-12-05,1540,14,38,0
Autazes,Autazes,2020-12-06,1542,2,38,0
Autazes,Autazes,2020-12-07,1542,0,38,0
Autazes,Autazes,2020-12-08,1547,5,38,0
Autazes,Autazes,2020-12-09,1552,5,38,0
Autazes,Autazes,2020-12-10,1555,3,38,0
Autazes,Autazes,2020-12-11,1562,7,38,0
Autazes,Autazes,2020-12-12,1569,7,38,0
Autazes,Autazes,2020-12-13,1576,7,38,0
Autazes,Autazes,2020-12-14,1576,0,38,0
Autazes,Autazes,2020-12-15,1583,7,38,0
Autazes,Autazes,2020-12-16,1591,8,38,0
Autazes,Autazes,2020-12-17,1597,6,38,0
Autazes,Autazes,2020-12-18,1606,9,38,0
Autazes,Autazes,2020-12-19,1615,9,38,0
Autazes,Autazes,2020-12-20,1615,0,38,0
Autazes,Autazes,2020-12-21,1616,1,38,0
Autazes,Autazes,2020-12-22,1620,4,38,0
Autazes,Autazes,2020-12-23,1624,4,38,0
Autazes,Autazes,2020-12-24,1628,4,38,0
Autazes,Autazes,2020-12-25,1634,6,38,0
Autazes,Autazes,2020-12-26,1637,3,38,0
Autazes,Autazes,2020-12-27,1637,0,38,0
Autazes,Autazes,2020-12-28,1637,0,38,0
Autazes,Autazes,2020-12-29,1641,4,38,0
Autazes,Autazes,2020-12-30,1646,5,38,0
Autazes,Autazes,2020-12-31,1649,3,38,0
Autazes,Autazes,2021-01-01,1651,2,38,0
Autazes,Autazes,2021-01-02,1651,0,40,2
Autazes,Autazes,2021-01-03,1651,0,40,0
Autazes,Autazes,2021-01-04,1654,3,40,0
Autazes,Autazes,2021-01-05,1659,5,40,0
Autazes,Autazes,2021-01-06,1661,2,40,0
Autazes,Autazes,2021-01-07,1667,6,40,0
Autazes,Autazes,2021-01-08,1667,0,40,0
Autazes,Autazes,2021-01-09,1697,30,40,0
Autazes,Autazes,2021-01-10,1699,2,40,0
Autazes,Autazes,2021-01-11,1702,3,40,0
Autazes,Autazes,2021-01-12,1716,14,40,0
Autazes,Autazes,2021-01-13,1729,13,43,3
Autazes,Autazes,2021-01-14,1747,18,43,0
Autazes,Autazes,2021-01-15,1769,22,44,1
Autazes,Autazes,2021-01-16,1819,50,45,1
Autazes,Autazes,2021-01-17,1819,0,45,0
Autazes,Autazes,2021-01-18,1819,0,47,2
Autazes,Autazes,2021-01-19,1820,1,47,0
Autazes,Autazes,2021-01-20,1846,26,47,0
Autazes,Autazes,2021-01-21,1865,19,49,2
Autazes,Autazes,2021-01-22,1908,43,49,0
Autazes,Autazes,2021-01-23,1954,46,49,0
Autazes,Autazes,2021-01-24,1954,0,49,0
Autazes,Autazes,2021-01-25,1954,0,50,1
Autazes,Autazes,2021-01-26,1994,40,51,1
Autazes,Autazes,2021-01-27,2008,14,52,1
Autazes,Autazes,2021-01-28,2022,14,54,2
Autazes,Autazes,2021-01-29,2028,6,54,0
Autazes,Autazes,2021-01-30,2045,17,54,0
Autazes,Autazes,2021-01-31,2060,15,56,2
Autazes,Autazes,2021-02-01,2075,15,57,1
Autazes,Autazes,2021-02-02,2094,19,57,0
Autazes,Autazes,2021-02-03,2129,35,57,0
Autazes,Autazes,2021-02-04,2143,14,57,0
Autazes,Autazes,2021-02-05,2165,22,58,1
Autazes,Autazes,2021-02-06,2186,21,61,3
Autazes,Autazes,2021-02-07,2191,5,61,0
Autazes,Autazes,2021-02-08,2193,2,63,2
