city,city,date,cases,daily cases,deaths,daily deaths
Barcarena,Barcarena,2020-03-27,0,0,0,0
Barcarena,Barcarena,2020-03-28,0,0,0,0
Barcarena,Barcarena,2020-03-29,0,0,0,0
Barcarena,Barcarena,2020-03-30,0,0,0,0
Barcarena,Barcarena,2020-03-31,0,0,0,0
Barcarena,Barcarena,2020-04-01,1,1,0,0
Barcarena,Barcarena,2020-04-02,1,0,0,0
Barcarena,Barcarena,2020-04-03,1,0,0,0
Barcarena,Barcarena,2020-04-04,1,0,0,0
Barcarena,Barcarena,2020-04-05,1,0,0,0
Barcarena,Barcarena,2020-04-06,1,0,0,0
Barcarena,Barcarena,2020-04-07,1,0,0,0
Barcarena,Barcarena,2020-04-08,1,0,0,0
Barcarena,Barcarena,2020-04-09,1,0,0,0
Barcarena,Barcarena,2020-04-10,2,1,0,0
Barcarena,Barcarena,2020-04-11,2,0,0,0
Barcarena,Barcarena,2020-04-12,2,0,0,0
Barcarena,Barcarena,2020-04-13,2,0,0,0
Barcarena,Barcarena,2020-04-14,3,1,0,0
Barcarena,Barcarena,2020-04-15,3,0,0,0
Barcarena,Barcarena,2020-04-16,3,0,0,0
Barcarena,Barcarena,2020-04-17,3,0,0,0
Barcarena,Barcarena,2020-04-18,4,1,0,0
Barcarena,Barcarena,2020-04-19,4,0,0,0
Barcarena,Barcarena,2020-04-20,5,1,0,0
Barcarena,Barcarena,2020-04-21,5,0,0,0
Barcarena,Barcarena,2020-04-22,6,1,0,0
Barcarena,Barcarena,2020-04-23,6,0,0,0
Barcarena,Barcarena,2020-04-24,6,0,1,1
Barcarena,Barcarena,2020-04-25,8,2,1,0
Barcarena,Barcarena,2020-04-26,9,1,1,0
Barcarena,Barcarena,2020-04-27,12,3,1,0
Barcarena,Barcarena,2020-04-28,12,0,1,0
Barcarena,Barcarena,2020-04-29,15,3,1,0
Barcarena,Barcarena,2020-04-30,17,2,1,0
Barcarena,Barcarena,2020-05-01,26,9,1,0
Barcarena,Barcarena,2020-05-02,29,3,1,0
Barcarena,Barcarena,2020-05-03,32,3,3,2
Barcarena,Barcarena,2020-05-04,36,4,3,0
Barcarena,Barcarena,2020-05-05,38,2,3,0
Barcarena,Barcarena,2020-05-06,38,0,3,0
Barcarena,Barcarena,2020-05-07,39,1,3,0
Barcarena,Barcarena,2020-05-08,43,4,4,1
Barcarena,Barcarena,2020-05-09,46,3,5,1
Barcarena,Barcarena,2020-05-10,46,0,5,0
Barcarena,Barcarena,2020-05-11,49,3,7,2
Barcarena,Barcarena,2020-05-12,55,6,7,0
Barcarena,Barcarena,2020-05-13,64,9,8,1
Barcarena,Barcarena,2020-05-14,74,10,8,0
Barcarena,Barcarena,2020-05-15,121,47,8,0
Barcarena,Barcarena,2020-05-16,127,6,8,0
Barcarena,Barcarena,2020-05-17,128,1,8,0
Barcarena,Barcarena,2020-05-18,142,14,9,1
Barcarena,Barcarena,2020-05-19,162,20,30,21
Barcarena,Barcarena,2020-05-20,231,69,44,14
Barcarena,Barcarena,2020-05-21,301,70,45,1
Barcarena,Barcarena,2020-05-22,335,34,53,8
Barcarena,Barcarena,2020-05-23,339,4,54,1
Barcarena,Barcarena,2020-05-24,345,6,58,4
Barcarena,Barcarena,2020-05-25,430,85,60,2
Barcarena,Barcarena,2020-05-26,512,82,60,0
Barcarena,Barcarena,2020-05-27,584,72,61,1
Barcarena,Barcarena,2020-05-28,632,48,61,0
Barcarena,Barcarena,2020-05-29,720,88,60,-1
Barcarena,Barcarena,2020-05-30,721,1,62,2
Barcarena,Barcarena,2020-05-31,725,4,62,0
Barcarena,Barcarena,2020-06-01,725,0,62,0
Barcarena,Barcarena,2020-06-02,761,36,62,0
Barcarena,Barcarena,2020-06-03,804,43,64,2
Barcarena,Barcarena,2020-06-04,863,59,66,2
Barcarena,Barcarena,2020-06-05,945,82,67,1
Barcarena,Barcarena,2020-06-06,956,11,67,0
Barcarena,Barcarena,2020-06-07,958,2,68,1
Barcarena,Barcarena,2020-06-08,973,15,68,0
Barcarena,Barcarena,2020-06-09,998,25,68,0
Barcarena,Barcarena,2020-06-10,1020,22,73,5
Barcarena,Barcarena,2020-06-11,1044,24,74,1
Barcarena,Barcarena,2020-06-12,1077,33,82,8
Barcarena,Barcarena,2020-06-13,1110,33,83,1
Barcarena,Barcarena,2020-06-14,1110,0,86,3
Barcarena,Barcarena,2020-06-15,1102,-8,85,-1
Barcarena,Barcarena,2020-06-16,1173,71,90,5
Barcarena,Barcarena,2020-06-17,1316,143,91,1
Barcarena,Barcarena,2020-06-18,1384,68,91,0
Barcarena,Barcarena,2020-06-19,1412,28,92,1
Barcarena,Barcarena,2020-06-20,1465,53,93,1
Barcarena,Barcarena,2020-06-21,1465,0,93,0
Barcarena,Barcarena,2020-06-22,1465,0,93,0
Barcarena,Barcarena,2020-06-23,1489,24,93,0
Barcarena,Barcarena,2020-06-24,1525,36,95,2
Barcarena,Barcarena,2020-06-25,1560,35,96,1
Barcarena,Barcarena,2020-06-26,1611,51,97,1
Barcarena,Barcarena,2020-06-27,1615,4,97,0
Barcarena,Barcarena,2020-06-28,1615,0,97,0
Barcarena,Barcarena,2020-06-29,1615,0,97,0
Barcarena,Barcarena,2020-06-30,1634,19,98,1
Barcarena,Barcarena,2020-07-01,1662,28,100,2
Barcarena,Barcarena,2020-07-02,1676,14,100,0
Barcarena,Barcarena,2020-07-03,1716,40,100,0
Barcarena,Barcarena,2020-07-04,1742,26,101,1
Barcarena,Barcarena,2020-07-05,1744,2,101,0
Barcarena,Barcarena,2020-07-06,1744,0,101,0
Barcarena,Barcarena,2020-07-07,1839,95,101,0
Barcarena,Barcarena,2020-07-08,1965,126,102,1
Barcarena,Barcarena,2020-07-09,2134,169,102,0
Barcarena,Barcarena,2020-07-10,2264,130,102,0
Barcarena,Barcarena,2020-07-11,2304,40,102,0
Barcarena,Barcarena,2020-07-12,2305,1,103,1
Barcarena,Barcarena,2020-07-13,2305,0,103,0
Barcarena,Barcarena,2020-07-14,2322,17,103,0
Barcarena,Barcarena,2020-07-15,2388,66,103,0
Barcarena,Barcarena,2020-07-16,2531,143,103,0
Barcarena,Barcarena,2020-07-17,2569,38,103,0
Barcarena,Barcarena,2020-07-18,2574,5,103,0
Barcarena,Barcarena,2020-07-19,2574,0,103,0
Barcarena,Barcarena,2020-07-20,2575,1,103,0
Barcarena,Barcarena,2020-07-21,2736,161,103,0
Barcarena,Barcarena,2020-07-22,2834,98,103,0
Barcarena,Barcarena,2020-07-23,2977,143,103,0
Barcarena,Barcarena,2020-07-24,3041,64,103,0
Barcarena,Barcarena,2020-07-25,3041,0,103,0
Barcarena,Barcarena,2020-07-26,3041,0,103,0
Barcarena,Barcarena,2020-07-27,3041,0,103,0
Barcarena,Barcarena,2020-07-28,3128,87,103,0
Barcarena,Barcarena,2020-07-29,3188,60,103,0
Barcarena,Barcarena,2020-07-30,3320,132,103,0
Barcarena,Barcarena,2020-07-31,3321,1,103,0
Barcarena,Barcarena,2020-08-01,3324,3,103,0
Barcarena,Barcarena,2020-08-02,3325,1,103,0
Barcarena,Barcarena,2020-08-03,3325,0,103,0
Barcarena,Barcarena,2020-08-04,3325,0,104,1
Barcarena,Barcarena,2020-08-05,3327,2,104,0
Barcarena,Barcarena,2020-08-06,3334,7,104,0
Barcarena,Barcarena,2020-08-07,3334,0,104,0
Barcarena,Barcarena,2020-08-08,3339,5,104,0
Barcarena,Barcarena,2020-08-09,3339,0,104,0
Barcarena,Barcarena,2020-08-10,3340,1,104,0
Barcarena,Barcarena,2020-08-11,3343,3,104,0
Barcarena,Barcarena,2020-08-12,3345,2,104,0
Barcarena,Barcarena,2020-08-13,3458,113,104,0
Barcarena,Barcarena,2020-08-14,3550,92,104,0
Barcarena,Barcarena,2020-08-15,3556,6,104,0
Barcarena,Barcarena,2020-08-16,3556,0,104,0
Barcarena,Barcarena,2020-08-17,3556,0,104,0
Barcarena,Barcarena,2020-08-18,3664,108,105,1
Barcarena,Barcarena,2020-08-19,3778,114,106,1
Barcarena,Barcarena,2020-08-20,3779,1,106,0
Barcarena,Barcarena,2020-08-21,3779,0,106,0
Barcarena,Barcarena,2020-08-22,3822,43,106,0
Barcarena,Barcarena,2020-08-23,3822,0,106,0
Barcarena,Barcarena,2020-08-24,3822,0,106,0
Barcarena,Barcarena,2020-08-25,3893,71,106,0
Barcarena,Barcarena,2020-08-26,3973,80,106,0
Barcarena,Barcarena,2020-08-27,4033,60,106,0
Barcarena,Barcarena,2020-08-28,4163,130,106,0
Barcarena,Barcarena,2020-08-29,4287,124,106,0
Barcarena,Barcarena,2020-08-30,4287,0,106,0
Barcarena,Barcarena,2020-08-31,4287,0,106,0
Barcarena,Barcarena,2020-09-01,4329,42,106,0
Barcarena,Barcarena,2020-09-02,4335,6,106,0
Barcarena,Barcarena,2020-09-03,4345,10,106,0
Barcarena,Barcarena,2020-09-04,4348,3,106,0
Barcarena,Barcarena,2020-09-05,4355,7,106,0
Barcarena,Barcarena,2020-09-06,4356,1,106,0
Barcarena,Barcarena,2020-09-07,4356,0,106,0
Barcarena,Barcarena,2020-09-08,4356,0,106,0
Barcarena,Barcarena,2020-09-09,4367,11,108,2
Barcarena,Barcarena,2020-09-10,4373,6,108,0
Barcarena,Barcarena,2020-09-11,4375,2,108,0
Barcarena,Barcarena,2020-09-12,4375,0,108,0
Barcarena,Barcarena,2020-09-13,4375,0,108,0
Barcarena,Barcarena,2020-09-14,4375,0,108,0
Barcarena,Barcarena,2020-09-15,4385,10,109,1
Barcarena,Barcarena,2020-09-16,4393,8,109,0
Barcarena,Barcarena,2020-09-17,4396,3,109,0
Barcarena,Barcarena,2020-09-18,4401,5,109,0
Barcarena,Barcarena,2020-09-19,4404,3,109,0
Barcarena,Barcarena,2020-09-20,4404,0,109,0
Barcarena,Barcarena,2020-09-21,4404,0,109,0
Barcarena,Barcarena,2020-09-22,4407,3,109,0
Barcarena,Barcarena,2020-09-23,4407,0,109,0
Barcarena,Barcarena,2020-09-24,4414,7,110,1
Barcarena,Barcarena,2020-09-25,4414,0,107,-3
Barcarena,Barcarena,2020-09-26,4415,1,109,2
Barcarena,Barcarena,2020-09-27,4415,0,109,0
Barcarena,Barcarena,2020-09-28,4415,0,109,0
Barcarena,Barcarena,2020-09-29,4415,0,109,0
Barcarena,Barcarena,2020-09-30,4422,7,109,0
Barcarena,Barcarena,2020-10-01,4426,4,110,1
Barcarena,Barcarena,2020-10-02,4426,0,110,0
Barcarena,Barcarena,2020-10-03,4426,0,110,0
Barcarena,Barcarena,2020-10-04,4426,0,112,2
Barcarena,Barcarena,2020-10-05,4426,0,112,0
Barcarena,Barcarena,2020-10-06,4426,0,112,0
Barcarena,Barcarena,2020-10-07,4430,4,112,0
Barcarena,Barcarena,2020-10-08,4433,3,112,0
Barcarena,Barcarena,2020-10-09,4433,0,113,1
Barcarena,Barcarena,2020-10-10,4435,2,113,0
Barcarena,Barcarena,2020-10-11,4435,0,113,0
Barcarena,Barcarena,2020-10-12,4435,0,113,0
Barcarena,Barcarena,2020-10-13,4435,0,113,0
Barcarena,Barcarena,2020-10-14,4441,6,113,0
Barcarena,Barcarena,2020-10-15,4441,0,113,0
Barcarena,Barcarena,2020-10-16,4452,11,113,0
Barcarena,Barcarena,2020-10-17,4456,4,113,0
Barcarena,Barcarena,2020-10-18,4456,0,113,0
Barcarena,Barcarena,2020-10-19,4456,0,113,0
Barcarena,Barcarena,2020-10-20,4463,7,113,0
Barcarena,Barcarena,2020-10-21,4463,0,113,0
Barcarena,Barcarena,2020-10-22,4467,4,113,0
Barcarena,Barcarena,2020-10-23,4472,5,113,0
Barcarena,Barcarena,2020-10-24,4480,8,113,0
Barcarena,Barcarena,2020-10-25,4484,4,113,0
Barcarena,Barcarena,2020-10-26,4484,0,113,0
Barcarena,Barcarena,2020-10-27,4484,0,113,0
Barcarena,Barcarena,2020-10-28,4484,0,113,0
Barcarena,Barcarena,2020-10-29,4486,2,114,1
Barcarena,Barcarena,2020-10-30,4486,0,114,0
Barcarena,Barcarena,2020-10-31,4486,0,114,0
Barcarena,Barcarena,2020-11-01,4486,0,114,0
Barcarena,Barcarena,2020-11-02,4486,0,114,0
Barcarena,Barcarena,2020-11-03,4486,0,114,0
Barcarena,Barcarena,2020-11-04,4486,0,114,0
Barcarena,Barcarena,2020-11-05,4487,1,114,0
Barcarena,Barcarena,2020-11-06,4487,0,114,0
Barcarena,Barcarena,2020-11-07,4487,0,114,0
Barcarena,Barcarena,2020-11-08,4492,5,114,0
Barcarena,Barcarena,2020-11-09,4494,2,114,0
Barcarena,Barcarena,2020-11-10,4494,0,114,0
Barcarena,Barcarena,2020-11-11,4495,1,114,0
Barcarena,Barcarena,2020-11-12,4505,10,114,0
Barcarena,Barcarena,2020-11-13,4512,7,114,0
Barcarena,Barcarena,2020-11-14,4513,1,114,0
Barcarena,Barcarena,2020-11-15,4513,0,114,0
Barcarena,Barcarena,2020-11-16,4513,0,114,0
Barcarena,Barcarena,2020-11-17,4514,1,114,0
Barcarena,Barcarena,2020-11-18,4520,6,115,1
Barcarena,Barcarena,2020-11-19,4521,1,115,0
Barcarena,Barcarena,2020-11-20,4521,0,115,0
Barcarena,Barcarena,2020-11-21,4521,0,115,0
Barcarena,Barcarena,2020-11-22,4521,0,115,0
Barcarena,Barcarena,2020-11-23,4521,0,116,1
Barcarena,Barcarena,2020-11-24,4522,1,116,0
Barcarena,Barcarena,2020-11-25,4523,1,116,0
Barcarena,Barcarena,2020-11-26,4529,6,116,0
Barcarena,Barcarena,2020-11-27,4538,9,116,0
Barcarena,Barcarena,2020-11-28,4538,0,118,2
Barcarena,Barcarena,2020-11-29,4541,3,118,0
Barcarena,Barcarena,2020-11-30,4543,2,118,0
Barcarena,Barcarena,2020-12-01,4548,5,118,0
Barcarena,Barcarena,2020-12-02,4552,4,118,0
Barcarena,Barcarena,2020-12-03,4553,1,118,0
Barcarena,Barcarena,2020-12-04,4553,0,119,1
Barcarena,Barcarena,2020-12-05,4554,1,119,0
Barcarena,Barcarena,2020-12-06,4554,0,119,0
Barcarena,Barcarena,2020-12-07,4555,1,119,0
Barcarena,Barcarena,2020-12-08,4559,4,119,0
Barcarena,Barcarena,2020-12-09,4561,2,119,0
Barcarena,Barcarena,2020-12-10,4564,3,119,0
Barcarena,Barcarena,2020-12-11,4578,14,119,0
Barcarena,Barcarena,2020-12-12,4586,8,119,0
Barcarena,Barcarena,2020-12-13,4586,0,119,0
Barcarena,Barcarena,2020-12-14,4586,0,119,0
Barcarena,Barcarena,2020-12-15,4589,3,119,0
Barcarena,Barcarena,2020-12-16,4591,2,119,0
Barcarena,Barcarena,2020-12-17,4593,2,119,0
Barcarena,Barcarena,2020-12-18,4605,12,119,0
Barcarena,Barcarena,2020-12-19,4611,6,119,0
Barcarena,Barcarena,2020-12-20,4611,0,119,0
Barcarena,Barcarena,2020-12-21,4612,1,119,0
Barcarena,Barcarena,2020-12-22,4613,1,119,0
Barcarena,Barcarena,2020-12-23,4615,2,119,0
Barcarena,Barcarena,2020-12-24,4616,1,119,0
Barcarena,Barcarena,2020-12-25,4618,2,119,0
Barcarena,Barcarena,2020-12-26,4618,0,120,1
Barcarena,Barcarena,2020-12-27,4618,0,121,1
Barcarena,Barcarena,2020-12-28,4618,0,121,0
Barcarena,Barcarena,2020-12-29,4620,2,121,0
Barcarena,Barcarena,2020-12-30,4624,4,121,0
Barcarena,Barcarena,2020-12-31,4627,3,122,1
Barcarena,Barcarena,2021-01-01,4627,0,124,2
Barcarena,Barcarena,2021-01-02,4627,0,124,0
Barcarena,Barcarena,2021-01-03,4628,1,124,0
Barcarena,Barcarena,2021-01-04,4628,0,124,0
Barcarena,Barcarena,2021-01-05,4631,3,124,0
Barcarena,Barcarena,2021-01-06,4631,0,124,0
Barcarena,Barcarena,2021-01-07,4639,8,124,0
Barcarena,Barcarena,2021-01-08,4664,25,125,1
Barcarena,Barcarena,2021-01-09,4680,16,125,0
Barcarena,Barcarena,2021-01-10,4680,0,125,0
Barcarena,Barcarena,2021-01-11,4680,0,125,0
Barcarena,Barcarena,2021-01-12,4697,17,125,0
Barcarena,Barcarena,2021-01-13,4703,6,126,1
Barcarena,Barcarena,2021-01-14,4706,3,127,1
Barcarena,Barcarena,2021-01-15,4712,6,127,0
Barcarena,Barcarena,2021-01-16,4729,17,127,0
Barcarena,Barcarena,2021-01-17,4729,0,128,1
Barcarena,Barcarena,2021-01-18,4729,0,128,0
Barcarena,Barcarena,2021-01-19,4736,7,128,0
Barcarena,Barcarena,2021-01-20,4739,3,128,0
Barcarena,Barcarena,2021-01-21,4741,2,128,0
Barcarena,Barcarena,2021-01-22,4744,3,128,0
Barcarena,Barcarena,2021-01-23,4797,53,128,0
Barcarena,Barcarena,2021-01-24,4803,6,128,0
Barcarena,Barcarena,2021-01-25,4819,16,129,1
Barcarena,Barcarena,2021-01-26,4830,11,129,0
Barcarena,Barcarena,2021-01-27,4983,153,129,0
Barcarena,Barcarena,2021-01-28,5073,90,129,0
Barcarena,Barcarena,2021-01-29,5173,100,129,0
Barcarena,Barcarena,2021-01-30,5174,1,131,2
Barcarena,Barcarena,2021-01-31,5174,0,131,0
Barcarena,Barcarena,2021-02-01,5174,0,131,0
Barcarena,Barcarena,2021-02-02,5267,93,131,0
Barcarena,Barcarena,2021-02-03,5405,138,131,0
Barcarena,Barcarena,2021-02-04,5513,108,131,0
Barcarena,Barcarena,2021-02-05,5611,98,131,0
Barcarena,Barcarena,2021-02-06,5723,112,131,0
Barcarena,Barcarena,2021-02-07,5724,1,132,1
Barcarena,Barcarena,2021-02-08,5724,0,132,0
