city,city,date,cases,daily cases,deaths,daily deaths
Barcelos,Barcelos,2020-03-27,0,0,0,0
Barcelos,Barcelos,2020-03-28,0,0,0,0
Barcelos,Barcelos,2020-03-29,0,0,0,0
Barcelos,Barcelos,2020-03-30,0,0,0,0
Barcelos,Barcelos,2020-03-31,0,0,0,0
Barcelos,Barcelos,2020-04-01,0,0,0,0
Barcelos,Barcelos,2020-04-02,0,0,0,0
Barcelos,Barcelos,2020-04-03,0,0,0,0
Barcelos,Barcelos,2020-04-04,0,0,0,0
Barcelos,Barcelos,2020-04-05,0,0,0,0
Barcelos,Barcelos,2020-04-06,0,0,0,0
Barcelos,Barcelos,2020-04-07,0,0,0,0
Barcelos,Barcelos,2020-04-08,0,0,0,0
Barcelos,Barcelos,2020-04-09,0,0,0,0
Barcelos,Barcelos,2020-04-10,0,0,0,0
Barcelos,Barcelos,2020-04-11,0,0,0,0
Barcelos,Barcelos,2020-04-12,0,0,0,0
Barcelos,Barcelos,2020-04-13,0,0,0,0
Barcelos,Barcelos,2020-04-14,0,0,0,0
Barcelos,Barcelos,2020-04-15,0,0,0,0
Barcelos,Barcelos,2020-04-16,0,0,0,0
Barcelos,Barcelos,2020-04-17,0,0,0,0
Barcelos,Barcelos,2020-04-18,0,0,0,0
Barcelos,Barcelos,2020-04-19,0,0,0,0
Barcelos,Barcelos,2020-04-20,0,0,0,0
Barcelos,Barcelos,2020-04-21,0,0,0,0
Barcelos,Barcelos,2020-04-22,1,1,1,1
Barcelos,Barcelos,2020-04-23,1,0,1,0
Barcelos,Barcelos,2020-04-24,1,0,1,0
Barcelos,Barcelos,2020-04-25,2,1,1,0
Barcelos,Barcelos,2020-04-26,2,0,1,0
Barcelos,Barcelos,2020-04-27,2,0,1,0
Barcelos,Barcelos,2020-04-28,3,1,1,0
Barcelos,Barcelos,2020-04-29,3,0,1,0
Barcelos,Barcelos,2020-04-30,3,0,1,0
Barcelos,Barcelos,2020-05-01,3,0,1,0
Barcelos,Barcelos,2020-05-02,3,0,1,0
Barcelos,Barcelos,2020-05-03,4,1,1,0
Barcelos,Barcelos,2020-05-04,5,1,2,1
Barcelos,Barcelos,2020-05-05,5,0,2,0
Barcelos,Barcelos,2020-05-06,9,4,2,0
Barcelos,Barcelos,2020-05-07,14,5,2,0
Barcelos,Barcelos,2020-05-08,23,9,3,1
Barcelos,Barcelos,2020-05-09,24,1,3,0
Barcelos,Barcelos,2020-05-10,27,3,3,0
Barcelos,Barcelos,2020-05-11,34,7,3,0
Barcelos,Barcelos,2020-05-12,43,9,5,2
Barcelos,Barcelos,2020-05-13,59,16,5,0
Barcelos,Barcelos,2020-05-14,74,15,6,1
Barcelos,Barcelos,2020-05-15,96,22,6,0
Barcelos,Barcelos,2020-05-16,105,9,6,0
Barcelos,Barcelos,2020-05-17,111,6,6,0
Barcelos,Barcelos,2020-05-18,131,20,7,1
Barcelos,Barcelos,2020-05-19,131,0,7,0
Barcelos,Barcelos,2020-05-20,187,56,7,0
Barcelos,Barcelos,2020-05-21,212,25,7,0
Barcelos,Barcelos,2020-05-22,236,24,10,3
Barcelos,Barcelos,2020-05-23,274,38,10,0
Barcelos,Barcelos,2020-05-24,276,2,11,1
Barcelos,Barcelos,2020-05-25,280,4,11,0
Barcelos,Barcelos,2020-05-26,330,50,11,0
Barcelos,Barcelos,2020-05-27,355,25,11,0
Barcelos,Barcelos,2020-05-28,415,60,12,1
Barcelos,Barcelos,2020-05-29,430,15,13,1
Barcelos,Barcelos,2020-05-30,462,32,15,2
Barcelos,Barcelos,2020-05-31,467,5,15,0
Barcelos,Barcelos,2020-06-01,469,2,16,1
Barcelos,Barcelos,2020-06-02,484,15,16,0
Barcelos,Barcelos,2020-06-03,518,34,16,0
Barcelos,Barcelos,2020-06-04,534,16,17,1
Barcelos,Barcelos,2020-06-05,546,12,18,1
Barcelos,Barcelos,2020-06-06,546,0,18,0
Barcelos,Barcelos,2020-06-07,597,51,20,2
Barcelos,Barcelos,2020-06-08,636,39,20,0
Barcelos,Barcelos,2020-06-09,652,16,20,0
Barcelos,Barcelos,2020-06-10,663,11,20,0
Barcelos,Barcelos,2020-06-11,678,15,20,0
Barcelos,Barcelos,2020-06-12,683,5,20,0
Barcelos,Barcelos,2020-06-13,708,25,20,0
Barcelos,Barcelos,2020-06-14,708,0,20,0
Barcelos,Barcelos,2020-06-15,731,23,20,0
Barcelos,Barcelos,2020-06-16,780,49,20,0
Barcelos,Barcelos,2020-06-17,781,1,20,0
Barcelos,Barcelos,2020-06-18,783,2,20,0
Barcelos,Barcelos,2020-06-19,790,7,20,0
Barcelos,Barcelos,2020-06-20,799,9,20,0
Barcelos,Barcelos,2020-06-21,807,8,20,0
Barcelos,Barcelos,2020-06-22,818,11,20,0
Barcelos,Barcelos,2020-06-23,823,5,21,1
Barcelos,Barcelos,2020-06-24,823,0,21,0
Barcelos,Barcelos,2020-06-25,823,0,22,1
Barcelos,Barcelos,2020-06-26,853,30,22,0
Barcelos,Barcelos,2020-06-27,874,21,22,0
Barcelos,Barcelos,2020-06-28,907,33,22,0
Barcelos,Barcelos,2020-06-29,907,0,22,0
Barcelos,Barcelos,2020-06-30,907,0,22,0
Barcelos,Barcelos,2020-07-01,1062,155,23,1
Barcelos,Barcelos,2020-07-02,1073,11,23,0
Barcelos,Barcelos,2020-07-03,1198,125,24,1
Barcelos,Barcelos,2020-07-04,1211,13,24,0
Barcelos,Barcelos,2020-07-05,1253,42,24,0
Barcelos,Barcelos,2020-07-06,1253,0,24,0
Barcelos,Barcelos,2020-07-07,1402,149,24,0
Barcelos,Barcelos,2020-07-08,1417,15,24,0
Barcelos,Barcelos,2020-07-09,1424,7,24,0
Barcelos,Barcelos,2020-07-10,1450,26,24,0
Barcelos,Barcelos,2020-07-11,1508,58,24,0
Barcelos,Barcelos,2020-07-12,1510,2,24,0
Barcelos,Barcelos,2020-07-13,1511,1,24,0
Barcelos,Barcelos,2020-07-14,1529,18,24,0
Barcelos,Barcelos,2020-07-15,1645,116,24,0
Barcelos,Barcelos,2020-07-16,1851,206,24,0
Barcelos,Barcelos,2020-07-17,1891,40,24,0
Barcelos,Barcelos,2020-07-18,1952,61,24,0
Barcelos,Barcelos,2020-07-19,1968,16,24,0
Barcelos,Barcelos,2020-07-20,1968,0,24,0
Barcelos,Barcelos,2020-07-21,1990,22,24,0
Barcelos,Barcelos,2020-07-22,1990,0,24,0
Barcelos,Barcelos,2020-07-23,2007,17,24,0
Barcelos,Barcelos,2020-07-24,2015,8,24,0
Barcelos,Barcelos,2020-07-25,2015,0,24,0
Barcelos,Barcelos,2020-07-26,2038,23,24,0
Barcelos,Barcelos,2020-07-27,2045,7,24,0
Barcelos,Barcelos,2020-07-28,2078,33,24,0
Barcelos,Barcelos,2020-07-29,2081,3,24,0
Barcelos,Barcelos,2020-07-30,2106,25,24,0
Barcelos,Barcelos,2020-07-31,2106,0,24,0
Barcelos,Barcelos,2020-08-01,2117,11,24,0
Barcelos,Barcelos,2020-08-02,2117,0,24,0
Barcelos,Barcelos,2020-08-03,2121,4,24,0
Barcelos,Barcelos,2020-08-04,2131,10,24,0
Barcelos,Barcelos,2020-08-05,2147,16,24,0
Barcelos,Barcelos,2020-08-06,2152,5,24,0
Barcelos,Barcelos,2020-08-07,2158,6,24,0
Barcelos,Barcelos,2020-08-08,2158,0,24,0
Barcelos,Barcelos,2020-08-09,2158,0,24,0
Barcelos,Barcelos,2020-08-10,2159,1,24,0
Barcelos,Barcelos,2020-08-11,2164,5,24,0
Barcelos,Barcelos,2020-08-12,2168,4,24,0
Barcelos,Barcelos,2020-08-13,2173,5,24,0
Barcelos,Barcelos,2020-08-14,2179,6,24,0
Barcelos,Barcelos,2020-08-15,2274,95,24,0
Barcelos,Barcelos,2020-08-16,2274,0,24,0
Barcelos,Barcelos,2020-08-17,2335,61,24,0
Barcelos,Barcelos,2020-08-18,2347,12,24,0
Barcelos,Barcelos,2020-08-19,2352,5,24,0
Barcelos,Barcelos,2020-08-20,2353,1,24,0
Barcelos,Barcelos,2020-08-21,2379,26,24,0
Barcelos,Barcelos,2020-08-22,2379,0,24,0
Barcelos,Barcelos,2020-08-23,2379,0,24,0
Barcelos,Barcelos,2020-08-24,2386,7,24,0
Barcelos,Barcelos,2020-08-25,2393,7,24,0
Barcelos,Barcelos,2020-08-26,2400,7,24,0
Barcelos,Barcelos,2020-08-27,2414,14,24,0
Barcelos,Barcelos,2020-08-28,2418,4,24,0
Barcelos,Barcelos,2020-08-29,2506,88,24,0
Barcelos,Barcelos,2020-08-30,2506,0,24,0
Barcelos,Barcelos,2020-08-31,2519,13,24,0
Barcelos,Barcelos,2020-09-01,2527,8,24,0
Barcelos,Barcelos,2020-09-02,2531,4,24,0
Barcelos,Barcelos,2020-09-03,2542,11,24,0
Barcelos,Barcelos,2020-09-04,2547,5,24,0
Barcelos,Barcelos,2020-09-05,2547,0,24,0
Barcelos,Barcelos,2020-09-06,2547,0,25,1
Barcelos,Barcelos,2020-09-07,2547,0,25,0
Barcelos,Barcelos,2020-09-08,2552,5,25,0
Barcelos,Barcelos,2020-09-09,2557,5,25,0
Barcelos,Barcelos,2020-09-10,2560,3,25,0
Barcelos,Barcelos,2020-09-11,2560,0,25,0
Barcelos,Barcelos,2020-09-12,2560,0,25,0
Barcelos,Barcelos,2020-09-13,2560,0,25,0
Barcelos,Barcelos,2020-09-14,2560,0,25,0
Barcelos,Barcelos,2020-09-15,2560,0,25,0
Barcelos,Barcelos,2020-09-16,2560,0,25,0
Barcelos,Barcelos,2020-09-17,2592,32,25,0
Barcelos,Barcelos,2020-09-18,2594,2,25,0
Barcelos,Barcelos,2020-09-19,2594,0,25,0
Barcelos,Barcelos,2020-09-20,2594,0,25,0
Barcelos,Barcelos,2020-09-21,2594,0,25,0
Barcelos,Barcelos,2020-09-22,2596,2,25,0
Barcelos,Barcelos,2020-09-23,2609,13,25,0
Barcelos,Barcelos,2020-09-24,2620,11,25,0
Barcelos,Barcelos,2020-09-25,2620,0,25,0
Barcelos,Barcelos,2020-09-26,2620,0,25,0
Barcelos,Barcelos,2020-09-27,2620,0,25,0
Barcelos,Barcelos,2020-09-28,2636,16,25,0
Barcelos,Barcelos,2020-09-29,2648,12,25,0
Barcelos,Barcelos,2020-09-30,2656,8,25,0
Barcelos,Barcelos,2020-10-01,2659,3,25,0
Barcelos,Barcelos,2020-10-02,2670,11,25,0
Barcelos,Barcelos,2020-10-03,2670,0,25,0
Barcelos,Barcelos,2020-10-04,2670,0,25,0
Barcelos,Barcelos,2020-10-05,2673,3,25,0
Barcelos,Barcelos,2020-10-06,2685,12,25,0
Barcelos,Barcelos,2020-10-07,2695,10,25,0
Barcelos,Barcelos,2020-10-08,2698,3,25,0
Barcelos,Barcelos,2020-10-09,2709,11,25,0
Barcelos,Barcelos,2020-10-10,2709,0,25,0
Barcelos,Barcelos,2020-10-11,2709,0,25,0
Barcelos,Barcelos,2020-10-12,2709,0,25,0
Barcelos,Barcelos,2020-10-13,2729,20,25,0
Barcelos,Barcelos,2020-10-14,2730,1,25,0
Barcelos,Barcelos,2020-10-15,2737,7,25,0
Barcelos,Barcelos,2020-10-16,2739,2,25,0
Barcelos,Barcelos,2020-10-17,2739,0,25,0
Barcelos,Barcelos,2020-10-18,2739,0,25,0
Barcelos,Barcelos,2020-10-19,2743,4,25,0
Barcelos,Barcelos,2020-10-20,2753,10,25,0
Barcelos,Barcelos,2020-10-21,2754,1,25,0
Barcelos,Barcelos,2020-10-22,2757,3,25,0
Barcelos,Barcelos,2020-10-23,2758,1,25,0
Barcelos,Barcelos,2020-10-24,2758,0,25,0
Barcelos,Barcelos,2020-10-25,2758,0,25,0
Barcelos,Barcelos,2020-10-26,2763,5,25,0
Barcelos,Barcelos,2020-10-27,2769,6,25,0
Barcelos,Barcelos,2020-10-28,2773,4,25,0
Barcelos,Barcelos,2020-10-29,2780,7,25,0
Barcelos,Barcelos,2020-10-30,2780,0,25,0
Barcelos,Barcelos,2020-10-31,2780,0,25,0
Barcelos,Barcelos,2020-11-01,2780,0,25,0
Barcelos,Barcelos,2020-11-02,2780,0,25,0
Barcelos,Barcelos,2020-11-03,2786,6,25,0
Barcelos,Barcelos,2020-11-04,2788,2,25,0
Barcelos,Barcelos,2020-11-05,2789,1,25,0
Barcelos,Barcelos,2020-11-06,2789,0,25,0
Barcelos,Barcelos,2020-11-07,2789,0,25,0
Barcelos,Barcelos,2020-11-08,2789,0,25,0
Barcelos,Barcelos,2020-11-09,2794,5,27,2
Barcelos,Barcelos,2020-11-10,2802,8,27,0
Barcelos,Barcelos,2020-11-11,2812,10,27,0
Barcelos,Barcelos,2020-11-12,2812,0,27,0
Barcelos,Barcelos,2020-11-13,2815,3,27,0
Barcelos,Barcelos,2020-11-14,2815,0,27,0
Barcelos,Barcelos,2020-11-15,2815,0,27,0
Barcelos,Barcelos,2020-11-16,2815,0,27,0
Barcelos,Barcelos,2020-11-17,2820,5,27,0
Barcelos,Barcelos,2020-11-18,2821,1,28,1
Barcelos,Barcelos,2020-11-19,2821,0,27,-1
Barcelos,Barcelos,2020-11-20,2823,2,27,0
Barcelos,Barcelos,2020-11-21,2823,0,27,0
Barcelos,Barcelos,2020-11-22,2823,0,27,0
Barcelos,Barcelos,2020-11-23,2827,4,27,0
Barcelos,Barcelos,2020-11-24,2827,0,27,0
Barcelos,Barcelos,2020-11-25,2827,0,27,0
Barcelos,Barcelos,2020-11-26,2839,12,27,0
Barcelos,Barcelos,2020-11-27,2839,0,28,1
Barcelos,Barcelos,2020-11-28,2839,0,28,0
Barcelos,Barcelos,2020-11-29,2839,0,28,0
Barcelos,Barcelos,2020-11-30,2839,0,28,0
Barcelos,Barcelos,2020-12-01,2839,0,28,0
Barcelos,Barcelos,2020-12-02,2839,0,28,0
Barcelos,Barcelos,2020-12-03,2839,0,28,0
Barcelos,Barcelos,2020-12-04,2841,2,28,0
Barcelos,Barcelos,2020-12-05,2841,0,28,0
Barcelos,Barcelos,2020-12-06,2841,0,28,0
Barcelos,Barcelos,2020-12-07,2841,0,28,0
Barcelos,Barcelos,2020-12-08,2851,10,28,0
Barcelos,Barcelos,2020-12-09,2851,0,28,0
Barcelos,Barcelos,2020-12-10,2857,6,28,0
Barcelos,Barcelos,2020-12-11,2857,0,28,0
Barcelos,Barcelos,2020-12-12,2857,0,28,0
Barcelos,Barcelos,2020-12-13,2877,20,28,0
Barcelos,Barcelos,2020-12-14,2884,7,28,0
Barcelos,Barcelos,2020-12-15,2884,0,28,0
Barcelos,Barcelos,2020-12-16,2903,19,28,0
Barcelos,Barcelos,2020-12-17,2918,15,28,0
Barcelos,Barcelos,2020-12-18,2931,13,28,0
Barcelos,Barcelos,2020-12-19,2931,0,28,0
Barcelos,Barcelos,2020-12-20,2942,11,28,0
Barcelos,Barcelos,2020-12-21,2953,11,28,0
Barcelos,Barcelos,2020-12-22,2964,11,28,0
Barcelos,Barcelos,2020-12-23,2965,1,28,0
Barcelos,Barcelos,2020-12-24,2965,0,28,0
Barcelos,Barcelos,2020-12-25,2965,0,28,0
Barcelos,Barcelos,2020-12-26,2965,0,28,0
Barcelos,Barcelos,2020-12-27,2981,16,28,0
Barcelos,Barcelos,2020-12-28,2981,0,28,0
Barcelos,Barcelos,2020-12-29,2991,10,28,0
Barcelos,Barcelos,2020-12-30,3001,10,28,0
Barcelos,Barcelos,2020-12-31,3022,21,28,0
Barcelos,Barcelos,2021-01-01,3022,0,28,0
Barcelos,Barcelos,2021-01-02,3024,2,28,0
Barcelos,Barcelos,2021-01-03,3024,0,28,0
Barcelos,Barcelos,2021-01-04,3066,42,29,1
Barcelos,Barcelos,2021-01-05,3072,6,29,0
Barcelos,Barcelos,2021-01-06,3116,44,29,0
Barcelos,Barcelos,2021-01-07,3152,36,29,0
Barcelos,Barcelos,2021-01-08,3152,0,29,0
Barcelos,Barcelos,2021-01-09,3191,39,30,1
Barcelos,Barcelos,2021-01-10,3199,8,30,0
Barcelos,Barcelos,2021-01-11,3241,42,32,2
Barcelos,Barcelos,2021-01-12,3280,39,32,0
Barcelos,Barcelos,2021-01-13,3297,17,32,0
Barcelos,Barcelos,2021-01-14,3340,43,33,1
Barcelos,Barcelos,2021-01-15,3369,29,33,0
Barcelos,Barcelos,2021-01-16,3369,0,33,0
Barcelos,Barcelos,2021-01-17,3378,9,35,2
Barcelos,Barcelos,2021-01-18,3437,59,35,0
Barcelos,Barcelos,2021-01-19,3458,21,36,1
Barcelos,Barcelos,2021-01-20,3492,34,37,1
Barcelos,Barcelos,2021-01-21,3507,15,37,0
Barcelos,Barcelos,2021-01-22,3509,2,37,0
Barcelos,Barcelos,2021-01-23,3509,0,37,0
Barcelos,Barcelos,2021-01-24,3509,0,37,0
Barcelos,Barcelos,2021-01-25,3509,0,37,0
Barcelos,Barcelos,2021-01-26,3543,34,39,2
Barcelos,Barcelos,2021-01-27,3566,23,40,1
Barcelos,Barcelos,2021-01-28,3580,14,41,1
Barcelos,Barcelos,2021-01-29,3584,4,41,0
Barcelos,Barcelos,2021-01-30,3584,0,41,0
Barcelos,Barcelos,2021-01-31,3584,0,41,0
Barcelos,Barcelos,2021-02-01,3635,51,41,0
Barcelos,Barcelos,2021-02-02,3635,0,41,0
Barcelos,Barcelos,2021-02-03,3671,36,43,2
Barcelos,Barcelos,2021-02-04,3691,20,44,1
Barcelos,Barcelos,2021-02-05,3705,14,44,0
Barcelos,Barcelos,2021-02-06,3706,1,44,0
Barcelos,Barcelos,2021-02-07,3706,0,44,0
Barcelos,Barcelos,2021-02-08,3744,38,45,1
