city,city,date,cases,daily cases,deaths,daily deaths
Barra Mansa,Barra Mansa,2020-03-27,0,0,0,0
Barra Mansa,Barra Mansa,2020-03-28,1,1,0,0
Barra Mansa,Barra Mansa,2020-03-29,1,0,0,0
Barra Mansa,Barra Mansa,2020-03-30,1,0,0,0
Barra Mansa,Barra Mansa,2020-03-31,2,1,0,0
Barra Mansa,Barra Mansa,2020-04-01,2,0,0,0
Barra Mansa,Barra Mansa,2020-04-02,2,0,0,0
Barra Mansa,Barra Mansa,2020-04-03,3,1,0,0
Barra Mansa,Barra Mansa,2020-04-04,3,0,0,0
Barra Mansa,Barra Mansa,2020-04-05,3,0,0,0
Barra Mansa,Barra Mansa,2020-04-06,3,0,0,0
Barra Mansa,Barra Mansa,2020-04-07,8,5,0,0
Barra Mansa,Barra Mansa,2020-04-08,8,0,0,0
Barra Mansa,Barra Mansa,2020-04-09,8,0,0,0
Barra Mansa,Barra Mansa,2020-04-10,11,3,0,0
Barra Mansa,Barra Mansa,2020-04-11,11,0,0,0
Barra Mansa,Barra Mansa,2020-04-12,11,0,0,0
Barra Mansa,Barra Mansa,2020-04-13,12,1,0,0
Barra Mansa,Barra Mansa,2020-04-14,13,1,3,3
Barra Mansa,Barra Mansa,2020-04-15,13,0,1,-2
Barra Mansa,Barra Mansa,2020-04-16,13,0,1,0
Barra Mansa,Barra Mansa,2020-04-17,13,0,1,0
Barra Mansa,Barra Mansa,2020-04-18,14,1,1,0
Barra Mansa,Barra Mansa,2020-04-19,14,0,1,0
Barra Mansa,Barra Mansa,2020-04-20,14,0,1,0
Barra Mansa,Barra Mansa,2020-04-21,15,1,1,0
Barra Mansa,Barra Mansa,2020-04-22,17,2,1,0
Barra Mansa,Barra Mansa,2020-04-23,17,0,1,0
Barra Mansa,Barra Mansa,2020-04-24,17,0,1,0
Barra Mansa,Barra Mansa,2020-04-25,20,3,1,0
Barra Mansa,Barra Mansa,2020-04-26,25,5,1,0
Barra Mansa,Barra Mansa,2020-04-27,25,0,1,0
Barra Mansa,Barra Mansa,2020-04-28,26,1,1,0
Barra Mansa,Barra Mansa,2020-04-29,26,0,1,0
Barra Mansa,Barra Mansa,2020-04-30,29,3,1,0
Barra Mansa,Barra Mansa,2020-05-01,34,5,1,0
Barra Mansa,Barra Mansa,2020-05-02,34,0,1,0
Barra Mansa,Barra Mansa,2020-05-03,37,3,1,0
Barra Mansa,Barra Mansa,2020-05-04,43,6,1,0
Barra Mansa,Barra Mansa,2020-05-05,48,5,1,0
Barra Mansa,Barra Mansa,2020-05-06,49,1,1,0
Barra Mansa,Barra Mansa,2020-05-07,49,0,1,0
Barra Mansa,Barra Mansa,2020-05-08,71,22,1,0
Barra Mansa,Barra Mansa,2020-05-09,70,-1,1,0
Barra Mansa,Barra Mansa,2020-05-10,73,3,1,0
Barra Mansa,Barra Mansa,2020-05-11,82,9,1,0
Barra Mansa,Barra Mansa,2020-05-12,82,0,1,0
Barra Mansa,Barra Mansa,2020-05-13,82,0,1,0
Barra Mansa,Barra Mansa,2020-05-14,82,0,1,0
Barra Mansa,Barra Mansa,2020-05-15,88,6,7,6
Barra Mansa,Barra Mansa,2020-05-16,88,0,7,0
Barra Mansa,Barra Mansa,2020-05-17,88,0,7,0
Barra Mansa,Barra Mansa,2020-05-18,122,34,7,0
Barra Mansa,Barra Mansa,2020-05-19,123,1,8,1
Barra Mansa,Barra Mansa,2020-05-20,123,0,8,0
Barra Mansa,Barra Mansa,2020-05-21,123,0,8,0
Barra Mansa,Barra Mansa,2020-05-22,123,0,8,0
Barra Mansa,Barra Mansa,2020-05-23,124,1,9,1
Barra Mansa,Barra Mansa,2020-05-24,124,0,9,0
Barra Mansa,Barra Mansa,2020-05-25,126,2,9,0
Barra Mansa,Barra Mansa,2020-05-26,130,4,10,1
Barra Mansa,Barra Mansa,2020-05-27,131,1,11,1
Barra Mansa,Barra Mansa,2020-05-28,133,2,13,2
Barra Mansa,Barra Mansa,2020-05-29,148,15,13,0
Barra Mansa,Barra Mansa,2020-05-30,179,31,13,0
Barra Mansa,Barra Mansa,2020-05-31,179,0,13,0
Barra Mansa,Barra Mansa,2020-06-01,180,1,13,0
Barra Mansa,Barra Mansa,2020-06-02,183,3,16,3
Barra Mansa,Barra Mansa,2020-06-03,188,5,17,1
Barra Mansa,Barra Mansa,2020-06-04,194,6,17,0
Barra Mansa,Barra Mansa,2020-06-05,200,6,20,3
Barra Mansa,Barra Mansa,2020-06-06,206,6,22,2
Barra Mansa,Barra Mansa,2020-06-07,210,4,22,0
Barra Mansa,Barra Mansa,2020-06-08,214,4,22,0
Barra Mansa,Barra Mansa,2020-06-09,271,57,22,0
Barra Mansa,Barra Mansa,2020-06-10,269,-2,23,1
Barra Mansa,Barra Mansa,2020-06-11,271,2,23,0
Barra Mansa,Barra Mansa,2020-06-12,279,8,23,0
Barra Mansa,Barra Mansa,2020-06-13,280,1,23,0
Barra Mansa,Barra Mansa,2020-06-14,280,0,23,0
Barra Mansa,Barra Mansa,2020-06-15,283,3,23,0
Barra Mansa,Barra Mansa,2020-06-16,303,20,23,0
Barra Mansa,Barra Mansa,2020-06-17,314,11,28,5
Barra Mansa,Barra Mansa,2020-06-18,314,0,28,0
Barra Mansa,Barra Mansa,2020-06-19,344,30,28,0
Barra Mansa,Barra Mansa,2020-06-20,303,-41,28,0
Barra Mansa,Barra Mansa,2020-06-21,272,-31,28,0
Barra Mansa,Barra Mansa,2020-06-22,362,90,28,0
Barra Mansa,Barra Mansa,2020-06-23,389,27,29,1
Barra Mansa,Barra Mansa,2020-06-24,407,18,29,0
Barra Mansa,Barra Mansa,2020-06-25,428,21,29,0
Barra Mansa,Barra Mansa,2020-06-26,435,7,30,1
Barra Mansa,Barra Mansa,2020-06-27,436,1,32,2
Barra Mansa,Barra Mansa,2020-06-28,464,28,32,0
Barra Mansa,Barra Mansa,2020-06-29,465,1,32,0
Barra Mansa,Barra Mansa,2020-06-30,465,0,36,4
Barra Mansa,Barra Mansa,2020-07-01,505,40,36,0
Barra Mansa,Barra Mansa,2020-07-02,530,25,36,0
Barra Mansa,Barra Mansa,2020-07-03,541,11,36,0
Barra Mansa,Barra Mansa,2020-07-04,567,26,35,-1
Barra Mansa,Barra Mansa,2020-07-05,568,1,35,0
Barra Mansa,Barra Mansa,2020-07-06,568,0,35,0
Barra Mansa,Barra Mansa,2020-07-07,572,4,35,0
Barra Mansa,Barra Mansa,2020-07-08,620,48,36,1
Barra Mansa,Barra Mansa,2020-07-09,660,40,36,0
Barra Mansa,Barra Mansa,2020-07-10,663,3,37,1
Barra Mansa,Barra Mansa,2020-07-11,663,0,37,0
Barra Mansa,Barra Mansa,2020-07-12,663,0,37,0
Barra Mansa,Barra Mansa,2020-07-13,690,27,37,0
Barra Mansa,Barra Mansa,2020-07-14,694,4,37,0
Barra Mansa,Barra Mansa,2020-07-15,698,4,37,0
Barra Mansa,Barra Mansa,2020-07-16,698,0,37,0
Barra Mansa,Barra Mansa,2020-07-17,733,35,37,0
Barra Mansa,Barra Mansa,2020-07-18,733,0,37,0
Barra Mansa,Barra Mansa,2020-07-19,815,82,37,0
Barra Mansa,Barra Mansa,2020-07-20,892,77,37,0
Barra Mansa,Barra Mansa,2020-07-21,852,-40,37,0
Barra Mansa,Barra Mansa,2020-07-22,675,-177,37,0
Barra Mansa,Barra Mansa,2020-07-23,690,15,40,3
Barra Mansa,Barra Mansa,2020-07-24,739,49,49,9
Barra Mansa,Barra Mansa,2020-07-25,761,22,53,4
Barra Mansa,Barra Mansa,2020-07-26,761,0,53,0
Barra Mansa,Barra Mansa,2020-07-27,766,5,53,0
Barra Mansa,Barra Mansa,2020-07-28,792,26,53,0
Barra Mansa,Barra Mansa,2020-07-29,817,25,53,0
Barra Mansa,Barra Mansa,2020-07-30,843,26,68,15
Barra Mansa,Barra Mansa,2020-07-31,855,12,68,0
Barra Mansa,Barra Mansa,2020-08-01,878,23,71,3
Barra Mansa,Barra Mansa,2020-08-02,878,0,71,0
Barra Mansa,Barra Mansa,2020-08-03,890,12,71,0
Barra Mansa,Barra Mansa,2020-08-04,891,1,72,1
Barra Mansa,Barra Mansa,2020-08-05,941,50,72,0
Barra Mansa,Barra Mansa,2020-08-06,963,22,72,0
Barra Mansa,Barra Mansa,2020-08-07,999,36,75,3
Barra Mansa,Barra Mansa,2020-08-08,1053,54,75,0
Barra Mansa,Barra Mansa,2020-08-09,1054,1,75,0
Barra Mansa,Barra Mansa,2020-08-10,1082,28,75,0
Barra Mansa,Barra Mansa,2020-08-11,1100,18,76,1
Barra Mansa,Barra Mansa,2020-08-12,1170,70,80,4
Barra Mansa,Barra Mansa,2020-08-13,1214,44,80,0
Barra Mansa,Barra Mansa,2020-08-14,1214,0,80,0
Barra Mansa,Barra Mansa,2020-08-15,1214,0,80,0
Barra Mansa,Barra Mansa,2020-08-16,1263,49,80,0
Barra Mansa,Barra Mansa,2020-08-17,1266,3,80,0
Barra Mansa,Barra Mansa,2020-08-18,1325,59,80,0
Barra Mansa,Barra Mansa,2020-08-19,1359,34,82,2
Barra Mansa,Barra Mansa,2020-08-20,1374,15,83,1
Barra Mansa,Barra Mansa,2020-08-21,1381,7,90,7
Barra Mansa,Barra Mansa,2020-08-22,1416,35,91,1
Barra Mansa,Barra Mansa,2020-08-23,1417,1,91,0
Barra Mansa,Barra Mansa,2020-08-24,1417,0,91,0
Barra Mansa,Barra Mansa,2020-08-25,1466,49,92,1
Barra Mansa,Barra Mansa,2020-08-26,1556,90,96,4
Barra Mansa,Barra Mansa,2020-08-27,1596,40,96,0
Barra Mansa,Barra Mansa,2020-08-28,1596,0,96,0
Barra Mansa,Barra Mansa,2020-08-29,1669,73,101,5
Barra Mansa,Barra Mansa,2020-08-30,1673,4,101,0
Barra Mansa,Barra Mansa,2020-08-31,1673,0,101,0
Barra Mansa,Barra Mansa,2020-09-01,1737,64,106,5
Barra Mansa,Barra Mansa,2020-09-02,1781,44,109,3
Barra Mansa,Barra Mansa,2020-09-03,1804,23,114,5
Barra Mansa,Barra Mansa,2020-09-04,1816,12,114,0
Barra Mansa,Barra Mansa,2020-09-05,1822,6,120,6
Barra Mansa,Barra Mansa,2020-09-06,1822,0,120,0
Barra Mansa,Barra Mansa,2020-09-07,1822,0,120,0
Barra Mansa,Barra Mansa,2020-09-08,1822,0,120,0
Barra Mansa,Barra Mansa,2020-09-09,1825,3,122,2
Barra Mansa,Barra Mansa,2020-09-10,1840,15,135,13
Barra Mansa,Barra Mansa,2020-09-11,2158,318,141,6
Barra Mansa,Barra Mansa,2020-09-12,2158,0,141,0
Barra Mansa,Barra Mansa,2020-09-13,2220,62,141,0
Barra Mansa,Barra Mansa,2020-09-14,2222,2,141,0
Barra Mansa,Barra Mansa,2020-09-15,2253,31,142,1
Barra Mansa,Barra Mansa,2020-09-16,2310,57,142,0
Barra Mansa,Barra Mansa,2020-09-17,2315,5,147,5
Barra Mansa,Barra Mansa,2020-09-18,2465,150,150,3
Barra Mansa,Barra Mansa,2020-09-19,2576,111,150,0
Barra Mansa,Barra Mansa,2020-09-20,2578,2,150,0
Barra Mansa,Barra Mansa,2020-09-21,2579,1,151,1
Barra Mansa,Barra Mansa,2020-09-22,2658,79,151,0
Barra Mansa,Barra Mansa,2020-09-23,2658,0,151,0
Barra Mansa,Barra Mansa,2020-09-24,2840,182,157,6
Barra Mansa,Barra Mansa,2020-09-25,2893,53,157,0
Barra Mansa,Barra Mansa,2020-09-26,2894,1,158,1
Barra Mansa,Barra Mansa,2020-09-27,2894,0,158,0
Barra Mansa,Barra Mansa,2020-09-28,2894,0,158,0
Barra Mansa,Barra Mansa,2020-09-29,2918,24,158,0
Barra Mansa,Barra Mansa,2020-09-30,3030,112,158,0
Barra Mansa,Barra Mansa,2020-10-01,3078,48,158,0
Barra Mansa,Barra Mansa,2020-10-02,3094,16,158,0
Barra Mansa,Barra Mansa,2020-10-03,3112,18,161,3
Barra Mansa,Barra Mansa,2020-10-04,3112,0,161,0
Barra Mansa,Barra Mansa,2020-10-05,3113,1,161,0
Barra Mansa,Barra Mansa,2020-10-06,3144,31,161,0
Barra Mansa,Barra Mansa,2020-10-07,3218,74,165,4
Barra Mansa,Barra Mansa,2020-10-08,3275,57,169,4
Barra Mansa,Barra Mansa,2020-10-09,3285,10,169,0
Barra Mansa,Barra Mansa,2020-10-10,3298,13,169,0
Barra Mansa,Barra Mansa,2020-10-11,3299,1,169,0
Barra Mansa,Barra Mansa,2020-10-12,3300,1,169,0
Barra Mansa,Barra Mansa,2020-10-13,3301,1,169,0
Barra Mansa,Barra Mansa,2020-10-14,3336,35,169,0
Barra Mansa,Barra Mansa,2020-10-15,3354,18,170,1
Barra Mansa,Barra Mansa,2020-10-16,3377,23,172,2
Barra Mansa,Barra Mansa,2020-10-17,3379,2,174,2
Barra Mansa,Barra Mansa,2020-10-18,3398,19,174,0
Barra Mansa,Barra Mansa,2020-10-19,3398,0,174,0
Barra Mansa,Barra Mansa,2020-10-20,3407,9,174,0
Barra Mansa,Barra Mansa,2020-10-21,3448,41,174,0
Barra Mansa,Barra Mansa,2020-10-22,3456,8,175,1
Barra Mansa,Barra Mansa,2020-10-23,3462,6,176,1
Barra Mansa,Barra Mansa,2020-10-24,3500,38,176,0
Barra Mansa,Barra Mansa,2020-10-25,3506,6,177,1
Barra Mansa,Barra Mansa,2020-10-26,3553,47,177,0
Barra Mansa,Barra Mansa,2020-10-27,3583,30,177,0
Barra Mansa,Barra Mansa,2020-10-28,3602,19,177,0
Barra Mansa,Barra Mansa,2020-10-29,3615,13,178,1
Barra Mansa,Barra Mansa,2020-10-30,3656,41,179,1
Barra Mansa,Barra Mansa,2020-10-31,3656,0,179,0
Barra Mansa,Barra Mansa,2020-11-01,3685,29,179,0
Barra Mansa,Barra Mansa,2020-11-02,3689,4,179,0
Barra Mansa,Barra Mansa,2020-11-03,3693,4,179,0
Barra Mansa,Barra Mansa,2020-11-04,3706,13,179,0
Barra Mansa,Barra Mansa,2020-11-05,3736,30,180,1
Barra Mansa,Barra Mansa,2020-11-06,3736,0,180,0
Barra Mansa,Barra Mansa,2020-11-07,3736,0,180,0
Barra Mansa,Barra Mansa,2020-11-08,3752,16,180,0
Barra Mansa,Barra Mansa,2020-11-09,3762,10,180,0
Barra Mansa,Barra Mansa,2020-11-10,3789,27,180,0
Barra Mansa,Barra Mansa,2020-11-11,3801,12,181,1
Barra Mansa,Barra Mansa,2020-11-12,3806,5,182,1
Barra Mansa,Barra Mansa,2020-11-13,3806,0,182,0
Barra Mansa,Barra Mansa,2020-11-14,3868,62,182,0
Barra Mansa,Barra Mansa,2020-11-15,3868,0,182,0
Barra Mansa,Barra Mansa,2020-11-16,3874,6,181,-1
Barra Mansa,Barra Mansa,2020-11-17,3948,74,182,1
Barra Mansa,Barra Mansa,2020-11-18,3991,43,182,0
Barra Mansa,Barra Mansa,2020-11-19,4069,78,184,2
Barra Mansa,Barra Mansa,2020-11-20,4087,18,185,1
Barra Mansa,Barra Mansa,2020-11-21,4087,0,185,0
Barra Mansa,Barra Mansa,2020-11-22,4093,6,185,0
Barra Mansa,Barra Mansa,2020-11-23,4095,2,185,0
Barra Mansa,Barra Mansa,2020-11-24,4119,24,185,0
Barra Mansa,Barra Mansa,2020-11-25,4189,70,186,1
Barra Mansa,Barra Mansa,2020-11-26,4204,15,186,0
Barra Mansa,Barra Mansa,2020-11-27,4209,5,187,1
Barra Mansa,Barra Mansa,2020-11-28,4361,152,189,2
Barra Mansa,Barra Mansa,2020-11-29,4361,0,189,0
Barra Mansa,Barra Mansa,2020-11-30,4363,2,189,0
Barra Mansa,Barra Mansa,2020-12-01,4425,62,189,0
Barra Mansa,Barra Mansa,2020-12-02,4462,37,189,0
Barra Mansa,Barra Mansa,2020-12-03,4557,95,189,0
Barra Mansa,Barra Mansa,2020-12-04,4582,25,190,1
Barra Mansa,Barra Mansa,2020-12-05,4607,25,191,1
Barra Mansa,Barra Mansa,2020-12-06,4614,7,192,1
Barra Mansa,Barra Mansa,2020-12-07,4614,0,192,0
Barra Mansa,Barra Mansa,2020-12-08,4645,31,192,0
Barra Mansa,Barra Mansa,2020-12-09,4726,81,192,0
Barra Mansa,Barra Mansa,2020-12-10,4802,76,192,0
Barra Mansa,Barra Mansa,2020-12-11,4842,40,192,0
Barra Mansa,Barra Mansa,2020-12-12,4906,64,193,1
Barra Mansa,Barra Mansa,2020-12-13,4907,1,193,0
Barra Mansa,Barra Mansa,2020-12-14,4908,1,193,0
Barra Mansa,Barra Mansa,2020-12-15,4944,36,193,0
Barra Mansa,Barra Mansa,2020-12-16,5069,125,195,2
Barra Mansa,Barra Mansa,2020-12-17,5137,68,195,0
Barra Mansa,Barra Mansa,2020-12-18,5166,29,197,2
Barra Mansa,Barra Mansa,2020-12-19,5166,0,197,0
Barra Mansa,Barra Mansa,2020-12-20,5288,122,199,2
Barra Mansa,Barra Mansa,2020-12-21,5291,3,199,0
Barra Mansa,Barra Mansa,2020-12-22,5330,39,199,0
Barra Mansa,Barra Mansa,2020-12-23,5376,46,201,2
Barra Mansa,Barra Mansa,2020-12-24,5444,68,203,2
Barra Mansa,Barra Mansa,2020-12-25,5444,0,203,0
Barra Mansa,Barra Mansa,2020-12-26,5454,10,203,0
Barra Mansa,Barra Mansa,2020-12-27,5455,1,203,0
Barra Mansa,Barra Mansa,2020-12-28,5457,2,203,0
Barra Mansa,Barra Mansa,2020-12-29,5539,82,206,3
Barra Mansa,Barra Mansa,2020-12-30,5540,1,207,1
Barra Mansa,Barra Mansa,2020-12-31,5663,123,209,2
Barra Mansa,Barra Mansa,2021-01-01,5667,4,209,0
Barra Mansa,Barra Mansa,2021-01-02,5667,0,209,0
Barra Mansa,Barra Mansa,2021-01-03,5667,0,209,0
Barra Mansa,Barra Mansa,2021-01-04,5673,6,209,0
Barra Mansa,Barra Mansa,2021-01-05,5796,123,209,0
Barra Mansa,Barra Mansa,2021-01-06,5875,79,210,1
Barra Mansa,Barra Mansa,2021-01-07,6058,183,216,6
Barra Mansa,Barra Mansa,2021-01-08,6059,1,217,1
Barra Mansa,Barra Mansa,2021-01-09,6224,165,219,2
Barra Mansa,Barra Mansa,2021-01-10,6226,2,221,2
Barra Mansa,Barra Mansa,2021-01-11,6230,4,221,0
Barra Mansa,Barra Mansa,2021-01-12,6353,123,221,0
Barra Mansa,Barra Mansa,2021-01-13,6466,113,229,8
Barra Mansa,Barra Mansa,2021-01-14,6565,99,229,0
Barra Mansa,Barra Mansa,2021-01-15,6623,58,232,3
Barra Mansa,Barra Mansa,2021-01-16,6748,125,235,3
Barra Mansa,Barra Mansa,2021-01-17,6759,11,238,3
Barra Mansa,Barra Mansa,2021-01-18,6759,0,238,0
Barra Mansa,Barra Mansa,2021-01-19,6963,204,238,0
Barra Mansa,Barra Mansa,2021-01-20,7053,90,242,4
Barra Mansa,Barra Mansa,2021-01-21,7132,79,242,0
Barra Mansa,Barra Mansa,2021-01-22,7136,4,246,4
Barra Mansa,Barra Mansa,2021-01-23,7317,181,249,3
Barra Mansa,Barra Mansa,2021-01-24,7324,7,250,1
Barra Mansa,Barra Mansa,2021-01-25,7324,0,250,0
Barra Mansa,Barra Mansa,2021-01-26,7425,101,251,1
Barra Mansa,Barra Mansa,2021-01-27,7685,260,253,2
Barra Mansa,Barra Mansa,2021-01-28,7980,295,256,3
Barra Mansa,Barra Mansa,2021-01-29,8233,253,256,0
Barra Mansa,Barra Mansa,2021-01-30,8408,175,260,4
Barra Mansa,Barra Mansa,2021-01-31,8410,2,262,2
Barra Mansa,Barra Mansa,2021-02-01,8429,19,262,0
Barra Mansa,Barra Mansa,2021-02-02,8550,121,263,1
Barra Mansa,Barra Mansa,2021-02-03,8656,106,264,1
Barra Mansa,Barra Mansa,2021-02-04,8749,93,268,4
Barra Mansa,Barra Mansa,2021-02-05,8861,112,273,5
Barra Mansa,Barra Mansa,2021-02-06,8954,93,273,0
Barra Mansa,Barra Mansa,2021-02-07,8954,0,273,0
Barra Mansa,Barra Mansa,2021-02-08,8983,29,276,3
