city,city,date,cases,daily cases,deaths,daily deaths
Bataguassu,Bataguassu,2020-03-27,0,0,0,0
Bataguassu,Bataguassu,2020-03-28,0,0,0,0
Bataguassu,Bataguassu,2020-03-29,0,0,0,0
Bataguassu,Bataguassu,2020-03-30,0,0,0,0
Bataguassu,Bataguassu,2020-03-31,0,0,0,0
Bataguassu,Bataguassu,2020-04-01,0,0,0,0
Bataguassu,Bataguassu,2020-04-02,0,0,0,0
Bataguassu,Bataguassu,2020-04-03,0,0,0,0
Bataguassu,Bataguassu,2020-04-04,0,0,0,0
Bataguassu,Bataguassu,2020-04-05,0,0,0,0
Bataguassu,Bataguassu,2020-04-06,0,0,0,0
Bataguassu,Bataguassu,2020-04-07,0,0,0,0
Bataguassu,Bataguassu,2020-04-08,0,0,0,0
Bataguassu,Bataguassu,2020-04-09,0,0,0,0
Bataguassu,Bataguassu,2020-04-10,0,0,0,0
Bataguassu,Bataguassu,2020-04-11,0,0,0,0
Bataguassu,Bataguassu,2020-04-12,0,0,0,0
Bataguassu,Bataguassu,2020-04-13,0,0,0,0
Bataguassu,Bataguassu,2020-04-14,0,0,0,0
Bataguassu,Bataguassu,2020-04-15,0,0,0,0
Bataguassu,Bataguassu,2020-04-16,0,0,0,0
Bataguassu,Bataguassu,2020-04-17,0,0,0,0
Bataguassu,Bataguassu,2020-04-18,0,0,0,0
Bataguassu,Bataguassu,2020-04-19,0,0,0,0
Bataguassu,Bataguassu,2020-04-20,1,1,0,0
Bataguassu,Bataguassu,2020-04-21,1,0,0,0
Bataguassu,Bataguassu,2020-04-22,2,1,0,0
Bataguassu,Bataguassu,2020-04-23,2,0,0,0
Bataguassu,Bataguassu,2020-04-24,2,0,0,0
Bataguassu,Bataguassu,2020-04-25,2,0,0,0
Bataguassu,Bataguassu,2020-04-26,2,0,0,0
Bataguassu,Bataguassu,2020-04-27,2,0,0,0
Bataguassu,Bataguassu,2020-04-28,2,0,0,0
Bataguassu,Bataguassu,2020-04-29,2,0,0,0
Bataguassu,Bataguassu,2020-04-30,2,0,0,0
Bataguassu,Bataguassu,2020-05-01,2,0,0,0
Bataguassu,Bataguassu,2020-05-02,2,0,0,0
Bataguassu,Bataguassu,2020-05-03,2,0,0,0
Bataguassu,Bataguassu,2020-05-04,2,0,0,0
Bataguassu,Bataguassu,2020-05-05,2,0,0,0
Bataguassu,Bataguassu,2020-05-06,2,0,0,0
Bataguassu,Bataguassu,2020-05-07,2,0,0,0
Bataguassu,Bataguassu,2020-05-08,2,0,0,0
Bataguassu,Bataguassu,2020-05-09,2,0,0,0
Bataguassu,Bataguassu,2020-05-10,2,0,0,0
Bataguassu,Bataguassu,2020-05-11,3,1,0,0
Bataguassu,Bataguassu,2020-05-12,3,0,0,0
Bataguassu,Bataguassu,2020-05-13,3,0,0,0
Bataguassu,Bataguassu,2020-05-14,3,0,0,0
Bataguassu,Bataguassu,2020-05-15,3,0,0,0
Bataguassu,Bataguassu,2020-05-16,3,0,0,0
Bataguassu,Bataguassu,2020-05-17,3,0,0,0
Bataguassu,Bataguassu,2020-05-18,3,0,0,0
Bataguassu,Bataguassu,2020-05-19,3,0,0,0
Bataguassu,Bataguassu,2020-05-20,6,3,0,0
Bataguassu,Bataguassu,2020-05-21,6,0,0,0
Bataguassu,Bataguassu,2020-05-22,6,0,0,0
Bataguassu,Bataguassu,2020-05-23,5,-1,0,0
Bataguassu,Bataguassu,2020-05-24,5,0,0,0
Bataguassu,Bataguassu,2020-05-25,6,1,0,0
Bataguassu,Bataguassu,2020-05-26,7,1,0,0
Bataguassu,Bataguassu,2020-05-27,8,1,0,0
Bataguassu,Bataguassu,2020-05-28,8,0,0,0
Bataguassu,Bataguassu,2020-05-29,10,2,0,0
Bataguassu,Bataguassu,2020-05-30,10,0,0,0
Bataguassu,Bataguassu,2020-05-31,10,0,0,0
Bataguassu,Bataguassu,2020-06-01,10,0,0,0
Bataguassu,Bataguassu,2020-06-02,10,0,0,0
Bataguassu,Bataguassu,2020-06-03,11,1,0,0
Bataguassu,Bataguassu,2020-06-04,11,0,0,0
Bataguassu,Bataguassu,2020-06-05,11,0,0,0
Bataguassu,Bataguassu,2020-06-06,11,0,0,0
Bataguassu,Bataguassu,2020-06-07,11,0,0,0
Bataguassu,Bataguassu,2020-06-08,11,0,0,0
Bataguassu,Bataguassu,2020-06-09,11,0,0,0
Bataguassu,Bataguassu,2020-06-10,11,0,0,0
Bataguassu,Bataguassu,2020-06-11,11,0,0,0
Bataguassu,Bataguassu,2020-06-12,11,0,0,0
Bataguassu,Bataguassu,2020-06-13,11,0,0,0
Bataguassu,Bataguassu,2020-06-14,11,0,0,0
Bataguassu,Bataguassu,2020-06-15,11,0,0,0
Bataguassu,Bataguassu,2020-06-16,11,0,0,0
Bataguassu,Bataguassu,2020-06-17,11,0,0,0
Bataguassu,Bataguassu,2020-06-18,12,1,0,0
Bataguassu,Bataguassu,2020-06-19,17,5,0,0
Bataguassu,Bataguassu,2020-06-20,20,3,0,0
Bataguassu,Bataguassu,2020-06-21,20,0,0,0
Bataguassu,Bataguassu,2020-06-22,21,1,0,0
Bataguassu,Bataguassu,2020-06-23,22,1,0,0
Bataguassu,Bataguassu,2020-06-24,22,0,0,0
Bataguassu,Bataguassu,2020-06-25,23,1,0,0
Bataguassu,Bataguassu,2020-06-26,25,2,0,0
Bataguassu,Bataguassu,2020-06-27,26,1,0,0
Bataguassu,Bataguassu,2020-06-28,32,6,0,0
Bataguassu,Bataguassu,2020-06-29,32,0,0,0
Bataguassu,Bataguassu,2020-06-30,35,3,0,0
Bataguassu,Bataguassu,2020-07-01,39,4,0,0
Bataguassu,Bataguassu,2020-07-02,44,5,0,0
Bataguassu,Bataguassu,2020-07-03,51,7,0,0
Bataguassu,Bataguassu,2020-07-04,56,5,0,0
Bataguassu,Bataguassu,2020-07-05,58,2,0,0
Bataguassu,Bataguassu,2020-07-06,58,0,0,0
Bataguassu,Bataguassu,2020-07-07,62,4,0,0
Bataguassu,Bataguassu,2020-07-08,77,15,0,0
Bataguassu,Bataguassu,2020-07-09,188,111,0,0
Bataguassu,Bataguassu,2020-07-10,221,33,0,0
Bataguassu,Bataguassu,2020-07-11,290,69,0,0
Bataguassu,Bataguassu,2020-07-12,300,10,0,0
Bataguassu,Bataguassu,2020-07-13,299,-1,0,0
Bataguassu,Bataguassu,2020-07-14,317,18,0,0
Bataguassu,Bataguassu,2020-07-15,321,4,0,0
Bataguassu,Bataguassu,2020-07-16,360,39,0,0
Bataguassu,Bataguassu,2020-07-17,361,1,0,0
Bataguassu,Bataguassu,2020-07-18,366,5,0,0
Bataguassu,Bataguassu,2020-07-19,366,0,0,0
Bataguassu,Bataguassu,2020-07-20,366,0,0,0
Bataguassu,Bataguassu,2020-07-21,425,59,0,0
Bataguassu,Bataguassu,2020-07-22,443,18,0,0
Bataguassu,Bataguassu,2020-07-23,490,47,0,0
Bataguassu,Bataguassu,2020-07-24,522,32,1,1
Bataguassu,Bataguassu,2020-07-25,523,1,1,0
Bataguassu,Bataguassu,2020-07-26,538,15,1,0
Bataguassu,Bataguassu,2020-07-27,547,9,1,0
Bataguassu,Bataguassu,2020-07-28,562,15,1,0
Bataguassu,Bataguassu,2020-07-29,581,19,2,1
Bataguassu,Bataguassu,2020-07-30,594,13,2,0
Bataguassu,Bataguassu,2020-07-31,617,23,2,0
Bataguassu,Bataguassu,2020-08-01,622,5,4,2
Bataguassu,Bataguassu,2020-08-02,628,6,4,0
Bataguassu,Bataguassu,2020-08-03,630,2,4,0
Bataguassu,Bataguassu,2020-08-04,638,8,4,0
Bataguassu,Bataguassu,2020-08-05,642,4,4,0
Bataguassu,Bataguassu,2020-08-06,652,10,4,0
Bataguassu,Bataguassu,2020-08-07,661,9,4,0
Bataguassu,Bataguassu,2020-08-08,667,6,4,0
Bataguassu,Bataguassu,2020-08-09,668,1,4,0
Bataguassu,Bataguassu,2020-08-10,668,0,4,0
Bataguassu,Bataguassu,2020-08-11,669,1,4,0
Bataguassu,Bataguassu,2020-08-12,678,9,4,0
Bataguassu,Bataguassu,2020-08-13,683,5,4,0
Bataguassu,Bataguassu,2020-08-14,686,3,4,0
Bataguassu,Bataguassu,2020-08-15,692,6,4,0
Bataguassu,Bataguassu,2020-08-16,693,1,4,0
Bataguassu,Bataguassu,2020-08-17,694,1,4,0
Bataguassu,Bataguassu,2020-08-18,697,3,4,0
Bataguassu,Bataguassu,2020-08-19,700,3,4,0
Bataguassu,Bataguassu,2020-08-20,703,3,5,1
Bataguassu,Bataguassu,2020-08-21,702,-1,5,0
Bataguassu,Bataguassu,2020-08-22,708,6,5,0
Bataguassu,Bataguassu,2020-08-23,712,4,5,0
Bataguassu,Bataguassu,2020-08-24,711,-1,5,0
Bataguassu,Bataguassu,2020-08-25,712,1,5,0
Bataguassu,Bataguassu,2020-08-26,713,1,6,1
Bataguassu,Bataguassu,2020-08-27,715,2,6,0
Bataguassu,Bataguassu,2020-08-28,715,0,6,0
Bataguassu,Bataguassu,2020-08-29,734,19,6,0
Bataguassu,Bataguassu,2020-08-30,734,0,6,0
Bataguassu,Bataguassu,2020-08-31,737,3,6,0
Bataguassu,Bataguassu,2020-09-01,740,3,6,0
Bataguassu,Bataguassu,2020-09-02,742,2,6,0
Bataguassu,Bataguassu,2020-09-03,742,0,6,0
Bataguassu,Bataguassu,2020-09-04,745,3,6,0
Bataguassu,Bataguassu,2020-09-05,752,7,6,0
Bataguassu,Bataguassu,2020-09-06,753,1,6,0
Bataguassu,Bataguassu,2020-09-07,754,1,6,0
Bataguassu,Bataguassu,2020-09-08,754,0,6,0
Bataguassu,Bataguassu,2020-09-09,758,4,6,0
Bataguassu,Bataguassu,2020-09-10,758,0,6,0
Bataguassu,Bataguassu,2020-09-11,785,27,6,0
Bataguassu,Bataguassu,2020-09-12,760,-25,6,0
Bataguassu,Bataguassu,2020-09-13,760,0,6,0
Bataguassu,Bataguassu,2020-09-14,761,1,6,0
Bataguassu,Bataguassu,2020-09-15,760,-1,6,0
Bataguassu,Bataguassu,2020-09-16,760,0,6,0
Bataguassu,Bataguassu,2020-09-17,760,0,6,0
Bataguassu,Bataguassu,2020-09-18,777,17,7,1
Bataguassu,Bataguassu,2020-09-19,780,3,7,0
Bataguassu,Bataguassu,2020-09-20,780,0,7,0
Bataguassu,Bataguassu,2020-09-21,780,0,7,0
Bataguassu,Bataguassu,2020-09-22,783,3,7,0
Bataguassu,Bataguassu,2020-09-23,787,4,7,0
Bataguassu,Bataguassu,2020-09-24,789,2,7,0
Bataguassu,Bataguassu,2020-09-25,795,6,7,0
Bataguassu,Bataguassu,2020-09-26,798,3,7,0
Bataguassu,Bataguassu,2020-09-27,798,0,7,0
Bataguassu,Bataguassu,2020-09-28,798,0,7,0
Bataguassu,Bataguassu,2020-09-29,806,8,7,0
Bataguassu,Bataguassu,2020-09-30,809,3,7,0
Bataguassu,Bataguassu,2020-10-01,815,6,7,0
Bataguassu,Bataguassu,2020-10-02,819,4,7,0
Bataguassu,Bataguassu,2020-10-03,822,3,7,0
Bataguassu,Bataguassu,2020-10-04,822,0,7,0
Bataguassu,Bataguassu,2020-10-05,823,1,7,0
Bataguassu,Bataguassu,2020-10-06,828,5,7,0
Bataguassu,Bataguassu,2020-10-07,831,3,7,0
Bataguassu,Bataguassu,2020-10-08,837,6,7,0
Bataguassu,Bataguassu,2020-10-09,843,6,7,0
Bataguassu,Bataguassu,2020-10-10,847,4,7,0
Bataguassu,Bataguassu,2020-10-11,851,4,7,0
Bataguassu,Bataguassu,2020-10-12,851,0,7,0
Bataguassu,Bataguassu,2020-10-13,851,0,7,0
Bataguassu,Bataguassu,2020-10-14,857,6,7,0
Bataguassu,Bataguassu,2020-10-15,861,4,7,0
Bataguassu,Bataguassu,2020-10-16,862,1,7,0
Bataguassu,Bataguassu,2020-10-17,864,2,7,0
Bataguassu,Bataguassu,2020-10-18,864,0,7,0
Bataguassu,Bataguassu,2020-10-19,864,0,7,0
Bataguassu,Bataguassu,2020-10-20,866,2,7,0
Bataguassu,Bataguassu,2020-10-21,868,2,7,0
Bataguassu,Bataguassu,2020-10-22,869,1,7,0
Bataguassu,Bataguassu,2020-10-23,877,8,7,0
Bataguassu,Bataguassu,2020-10-24,883,6,7,0
Bataguassu,Bataguassu,2020-10-25,883,0,7,0
Bataguassu,Bataguassu,2020-10-26,885,2,7,0
Bataguassu,Bataguassu,2020-10-27,889,4,7,0
Bataguassu,Bataguassu,2020-10-28,895,6,7,0
Bataguassu,Bataguassu,2020-10-29,900,5,7,0
Bataguassu,Bataguassu,2020-10-30,907,7,7,0
Bataguassu,Bataguassu,2020-10-31,910,3,7,0
Bataguassu,Bataguassu,2020-11-01,910,0,7,0
Bataguassu,Bataguassu,2020-11-02,911,1,7,0
Bataguassu,Bataguassu,2020-11-03,911,0,7,0
Bataguassu,Bataguassu,2020-11-04,911,0,7,0
Bataguassu,Bataguassu,2020-11-05,915,4,7,0
Bataguassu,Bataguassu,2020-11-06,916,1,7,0
Bataguassu,Bataguassu,2020-11-07,919,3,7,0
Bataguassu,Bataguassu,2020-11-08,926,7,7,0
Bataguassu,Bataguassu,2020-11-09,925,-1,7,0
Bataguassu,Bataguassu,2020-11-10,927,2,7,0
Bataguassu,Bataguassu,2020-11-11,928,1,7,0
Bataguassu,Bataguassu,2020-11-12,930,2,7,0
Bataguassu,Bataguassu,2020-11-13,930,0,7,0
Bataguassu,Bataguassu,2020-11-14,930,0,7,0
Bataguassu,Bataguassu,2020-11-15,930,0,7,0
Bataguassu,Bataguassu,2020-11-16,930,0,7,0
Bataguassu,Bataguassu,2020-11-17,933,3,7,0
Bataguassu,Bataguassu,2020-11-18,937,4,7,0
Bataguassu,Bataguassu,2020-11-19,940,3,7,0
Bataguassu,Bataguassu,2020-11-20,940,0,7,0
Bataguassu,Bataguassu,2020-11-21,941,1,7,0
Bataguassu,Bataguassu,2020-11-22,941,0,7,0
Bataguassu,Bataguassu,2020-11-23,941,0,7,0
Bataguassu,Bataguassu,2020-11-24,950,9,7,0
Bataguassu,Bataguassu,2020-11-25,974,24,7,0
Bataguassu,Bataguassu,2020-11-26,981,7,7,0
Bataguassu,Bataguassu,2020-11-27,990,9,7,0
Bataguassu,Bataguassu,2020-11-28,1024,34,7,0
Bataguassu,Bataguassu,2020-11-29,1034,10,7,0
Bataguassu,Bataguassu,2020-11-30,1034,0,7,0
Bataguassu,Bataguassu,2020-12-01,1050,16,7,0
Bataguassu,Bataguassu,2020-12-02,1051,1,7,0
Bataguassu,Bataguassu,2020-12-03,1068,17,7,0
Bataguassu,Bataguassu,2020-12-04,1077,9,7,0
Bataguassu,Bataguassu,2020-12-05,1090,13,7,0
Bataguassu,Bataguassu,2020-12-06,1090,0,7,0
Bataguassu,Bataguassu,2020-12-07,1090,0,7,0
Bataguassu,Bataguassu,2020-12-08,1109,19,7,0
Bataguassu,Bataguassu,2020-12-09,1120,11,7,0
Bataguassu,Bataguassu,2020-12-10,1128,8,7,0
Bataguassu,Bataguassu,2020-12-11,1143,15,7,0
Bataguassu,Bataguassu,2020-12-12,1145,2,7,0
Bataguassu,Bataguassu,2020-12-13,1145,0,7,0
Bataguassu,Bataguassu,2020-12-14,1149,4,7,0
Bataguassu,Bataguassu,2020-12-15,1153,4,7,0
Bataguassu,Bataguassu,2020-12-16,1188,35,7,0
Bataguassu,Bataguassu,2020-12-17,1190,2,7,0
Bataguassu,Bataguassu,2020-12-18,1206,16,7,0
Bataguassu,Bataguassu,2020-12-19,1227,21,8,1
Bataguassu,Bataguassu,2020-12-20,1235,8,8,0
Bataguassu,Bataguassu,2020-12-21,1235,0,8,0
Bataguassu,Bataguassu,2020-12-22,1247,12,8,0
Bataguassu,Bataguassu,2020-12-23,1273,26,8,0
Bataguassu,Bataguassu,2020-12-24,1288,15,8,0
Bataguassu,Bataguassu,2020-12-25,1293,5,8,0
Bataguassu,Bataguassu,2020-12-26,1291,-2,9,1
Bataguassu,Bataguassu,2020-12-27,1302,11,9,0
Bataguassu,Bataguassu,2020-12-28,1302,0,10,1
Bataguassu,Bataguassu,2020-12-29,1311,9,10,0
Bataguassu,Bataguassu,2020-12-30,1321,10,10,0
Bataguassu,Bataguassu,2020-12-31,1331,10,10,0
Bataguassu,Bataguassu,2021-01-01,1343,12,10,0
Bataguassu,Bataguassu,2021-01-02,1346,3,10,0
Bataguassu,Bataguassu,2021-01-03,1355,9,10,0
Bataguassu,Bataguassu,2021-01-04,1355,0,10,0
Bataguassu,Bataguassu,2021-01-05,1376,21,10,0
Bataguassu,Bataguassu,2021-01-06,1386,10,10,0
Bataguassu,Bataguassu,2021-01-07,1396,10,11,1
Bataguassu,Bataguassu,2021-01-08,1405,9,11,0
Bataguassu,Bataguassu,2021-01-09,1412,7,11,0
Bataguassu,Bataguassu,2021-01-10,1416,4,11,0
Bataguassu,Bataguassu,2021-01-11,1420,4,12,1
Bataguassu,Bataguassu,2021-01-12,1437,17,12,0
Bataguassu,Bataguassu,2021-01-13,1443,6,12,0
Bataguassu,Bataguassu,2021-01-14,1448,5,12,0
Bataguassu,Bataguassu,2021-01-15,1450,2,12,0
Bataguassu,Bataguassu,2021-01-16,1467,17,12,0
Bataguassu,Bataguassu,2021-01-17,1472,5,12,0
Bataguassu,Bataguassu,2021-01-18,1472,0,12,0
Bataguassu,Bataguassu,2021-01-19,1482,10,12,0
Bataguassu,Bataguassu,2021-01-20,1490,8,12,0
Bataguassu,Bataguassu,2021-01-21,1491,1,12,0
Bataguassu,Bataguassu,2021-01-22,1500,9,14,2
Bataguassu,Bataguassu,2021-01-23,1501,1,15,1
Bataguassu,Bataguassu,2021-01-24,1504,3,16,1
Bataguassu,Bataguassu,2021-01-25,1504,0,16,0
Bataguassu,Bataguassu,2021-01-26,1508,4,16,0
Bataguassu,Bataguassu,2021-01-27,1531,23,16,0
Bataguassu,Bataguassu,2021-01-28,1538,7,16,0
Bataguassu,Bataguassu,2021-01-29,1545,7,16,0
Bataguassu,Bataguassu,2021-01-30,1544,-1,16,0
Bataguassu,Bataguassu,2021-01-31,1545,1,16,0
Bataguassu,Bataguassu,2021-02-01,1545,0,16,0
Bataguassu,Bataguassu,2021-02-02,1554,9,16,0
Bataguassu,Bataguassu,2021-02-03,1558,4,16,0
Bataguassu,Bataguassu,2021-02-04,1562,4,16,0
Bataguassu,Bataguassu,2021-02-05,1564,2,16,0
Bataguassu,Bataguassu,2021-02-06,1569,5,16,0
Bataguassu,Bataguassu,2021-02-07,1569,0,16,0
Bataguassu,Bataguassu,2021-02-08,1570,1,16,0
