city,city,date,cases,daily cases,deaths,daily deaths
Baía da Traição,Baía da Traição,2020-03-27,0,0,0,0
Baía da Traição,Baía da Traição,2020-03-28,0,0,0,0
Baía da Traição,Baía da Traição,2020-03-29,0,0,0,0
Baía da Traição,Baía da Traição,2020-03-30,0,0,0,0
Baía da Traição,Baía da Traição,2020-03-31,0,0,0,0
Baía da Traição,Baía da Traição,2020-04-01,0,0,0,0
Baía da Traição,Baía da Traição,2020-04-02,0,0,0,0
Baía da Traição,Baía da Traição,2020-04-03,0,0,0,0
Baía da Traição,Baía da Traição,2020-04-04,0,0,0,0
Baía da Traição,Baía da Traição,2020-04-05,0,0,0,0
Baía da Traição,Baía da Traição,2020-04-06,0,0,0,0
Baía da Traição,Baía da Traição,2020-04-07,0,0,0,0
Baía da Traição,Baía da Traição,2020-04-08,0,0,0,0
Baía da Traição,Baía da Traição,2020-04-09,0,0,0,0
Baía da Traição,Baía da Traição,2020-04-10,0,0,0,0
Baía da Traição,Baía da Traição,2020-04-11,0,0,0,0
Baía da Traição,Baía da Traição,2020-04-12,0,0,0,0
Baía da Traição,Baía da Traição,2020-04-13,0,0,0,0
Baía da Traição,Baía da Traição,2020-04-14,0,0,0,0
Baía da Traição,Baía da Traição,2020-04-15,0,0,0,0
Baía da Traição,Baía da Traição,2020-04-16,0,0,0,0
Baía da Traição,Baía da Traição,2020-04-17,0,0,0,0
Baía da Traição,Baía da Traição,2020-04-18,0,0,0,0
Baía da Traição,Baía da Traição,2020-04-19,0,0,0,0
Baía da Traição,Baía da Traição,2020-04-20,0,0,0,0
Baía da Traição,Baía da Traição,2020-04-21,0,0,0,0
Baía da Traição,Baía da Traição,2020-04-22,0,0,0,0
Baía da Traição,Baía da Traição,2020-04-23,0,0,0,0
Baía da Traição,Baía da Traição,2020-04-24,0,0,0,0
Baía da Traição,Baía da Traição,2020-04-25,0,0,0,0
Baía da Traição,Baía da Traição,2020-04-26,0,0,0,0
Baía da Traição,Baía da Traição,2020-04-27,0,0,0,0
Baía da Traição,Baía da Traição,2020-04-28,0,0,0,0
Baía da Traição,Baía da Traição,2020-04-29,0,0,0,0
Baía da Traição,Baía da Traição,2020-04-30,0,0,0,0
Baía da Traição,Baía da Traição,2020-05-01,0,0,0,0
Baía da Traição,Baía da Traição,2020-05-02,0,0,0,0
Baía da Traição,Baía da Traição,2020-05-03,0,0,0,0
Baía da Traição,Baía da Traição,2020-05-04,0,0,0,0
Baía da Traição,Baía da Traição,2020-05-05,0,0,0,0
Baía da Traição,Baía da Traição,2020-05-06,0,0,0,0
Baía da Traição,Baía da Traição,2020-05-07,0,0,0,0
Baía da Traição,Baía da Traição,2020-05-08,4,4,0,0
Baía da Traição,Baía da Traição,2020-05-09,4,0,0,0
Baía da Traição,Baía da Traição,2020-05-10,4,0,0,0
Baía da Traição,Baía da Traição,2020-05-11,4,0,0,0
Baía da Traição,Baía da Traição,2020-05-12,4,0,0,0
Baía da Traição,Baía da Traição,2020-05-13,7,3,0,0
Baía da Traição,Baía da Traição,2020-05-14,7,0,0,0
Baía da Traição,Baía da Traição,2020-05-15,8,1,0,0
Baía da Traição,Baía da Traição,2020-05-16,18,10,0,0
Baía da Traição,Baía da Traição,2020-05-17,18,0,0,0
Baía da Traição,Baía da Traição,2020-05-18,18,0,0,0
Baía da Traição,Baía da Traição,2020-05-19,18,0,0,0
Baía da Traição,Baía da Traição,2020-05-20,20,2,0,0
Baía da Traição,Baía da Traição,2020-05-21,28,8,0,0
Baía da Traição,Baía da Traição,2020-05-22,29,1,0,0
Baía da Traição,Baía da Traição,2020-05-23,29,0,0,0
Baía da Traição,Baía da Traição,2020-05-24,29,0,1,1
Baía da Traição,Baía da Traição,2020-05-25,29,0,1,0
Baía da Traição,Baía da Traição,2020-05-26,35,6,1,0
Baía da Traição,Baía da Traição,2020-05-27,43,8,1,0
Baía da Traição,Baía da Traição,2020-05-28,42,-1,1,0
Baía da Traição,Baía da Traição,2020-05-29,42,0,1,0
Baía da Traição,Baía da Traição,2020-05-30,44,2,1,0
Baía da Traição,Baía da Traição,2020-05-31,44,0,1,0
Baía da Traição,Baía da Traição,2020-06-01,44,0,1,0
Baía da Traição,Baía da Traição,2020-06-02,45,1,1,0
Baía da Traição,Baía da Traição,2020-06-03,63,18,1,0
Baía da Traição,Baía da Traição,2020-06-04,64,1,1,0
Baía da Traição,Baía da Traição,2020-06-05,64,0,1,0
Baía da Traição,Baía da Traição,2020-06-06,64,0,1,0
Baía da Traição,Baía da Traição,2020-06-07,64,0,1,0
Baía da Traição,Baía da Traição,2020-06-08,64,0,1,0
Baía da Traição,Baía da Traição,2020-06-09,66,2,1,0
Baía da Traição,Baía da Traição,2020-06-10,75,9,1,0
Baía da Traição,Baía da Traição,2020-06-11,82,7,1,0
Baía da Traição,Baía da Traição,2020-06-12,83,1,1,0
Baía da Traição,Baía da Traição,2020-06-13,83,0,1,0
Baía da Traição,Baía da Traição,2020-06-14,83,0,1,0
Baía da Traição,Baía da Traição,2020-06-15,83,0,1,0
Baía da Traição,Baía da Traição,2020-06-16,86,3,1,0
Baía da Traição,Baía da Traição,2020-06-17,112,26,1,0
Baía da Traição,Baía da Traição,2020-06-18,112,0,1,0
Baía da Traição,Baía da Traição,2020-06-19,120,8,1,0
Baía da Traição,Baía da Traição,2020-06-20,125,5,1,0
Baía da Traição,Baía da Traição,2020-06-21,126,1,3,2
Baía da Traição,Baía da Traição,2020-06-22,126,0,3,0
Baía da Traição,Baía da Traição,2020-06-23,129,3,3,0
Baía da Traição,Baía da Traição,2020-06-24,140,11,3,0
Baía da Traição,Baía da Traição,2020-06-25,141,1,3,0
Baía da Traição,Baía da Traição,2020-06-26,157,16,3,0
Baía da Traição,Baía da Traição,2020-06-27,161,4,3,0
Baía da Traição,Baía da Traição,2020-06-28,161,0,3,0
Baía da Traição,Baía da Traição,2020-06-29,161,0,3,0
Baía da Traição,Baía da Traição,2020-06-30,173,12,3,0
Baía da Traição,Baía da Traição,2020-07-01,177,4,3,0
Baía da Traição,Baía da Traição,2020-07-02,199,22,3,0
Baía da Traição,Baía da Traição,2020-07-03,200,1,3,0
Baía da Traição,Baía da Traição,2020-07-04,201,1,3,0
Baía da Traição,Baía da Traição,2020-07-05,201,0,3,0
Baía da Traição,Baía da Traição,2020-07-06,201,0,3,0
Baía da Traição,Baía da Traição,2020-07-07,202,1,3,0
Baía da Traição,Baía da Traição,2020-07-08,233,31,3,0
Baía da Traição,Baía da Traição,2020-07-09,278,45,3,0
Baía da Traição,Baía da Traição,2020-07-10,290,12,3,0
Baía da Traição,Baía da Traição,2020-07-11,301,11,3,0
Baía da Traição,Baía da Traição,2020-07-12,301,0,4,1
Baía da Traição,Baía da Traição,2020-07-13,302,1,4,0
Baía da Traição,Baía da Traição,2020-07-14,304,2,4,0
Baía da Traição,Baía da Traição,2020-07-15,320,16,4,0
Baía da Traição,Baía da Traição,2020-07-16,349,29,4,0
Baía da Traição,Baía da Traição,2020-07-17,352,3,4,0
Baía da Traição,Baía da Traição,2020-07-18,357,5,4,0
Baía da Traição,Baía da Traição,2020-07-19,359,2,4,0
Baía da Traição,Baía da Traição,2020-07-20,360,1,4,0
Baía da Traição,Baía da Traição,2020-07-21,362,2,4,0
Baía da Traição,Baía da Traição,2020-07-22,376,14,4,0
Baía da Traição,Baía da Traição,2020-07-23,400,24,4,0
Baía da Traição,Baía da Traição,2020-07-24,408,8,5,1
Baía da Traição,Baía da Traição,2020-07-25,414,6,5,0
Baía da Traição,Baía da Traição,2020-07-26,421,7,5,0
Baía da Traição,Baía da Traição,2020-07-27,432,11,5,0
Baía da Traição,Baía da Traição,2020-07-28,440,8,5,0
Baía da Traição,Baía da Traição,2020-07-29,445,5,5,0
Baía da Traição,Baía da Traição,2020-07-30,453,8,5,0
Baía da Traição,Baía da Traição,2020-07-31,464,11,5,0
Baía da Traição,Baía da Traição,2020-08-01,473,9,5,0
Baía da Traição,Baía da Traição,2020-08-02,480,7,5,0
Baía da Traição,Baía da Traição,2020-08-03,479,-1,5,0
Baía da Traição,Baía da Traição,2020-08-04,492,13,5,0
Baía da Traição,Baía da Traição,2020-08-05,496,4,5,0
Baía da Traição,Baía da Traição,2020-08-06,500,4,5,0
Baía da Traição,Baía da Traição,2020-08-07,502,2,5,0
Baía da Traição,Baía da Traição,2020-08-08,514,12,5,0
Baía da Traição,Baía da Traição,2020-08-09,516,2,5,0
Baía da Traição,Baía da Traição,2020-08-10,517,1,5,0
Baía da Traição,Baía da Traição,2020-08-11,529,12,5,0
Baía da Traição,Baía da Traição,2020-08-12,529,0,5,0
Baía da Traição,Baía da Traição,2020-08-13,542,13,5,0
Baía da Traição,Baía da Traição,2020-08-14,548,6,5,0
Baía da Traição,Baía da Traição,2020-08-15,554,6,5,0
Baía da Traição,Baía da Traição,2020-08-16,558,4,5,0
Baía da Traição,Baía da Traição,2020-08-17,565,7,5,0
Baía da Traição,Baía da Traição,2020-08-18,580,15,5,0
Baía da Traição,Baía da Traição,2020-08-19,586,6,5,0
Baía da Traição,Baía da Traição,2020-08-20,602,16,5,0
Baía da Traição,Baía da Traição,2020-08-21,602,0,5,0
Baía da Traição,Baía da Traição,2020-08-22,609,7,5,0
Baía da Traição,Baía da Traição,2020-08-23,610,1,5,0
Baía da Traição,Baía da Traição,2020-08-24,611,1,6,1
Baía da Traição,Baía da Traição,2020-08-25,613,2,6,0
Baía da Traição,Baía da Traição,2020-08-26,616,3,6,0
Baía da Traição,Baía da Traição,2020-08-27,616,0,6,0
Baía da Traição,Baía da Traição,2020-08-28,627,11,6,0
Baía da Traição,Baía da Traição,2020-08-29,625,-2,6,0
Baía da Traição,Baía da Traição,2020-08-30,625,0,6,0
Baía da Traição,Baía da Traição,2020-08-31,627,2,6,0
Baía da Traição,Baía da Traição,2020-09-01,633,6,6,0
Baía da Traição,Baía da Traição,2020-09-02,638,5,6,0
Baía da Traição,Baía da Traição,2020-09-03,643,5,6,0
Baía da Traição,Baía da Traição,2020-09-04,646,3,6,0
Baía da Traição,Baía da Traição,2020-09-05,647,1,6,0
Baía da Traição,Baía da Traição,2020-09-06,647,0,6,0
Baía da Traição,Baía da Traição,2020-09-07,648,1,6,0
Baía da Traição,Baía da Traição,2020-09-08,649,1,6,0
Baía da Traição,Baía da Traição,2020-09-09,654,5,6,0
Baía da Traição,Baía da Traição,2020-09-10,660,6,6,0
Baía da Traição,Baía da Traição,2020-09-11,664,4,6,0
Baía da Traição,Baía da Traição,2020-09-12,668,4,6,0
Baía da Traição,Baía da Traição,2020-09-13,669,1,6,0
Baía da Traição,Baía da Traição,2020-09-14,669,0,6,0
Baía da Traição,Baía da Traição,2020-09-15,671,2,6,0
Baía da Traição,Baía da Traição,2020-09-16,673,2,6,0
Baía da Traição,Baía da Traição,2020-09-17,676,3,6,0
Baía da Traição,Baía da Traição,2020-09-18,681,5,6,0
Baía da Traição,Baía da Traição,2020-09-19,682,1,6,0
Baía da Traição,Baía da Traição,2020-09-20,684,2,6,0
Baía da Traição,Baía da Traição,2020-09-21,684,0,6,0
Baía da Traição,Baía da Traição,2020-09-22,688,4,6,0
Baía da Traição,Baía da Traição,2020-09-23,688,0,6,0
Baía da Traição,Baía da Traição,2020-09-24,688,0,6,0
Baía da Traição,Baía da Traição,2020-09-25,688,0,6,0
Baía da Traição,Baía da Traição,2020-09-26,688,0,6,0
Baía da Traição,Baía da Traição,2020-09-27,691,3,6,0
Baía da Traição,Baía da Traição,2020-09-28,691,0,6,0
Baía da Traição,Baía da Traição,2020-09-29,693,2,6,0
Baía da Traição,Baía da Traição,2020-09-30,693,0,6,0
Baía da Traição,Baía da Traição,2020-10-01,694,1,6,0
Baía da Traição,Baía da Traição,2020-10-02,694,0,6,0
Baía da Traição,Baía da Traição,2020-10-03,694,0,6,0
Baía da Traição,Baía da Traição,2020-10-04,695,1,7,1
Baía da Traição,Baía da Traição,2020-10-05,695,0,7,0
Baía da Traição,Baía da Traição,2020-10-06,697,2,7,0
Baía da Traição,Baía da Traição,2020-10-07,697,0,7,0
Baía da Traição,Baía da Traição,2020-10-08,697,0,7,0
Baía da Traição,Baía da Traição,2020-10-09,698,1,7,0
Baía da Traição,Baía da Traição,2020-10-10,699,1,7,0
Baía da Traição,Baía da Traição,2020-10-11,699,0,7,0
Baía da Traição,Baía da Traição,2020-10-12,699,0,7,0
Baía da Traição,Baía da Traição,2020-10-13,700,1,7,0
Baía da Traição,Baía da Traição,2020-10-14,700,0,7,0
Baía da Traição,Baía da Traição,2020-10-15,702,2,7,0
Baía da Traição,Baía da Traição,2020-10-16,702,0,7,0
Baía da Traição,Baía da Traição,2020-10-17,704,2,7,0
Baía da Traição,Baía da Traição,2020-10-18,704,0,7,0
Baía da Traição,Baía da Traição,2020-10-19,705,1,7,0
Baía da Traição,Baía da Traição,2020-10-20,705,0,7,0
Baía da Traição,Baía da Traição,2020-10-21,706,1,7,0
Baía da Traição,Baía da Traição,2020-10-22,706,0,7,0
Baía da Traição,Baía da Traição,2020-10-23,708,2,7,0
Baía da Traição,Baía da Traição,2020-10-24,716,8,7,0
Baía da Traição,Baía da Traição,2020-10-25,716,0,7,0
Baía da Traição,Baía da Traição,2020-10-26,725,9,7,0
Baía da Traição,Baía da Traição,2020-10-27,726,1,7,0
Baía da Traição,Baía da Traição,2020-10-28,726,0,7,0
Baía da Traição,Baía da Traição,2020-10-29,733,7,7,0
Baía da Traição,Baía da Traição,2020-10-30,735,2,7,0
Baía da Traição,Baía da Traição,2020-10-31,754,19,7,0
Baía da Traição,Baía da Traição,2020-11-01,757,3,7,0
Baía da Traição,Baía da Traição,2020-11-02,763,6,7,0
Baía da Traição,Baía da Traição,2020-11-03,765,2,7,0
Baía da Traição,Baía da Traição,2020-11-04,765,0,7,0
Baía da Traição,Baía da Traição,2020-11-05,770,5,7,0
Baía da Traição,Baía da Traição,2020-11-06,775,5,7,0
Baía da Traição,Baía da Traição,2020-11-07,776,1,7,0
Baía da Traição,Baía da Traição,2020-11-08,783,7,7,0
Baía da Traição,Baía da Traição,2020-11-09,790,7,7,0
Baía da Traição,Baía da Traição,2020-11-10,790,0,7,0
Baía da Traição,Baía da Traição,2020-11-11,790,0,7,0
Baía da Traição,Baía da Traição,2020-11-12,795,5,7,0
Baía da Traição,Baía da Traição,2020-11-13,805,10,7,0
Baía da Traição,Baía da Traição,2020-11-14,805,0,7,0
Baía da Traição,Baía da Traição,2020-11-15,806,1,7,0
Baía da Traição,Baía da Traição,2020-11-16,817,11,7,0
Baía da Traição,Baía da Traição,2020-11-17,817,0,7,0
Baía da Traição,Baía da Traição,2020-11-18,818,1,7,0
Baía da Traição,Baía da Traição,2020-11-19,821,3,7,0
Baía da Traição,Baía da Traição,2020-11-20,821,0,7,0
Baía da Traição,Baía da Traição,2020-11-21,830,9,7,0
Baía da Traição,Baía da Traição,2020-11-22,832,2,7,0
Baía da Traição,Baía da Traição,2020-11-23,832,0,7,0
Baía da Traição,Baía da Traição,2020-11-24,832,0,7,0
Baía da Traição,Baía da Traição,2020-11-25,833,1,7,0
Baía da Traição,Baía da Traição,2020-11-26,833,0,7,0
Baía da Traição,Baía da Traição,2020-11-27,833,0,7,0
Baía da Traição,Baía da Traição,2020-11-28,834,1,7,0
Baía da Traição,Baía da Traição,2020-11-29,839,5,7,0
Baía da Traição,Baía da Traição,2020-11-30,839,0,7,0
Baía da Traição,Baía da Traição,2020-12-01,839,0,7,0
Baía da Traição,Baía da Traição,2020-12-02,842,3,7,0
Baía da Traição,Baía da Traição,2020-12-03,843,1,7,0
Baía da Traição,Baía da Traição,2020-12-04,844,1,7,0
Baía da Traição,Baía da Traição,2020-12-05,847,3,7,0
Baía da Traição,Baía da Traição,2020-12-06,853,6,7,0
Baía da Traição,Baía da Traição,2020-12-07,857,4,7,0
Baía da Traição,Baía da Traição,2020-12-08,857,0,7,0
Baía da Traição,Baía da Traição,2020-12-09,857,0,7,0
Baía da Traição,Baía da Traição,2020-12-10,866,9,7,0
Baía da Traição,Baía da Traição,2020-12-11,867,1,7,0
Baía da Traição,Baía da Traição,2020-12-12,871,4,7,0
Baía da Traição,Baía da Traição,2020-12-13,871,0,7,0
Baía da Traição,Baía da Traição,2020-12-14,872,1,7,0
Baía da Traição,Baía da Traição,2020-12-15,888,16,7,0
Baía da Traição,Baía da Traição,2020-12-16,888,0,7,0
Baía da Traição,Baía da Traição,2020-12-17,894,6,7,0
Baía da Traição,Baía da Traição,2020-12-18,895,1,7,0
Baía da Traição,Baía da Traição,2020-12-19,895,0,7,0
Baía da Traição,Baía da Traição,2020-12-20,895,0,7,0
Baía da Traição,Baía da Traição,2020-12-21,895,0,7,0
Baía da Traição,Baía da Traição,2020-12-22,896,1,7,0
Baía da Traição,Baía da Traição,2020-12-23,896,0,7,0
Baía da Traição,Baía da Traição,2020-12-24,896,0,7,0
Baía da Traição,Baía da Traição,2020-12-25,897,1,7,0
Baía da Traição,Baía da Traição,2020-12-26,899,2,7,0
Baía da Traição,Baía da Traição,2020-12-27,907,8,7,0
Baía da Traição,Baía da Traição,2020-12-28,907,0,7,0
Baía da Traição,Baía da Traição,2020-12-29,907,0,7,0
Baía da Traição,Baía da Traição,2020-12-30,908,1,7,0
Baía da Traição,Baía da Traição,2020-12-31,909,1,7,0
Baía da Traição,Baía da Traição,2021-01-01,909,0,7,0
Baía da Traição,Baía da Traição,2021-01-02,909,0,7,0
Baía da Traição,Baía da Traição,2021-01-03,909,0,7,0
Baía da Traição,Baía da Traição,2021-01-04,910,1,8,1
Baía da Traição,Baía da Traição,2021-01-05,910,0,8,0
Baía da Traição,Baía da Traição,2021-01-06,913,3,8,0
Baía da Traição,Baía da Traição,2021-01-07,913,0,8,0
Baía da Traição,Baía da Traição,2021-01-08,914,1,8,0
Baía da Traição,Baía da Traição,2021-01-09,914,0,8,0
Baía da Traição,Baía da Traição,2021-01-10,915,1,8,0
Baía da Traição,Baía da Traição,2021-01-11,915,0,8,0
Baía da Traição,Baía da Traição,2021-01-12,920,5,8,0
Baía da Traição,Baía da Traição,2021-01-13,923,3,8,0
Baía da Traição,Baía da Traição,2021-01-14,926,3,8,0
Baía da Traição,Baía da Traição,2021-01-15,928,2,8,0
Baía da Traição,Baía da Traição,2021-01-16,928,0,8,0
Baía da Traição,Baía da Traição,2021-01-17,928,0,8,0
Baía da Traição,Baía da Traição,2021-01-18,928,0,8,0
Baía da Traição,Baía da Traição,2021-01-19,927,-1,8,0
Baía da Traição,Baía da Traição,2021-01-20,927,0,8,0
Baía da Traição,Baía da Traição,2021-01-21,927,0,8,0
Baía da Traição,Baía da Traição,2021-01-22,927,0,8,0
Baía da Traição,Baía da Traição,2021-01-23,928,1,8,0
Baía da Traição,Baía da Traição,2021-01-24,943,15,8,0
Baía da Traição,Baía da Traição,2021-01-25,946,3,8,0
Baía da Traição,Baía da Traição,2021-01-26,955,9,8,0
Baía da Traição,Baía da Traição,2021-01-27,956,1,8,0
Baía da Traição,Baía da Traição,2021-01-28,957,1,8,0
Baía da Traição,Baía da Traição,2021-01-29,958,1,8,0
Baía da Traição,Baía da Traição,2021-01-30,971,13,8,0
Baía da Traição,Baía da Traição,2021-01-31,973,2,8,0
Baía da Traição,Baía da Traição,2021-02-01,975,2,8,0
Baía da Traição,Baía da Traição,2021-02-02,979,4,8,0
Baía da Traição,Baía da Traição,2021-02-03,981,2,8,0
Baía da Traição,Baía da Traição,2021-02-04,985,4,8,0
Baía da Traição,Baía da Traição,2021-02-05,985,0,8,0
Baía da Traição,Baía da Traição,2021-02-06,990,5,8,0
Baía da Traição,Baía da Traição,2021-02-07,990,0,8,0
Baía da Traição,Baía da Traição,2021-02-08,987,-3,8,0
