city,city,date,cases,daily cases,deaths,daily deaths
Belmonte,Belmonte,2020-03-27,0,0,0,0
Belmonte,Belmonte,2020-03-28,0,0,0,0
Belmonte,Belmonte,2020-03-29,0,0,0,0
Belmonte,Belmonte,2020-03-30,0,0,0,0
Belmonte,Belmonte,2020-03-31,0,0,0,0
Belmonte,Belmonte,2020-04-01,0,0,0,0
Belmonte,Belmonte,2020-04-02,1,1,0,0
Belmonte,Belmonte,2020-04-03,1,0,0,0
Belmonte,Belmonte,2020-04-04,1,0,0,0
Belmonte,Belmonte,2020-04-05,1,0,0,0
Belmonte,Belmonte,2020-04-06,1,0,0,0
Belmonte,Belmonte,2020-04-07,1,0,0,0
Belmonte,Belmonte,2020-04-08,2,1,0,0
Belmonte,Belmonte,2020-04-09,2,0,0,0
Belmonte,Belmonte,2020-04-10,2,0,0,0
Belmonte,Belmonte,2020-04-11,2,0,0,0
Belmonte,Belmonte,2020-04-12,2,0,0,0
Belmonte,Belmonte,2020-04-13,2,0,0,0
Belmonte,Belmonte,2020-04-14,2,0,1,1
Belmonte,Belmonte,2020-04-15,2,0,0,-1
Belmonte,Belmonte,2020-04-16,2,0,1,1
Belmonte,Belmonte,2020-04-17,2,0,1,0
Belmonte,Belmonte,2020-04-18,2,0,1,0
Belmonte,Belmonte,2020-04-19,2,0,1,0
Belmonte,Belmonte,2020-04-20,2,0,1,0
Belmonte,Belmonte,2020-04-21,2,0,1,0
Belmonte,Belmonte,2020-04-22,2,0,1,0
Belmonte,Belmonte,2020-04-23,2,0,1,0
Belmonte,Belmonte,2020-04-24,2,0,1,0
Belmonte,Belmonte,2020-04-25,2,0,1,0
Belmonte,Belmonte,2020-04-26,2,0,1,0
Belmonte,Belmonte,2020-04-27,2,0,1,0
Belmonte,Belmonte,2020-04-28,2,0,1,0
Belmonte,Belmonte,2020-04-29,2,0,1,0
Belmonte,Belmonte,2020-04-30,2,0,1,0
Belmonte,Belmonte,2020-05-01,2,0,1,0
Belmonte,Belmonte,2020-05-02,2,0,1,0
Belmonte,Belmonte,2020-05-03,2,0,1,0
Belmonte,Belmonte,2020-05-04,2,0,1,0
Belmonte,Belmonte,2020-05-05,2,0,1,0
Belmonte,Belmonte,2020-05-06,2,0,1,0
Belmonte,Belmonte,2020-05-07,2,0,1,0
Belmonte,Belmonte,2020-05-08,2,0,1,0
Belmonte,Belmonte,2020-05-09,2,0,1,0
Belmonte,Belmonte,2020-05-10,2,0,1,0
Belmonte,Belmonte,2020-05-11,2,0,1,0
Belmonte,Belmonte,2020-05-12,2,0,1,0
Belmonte,Belmonte,2020-05-13,2,0,1,0
Belmonte,Belmonte,2020-05-14,2,0,1,0
Belmonte,Belmonte,2020-05-15,2,0,0,-1
Belmonte,Belmonte,2020-05-16,2,0,1,1
Belmonte,Belmonte,2020-05-17,2,0,0,-1
Belmonte,Belmonte,2020-05-18,3,1,0,0
Belmonte,Belmonte,2020-05-19,4,1,1,1
Belmonte,Belmonte,2020-05-20,4,0,1,0
Belmonte,Belmonte,2020-05-21,4,0,1,0
Belmonte,Belmonte,2020-05-22,4,0,1,0
Belmonte,Belmonte,2020-05-23,4,0,1,0
Belmonte,Belmonte,2020-05-24,4,0,1,0
Belmonte,Belmonte,2020-05-25,5,1,1,0
Belmonte,Belmonte,2020-05-26,4,-1,1,0
Belmonte,Belmonte,2020-05-27,5,1,1,0
Belmonte,Belmonte,2020-05-28,5,0,1,0
Belmonte,Belmonte,2020-05-29,5,0,1,0
Belmonte,Belmonte,2020-05-30,5,0,1,0
Belmonte,Belmonte,2020-05-31,8,3,1,0
Belmonte,Belmonte,2020-06-01,8,0,1,0
Belmonte,Belmonte,2020-06-02,9,1,1,0
Belmonte,Belmonte,2020-06-03,11,2,1,0
Belmonte,Belmonte,2020-06-04,19,8,1,0
Belmonte,Belmonte,2020-06-05,26,7,1,0
Belmonte,Belmonte,2020-06-06,27,1,1,0
Belmonte,Belmonte,2020-06-07,27,0,1,0
Belmonte,Belmonte,2020-06-08,27,0,1,0
Belmonte,Belmonte,2020-06-09,29,2,1,0
Belmonte,Belmonte,2020-06-10,31,2,1,0
Belmonte,Belmonte,2020-06-11,32,1,1,0
Belmonte,Belmonte,2020-06-12,33,1,1,0
Belmonte,Belmonte,2020-06-13,33,0,1,0
Belmonte,Belmonte,2020-06-14,33,0,1,0
Belmonte,Belmonte,2020-06-15,36,3,1,0
Belmonte,Belmonte,2020-06-16,41,5,1,0
Belmonte,Belmonte,2020-06-17,41,0,1,0
Belmonte,Belmonte,2020-06-18,41,0,1,0
Belmonte,Belmonte,2020-06-19,51,10,1,0
Belmonte,Belmonte,2020-06-20,52,1,1,0
Belmonte,Belmonte,2020-06-21,52,0,1,0
Belmonte,Belmonte,2020-06-22,52,0,1,0
Belmonte,Belmonte,2020-06-23,53,1,1,0
Belmonte,Belmonte,2020-06-24,53,0,1,0
Belmonte,Belmonte,2020-06-25,53,0,1,0
Belmonte,Belmonte,2020-06-26,56,3,1,0
Belmonte,Belmonte,2020-06-27,59,3,1,0
Belmonte,Belmonte,2020-06-28,82,23,1,0
Belmonte,Belmonte,2020-06-29,83,1,1,0
Belmonte,Belmonte,2020-06-30,85,2,1,0
Belmonte,Belmonte,2020-07-01,85,0,1,0
Belmonte,Belmonte,2020-07-02,85,0,1,0
Belmonte,Belmonte,2020-07-03,88,3,1,0
Belmonte,Belmonte,2020-07-04,104,16,1,0
Belmonte,Belmonte,2020-07-05,105,1,1,0
Belmonte,Belmonte,2020-07-06,106,1,1,0
Belmonte,Belmonte,2020-07-07,111,5,1,0
Belmonte,Belmonte,2020-07-08,113,2,1,0
Belmonte,Belmonte,2020-07-09,123,10,1,0
Belmonte,Belmonte,2020-07-10,125,2,1,0
Belmonte,Belmonte,2020-07-11,128,3,1,0
Belmonte,Belmonte,2020-07-12,132,4,1,0
Belmonte,Belmonte,2020-07-13,140,8,1,0
Belmonte,Belmonte,2020-07-14,148,8,1,0
Belmonte,Belmonte,2020-07-15,155,7,1,0
Belmonte,Belmonte,2020-07-16,181,26,1,0
Belmonte,Belmonte,2020-07-17,182,1,1,0
Belmonte,Belmonte,2020-07-18,182,0,1,0
Belmonte,Belmonte,2020-07-19,183,1,1,0
Belmonte,Belmonte,2020-07-20,183,0,1,0
Belmonte,Belmonte,2020-07-21,183,0,1,0
Belmonte,Belmonte,2020-07-22,197,14,1,0
Belmonte,Belmonte,2020-07-23,200,3,1,0
Belmonte,Belmonte,2020-07-24,206,6,1,0
Belmonte,Belmonte,2020-07-25,208,2,1,0
Belmonte,Belmonte,2020-07-26,210,2,1,0
Belmonte,Belmonte,2020-07-27,210,0,1,0
Belmonte,Belmonte,2020-07-28,215,5,1,0
Belmonte,Belmonte,2020-07-29,217,2,1,0
Belmonte,Belmonte,2020-07-30,220,3,1,0
Belmonte,Belmonte,2020-07-31,243,23,1,0
Belmonte,Belmonte,2020-08-01,247,4,1,0
Belmonte,Belmonte,2020-08-02,252,5,1,0
Belmonte,Belmonte,2020-08-03,252,0,1,0
Belmonte,Belmonte,2020-08-04,264,12,1,0
Belmonte,Belmonte,2020-08-05,270,6,1,0
Belmonte,Belmonte,2020-08-06,282,12,1,0
Belmonte,Belmonte,2020-08-07,291,9,1,0
Belmonte,Belmonte,2020-08-08,298,7,1,0
Belmonte,Belmonte,2020-08-09,303,5,1,0
Belmonte,Belmonte,2020-08-10,306,3,1,0
Belmonte,Belmonte,2020-08-11,311,5,1,0
Belmonte,Belmonte,2020-08-12,318,7,1,0
Belmonte,Belmonte,2020-08-13,325,7,1,0
Belmonte,Belmonte,2020-08-14,330,5,2,1
Belmonte,Belmonte,2020-08-15,335,5,2,0
Belmonte,Belmonte,2020-08-16,335,0,2,0
Belmonte,Belmonte,2020-08-17,335,0,2,0
Belmonte,Belmonte,2020-08-18,342,7,2,0
Belmonte,Belmonte,2020-08-19,345,3,2,0
Belmonte,Belmonte,2020-08-20,351,6,2,0
Belmonte,Belmonte,2020-08-21,351,0,2,0
Belmonte,Belmonte,2020-08-22,360,9,2,0
Belmonte,Belmonte,2020-08-23,361,1,2,0
Belmonte,Belmonte,2020-08-24,361,0,2,0
Belmonte,Belmonte,2020-08-25,363,2,2,0
Belmonte,Belmonte,2020-08-26,381,18,2,0
Belmonte,Belmonte,2020-08-27,386,5,2,0
Belmonte,Belmonte,2020-08-28,391,5,2,0
Belmonte,Belmonte,2020-08-29,412,21,2,0
Belmonte,Belmonte,2020-08-30,413,1,2,0
Belmonte,Belmonte,2020-08-31,414,1,2,0
Belmonte,Belmonte,2020-09-01,419,5,2,0
Belmonte,Belmonte,2020-09-02,421,2,2,0
Belmonte,Belmonte,2020-09-03,421,0,2,0
Belmonte,Belmonte,2020-09-04,425,4,2,0
Belmonte,Belmonte,2020-09-05,427,2,2,0
Belmonte,Belmonte,2020-09-06,428,1,2,0
Belmonte,Belmonte,2020-09-07,428,0,2,0
Belmonte,Belmonte,2020-09-08,428,0,3,1
Belmonte,Belmonte,2020-09-09,438,10,3,0
Belmonte,Belmonte,2020-09-10,441,3,3,0
Belmonte,Belmonte,2020-09-11,450,9,3,0
Belmonte,Belmonte,2020-09-12,451,1,3,0
Belmonte,Belmonte,2020-09-13,451,0,3,0
Belmonte,Belmonte,2020-09-14,451,0,3,0
Belmonte,Belmonte,2020-09-15,451,0,3,0
Belmonte,Belmonte,2020-09-16,452,1,3,0
Belmonte,Belmonte,2020-09-17,452,0,3,0
Belmonte,Belmonte,2020-09-18,453,1,3,0
Belmonte,Belmonte,2020-09-19,453,0,3,0
Belmonte,Belmonte,2020-09-20,453,0,3,0
Belmonte,Belmonte,2020-09-21,455,2,3,0
Belmonte,Belmonte,2020-09-22,455,0,3,0
Belmonte,Belmonte,2020-09-23,459,4,3,0
Belmonte,Belmonte,2020-09-24,460,1,3,0
Belmonte,Belmonte,2020-09-25,461,1,3,0
Belmonte,Belmonte,2020-09-26,462,1,3,0
Belmonte,Belmonte,2020-09-27,465,3,3,0
Belmonte,Belmonte,2020-09-28,465,0,3,0
Belmonte,Belmonte,2020-09-29,466,1,3,0
Belmonte,Belmonte,2020-09-30,468,2,3,0
Belmonte,Belmonte,2020-10-01,468,0,3,0
Belmonte,Belmonte,2020-10-02,468,0,3,0
Belmonte,Belmonte,2020-10-03,469,1,3,0
Belmonte,Belmonte,2020-10-04,469,0,3,0
Belmonte,Belmonte,2020-10-05,469,0,3,0
Belmonte,Belmonte,2020-10-06,476,7,3,0
Belmonte,Belmonte,2020-10-07,477,1,3,0
Belmonte,Belmonte,2020-10-08,480,3,3,0
Belmonte,Belmonte,2020-10-09,482,2,3,0
Belmonte,Belmonte,2020-10-10,484,2,3,0
Belmonte,Belmonte,2020-10-11,484,0,3,0
Belmonte,Belmonte,2020-10-12,484,0,3,0
Belmonte,Belmonte,2020-10-13,484,0,3,0
Belmonte,Belmonte,2020-10-14,484,0,3,0
Belmonte,Belmonte,2020-10-15,485,1,3,0
Belmonte,Belmonte,2020-10-16,486,1,3,0
Belmonte,Belmonte,2020-10-17,486,0,3,0
Belmonte,Belmonte,2020-10-18,486,0,3,0
Belmonte,Belmonte,2020-10-19,486,0,3,0
Belmonte,Belmonte,2020-10-20,486,0,4,1
Belmonte,Belmonte,2020-10-21,487,1,4,0
Belmonte,Belmonte,2020-10-22,487,0,4,0
Belmonte,Belmonte,2020-10-23,487,0,4,0
Belmonte,Belmonte,2020-10-24,487,0,4,0
Belmonte,Belmonte,2020-10-25,488,1,4,0
Belmonte,Belmonte,2020-10-26,488,0,4,0
Belmonte,Belmonte,2020-10-27,489,1,4,0
Belmonte,Belmonte,2020-10-28,489,0,4,0
Belmonte,Belmonte,2020-10-29,491,2,4,0
Belmonte,Belmonte,2020-10-30,491,0,4,0
Belmonte,Belmonte,2020-10-31,491,0,4,0
Belmonte,Belmonte,2020-11-01,491,0,4,0
Belmonte,Belmonte,2020-11-02,491,0,4,0
Belmonte,Belmonte,2020-11-03,491,0,4,0
Belmonte,Belmonte,2020-11-04,491,0,4,0
Belmonte,Belmonte,2020-11-05,492,1,4,0
Belmonte,Belmonte,2020-11-06,492,0,4,0
Belmonte,Belmonte,2020-11-07,493,1,4,0
Belmonte,Belmonte,2020-11-08,493,0,4,0
Belmonte,Belmonte,2020-11-09,493,0,4,0
Belmonte,Belmonte,2020-11-10,493,0,4,0
Belmonte,Belmonte,2020-11-11,496,3,4,0
Belmonte,Belmonte,2020-11-12,496,0,4,0
Belmonte,Belmonte,2020-11-13,499,3,4,0
Belmonte,Belmonte,2020-11-14,500,1,4,0
Belmonte,Belmonte,2020-11-15,502,2,4,0
Belmonte,Belmonte,2020-11-16,503,1,4,0
Belmonte,Belmonte,2020-11-17,504,1,4,0
Belmonte,Belmonte,2020-11-18,505,1,4,0
Belmonte,Belmonte,2020-11-19,505,0,4,0
Belmonte,Belmonte,2020-11-20,507,2,4,0
Belmonte,Belmonte,2020-11-21,509,2,4,0
Belmonte,Belmonte,2020-11-22,509,0,4,0
Belmonte,Belmonte,2020-11-23,512,3,4,0
Belmonte,Belmonte,2020-11-24,515,3,4,0
Belmonte,Belmonte,2020-11-25,518,3,4,0
Belmonte,Belmonte,2020-11-26,518,0,4,0
Belmonte,Belmonte,2020-11-27,518,0,4,0
Belmonte,Belmonte,2020-11-28,524,6,4,0
Belmonte,Belmonte,2020-11-29,526,2,4,0
Belmonte,Belmonte,2020-11-30,526,0,4,0
Belmonte,Belmonte,2020-12-01,531,5,4,0
Belmonte,Belmonte,2020-12-02,535,4,4,0
Belmonte,Belmonte,2020-12-03,549,14,4,0
Belmonte,Belmonte,2020-12-04,555,6,4,0
Belmonte,Belmonte,2020-12-05,557,2,4,0
Belmonte,Belmonte,2020-12-06,564,7,4,0
Belmonte,Belmonte,2020-12-07,565,1,4,0
Belmonte,Belmonte,2020-12-08,578,13,4,0
Belmonte,Belmonte,2020-12-09,584,6,4,0
Belmonte,Belmonte,2020-12-10,589,5,4,0
Belmonte,Belmonte,2020-12-11,598,9,4,0
Belmonte,Belmonte,2020-12-12,603,5,4,0
Belmonte,Belmonte,2020-12-13,608,5,4,0
Belmonte,Belmonte,2020-12-14,608,0,4,0
Belmonte,Belmonte,2020-12-15,613,5,4,0
Belmonte,Belmonte,2020-12-16,624,11,4,0
Belmonte,Belmonte,2020-12-17,631,7,4,0
Belmonte,Belmonte,2020-12-18,636,5,4,0
Belmonte,Belmonte,2020-12-19,640,4,4,0
Belmonte,Belmonte,2020-12-20,646,6,4,0
Belmonte,Belmonte,2020-12-21,651,5,5,1
Belmonte,Belmonte,2020-12-22,653,2,5,0
Belmonte,Belmonte,2020-12-23,653,0,5,0
Belmonte,Belmonte,2020-12-24,656,3,5,0
Belmonte,Belmonte,2020-12-25,662,6,5,0
Belmonte,Belmonte,2020-12-26,663,1,5,0
Belmonte,Belmonte,2020-12-27,663,0,5,0
Belmonte,Belmonte,2020-12-28,665,2,5,0
Belmonte,Belmonte,2020-12-29,669,4,5,0
Belmonte,Belmonte,2020-12-30,673,4,5,0
Belmonte,Belmonte,2020-12-31,675,2,5,0
Belmonte,Belmonte,2021-01-01,679,4,5,0
Belmonte,Belmonte,2021-01-02,679,0,5,0
Belmonte,Belmonte,2021-01-03,680,1,5,0
Belmonte,Belmonte,2021-01-04,681,1,5,0
Belmonte,Belmonte,2021-01-05,685,4,5,0
Belmonte,Belmonte,2021-01-06,696,11,5,0
Belmonte,Belmonte,2021-01-07,697,1,5,0
Belmonte,Belmonte,2021-01-08,698,1,5,0
Belmonte,Belmonte,2021-01-09,698,0,5,0
Belmonte,Belmonte,2021-01-10,698,0,5,0
Belmonte,Belmonte,2021-01-11,698,0,5,0
Belmonte,Belmonte,2021-01-12,698,0,5,0
Belmonte,Belmonte,2021-01-13,699,1,5,0
Belmonte,Belmonte,2021-01-14,703,4,5,0
Belmonte,Belmonte,2021-01-15,708,5,6,1
Belmonte,Belmonte,2021-01-16,720,12,6,0
Belmonte,Belmonte,2021-01-17,748,28,6,0
Belmonte,Belmonte,2021-01-18,756,8,6,0
Belmonte,Belmonte,2021-01-19,758,2,6,0
Belmonte,Belmonte,2021-01-20,767,9,7,1
Belmonte,Belmonte,2021-01-21,774,7,7,0
Belmonte,Belmonte,2021-01-22,798,24,7,0
Belmonte,Belmonte,2021-01-23,802,4,7,0
Belmonte,Belmonte,2021-01-24,802,0,7,0
Belmonte,Belmonte,2021-01-25,805,3,8,1
Belmonte,Belmonte,2021-01-26,810,5,8,0
Belmonte,Belmonte,2021-01-27,811,1,8,0
Belmonte,Belmonte,2021-01-28,818,7,8,0
Belmonte,Belmonte,2021-01-29,821,3,8,0
Belmonte,Belmonte,2021-01-30,831,10,8,0
Belmonte,Belmonte,2021-01-31,831,0,8,0
Belmonte,Belmonte,2021-02-01,833,2,8,0
Belmonte,Belmonte,2021-02-02,836,3,8,0
Belmonte,Belmonte,2021-02-03,841,5,8,0
Belmonte,Belmonte,2021-02-04,843,2,9,1
Belmonte,Belmonte,2021-02-05,853,10,10,1
Belmonte,Belmonte,2021-02-06,856,3,10,0
Belmonte,Belmonte,2021-02-07,856,0,10,0
Belmonte,Belmonte,2021-02-08,857,1,10,0
