city,city,date,cases,daily cases,deaths,daily deaths
Belo Oriente,Belo Oriente,2020-03-27,0,0,0,0
Belo Oriente,Belo Oriente,2020-03-28,0,0,0,0
Belo Oriente,Belo Oriente,2020-03-29,0,0,0,0
Belo Oriente,Belo Oriente,2020-03-30,0,0,0,0
Belo Oriente,Belo Oriente,2020-03-31,0,0,0,0
Belo Oriente,Belo Oriente,2020-04-01,0,0,0,0
Belo Oriente,Belo Oriente,2020-04-02,0,0,0,0
Belo Oriente,Belo Oriente,2020-04-03,0,0,0,0
Belo Oriente,Belo Oriente,2020-04-04,0,0,0,0
Belo Oriente,Belo Oriente,2020-04-05,0,0,0,0
Belo Oriente,Belo Oriente,2020-04-06,0,0,0,0
Belo Oriente,Belo Oriente,2020-04-07,0,0,0,0
Belo Oriente,Belo Oriente,2020-04-08,0,0,0,0
Belo Oriente,Belo Oriente,2020-04-09,0,0,0,0
Belo Oriente,Belo Oriente,2020-04-10,0,0,0,0
Belo Oriente,Belo Oriente,2020-04-11,0,0,0,0
Belo Oriente,Belo Oriente,2020-04-12,0,0,0,0
Belo Oriente,Belo Oriente,2020-04-13,0,0,0,0
Belo Oriente,Belo Oriente,2020-04-14,0,0,0,0
Belo Oriente,Belo Oriente,2020-04-15,0,0,0,0
Belo Oriente,Belo Oriente,2020-04-16,0,0,0,0
Belo Oriente,Belo Oriente,2020-04-17,0,0,0,0
Belo Oriente,Belo Oriente,2020-04-18,0,0,0,0
Belo Oriente,Belo Oriente,2020-04-19,0,0,0,0
Belo Oriente,Belo Oriente,2020-04-20,0,0,0,0
Belo Oriente,Belo Oriente,2020-04-21,0,0,0,0
Belo Oriente,Belo Oriente,2020-04-22,0,0,0,0
Belo Oriente,Belo Oriente,2020-04-23,0,0,0,0
Belo Oriente,Belo Oriente,2020-04-24,1,1,0,0
Belo Oriente,Belo Oriente,2020-04-25,1,0,0,0
Belo Oriente,Belo Oriente,2020-04-26,1,0,0,0
Belo Oriente,Belo Oriente,2020-04-27,1,0,0,0
Belo Oriente,Belo Oriente,2020-04-28,1,0,0,0
Belo Oriente,Belo Oriente,2020-04-29,1,0,0,0
Belo Oriente,Belo Oriente,2020-04-30,1,0,0,0
Belo Oriente,Belo Oriente,2020-05-01,1,0,0,0
Belo Oriente,Belo Oriente,2020-05-02,1,0,0,0
Belo Oriente,Belo Oriente,2020-05-03,1,0,0,0
Belo Oriente,Belo Oriente,2020-05-04,1,0,0,0
Belo Oriente,Belo Oriente,2020-05-05,1,0,0,0
Belo Oriente,Belo Oriente,2020-05-06,1,0,0,0
Belo Oriente,Belo Oriente,2020-05-07,1,0,0,0
Belo Oriente,Belo Oriente,2020-05-08,1,0,0,0
Belo Oriente,Belo Oriente,2020-05-09,1,0,0,0
Belo Oriente,Belo Oriente,2020-05-10,1,0,0,0
Belo Oriente,Belo Oriente,2020-05-11,1,0,0,0
Belo Oriente,Belo Oriente,2020-05-12,1,0,0,0
Belo Oriente,Belo Oriente,2020-05-13,1,0,0,0
Belo Oriente,Belo Oriente,2020-05-14,1,0,0,0
Belo Oriente,Belo Oriente,2020-05-15,1,0,0,0
Belo Oriente,Belo Oriente,2020-05-16,1,0,0,0
Belo Oriente,Belo Oriente,2020-05-17,1,0,0,0
Belo Oriente,Belo Oriente,2020-05-18,2,1,0,0
Belo Oriente,Belo Oriente,2020-05-19,2,0,0,0
Belo Oriente,Belo Oriente,2020-05-20,2,0,0,0
Belo Oriente,Belo Oriente,2020-05-21,4,2,0,0
Belo Oriente,Belo Oriente,2020-05-22,4,0,0,0
Belo Oriente,Belo Oriente,2020-05-23,4,0,0,0
Belo Oriente,Belo Oriente,2020-05-24,4,0,0,0
Belo Oriente,Belo Oriente,2020-05-25,4,0,0,0
Belo Oriente,Belo Oriente,2020-05-26,4,0,0,0
Belo Oriente,Belo Oriente,2020-05-27,4,0,0,0
Belo Oriente,Belo Oriente,2020-05-28,4,0,0,0
Belo Oriente,Belo Oriente,2020-05-29,4,0,0,0
Belo Oriente,Belo Oriente,2020-05-30,7,3,0,0
Belo Oriente,Belo Oriente,2020-05-31,9,2,0,0
Belo Oriente,Belo Oriente,2020-06-01,10,1,0,0
Belo Oriente,Belo Oriente,2020-06-02,10,0,0,0
Belo Oriente,Belo Oriente,2020-06-03,10,0,0,0
Belo Oriente,Belo Oriente,2020-06-04,11,1,0,0
Belo Oriente,Belo Oriente,2020-06-05,13,2,0,0
Belo Oriente,Belo Oriente,2020-06-06,17,4,0,0
Belo Oriente,Belo Oriente,2020-06-07,18,1,1,1
Belo Oriente,Belo Oriente,2020-06-08,18,0,1,0
Belo Oriente,Belo Oriente,2020-06-09,18,0,1,0
Belo Oriente,Belo Oriente,2020-06-10,18,0,1,0
Belo Oriente,Belo Oriente,2020-06-11,23,5,1,0
Belo Oriente,Belo Oriente,2020-06-12,23,0,1,0
Belo Oriente,Belo Oriente,2020-06-13,27,4,1,0
Belo Oriente,Belo Oriente,2020-06-14,26,-1,2,1
Belo Oriente,Belo Oriente,2020-06-15,26,0,2,0
Belo Oriente,Belo Oriente,2020-06-16,30,4,3,1
Belo Oriente,Belo Oriente,2020-06-17,33,3,3,0
Belo Oriente,Belo Oriente,2020-06-18,37,4,3,0
Belo Oriente,Belo Oriente,2020-06-19,41,4,4,1
Belo Oriente,Belo Oriente,2020-06-20,48,7,4,0
Belo Oriente,Belo Oriente,2020-06-21,48,0,4,0
Belo Oriente,Belo Oriente,2020-06-22,52,4,4,0
Belo Oriente,Belo Oriente,2020-06-23,54,2,4,0
Belo Oriente,Belo Oriente,2020-06-24,57,3,4,0
Belo Oriente,Belo Oriente,2020-06-25,59,2,4,0
Belo Oriente,Belo Oriente,2020-06-26,72,13,4,0
Belo Oriente,Belo Oriente,2020-06-27,77,5,4,0
Belo Oriente,Belo Oriente,2020-06-28,80,3,4,0
Belo Oriente,Belo Oriente,2020-06-29,86,6,4,0
Belo Oriente,Belo Oriente,2020-06-30,94,8,4,0
Belo Oriente,Belo Oriente,2020-07-01,100,6,4,0
Belo Oriente,Belo Oriente,2020-07-02,104,4,4,0
Belo Oriente,Belo Oriente,2020-07-03,112,8,4,0
Belo Oriente,Belo Oriente,2020-07-04,118,6,4,0
Belo Oriente,Belo Oriente,2020-07-05,124,6,4,0
Belo Oriente,Belo Oriente,2020-07-06,128,4,4,0
Belo Oriente,Belo Oriente,2020-07-07,128,0,4,0
Belo Oriente,Belo Oriente,2020-07-08,141,13,5,1
Belo Oriente,Belo Oriente,2020-07-09,156,15,5,0
Belo Oriente,Belo Oriente,2020-07-10,157,1,5,0
Belo Oriente,Belo Oriente,2020-07-11,157,0,5,0
Belo Oriente,Belo Oriente,2020-07-12,156,-1,6,1
Belo Oriente,Belo Oriente,2020-07-13,156,0,6,0
Belo Oriente,Belo Oriente,2020-07-14,161,5,6,0
Belo Oriente,Belo Oriente,2020-07-15,168,7,6,0
Belo Oriente,Belo Oriente,2020-07-16,181,13,6,0
Belo Oriente,Belo Oriente,2020-07-17,192,11,6,0
Belo Oriente,Belo Oriente,2020-07-18,193,1,6,0
Belo Oriente,Belo Oriente,2020-07-19,195,2,6,0
Belo Oriente,Belo Oriente,2020-07-20,197,2,6,0
Belo Oriente,Belo Oriente,2020-07-21,197,0,6,0
Belo Oriente,Belo Oriente,2020-07-22,200,3,6,0
Belo Oriente,Belo Oriente,2020-07-23,203,3,6,0
Belo Oriente,Belo Oriente,2020-07-24,203,0,6,0
Belo Oriente,Belo Oriente,2020-07-25,213,10,6,0
Belo Oriente,Belo Oriente,2020-07-26,213,0,6,0
Belo Oriente,Belo Oriente,2020-07-27,213,0,6,0
Belo Oriente,Belo Oriente,2020-07-28,219,6,6,0
Belo Oriente,Belo Oriente,2020-07-29,224,5,6,0
Belo Oriente,Belo Oriente,2020-07-30,233,9,6,0
Belo Oriente,Belo Oriente,2020-07-31,239,6,6,0
Belo Oriente,Belo Oriente,2020-08-01,266,27,6,0
Belo Oriente,Belo Oriente,2020-08-02,279,13,6,0
Belo Oriente,Belo Oriente,2020-08-03,280,1,6,0
Belo Oriente,Belo Oriente,2020-08-04,284,4,6,0
Belo Oriente,Belo Oriente,2020-08-05,292,8,6,0
Belo Oriente,Belo Oriente,2020-08-06,303,11,6,0
Belo Oriente,Belo Oriente,2020-08-07,316,13,6,0
Belo Oriente,Belo Oriente,2020-08-08,324,8,6,0
Belo Oriente,Belo Oriente,2020-08-09,330,6,6,0
Belo Oriente,Belo Oriente,2020-08-10,330,0,6,0
Belo Oriente,Belo Oriente,2020-08-11,332,2,6,0
Belo Oriente,Belo Oriente,2020-08-12,338,6,6,0
Belo Oriente,Belo Oriente,2020-08-13,342,4,6,0
Belo Oriente,Belo Oriente,2020-08-14,349,7,7,1
Belo Oriente,Belo Oriente,2020-08-15,352,3,7,0
Belo Oriente,Belo Oriente,2020-08-16,361,9,7,0
Belo Oriente,Belo Oriente,2020-08-17,361,0,7,0
Belo Oriente,Belo Oriente,2020-08-18,364,3,7,0
Belo Oriente,Belo Oriente,2020-08-19,370,6,8,1
Belo Oriente,Belo Oriente,2020-08-20,375,5,8,0
Belo Oriente,Belo Oriente,2020-08-21,384,9,8,0
Belo Oriente,Belo Oriente,2020-08-22,392,8,9,1
Belo Oriente,Belo Oriente,2020-08-23,392,0,9,0
Belo Oriente,Belo Oriente,2020-08-24,392,0,9,0
Belo Oriente,Belo Oriente,2020-08-25,394,2,9,0
Belo Oriente,Belo Oriente,2020-08-26,410,16,9,0
Belo Oriente,Belo Oriente,2020-08-27,431,21,9,0
Belo Oriente,Belo Oriente,2020-08-28,445,14,9,0
Belo Oriente,Belo Oriente,2020-08-29,444,-1,9,0
Belo Oriente,Belo Oriente,2020-08-30,451,7,9,0
Belo Oriente,Belo Oriente,2020-08-31,453,2,9,0
Belo Oriente,Belo Oriente,2020-09-01,456,3,9,0
Belo Oriente,Belo Oriente,2020-09-02,463,7,9,0
Belo Oriente,Belo Oriente,2020-09-03,475,12,9,0
Belo Oriente,Belo Oriente,2020-09-04,484,9,9,0
Belo Oriente,Belo Oriente,2020-09-05,494,10,9,0
Belo Oriente,Belo Oriente,2020-09-06,494,0,9,0
Belo Oriente,Belo Oriente,2020-09-07,505,11,9,0
Belo Oriente,Belo Oriente,2020-09-08,505,0,9,0
Belo Oriente,Belo Oriente,2020-09-09,511,6,9,0
Belo Oriente,Belo Oriente,2020-09-10,517,6,9,0
Belo Oriente,Belo Oriente,2020-09-11,519,2,9,0
Belo Oriente,Belo Oriente,2020-09-12,525,6,9,0
Belo Oriente,Belo Oriente,2020-09-13,532,7,9,0
Belo Oriente,Belo Oriente,2020-09-14,532,0,9,0
Belo Oriente,Belo Oriente,2020-09-15,534,2,9,0
Belo Oriente,Belo Oriente,2020-09-16,536,2,10,1
Belo Oriente,Belo Oriente,2020-09-17,540,4,10,0
Belo Oriente,Belo Oriente,2020-09-18,546,6,10,0
Belo Oriente,Belo Oriente,2020-09-19,549,3,10,0
Belo Oriente,Belo Oriente,2020-09-20,549,0,10,0
Belo Oriente,Belo Oriente,2020-09-21,549,0,10,0
Belo Oriente,Belo Oriente,2020-09-22,559,10,10,0
Belo Oriente,Belo Oriente,2020-09-23,568,9,10,0
Belo Oriente,Belo Oriente,2020-09-24,575,7,10,0
Belo Oriente,Belo Oriente,2020-09-25,588,13,10,0
Belo Oriente,Belo Oriente,2020-09-26,598,10,10,0
Belo Oriente,Belo Oriente,2020-09-27,598,0,10,0
Belo Oriente,Belo Oriente,2020-09-28,598,0,10,0
Belo Oriente,Belo Oriente,2020-09-29,602,4,10,0
Belo Oriente,Belo Oriente,2020-09-30,619,17,10,0
Belo Oriente,Belo Oriente,2020-10-01,620,1,10,0
Belo Oriente,Belo Oriente,2020-10-02,626,6,11,1
Belo Oriente,Belo Oriente,2020-10-03,636,10,11,0
Belo Oriente,Belo Oriente,2020-10-04,636,0,11,0
Belo Oriente,Belo Oriente,2020-10-05,636,0,11,0
Belo Oriente,Belo Oriente,2020-10-06,640,4,11,0
Belo Oriente,Belo Oriente,2020-10-07,643,3,11,0
Belo Oriente,Belo Oriente,2020-10-08,643,0,11,0
Belo Oriente,Belo Oriente,2020-10-09,648,5,11,0
Belo Oriente,Belo Oriente,2020-10-10,656,8,11,0
Belo Oriente,Belo Oriente,2020-10-11,658,2,11,0
Belo Oriente,Belo Oriente,2020-10-12,658,0,11,0
Belo Oriente,Belo Oriente,2020-10-13,658,0,11,0
Belo Oriente,Belo Oriente,2020-10-14,658,0,11,0
Belo Oriente,Belo Oriente,2020-10-15,660,2,11,0
Belo Oriente,Belo Oriente,2020-10-16,660,0,11,0
Belo Oriente,Belo Oriente,2020-10-17,669,9,11,0
Belo Oriente,Belo Oriente,2020-10-18,674,5,11,0
Belo Oriente,Belo Oriente,2020-10-19,676,2,11,0
Belo Oriente,Belo Oriente,2020-10-20,676,0,11,0
Belo Oriente,Belo Oriente,2020-10-21,677,1,11,0
Belo Oriente,Belo Oriente,2020-10-22,681,4,11,0
Belo Oriente,Belo Oriente,2020-10-23,682,1,11,0
Belo Oriente,Belo Oriente,2020-10-24,693,11,11,0
Belo Oriente,Belo Oriente,2020-10-25,693,0,10,-1
Belo Oriente,Belo Oriente,2020-10-26,693,0,10,0
Belo Oriente,Belo Oriente,2020-10-27,699,6,10,0
Belo Oriente,Belo Oriente,2020-10-28,709,10,10,0
Belo Oriente,Belo Oriente,2020-10-29,710,1,10,0
Belo Oriente,Belo Oriente,2020-10-30,716,6,10,0
Belo Oriente,Belo Oriente,2020-10-31,721,5,10,0
Belo Oriente,Belo Oriente,2020-11-01,725,4,10,0
Belo Oriente,Belo Oriente,2020-11-02,726,1,10,0
Belo Oriente,Belo Oriente,2020-11-03,726,0,10,0
Belo Oriente,Belo Oriente,2020-11-04,728,2,10,0
Belo Oriente,Belo Oriente,2020-11-05,733,5,9,-1
Belo Oriente,Belo Oriente,2020-11-06,733,0,9,0
Belo Oriente,Belo Oriente,2020-11-07,742,9,9,0
Belo Oriente,Belo Oriente,2020-11-08,742,0,9,0
Belo Oriente,Belo Oriente,2020-11-09,742,0,9,0
Belo Oriente,Belo Oriente,2020-11-10,747,5,9,0
Belo Oriente,Belo Oriente,2020-11-11,753,6,9,0
Belo Oriente,Belo Oriente,2020-11-12,761,8,9,0
Belo Oriente,Belo Oriente,2020-11-13,762,1,9,0
Belo Oriente,Belo Oriente,2020-11-14,765,3,9,0
Belo Oriente,Belo Oriente,2020-11-15,766,1,9,0
Belo Oriente,Belo Oriente,2020-11-16,768,2,9,0
Belo Oriente,Belo Oriente,2020-11-17,777,9,9,0
Belo Oriente,Belo Oriente,2020-11-18,781,4,11,2
Belo Oriente,Belo Oriente,2020-11-19,793,12,11,0
Belo Oriente,Belo Oriente,2020-11-20,800,7,11,0
Belo Oriente,Belo Oriente,2020-11-21,805,5,11,0
Belo Oriente,Belo Oriente,2020-11-22,805,0,11,0
Belo Oriente,Belo Oriente,2020-11-23,805,0,11,0
Belo Oriente,Belo Oriente,2020-11-24,816,11,11,0
Belo Oriente,Belo Oriente,2020-11-25,823,7,12,1
Belo Oriente,Belo Oriente,2020-11-26,830,7,12,0
Belo Oriente,Belo Oriente,2020-11-27,836,6,12,0
Belo Oriente,Belo Oriente,2020-11-28,842,6,14,2
Belo Oriente,Belo Oriente,2020-11-29,849,7,14,0
Belo Oriente,Belo Oriente,2020-11-30,850,1,14,0
Belo Oriente,Belo Oriente,2020-12-01,869,19,14,0
Belo Oriente,Belo Oriente,2020-12-02,888,19,14,0
Belo Oriente,Belo Oriente,2020-12-03,900,12,14,0
Belo Oriente,Belo Oriente,2020-12-04,904,4,14,0
Belo Oriente,Belo Oriente,2020-12-05,911,7,14,0
Belo Oriente,Belo Oriente,2020-12-06,911,0,14,0
Belo Oriente,Belo Oriente,2020-12-07,911,0,14,0
Belo Oriente,Belo Oriente,2020-12-08,921,10,14,0
Belo Oriente,Belo Oriente,2020-12-09,933,12,15,1
Belo Oriente,Belo Oriente,2020-12-10,933,0,15,0
Belo Oriente,Belo Oriente,2020-12-11,946,13,16,1
Belo Oriente,Belo Oriente,2020-12-12,957,11,16,0
Belo Oriente,Belo Oriente,2020-12-13,965,8,17,1
Belo Oriente,Belo Oriente,2020-12-14,968,3,17,0
Belo Oriente,Belo Oriente,2020-12-15,970,2,17,0
Belo Oriente,Belo Oriente,2020-12-16,986,16,18,1
Belo Oriente,Belo Oriente,2020-12-17,996,10,18,0
Belo Oriente,Belo Oriente,2020-12-18,1007,11,18,0
Belo Oriente,Belo Oriente,2020-12-19,1018,11,18,0
Belo Oriente,Belo Oriente,2020-12-20,1018,0,18,0
Belo Oriente,Belo Oriente,2020-12-21,1022,4,18,0
Belo Oriente,Belo Oriente,2020-12-22,1032,10,18,0
Belo Oriente,Belo Oriente,2020-12-23,1034,2,18,0
Belo Oriente,Belo Oriente,2020-12-24,1054,20,18,0
Belo Oriente,Belo Oriente,2020-12-25,1056,2,18,0
Belo Oriente,Belo Oriente,2020-12-26,1057,1,18,0
Belo Oriente,Belo Oriente,2020-12-27,1057,0,18,0
Belo Oriente,Belo Oriente,2020-12-28,1058,1,18,0
Belo Oriente,Belo Oriente,2020-12-29,1066,8,18,0
Belo Oriente,Belo Oriente,2020-12-30,1082,16,19,1
Belo Oriente,Belo Oriente,2020-12-31,1092,10,19,0
Belo Oriente,Belo Oriente,2021-01-01,1099,7,19,0
Belo Oriente,Belo Oriente,2021-01-02,1099,0,19,0
Belo Oriente,Belo Oriente,2021-01-03,1100,1,19,0
Belo Oriente,Belo Oriente,2021-01-04,1100,0,19,0
Belo Oriente,Belo Oriente,2021-01-05,1108,8,19,0
Belo Oriente,Belo Oriente,2021-01-06,1125,17,19,0
Belo Oriente,Belo Oriente,2021-01-07,1138,13,19,0
Belo Oriente,Belo Oriente,2021-01-08,1155,17,19,0
Belo Oriente,Belo Oriente,2021-01-09,1159,4,19,0
Belo Oriente,Belo Oriente,2021-01-10,1170,11,19,0
Belo Oriente,Belo Oriente,2021-01-11,1170,0,19,0
Belo Oriente,Belo Oriente,2021-01-12,1176,6,19,0
Belo Oriente,Belo Oriente,2021-01-13,1188,12,19,0
Belo Oriente,Belo Oriente,2021-01-14,1195,7,19,0
Belo Oriente,Belo Oriente,2021-01-15,1206,11,22,3
Belo Oriente,Belo Oriente,2021-01-16,1216,10,23,1
Belo Oriente,Belo Oriente,2021-01-17,1219,3,23,0
Belo Oriente,Belo Oriente,2021-01-18,1220,1,23,0
Belo Oriente,Belo Oriente,2021-01-19,1222,2,23,0
Belo Oriente,Belo Oriente,2021-01-20,1237,15,24,1
Belo Oriente,Belo Oriente,2021-01-21,1250,13,24,0
Belo Oriente,Belo Oriente,2021-01-22,1254,4,24,0
Belo Oriente,Belo Oriente,2021-01-23,1263,9,24,0
Belo Oriente,Belo Oriente,2021-01-24,1264,1,24,0
Belo Oriente,Belo Oriente,2021-01-25,1266,2,24,0
Belo Oriente,Belo Oriente,2021-01-26,1281,15,24,0
Belo Oriente,Belo Oriente,2021-01-27,1281,0,25,1
Belo Oriente,Belo Oriente,2021-01-28,1300,19,25,0
Belo Oriente,Belo Oriente,2021-01-29,1309,9,25,0
Belo Oriente,Belo Oriente,2021-01-30,1313,4,25,0
Belo Oriente,Belo Oriente,2021-01-31,1318,5,25,0
Belo Oriente,Belo Oriente,2021-02-01,1318,0,25,0
Belo Oriente,Belo Oriente,2021-02-02,1319,1,25,0
Belo Oriente,Belo Oriente,2021-02-03,1326,7,25,0
Belo Oriente,Belo Oriente,2021-02-04,1333,7,25,0
Belo Oriente,Belo Oriente,2021-02-05,1336,3,25,0
Belo Oriente,Belo Oriente,2021-02-06,1345,9,25,0
Belo Oriente,Belo Oriente,2021-02-07,1346,1,25,0
Belo Oriente,Belo Oriente,2021-02-08,1346,0,25,0
