index,municipio,data,casosAcumulado,casosNovos,obitosAcumulado,obitosNovos,daily_cases_moving_average,daily_deaths_moving_average,sum_of_daily_cases_week,sum_of_daily_deaths_week
264480,Boa Vista,2020-03-27,0.0,0,0,0,2.2857142857142856,0.42857142857142855,16.0,3.0
264481,Boa Vista,2020-03-28,9.0,9,0,0,3.857142857142857,0.42857142857142855,27.0,3.0
264482,Boa Vista,2020-03-29,13.0,4,0,0,4.428571428571429,0.42857142857142855,31.0,3.0
264483,Boa Vista,2020-03-30,13.0,0,0,0,4.428571428571429,0.0,31.0,0.0
264484,Boa Vista,2020-03-31,13.0,0,0,0,3.7142857142857144,0.0,26.0,0.0
264485,Boa Vista,2020-04-01,19.0,6,0,0,4.428571428571429,0.0,31.0,0.0
264486,Boa Vista,2020-04-02,23.0,4,0,0,3.2857142857142856,0.0,23.0,0.0
264487,Boa Vista,2020-04-03,24.0,1,0,0,3.4285714285714284,0.0,24.0,0.0
264488,Boa Vista,2020-04-04,31.0,7,1,1,3.142857142857143,0.14285714285714285,22.0,1.0
264489,Boa Vista,2020-04-05,36.0,5,1,0,3.2857142857142856,0.14285714285714285,23.0,1.0
264490,Boa Vista,2020-04-06,36.0,0,1,0,3.2857142857142856,0.14285714285714285,23.0,1.0
264491,Boa Vista,2020-04-07,36.0,0,1,0,3.2857142857142856,0.14285714285714285,23.0,1.0
264492,Boa Vista,2020-04-08,42.0,6,1,0,3.2857142857142856,0.14285714285714285,23.0,1.0
264493,Boa Vista,2020-04-09,45.0,3,1,0,3.142857142857143,0.14285714285714285,22.0,1.0
264494,Boa Vista,2020-04-10,56.0,11,2,1,4.571428571428571,0.2857142857142857,32.0,2.0
264495,Boa Vista,2020-04-11,68.0,12,2,0,5.285714285714286,0.14285714285714285,37.0,1.0
264496,Boa Vista,2020-04-12,70.0,2,2,0,4.857142857142857,0.14285714285714285,34.0,1.0
264497,Boa Vista,2020-04-13,74.0,4,2,0,5.428571428571429,0.14285714285714285,38.0,1.0
264498,Boa Vista,2020-04-14,104.0,30,2,0,9.714285714285714,0.14285714285714285,68.0,1.0
264499,Boa Vista,2020-04-15,105.0,1,2,0,9.0,0.14285714285714285,63.0,1.0
264500,Boa Vista,2020-04-16,131.0,26,2,0,12.285714285714286,0.14285714285714285,86.0,1.0
264501,Boa Vista,2020-04-17,147.0,16,2,0,13.0,0.0,91.0,0.0
264502,Boa Vista,2020-04-18,183.0,36,2,0,16.428571428571427,0.0,115.0,0.0
264503,Boa Vista,2020-04-19,200.0,17,2,0,18.571428571428573,0.0,130.0,0.0
264504,Boa Vista,2020-04-20,222.0,22,2,0,21.142857142857142,0.0,148.0,0.0
264505,Boa Vista,2020-04-21,225.0,3,2,0,17.285714285714285,0.0,121.0,0.0
264506,Boa Vista,2020-04-22,252.0,27,2,0,21.0,0.0,147.0,0.0
264507,Boa Vista,2020-04-23,262.0,10,2,0,18.714285714285715,0.0,131.0,0.0
264508,Boa Vista,2020-04-24,268.0,6,2,0,17.285714285714285,0.0,121.0,0.0
264509,Boa Vista,2020-04-25,307.0,39,2,0,17.714285714285715,0.0,124.0,0.0
264510,Boa Vista,2020-04-26,356.0,49,3,1,22.285714285714285,0.14285714285714285,156.0,1.0
264511,Boa Vista,2020-04-27,362.0,6,3,0,20.0,0.14285714285714285,140.0,1.0
264512,Boa Vista,2020-04-28,379.0,17,5,2,22.0,0.42857142857142855,154.0,3.0
264513,Boa Vista,2020-04-29,404.0,25,5,0,21.714285714285715,0.42857142857142855,152.0,3.0
264514,Boa Vista,2020-04-30,460.0,56,6,1,28.285714285714285,0.5714285714285714,198.0,4.0
264515,Boa Vista,2020-05-01,535.0,75,7,1,38.142857142857146,0.7142857142857143,267.0,5.0
264516,Boa Vista,2020-05-02,577.0,42,8,1,38.57142857142857,0.8571428571428571,270.0,6.0
264517,Boa Vista,2020-05-03,612.0,35,10,2,36.57142857142857,1.0,256.0,7.0
264518,Boa Vista,2020-05-04,663.0,51,10,0,43.0,1.0,301.0,7.0
264519,Boa Vista,2020-05-05,714.0,51,10,0,47.857142857142854,0.7142857142857143,335.0,5.0
264520,Boa Vista,2020-05-06,771.0,57,12,2,52.42857142857143,1.0,367.0,7.0
264521,Boa Vista,2020-05-07,840.0,69,13,1,54.285714285714285,1.0,380.0,7.0
264522,Boa Vista,2020-05-08,917.0,77,15,2,54.57142857142857,1.1428571428571428,382.0,8.0
264523,Boa Vista,2020-05-09,970.0,53,17,2,56.142857142857146,1.2857142857142858,393.0,9.0
264524,Boa Vista,2020-05-10,1049.0,79,20,3,62.42857142857143,1.4285714285714286,437.0,10.0
264525,Boa Vista,2020-05-11,1054.0,5,21,1,55.857142857142854,1.5714285714285714,391.0,11.0
264526,Boa Vista,2020-05-12,1071.0,17,24,3,51.0,2.0,357.0,14.0
264527,Boa Vista,2020-05-13,1135.0,64,25,1,52.0,1.8571428571428572,364.0,13.0
264528,Boa Vista,2020-05-14,1189.0,54,31,6,49.857142857142854,2.5714285714285716,349.0,18.0
264529,Boa Vista,2020-05-15,1256.0,67,34,3,48.42857142857143,2.7142857142857144,339.0,19.0
264530,Boa Vista,2020-05-16,1337.0,81,41,7,52.42857142857143,3.4285714285714284,367.0,24.0
264531,Boa Vista,2020-05-17,1385.0,48,42,1,48.0,3.142857142857143,336.0,22.0
264532,Boa Vista,2020-05-18,1460.0,75,50,8,58.0,4.142857142857143,406.0,29.0
264533,Boa Vista,2020-05-19,1536.0,76,51,1,66.42857142857143,3.857142857142857,465.0,27.0
264534,Boa Vista,2020-05-20,1603.0,67,54,3,66.85714285714286,4.142857142857143,468.0,29.0
264535,Boa Vista,2020-05-21,1641.0,38,61,7,64.57142857142857,4.285714285714286,452.0,30.0
264536,Boa Vista,2020-05-22,1745.0,104,71,10,69.85714285714286,5.285714285714286,489.0,37.0
264537,Boa Vista,2020-05-23,1805.0,60,66,-5,66.85714285714286,3.5714285714285716,468.0,25.0
264538,Boa Vista,2020-05-24,1843.0,38,68,2,65.42857142857143,3.7142857142857144,458.0,26.0
264539,Boa Vista,2020-05-25,1875.0,32,70,2,59.285714285714285,2.857142857142857,415.0,20.0
264540,Boa Vista,2020-05-26,1941.0,66,83,13,57.857142857142854,4.571428571428571,405.0,32.0
264541,Boa Vista,2020-05-27,2017.0,76,83,0,59.142857142857146,4.142857142857143,414.0,29.0
264542,Boa Vista,2020-05-28,2260.0,243,83,0,88.42857142857143,3.142857142857143,619.0,22.0
264543,Boa Vista,2020-05-29,2383.0,123,86,3,91.14285714285714,2.142857142857143,638.0,15.0
264544,Boa Vista,2020-05-30,2541.0,158,90,4,105.14285714285714,3.4285714285714284,736.0,24.0
264545,Boa Vista,2020-05-31,2643.0,102,96,6,114.28571428571429,4.0,800.0,28.0
264546,Boa Vista,2020-06-01,2790.0,147,96,0,130.71428571428572,3.7142857142857144,915.0,26.0
264547,Boa Vista,2020-06-02,2916.0,126,98,2,139.28571428571428,2.142857142857143,975.0,15.0
264548,Boa Vista,2020-06-03,3165.0,249,102,4,164.0,2.7142857142857144,1148.0,19.0
264549,Boa Vista,2020-06-04,3441.0,276,104,2,168.71428571428572,3.0,1181.0,21.0
264550,Boa Vista,2020-06-05,3742.0,301,116,12,194.14285714285714,4.285714285714286,1359.0,30.0
264551,Boa Vista,2020-06-06,4041.0,299,116,0,214.28571428571428,3.7142857142857144,1500.0,26.0
264552,Boa Vista,2020-06-07,4252.0,211,119,3,229.85714285714286,3.2857142857142856,1609.0,23.0
264553,Boa Vista,2020-06-08,4467.0,215,122,3,239.57142857142858,3.7142857142857144,1677.0,26.0
264554,Boa Vista,2020-06-09,4672.0,205,144,22,250.85714285714286,6.571428571428571,1756.0,46.0
264555,Boa Vista,2020-06-10,4890.0,218,149,5,246.42857142857142,6.714285714285714,1725.0,47.0
264556,Boa Vista,2020-06-11,5106.0,216,152,3,237.85714285714286,6.857142857142857,1665.0,48.0
264557,Boa Vista,2020-06-12,5200.0,94,154,2,208.28571428571428,5.428571428571429,1458.0,38.0
264558,Boa Vista,2020-06-13,5250.0,50,158,4,172.71428571428572,6.0,1209.0,42.0
264559,Boa Vista,2020-06-14,5252.0,2,161,3,142.85714285714286,6.0,1000.0,42.0
264560,Boa Vista,2020-06-15,5254.0,2,164,3,112.42857142857143,6.0,787.0,42.0
264561,Boa Vista,2020-06-16,5290.0,36,168,4,88.28571428571429,3.4285714285714284,618.0,24.0
264562,Boa Vista,2020-06-17,5467.0,177,173,5,82.42857142857143,3.4285714285714284,577.0,24.0
264563,Boa Vista,2020-06-18,5624.0,157,179,6,74.0,3.857142857142857,518.0,27.0
264564,Boa Vista,2020-06-19,5672.0,48,187,8,67.42857142857143,4.714285714285714,472.0,33.0
264565,Boa Vista,2020-06-20,5953.0,281,192,5,100.42857142857143,4.857142857142857,703.0,34.0
264566,Boa Vista,2020-06-21,6004.0,51,196,4,107.42857142857143,5.0,752.0,35.0
264567,Boa Vista,2020-06-22,6042.0,38,196,0,112.57142857142857,4.571428571428571,788.0,32.0
264568,Boa Vista,2020-06-23,7654.0,1612,198,2,337.7142857142857,4.285714285714286,2364.0,30.0
264569,Boa Vista,2020-06-24,8001.0,347,207,9,362.0,4.857142857142857,2534.0,34.0
264570,Boa Vista,2020-06-25,8871.0,870,215,8,463.85714285714283,5.142857142857143,3247.0,36.0
264571,Boa Vista,2020-06-26,9753.0,882,217,2,583.0,4.285714285714286,4081.0,30.0
264572,Boa Vista,2020-06-27,9837.0,84,225,8,554.8571428571429,4.714285714285714,3884.0,33.0
264573,Boa Vista,2020-06-28,10931.0,1094,225,0,703.8571428571429,4.142857142857143,4927.0,29.0
264574,Boa Vista,2020-06-29,10990.0,59,225,0,706.8571428571429,4.142857142857143,4948.0,29.0
264575,Boa Vista,2020-06-30,11034.0,44,227,2,482.85714285714283,4.142857142857143,3380.0,29.0
264576,Boa Vista,2020-07-01,11492.0,458,255,28,498.7142857142857,6.857142857142857,3491.0,48.0
264577,Boa Vista,2020-07-02,13572.0,2080,281,26,671.5714285714286,9.428571428571429,4701.0,66.0
264578,Boa Vista,2020-07-03,14183.0,611,285,4,632.8571428571429,9.714285714285714,4430.0,68.0
264579,Boa Vista,2020-07-04,14497.0,314,291,6,665.7142857142857,9.428571428571429,4660.0,66.0
264580,Boa Vista,2020-07-05,14620.0,123,293,2,527.0,9.714285714285714,3689.0,68.0
264581,Boa Vista,2020-07-06,14633.0,13,296,3,520.4285714285714,10.142857142857142,3643.0,71.0
264582,Boa Vista,2020-07-07,14839.0,206,301,5,543.5714285714286,10.571428571428571,3805.0,74.0
264583,Boa Vista,2020-07-08,14973.0,134,308,7,497.2857142857143,7.571428571428571,3481.0,53.0
264584,Boa Vista,2020-07-09,15396.0,423,315,7,260.57142857142856,4.857142857142857,1824.0,34.0
264585,Boa Vista,2020-07-10,16072.0,676,315,0,269.85714285714283,4.285714285714286,1889.0,30.0
264586,Boa Vista,2020-07-11,16510.0,438,319,4,287.57142857142856,4.0,2013.0,28.0
264587,Boa Vista,2020-07-12,16629.0,119,319,0,287.0,3.7142857142857144,2009.0,26.0
264588,Boa Vista,2020-07-13,16881.0,252,320,1,321.14285714285717,3.4285714285714284,2248.0,24.0
264589,Boa Vista,2020-07-14,17106.0,225,321,1,323.85714285714283,2.857142857142857,2267.0,20.0
264590,Boa Vista,2020-07-15,17642.0,536,325,4,381.2857142857143,2.4285714285714284,2669.0,17.0
264591,Boa Vista,2020-07-16,18256.0,614,336,11,408.57142857142856,3.0,2860.0,21.0
264592,Boa Vista,2020-07-17,18782.0,526,342,6,387.14285714285717,3.857142857142857,2710.0,27.0
264593,Boa Vista,2020-07-18,19057.0,275,344,2,363.85714285714283,3.5714285714285716,2547.0,25.0
264594,Boa Vista,2020-07-19,19123.0,66,344,0,356.2857142857143,3.5714285714285716,2494.0,25.0
264595,Boa Vista,2020-07-20,19193.0,70,346,2,330.2857142857143,3.7142857142857144,2312.0,26.0
264596,Boa Vista,2020-07-21,19276.0,83,349,3,310.0,4.0,2170.0,28.0
264597,Boa Vista,2020-07-22,20018.0,742,362,13,339.42857142857144,5.285714285714286,2376.0,37.0
264598,Boa Vista,2020-07-23,20787.0,769,369,7,361.57142857142856,4.714285714285714,2531.0,33.0
264599,Boa Vista,2020-07-24,21467.0,680,375,6,383.57142857142856,4.714285714285714,2685.0,33.0
264600,Boa Vista,2020-07-25,21898.0,431,382,7,405.85714285714283,5.428571428571429,2841.0,38.0
264601,Boa Vista,2020-07-26,22276.0,378,382,0,450.42857142857144,5.428571428571429,3153.0,38.0
264602,Boa Vista,2020-07-27,22317.0,41,383,1,446.2857142857143,5.285714285714286,3124.0,37.0
264603,Boa Vista,2020-07-28,22650.0,333,386,3,482.0,5.285714285714286,3374.0,37.0
264604,Boa Vista,2020-07-29,23199.0,549,399,13,454.42857142857144,5.285714285714286,3181.0,37.0
264605,Boa Vista,2020-07-30,23590.0,391,403,4,400.42857142857144,4.857142857142857,2803.0,34.0
264606,Boa Vista,2020-07-31,24006.0,416,406,3,362.7142857142857,4.428571428571429,2539.0,31.0
264607,Boa Vista,2020-08-01,24450.0,444,411,5,364.57142857142856,4.142857142857143,2552.0,29.0
264608,Boa Vista,2020-08-02,24818.0,368,411,0,363.14285714285717,4.142857142857143,2542.0,29.0
264609,Boa Vista,2020-08-03,24846.0,28,411,0,361.2857142857143,4.0,2529.0,28.0
264610,Boa Vista,2020-08-04,24850.0,4,422,11,314.2857142857143,5.142857142857143,2200.0,36.0
264611,Boa Vista,2020-08-05,25675.0,825,425,3,353.7142857142857,3.7142857142857144,2476.0,26.0
264612,Boa Vista,2020-08-06,26190.0,515,425,0,371.42857142857144,3.142857142857143,2600.0,22.0
264613,Boa Vista,2020-08-07,26737.0,547,429,4,390.14285714285717,3.2857142857142856,2731.0,23.0
264614,Boa Vista,2020-08-08,27066.0,329,432,3,373.7142857142857,3.0,2616.0,21.0
264615,Boa Vista,2020-08-09,27413.0,347,432,0,370.7142857142857,3.0,2595.0,21.0
264616,Boa Vista,2020-08-10,27442.0,29,432,0,370.85714285714283,3.0,2596.0,21.0
264617,Boa Vista,2020-08-11,27833.0,391,435,3,426.14285714285717,1.8571428571428572,2983.0,13.0
264618,Boa Vista,2020-08-12,28246.0,413,437,2,367.2857142857143,1.7142857142857142,2571.0,12.0
264619,Boa Vista,2020-08-13,28709.0,463,437,0,359.85714285714283,1.7142857142857142,2519.0,12.0
264620,Boa Vista,2020-08-14,29103.0,394,439,2,338.0,1.4285714285714286,2366.0,10.0
264621,Boa Vista,2020-08-15,29444.0,341,440,1,339.7142857142857,1.1428571428571428,2378.0,8.0
264622,Boa Vista,2020-08-16,29647.0,203,440,0,319.14285714285717,1.1428571428571428,2234.0,8.0
264623,Boa Vista,2020-08-17,29657.0,10,440,0,316.42857142857144,1.1428571428571428,2215.0,8.0
264624,Boa Vista,2020-08-18,30072.0,415,445,5,319.85714285714283,1.4285714285714286,2239.0,10.0
264625,Boa Vista,2020-08-19,30311.0,239,446,1,295.0,1.2857142857142858,2065.0,9.0
264626,Boa Vista,2020-08-20,30649.0,338,447,1,277.14285714285717,1.4285714285714286,1940.0,10.0
264627,Boa Vista,2020-08-21,30810.0,161,447,0,243.85714285714286,1.1428571428571428,1707.0,8.0
264628,Boa Vista,2020-08-22,31058.0,248,448,1,230.57142857142858,1.1428571428571428,1614.0,8.0
264629,Boa Vista,2020-08-23,31186.0,128,448,0,219.85714285714286,1.1428571428571428,1539.0,8.0
264630,Boa Vista,2020-08-24,31208.0,22,448,0,221.57142857142858,1.1428571428571428,1551.0,8.0
264631,Boa Vista,2020-08-25,31388.0,180,451,3,188.0,0.8571428571428571,1316.0,6.0
264632,Boa Vista,2020-08-26,31641.0,253,451,0,190.0,0.7142857142857143,1330.0,5.0
264633,Boa Vista,2020-08-27,31895.0,254,454,3,178.0,1.0,1246.0,7.0
264634,Boa Vista,2020-08-28,32071.0,176,455,1,180.14285714285714,1.1428571428571428,1261.0,8.0
264635,Boa Vista,2020-08-29,32321.0,250,455,0,180.42857142857142,1.0,1263.0,7.0
264636,Boa Vista,2020-08-30,32466.0,145,455,0,182.85714285714286,1.0,1280.0,7.0
264637,Boa Vista,2020-08-31,32487.0,21,455,0,182.71428571428572,1.0,1279.0,7.0
264638,Boa Vista,2020-09-01,32637.0,150,459,4,178.42857142857142,1.1428571428571428,1249.0,8.0
264639,Boa Vista,2020-09-02,32884.0,247,461,2,177.57142857142858,1.4285714285714286,1243.0,10.0
264640,Boa Vista,2020-09-03,33122.0,238,462,1,175.28571428571428,1.1428571428571428,1227.0,8.0
264641,Boa Vista,2020-09-04,33359.0,237,464,2,184.0,1.2857142857142858,1288.0,9.0
264642,Boa Vista,2020-09-05,33614.0,255,464,0,184.71428571428572,1.2857142857142858,1293.0,9.0
264643,Boa Vista,2020-09-06,33749.0,135,464,0,183.28571428571428,1.2857142857142858,1283.0,9.0
264644,Boa Vista,2020-09-07,33756.0,7,464,0,181.28571428571428,1.2857142857142858,1269.0,9.0
264645,Boa Vista,2020-09-08,33798.0,42,464,0,165.85714285714286,0.7142857142857143,1161.0,5.0
264646,Boa Vista,2020-09-09,33951.0,153,467,3,152.42857142857142,0.8571428571428571,1067.0,6.0
264647,Boa Vista,2020-09-10,34198.0,247,473,6,153.71428571428572,1.5714285714285714,1076.0,11.0
264648,Boa Vista,2020-09-11,34382.0,184,475,2,146.14285714285714,1.5714285714285714,1023.0,11.0
264649,Boa Vista,2020-09-12,34562.0,180,475,0,135.42857142857142,1.5714285714285714,948.0,11.0
264650,Boa Vista,2020-09-13,34686.0,124,475,0,133.85714285714286,1.5714285714285714,937.0,11.0
264651,Boa Vista,2020-09-14,34695.0,9,475,0,134.14285714285714,1.5714285714285714,939.0,11.0
264652,Boa Vista,2020-09-15,34882.0,187,476,1,154.85714285714286,1.7142857142857142,1084.0,12.0
264653,Boa Vista,2020-09-16,35098.0,216,476,0,163.85714285714286,1.2857142857142858,1147.0,9.0
264654,Boa Vista,2020-09-17,35258.0,160,476,0,151.42857142857142,0.42857142857142855,1060.0,3.0
264655,Boa Vista,2020-09-18,35494.0,236,478,2,158.85714285714286,0.42857142857142855,1112.0,3.0
264656,Boa Vista,2020-09-19,35788.0,294,478,0,175.14285714285714,0.42857142857142855,1226.0,3.0
264657,Boa Vista,2020-09-20,35965.0,177,478,0,182.71428571428572,0.42857142857142855,1279.0,3.0
264658,Boa Vista,2020-09-21,35984.0,19,478,0,184.14285714285714,0.42857142857142855,1289.0,3.0
264659,Boa Vista,2020-09-22,36133.0,149,479,1,178.71428571428572,0.42857142857142855,1251.0,3.0
264660,Boa Vista,2020-09-23,36423.0,290,479,0,189.28571428571428,0.42857142857142855,1325.0,3.0
264661,Boa Vista,2020-09-24,36672.0,249,481,2,202.0,0.7142857142857143,1414.0,5.0
264662,Boa Vista,2020-09-25,36870.0,198,481,0,196.57142857142858,0.42857142857142855,1376.0,3.0
264663,Boa Vista,2020-09-26,37049.0,179,481,0,180.14285714285714,0.42857142857142855,1261.0,3.0
264664,Boa Vista,2020-09-27,37242.0,193,481,0,182.42857142857142,0.42857142857142855,1277.0,3.0
264665,Boa Vista,2020-09-28,37282.0,40,481,0,185.42857142857142,0.42857142857142855,1298.0,3.0
264666,Boa Vista,2020-09-29,37417.0,135,485,4,183.42857142857142,0.8571428571428571,1284.0,6.0
264667,Boa Vista,2020-09-30,37633.0,216,485,0,172.85714285714286,0.8571428571428571,1210.0,6.0
264668,Boa Vista,2020-10-01,37801.0,168,486,1,161.28571428571428,0.7142857142857143,1129.0,5.0
264669,Boa Vista,2020-10-02,38007.0,206,486,0,162.42857142857142,0.7142857142857143,1137.0,5.0
264670,Boa Vista,2020-10-03,38226.0,219,486,0,168.14285714285714,0.7142857142857143,1177.0,5.0
264671,Boa Vista,2020-10-04,38287.0,61,486,0,149.28571428571428,0.7142857142857143,1045.0,5.0
264672,Boa Vista,2020-10-05,38287.0,0,486,0,143.57142857142858,0.7142857142857143,1005.0,5.0
264673,Boa Vista,2020-10-06,38363.0,76,486,0,135.14285714285714,0.14285714285714285,946.0,1.0
264674,Boa Vista,2020-10-07,38490.0,127,487,1,122.42857142857143,0.2857142857142857,857.0,2.0
264675,Boa Vista,2020-10-08,38672.0,182,487,0,124.42857142857143,0.14285714285714285,871.0,1.0
264676,Boa Vista,2020-10-09,38855.0,183,488,1,121.14285714285714,0.2857142857142857,848.0,2.0
264677,Boa Vista,2020-10-10,39117.0,262,488,0,127.28571428571429,0.2857142857142857,891.0,2.0
264678,Boa Vista,2020-10-11,39262.0,145,488,0,139.28571428571428,0.2857142857142857,975.0,2.0
264679,Boa Vista,2020-10-12,39272.0,10,488,0,140.71428571428572,0.2857142857142857,985.0,2.0
264680,Boa Vista,2020-10-13,39305.0,33,488,0,134.57142857142858,0.2857142857142857,942.0,2.0
264681,Boa Vista,2020-10-14,39421.0,116,492,4,133.0,0.7142857142857143,931.0,5.0
264682,Boa Vista,2020-10-15,39812.0,391,492,0,162.85714285714286,0.7142857142857143,1140.0,5.0
264683,Boa Vista,2020-10-16,40039.0,227,494,2,169.14285714285714,0.8571428571428571,1184.0,6.0
264684,Boa Vista,2020-10-17,40235.0,196,494,0,159.71428571428572,0.8571428571428571,1118.0,6.0
264685,Boa Vista,2020-10-18,40367.0,132,494,0,157.85714285714286,0.8571428571428571,1105.0,6.0
264686,Boa Vista,2020-10-19,40407.0,40,494,0,162.14285714285714,0.8571428571428571,1135.0,6.0
264687,Boa Vista,2020-10-20,40548.0,141,497,3,177.57142857142858,1.2857142857142858,1243.0,9.0
264688,Boa Vista,2020-10-21,40711.0,163,497,0,184.28571428571428,0.7142857142857143,1290.0,5.0
264689,Boa Vista,2020-10-22,40873.0,162,498,1,151.57142857142858,0.8571428571428571,1061.0,6.0
264690,Boa Vista,2020-10-23,41148.0,275,499,1,158.42857142857142,0.7142857142857143,1109.0,5.0
264691,Boa Vista,2020-10-24,41430.0,282,499,0,170.71428571428572,0.7142857142857143,1195.0,5.0
264692,Boa Vista,2020-10-25,41632.0,202,499,0,180.71428571428572,0.7142857142857143,1265.0,5.0
264693,Boa Vista,2020-10-26,41708.0,76,499,0,185.85714285714286,0.7142857142857143,1301.0,5.0
264694,Boa Vista,2020-10-27,41891.0,183,499,0,191.85714285714286,0.2857142857142857,1343.0,2.0
264695,Boa Vista,2020-10-28,42117.0,226,500,1,200.85714285714286,0.42857142857142855,1406.0,3.0
264696,Boa Vista,2020-10-29,42339.0,222,500,0,209.42857142857142,0.2857142857142857,1466.0,2.0
264697,Boa Vista,2020-10-30,42557.0,218,500,0,201.28571428571428,0.14285714285714285,1409.0,1.0
264698,Boa Vista,2020-10-31,42822.0,265,500,0,198.85714285714286,0.14285714285714285,1392.0,1.0
264699,Boa Vista,2020-11-01,42935.0,113,500,0,186.14285714285714,0.14285714285714285,1303.0,1.0
264700,Boa Vista,2020-11-02,42993.0,58,500,0,183.57142857142858,0.14285714285714285,1285.0,1.0
264701,Boa Vista,2020-11-03,43085.0,92,500,0,170.57142857142858,0.14285714285714285,1194.0,1.0
264702,Boa Vista,2020-11-04,43212.0,127,501,1,156.42857142857142,0.14285714285714285,1095.0,1.0
264703,Boa Vista,2020-11-05,43454.0,242,503,2,159.28571428571428,0.42857142857142855,1115.0,3.0
264704,Boa Vista,2020-11-06,43749.0,295,503,0,170.28571428571428,0.42857142857142855,1192.0,3.0
264705,Boa Vista,2020-11-07,44085.0,336,503,0,180.42857142857142,0.42857142857142855,1263.0,3.0
264706,Boa Vista,2020-11-08,44203.0,118,503,0,181.14285714285714,0.42857142857142855,1268.0,3.0
264707,Boa Vista,2020-11-09,44208.0,5,503,0,173.57142857142858,0.42857142857142855,1215.0,3.0
264708,Boa Vista,2020-11-10,44269.0,61,503,0,169.14285714285714,0.42857142857142855,1184.0,3.0
264709,Boa Vista,2020-11-11,44517.0,248,509,6,186.42857142857142,1.1428571428571428,1305.0,8.0
264710,Boa Vista,2020-11-12,44806.0,289,512,3,193.14285714285714,1.2857142857142858,1352.0,9.0
264711,Boa Vista,2020-11-13,44990.0,184,512,0,177.28571428571428,1.2857142857142858,1241.0,9.0
264712,Boa Vista,2020-11-14,45220.0,230,513,1,162.14285714285714,1.4285714285714286,1135.0,10.0
264713,Boa Vista,2020-11-15,45329.0,109,513,0,160.85714285714286,1.4285714285714286,1126.0,10.0
264714,Boa Vista,2020-11-16,45367.0,38,513,0,165.57142857142858,1.4285714285714286,1159.0,10.0
264715,Boa Vista,2020-11-17,45541.0,174,516,3,181.71428571428572,1.8571428571428572,1272.0,13.0
264716,Boa Vista,2020-11-18,45704.0,163,516,0,169.57142857142858,1.0,1187.0,7.0
264717,Boa Vista,2020-11-19,45911.0,207,518,2,157.85714285714286,0.8571428571428571,1105.0,6.0
264718,Boa Vista,2020-11-20,46156.0,245,526,8,166.57142857142858,2.0,1166.0,14.0
264719,Boa Vista,2020-11-21,46312.0,156,526,0,156.0,1.8571428571428572,1092.0,13.0
264720,Boa Vista,2020-11-22,46403.0,91,526,0,153.42857142857142,1.8571428571428572,1074.0,13.0
264721,Boa Vista,2020-11-23,46565.0,162,526,0,171.14285714285714,1.8571428571428572,1198.0,13.0
264722,Boa Vista,2020-11-24,46656.0,91,527,1,159.28571428571428,1.5714285714285714,1115.0,11.0
264723,Boa Vista,2020-11-25,46899.0,243,528,1,170.71428571428572,1.7142857142857142,1195.0,12.0
264724,Boa Vista,2020-11-26,47041.0,142,529,1,161.42857142857142,1.5714285714285714,1130.0,11.0
264725,Boa Vista,2020-11-27,47178.0,137,530,1,146.0,0.5714285714285714,1022.0,4.0
264726,Boa Vista,2020-11-28,47223.0,45,533,3,130.14285714285714,1.0,911.0,7.0
264727,Boa Vista,2020-11-29,47499.0,276,533,0,156.57142857142858,1.0,1096.0,7.0
264728,Boa Vista,2020-11-30,47583.0,84,533,0,145.42857142857142,1.0,1018.0,7.0
264729,Boa Vista,2020-12-01,47739.0,156,534,1,154.71428571428572,1.0,1083.0,7.0
264730,Boa Vista,2020-12-02,47955.0,216,540,6,150.85714285714286,1.7142857142857142,1056.0,12.0
264731,Boa Vista,2020-12-03,48167.0,212,543,3,160.85714285714286,2.0,1126.0,14.0
264732,Boa Vista,2020-12-04,48265.0,98,544,1,155.28571428571428,2.0,1087.0,14.0
264733,Boa Vista,2020-12-05,48555.0,290,548,4,190.28571428571428,2.142857142857143,1332.0,15.0
264734,Boa Vista,2020-12-06,48762.0,207,549,1,180.42857142857142,2.2857142857142856,1263.0,16.0
264735,Boa Vista,2020-12-07,48850.0,88,549,0,181.0,2.2857142857142856,1267.0,16.0
264736,Boa Vista,2020-12-08,48873.0,23,549,0,162.0,2.142857142857143,1134.0,15.0
264737,Boa Vista,2020-12-09,48976.0,103,550,1,145.85714285714286,1.4285714285714286,1021.0,10.0
264738,Boa Vista,2020-12-10,49297.0,321,552,2,161.42857142857142,1.2857142857142858,1130.0,9.0
264739,Boa Vista,2020-12-11,49594.0,297,554,2,189.85714285714286,1.4285714285714286,1329.0,10.0
264740,Boa Vista,2020-12-12,49813.0,219,556,2,179.71428571428572,1.1428571428571428,1258.0,8.0
264741,Boa Vista,2020-12-13,49962.0,149,556,0,171.42857142857142,1.0,1200.0,7.0
264742,Boa Vista,2020-12-14,49992.0,30,556,0,163.14285714285714,1.0,1142.0,7.0
264743,Boa Vista,2020-12-15,50025.0,33,562,6,164.57142857142858,1.8571428571428572,1152.0,13.0
264744,Boa Vista,2020-12-16,50077.0,52,565,3,157.28571428571428,2.142857142857143,1101.0,15.0
264745,Boa Vista,2020-12-17,50420.0,343,566,1,160.42857142857142,2.0,1123.0,14.0
264746,Boa Vista,2020-12-18,50545.0,125,568,2,135.85714285714286,2.0,951.0,14.0
264747,Boa Vista,2020-12-19,50666.0,121,571,3,121.85714285714286,2.142857142857143,853.0,15.0
264748,Boa Vista,2020-12-20,50732.0,66,571,0,110.0,2.142857142857143,770.0,15.0
264749,Boa Vista,2020-12-21,50813.0,81,571,0,117.28571428571429,2.142857142857143,821.0,15.0
264750,Boa Vista,2020-12-22,50918.0,105,571,0,127.57142857142857,1.2857142857142858,893.0,9.0
264751,Boa Vista,2020-12-23,51095.0,177,571,0,145.42857142857142,0.8571428571428571,1018.0,6.0
264752,Boa Vista,2020-12-24,51263.0,168,572,1,120.42857142857143,0.8571428571428571,843.0,6.0
264753,Boa Vista,2020-12-25,51345.0,82,572,0,114.28571428571429,0.5714285714285714,800.0,4.0
264754,Boa Vista,2020-12-26,51388.0,43,572,0,103.14285714285714,0.14285714285714285,722.0,1.0
264755,Boa Vista,2020-12-27,51414.0,26,572,0,97.42857142857143,0.14285714285714285,682.0,1.0
264756,Boa Vista,2020-12-28,51442.0,28,572,0,89.85714285714286,0.14285714285714285,629.0,1.0
264757,Boa Vista,2020-12-29,51487.0,45,572,0,81.28571428571429,0.14285714285714285,569.0,1.0
264758,Boa Vista,2020-12-30,51616.0,129,572,0,74.42857142857143,0.14285714285714285,521.0,1.0
264759,Boa Vista,2020-12-31,51769.0,153,575,3,72.28571428571429,0.42857142857142855,506.0,3.0
264760,Boa Vista,2021-01-01,51787.0,18,578,3,63.142857142857146,0.8571428571428571,442.0,6.0
264761,Boa Vista,2021-01-02,51925.0,138,578,0,76.71428571428571,0.8571428571428571,537.0,6.0
264762,Boa Vista,2021-01-03,51940.0,15,578,0,75.14285714285714,0.8571428571428571,526.0,6.0
264763,Boa Vista,2021-01-04,52005.0,65,578,0,80.42857142857143,0.8571428571428571,563.0,6.0
264764,Boa Vista,2021-01-05,52077.0,72,579,1,84.28571428571429,1.0,590.0,7.0
264765,Boa Vista,2021-01-06,52207.0,130,579,0,84.42857142857143,1.0,591.0,7.0
264766,Boa Vista,2021-01-07,52331.0,124,582,3,80.28571428571429,1.0,562.0,7.0
264767,Boa Vista,2021-01-08,52436.0,105,582,0,92.71428571428571,0.5714285714285714,649.0,4.0
264768,Boa Vista,2021-01-09,52606.0,170,582,0,97.28571428571429,0.5714285714285714,681.0,4.0
264769,Boa Vista,2021-01-10,52688.0,82,582,0,106.85714285714286,0.5714285714285714,748.0,4.0
264770,Boa Vista,2021-01-11,52731.0,43,582,0,103.71428571428571,0.5714285714285714,726.0,4.0
264771,Boa Vista,2021-01-12,52816.0,85,582,0,105.57142857142857,0.42857142857142855,739.0,3.0
264772,Boa Vista,2021-01-13,52974.0,158,585,3,109.57142857142857,0.8571428571428571,767.0,6.0
264773,Boa Vista,2021-01-14,53183.0,209,585,0,121.71428571428571,0.42857142857142855,852.0,3.0
264774,Boa Vista,2021-01-15,53271.0,88,588,3,119.28571428571429,0.8571428571428571,835.0,6.0
264775,Boa Vista,2021-01-16,53486.0,215,590,2,125.71428571428571,1.1428571428571428,880.0,8.0
264776,Boa Vista,2021-01-17,53665.0,179,590,0,139.57142857142858,1.1428571428571428,977.0,8.0
264777,Boa Vista,2021-01-18,53731.0,66,590,0,142.85714285714286,1.1428571428571428,1000.0,8.0
264778,Boa Vista,2021-01-19,53869.0,138,594,4,150.42857142857142,1.7142857142857142,1053.0,12.0
264779,Boa Vista,2021-01-20,54067.0,198,594,0,156.14285714285714,1.2857142857142858,1093.0,9.0
264780,Boa Vista,2021-01-21,54173.0,106,596,2,141.42857142857142,1.5714285714285714,990.0,11.0
264781,Boa Vista,2021-01-22,54271.0,98,596,0,142.85714285714286,1.1428571428571428,1000.0,8.0
264782,Boa Vista,2021-01-23,54532.0,261,598,2,149.42857142857142,1.1428571428571428,1046.0,8.0
264783,Boa Vista,2021-01-24,54689.0,157,598,0,146.28571428571428,1.1428571428571428,1024.0,8.0
264784,Boa Vista,2021-01-25,54798.0,109,598,0,152.42857142857142,1.1428571428571428,1067.0,8.0
264785,Boa Vista,2021-01-26,54980.0,182,608,10,158.71428571428572,2.0,1111.0,14.0
264786,Boa Vista,2021-01-27,55207.0,227,610,2,162.85714285714286,2.2857142857142856,1140.0,16.0
264787,Boa Vista,2021-01-28,55413.0,206,615,5,177.14285714285714,2.7142857142857144,1240.0,19.0
264788,Boa Vista,2021-01-29,55708.0,295,618,3,205.28571428571428,3.142857142857143,1437.0,22.0
264789,Boa Vista,2021-01-30,55925.0,217,625,7,199.0,3.857142857142857,1393.0,27.0
264790,Boa Vista,2021-01-31,56109.0,184,625,0,202.85714285714286,3.857142857142857,1420.0,27.0
264791,Boa Vista,2021-02-01,56203.0,94,625,0,200.71428571428572,3.857142857142857,1405.0,27.0
264792,Boa Vista,2021-02-02,56311.0,108,624,-1,190.14285714285714,2.2857142857142856,1331.0,16.0
264793,Boa Vista,2021-02-03,56589.0,278,635,11,197.42857142857142,3.5714285714285716,1382.0,25.0
264794,Boa Vista,2021-02-04,56784.0,195,640,5,195.85714285714286,3.5714285714285716,1371.0,25.0
264795,Boa Vista,2021-02-05,57052.0,268,645,5,192.0,3.857142857142857,1344.0,27.0
264796,Boa Vista,2021-02-06,57216.0,164,654,9,184.42857142857142,4.142857142857143,1291.0,29.0
264797,Boa Vista,2021-02-07,57366.0,150,654,0,179.57142857142858,4.142857142857143,1257.0,29.0
264798,Boa Vista,2021-02-08,57442.0,76,654,0,177.0,4.142857142857143,1239.0,29.0
264799,Boa Vista,2021-02-09,57572.0,130,654,0,180.14285714285714,4.285714285714286,1261.0,30.0
264800,Boa Vista,2021-02-10,57795.0,223,677,23,172.28571428571428,6.0,1206.0,42.0
264801,Boa Vista,2021-02-11,58046.0,251,687,10,180.28571428571428,6.714285714285714,1262.0,47.0
264802,Boa Vista,2021-02-12,58272.0,226,707,20,174.28571428571428,8.857142857142858,1220.0,62.0
264803,Boa Vista,2021-02-13,58459.0,187,721,14,177.57142857142858,9.571428571428571,1243.0,67.0
264804,Boa Vista,2021-02-14,58649.0,190,721,0,183.28571428571428,9.571428571428571,1283.0,67.0
264805,Boa Vista,2021-02-15,58703.0,54,721,0,180.14285714285714,9.571428571428571,1261.0,67.0
264806,Boa Vista,2021-02-16,58834.0,131,740,19,180.28571428571428,12.285714285714286,1262.0,86.0
264807,Boa Vista,2021-02-17,59136.0,302,740,0,191.57142857142858,9.0,1341.0,63.0
264808,Boa Vista,2021-02-18,59391.0,255,769,29,192.14285714285714,11.714285714285714,1345.0,82.0
264809,Boa Vista,2021-02-19,59685.0,294,771,2,201.85714285714286,9.142857142857142,1413.0,64.0
264810,Boa Vista,2021-02-20,60106.0,421,780,9,235.28571428571428,8.428571428571429,1647.0,59.0
264811,Boa Vista,2021-02-21,60210.0,104,780,0,223.0,8.428571428571429,1561.0,59.0
264812,Boa Vista,2021-02-22,60368.0,158,780,0,237.85714285714286,8.428571428571429,1665.0,59.0
264813,Boa Vista,2021-02-23,60522.0,154,797,17,241.14285714285714,8.142857142857142,1688.0,57.0
264814,Boa Vista,2021-02-24,60797.0,275,808,11,237.28571428571428,9.714285714285714,1661.0,68.0
264815,Boa Vista,2021-02-25,61139.0,342,816,8,249.71428571428572,6.714285714285714,1748.0,47.0
264816,Boa Vista,2021-02-26,61427.0,288,824,8,248.85714285714286,7.571428571428571,1742.0,53.0
264817,Boa Vista,2021-02-27,61834.0,407,830,6,246.85714285714286,7.142857142857143,1728.0,50.0
264818,Boa Vista,2021-02-28,62057.0,223,830,0,263.85714285714283,7.142857142857143,1847.0,50.0
264819,Boa Vista,2021-03-01,62112.0,55,830,0,249.14285714285714,7.142857142857143,1744.0,50.0
264820,Boa Vista,2021-03-02,62196.0,84,842,12,239.14285714285714,6.428571428571429,1674.0,45.0
264821,Boa Vista,2021-03-03,62518.0,322,844,2,245.85714285714286,5.142857142857143,1721.0,36.0
264822,Boa Vista,2021-03-04,62919.0,401,862,18,254.28571428571428,6.571428571428571,1780.0,46.0
264823,Boa Vista,2021-03-05,63202.0,283,875,13,253.57142857142858,7.285714285714286,1775.0,51.0
264824,Boa Vista,2021-03-06,63408.0,206,879,4,224.85714285714286,7.0,1574.0,49.0
264825,Boa Vista,2021-03-07,63500.0,92,879,0,206.14285714285714,7.0,1443.0,49.0
264826,Boa Vista,2021-03-08,63523.0,23,879,0,201.57142857142858,7.0,1411.0,49.0
264827,Boa Vista,2021-03-09,63525.0,2,900,21,189.85714285714286,8.285714285714286,1329.0,58.0
264828,Boa Vista,2021-03-10,63570.0,45,911,11,150.28571428571428,9.571428571428571,1052.0,67.0
264829,Boa Vista,2021-03-11,64386.0,816,924,13,209.57142857142858,8.857142857142858,1467.0,62.0
264830,Boa Vista,2021-03-12,64675.0,289,931,7,210.42857142857142,8.0,1473.0,56.0
264831,Boa Vista,2021-03-13,64922.0,247,937,6,216.28571428571428,8.285714285714286,1514.0,58.0
264832,Boa Vista,2021-03-14,65099.0,177,937,0,228.42857142857142,8.285714285714286,1599.0,58.0
264833,Boa Vista,2021-03-15,65177.0,78,937,0,236.28571428571428,8.285714285714286,1654.0,58.0
264834,Boa Vista,2021-03-16,65292.0,115,950,13,252.42857142857142,7.142857142857143,1767.0,50.0
264835,Boa Vista,2021-03-17,65589.0,297,961,11,288.42857142857144,7.142857142857143,2019.0,50.0
264836,Boa Vista,2021-03-18,65832.0,243,967,6,206.57142857142858,6.142857142857143,1446.0,43.0
264837,Boa Vista,2021-03-19,66052.0,220,973,6,196.71428571428572,6.0,1377.0,42.0
264838,Boa Vista,2021-03-20,66333.0,281,978,5,201.57142857142858,5.857142857142857,1411.0,41.0
264839,Boa Vista,2021-03-21,66496.0,163,978,0,199.57142857142858,5.857142857142857,1397.0,41.0
264840,Boa Vista,2021-03-22,66569.0,73,978,0,198.85714285714286,5.857142857142857,1392.0,41.0
264841,Boa Vista,2021-03-23,66743.0,174,984,6,207.28571428571428,4.857142857142857,1451.0,34.0
264842,Boa Vista,2021-03-24,66984.0,241,995,11,199.28571428571428,4.857142857142857,1395.0,34.0
264843,Boa Vista,2021-03-25,67222.0,238,995,0,198.57142857142858,4.0,1390.0,28.0
264844,Boa Vista,2021-03-26,67428.0,206,1009,14,196.57142857142858,5.142857142857143,1376.0,36.0
264845,Boa Vista,2021-03-27,67622.0,194,1011,2,184.14285714285714,4.714285714285714,1289.0,33.0
264846,Boa Vista,2021-03-28,67742.0,120,1011,0,178.0,4.714285714285714,1246.0,33.0
264847,Boa Vista,2021-03-29,67782.0,40,1011,0,173.28571428571428,4.714285714285714,1213.0,33.0
264848,Boa Vista,2021-03-30,67788.0,6,1011,0,149.28571428571428,3.857142857142857,1045.0,27.0
264849,Boa Vista,2021-03-31,68097.0,309,1032,21,159.0,5.285714285714286,1113.0,37.0
264850,Boa Vista,2021-04-01,68384.0,287,1037,5,166.0,6.0,1162.0,42.0
264851,Boa Vista,2021-04-02,68613.0,229,1040,3,169.28571428571428,4.428571428571429,1185.0,31.0
264852,Boa Vista,2021-04-03,68759.0,146,1040,0,162.42857142857142,4.142857142857143,1137.0,29.0
264853,Boa Vista,2021-04-04,68832.0,73,1040,0,155.71428571428572,4.142857142857143,1090.0,29.0
264854,Boa Vista,2021-04-05,68850.0,18,1040,0,152.57142857142858,4.142857142857143,1068.0,29.0
264855,Boa Vista,2021-04-06,69006.0,156,1050,10,174.0,5.571428571428571,1218.0,39.0
264856,Boa Vista,2021-04-07,69130.0,124,1052,2,147.57142857142858,2.857142857142857,1033.0,20.0
264857,Boa Vista,2021-04-08,69346.0,216,1068,16,137.42857142857142,4.428571428571429,962.0,31.0
264858,Boa Vista,2021-04-09,69571.0,225,1070,2,136.85714285714286,4.285714285714286,958.0,30.0
264859,Boa Vista,2021-04-10,69853.0,282,1075,5,156.28571428571428,5.0,1094.0,35.0
264860,Boa Vista,2021-04-11,69991.0,138,1075,0,165.57142857142858,5.0,1159.0,35.0
264861,Boa Vista,2021-04-12,70037.0,46,1075,0,169.57142857142858,5.0,1187.0,35.0
264862,Boa Vista,2021-04-13,70270.0,233,1084,9,180.57142857142858,4.857142857142857,1264.0,34.0
264863,Boa Vista,2021-04-14,70604.0,334,1092,8,210.57142857142858,5.714285714285714,1474.0,40.0
264864,Boa Vista,2021-04-15,70940.0,336,1096,4,227.71428571428572,4.0,1594.0,28.0
264865,Boa Vista,2021-04-16,71182.0,242,1109,13,230.14285714285714,5.571428571428571,1611.0,39.0
264866,Boa Vista,2021-04-17,71437.0,255,1119,10,226.28571428571428,6.285714285714286,1584.0,44.0
264867,Boa Vista,2021-04-18,71596.0,159,1119,0,229.28571428571428,6.285714285714286,1605.0,44.0
264868,Boa Vista,2021-04-19,71631.0,35,1119,0,227.71428571428572,6.285714285714286,1594.0,44.0
264869,Boa Vista,2021-04-20,71784.0,153,1125,6,216.28571428571428,5.857142857142857,1514.0,41.0
264870,Boa Vista,2021-04-21,72059.0,275,1136,11,207.85714285714286,6.285714285714286,1455.0,44.0
264871,Boa Vista,2021-04-22,72301.0,242,1136,0,194.42857142857142,5.714285714285714,1361.0,40.0
264872,Boa Vista,2021-04-23,72485.0,184,1141,5,186.14285714285714,4.571428571428571,1303.0,32.0
264873,Boa Vista,2021-04-24,72724.0,239,1141,0,183.85714285714286,3.142857142857143,1287.0,22.0
264874,Boa Vista,2021-04-25,72895.0,171,1141,0,185.57142857142858,3.142857142857143,1299.0,22.0
264875,Boa Vista,2021-04-26,72955.0,60,1141,0,189.14285714285714,3.142857142857143,1324.0,22.0
264876,Boa Vista,2021-04-27,73087.0,132,1160,19,186.14285714285714,5.0,1303.0,35.0
264877,Boa Vista,2021-04-28,73294.0,207,1160,0,176.42857142857142,3.4285714285714284,1235.0,24.0
264878,Boa Vista,2021-04-29,73511.0,217,1168,8,172.85714285714286,4.571428571428571,1210.0,32.0
264879,Boa Vista,2021-04-30,73753.0,242,1173,5,181.14285714285714,4.571428571428571,1268.0,32.0
264880,Boa Vista,2021-05-01,73973.0,220,1176,3,178.42857142857142,5.0,1249.0,35.0
264881,Boa Vista,2021-05-02,74107.0,134,1176,0,173.14285714285714,5.0,1212.0,35.0
264882,Boa Vista,2021-05-03,74132.0,25,1176,0,168.14285714285714,5.0,1177.0,35.0
264883,Boa Vista,2021-05-04,74284.0,152,1177,1,171.0,2.4285714285714284,1197.0,17.0
264884,Boa Vista,2021-05-05,74482.0,198,1189,12,169.71428571428572,4.142857142857143,1188.0,29.0
264885,Boa Vista,2021-05-06,74743.0,261,1193,4,176.0,3.5714285714285716,1232.0,25.0
264886,Boa Vista,2021-05-07,75042.0,299,1194,1,184.14285714285714,3.0,1289.0,21.0
264887,Boa Vista,2021-05-08,75228.0,186,1198,4,179.28571428571428,3.142857142857143,1255.0,22.0
264888,Boa Vista,2021-05-09,75403.0,175,1198,0,185.14285714285714,3.142857142857143,1296.0,22.0
264889,Boa Vista,2021-05-10,75431.0,28,1198,0,185.57142857142858,3.142857142857143,1299.0,22.0
264890,Boa Vista,2021-05-11,75584.0,153,1201,3,185.71428571428572,3.4285714285714284,1300.0,24.0
264891,Boa Vista,2021-05-12,75800.0,216,1209,8,188.28571428571428,2.857142857142857,1318.0,20.0
264892,Boa Vista,2021-05-13,76031.0,231,1212,3,184.0,2.7142857142857144,1288.0,19.0
264893,Boa Vista,2021-05-14,76274.0,243,1215,3,176.0,3.0,1232.0,21.0
264894,Boa Vista,2021-05-15,76514.0,240,1217,2,183.71428571428572,2.7142857142857144,1286.0,19.0
264895,Boa Vista,2021-05-16,76698.0,184,1217,0,185.0,2.7142857142857144,1295.0,19.0
264896,Boa Vista,2021-05-17,76761.0,63,1217,0,190.0,2.7142857142857144,1330.0,19.0
264897,Boa Vista,2021-05-18,76869.0,108,1225,8,183.57142857142858,3.4285714285714284,1285.0,24.0
264898,Boa Vista,2021-05-19,77225.0,356,1229,4,203.57142857142858,2.857142857142857,1425.0,20.0
264899,Boa Vista,2021-05-20,77486.0,261,1233,4,207.85714285714286,3.0,1455.0,21.0
264900,Boa Vista,2021-05-21,77833.0,347,1237,4,222.71428571428572,3.142857142857143,1559.0,22.0
264901,Boa Vista,2021-05-22,78148.0,315,1242,5,233.42857142857142,3.5714285714285716,1634.0,25.0
264902,Boa Vista,2021-05-23,78348.0,200,1242,0,235.71428571428572,3.5714285714285716,1650.0,25.0
264903,Boa Vista,2021-05-24,78417.0,69,1242,0,236.57142857142858,3.5714285714285716,1656.0,25.0
264904,Boa Vista,2021-05-25,78548.0,131,1247,5,239.85714285714286,3.142857142857143,1679.0,22.0
264905,Boa Vista,2021-05-26,78776.0,228,1248,1,221.57142857142858,2.7142857142857144,1551.0,19.0
264906,Boa Vista,2021-05-27,78951.0,175,1249,1,209.28571428571428,2.2857142857142856,1465.0,16.0
264907,Boa Vista,2021-05-28,79065.0,114,1249,0,176.0,1.7142857142857142,1232.0,12.0
264908,Boa Vista,2021-05-29,79282.0,217,1267,18,162.0,3.5714285714285716,1134.0,25.0
264909,Boa Vista,2021-05-30,79465.0,183,1267,0,159.57142857142858,3.5714285714285716,1117.0,25.0
264910,Boa Vista,2021-05-31,79515.0,50,1267,0,156.85714285714286,3.5714285714285716,1098.0,25.0
264911,Boa Vista,2021-06-01,79667.0,152,1269,2,159.85714285714286,3.142857142857143,1119.0,22.0
264912,Boa Vista,2021-06-02,79970.0,303,1273,4,170.57142857142858,3.5714285714285716,1194.0,25.0
264913,Boa Vista,2021-06-03,80236.0,266,1276,3,183.57142857142858,3.857142857142857,1285.0,27.0
264914,Boa Vista,2021-06-04,80322.0,86,1276,0,179.57142857142858,3.857142857142857,1257.0,27.0
264915,Boa Vista,2021-06-05,80741.0,419,1278,2,208.42857142857142,1.5714285714285714,1459.0,11.0
264916,Boa Vista,2021-06-06,80903.0,162,1278,0,205.42857142857142,1.5714285714285714,1438.0,11.0
264917,Boa Vista,2021-06-07,81010.0,107,1278,0,213.57142857142858,1.5714285714285714,1495.0,11.0
264918,Boa Vista,2021-06-08,81066.0,56,1287,9,199.85714285714286,2.5714285714285716,1399.0,18.0
264919,Boa Vista,2021-06-09,81076.0,10,1289,2,158.0,2.2857142857142856,1106.0,16.0
264920,Boa Vista,2021-06-10,81136.0,60,1297,8,128.57142857142858,3.0,900.0,21.0
264921,Boa Vista,2021-06-11,82438.0,1302,1301,4,302.2857142857143,3.5714285714285716,2116.0,25.0
264922,Boa Vista,2021-06-12,82827.0,389,1303,2,298.0,3.5714285714285716,2086.0,25.0
264923,Boa Vista,2021-06-13,83056.0,229,1303,0,307.57142857142856,3.5714285714285716,2153.0,25.0
264924,Boa Vista,2021-06-14,83125.0,69,1303,0,302.14285714285717,3.5714285714285716,2115.0,25.0
264925,Boa Vista,2021-06-15,83335.0,210,1304,1,324.14285714285717,2.4285714285714284,2269.0,17.0
264926,Boa Vista,2021-06-16,83745.0,410,1312,8,381.2857142857143,3.2857142857142856,2669.0,23.0
264927,Boa Vista,2021-06-17,84081.0,336,1317,5,420.7142857142857,2.857142857142857,2945.0,20.0
264928,Boa Vista,2021-06-18,84421.0,340,1321,4,283.2857142857143,2.857142857142857,1983.0,20.0
264929,Boa Vista,2021-06-19,84749.0,328,1324,3,274.57142857142856,3.0,1922.0,21.0
264930,Boa Vista,2021-06-20,84952.0,203,1324,0,270.85714285714283,3.0,1896.0,21.0
264931,Boa Vista,2021-06-21,85003.0,51,1324,0,268.2857142857143,3.0,1878.0,21.0
264932,Boa Vista,2021-06-22,85006.0,3,1334,10,238.71428571428572,4.285714285714286,1671.0,30.0
264933,Boa Vista,2021-06-23,85030.0,24,1337,3,183.57142857142858,3.5714285714285716,1285.0,25.0
264934,Boa Vista,2021-06-24,85936.0,906,1343,6,265.0,3.7142857142857144,1855.0,26.0
264935,Boa Vista,2021-06-25,86183.0,247,1347,4,251.71428571428572,3.7142857142857144,1762.0,26.0
