city,city,date,cases,daily cases,deaths,daily deaths
Bom Jesus,Bom Jesus,2020-03-27,0,0,0,0
Bom Jesus,Bom Jesus,2020-03-28,0,0,0,0
Bom Jesus,Bom Jesus,2020-03-29,0,0,0,0
Bom Jesus,Bom Jesus,2020-03-30,0,0,0,0
Bom Jesus,Bom Jesus,2020-03-31,0,0,0,0
Bom Jesus,Bom Jesus,2020-04-01,0,0,0,0
Bom Jesus,Bom Jesus,2020-04-02,0,0,0,0
Bom Jesus,Bom Jesus,2020-04-03,0,0,0,0
Bom Jesus,Bom Jesus,2020-04-04,0,0,0,0
Bom Jesus,Bom Jesus,2020-04-05,0,0,0,0
Bom Jesus,Bom Jesus,2020-04-06,0,0,0,0
Bom Jesus,Bom Jesus,2020-04-07,0,0,0,0
Bom Jesus,Bom Jesus,2020-04-08,0,0,0,0
Bom Jesus,Bom Jesus,2020-04-09,0,0,0,0
Bom Jesus,Bom Jesus,2020-04-10,0,0,0,0
Bom Jesus,Bom Jesus,2020-04-11,0,0,0,0
Bom Jesus,Bom Jesus,2020-04-12,0,0,0,0
Bom Jesus,Bom Jesus,2020-04-13,0,0,0,0
Bom Jesus,Bom Jesus,2020-04-14,0,0,0,0
Bom Jesus,Bom Jesus,2020-04-15,0,0,0,0
Bom Jesus,Bom Jesus,2020-04-16,0,0,0,0
Bom Jesus,Bom Jesus,2020-04-17,0,0,0,0
Bom Jesus,Bom Jesus,2020-04-18,0,0,0,0
Bom Jesus,Bom Jesus,2020-04-19,0,0,0,0
Bom Jesus,Bom Jesus,2020-04-20,0,0,0,0
Bom Jesus,Bom Jesus,2020-04-21,1,1,0,0
Bom Jesus,Bom Jesus,2020-04-22,1,0,0,0
Bom Jesus,Bom Jesus,2020-04-23,1,0,0,0
Bom Jesus,Bom Jesus,2020-04-24,1,0,0,0
Bom Jesus,Bom Jesus,2020-04-25,3,2,0,0
Bom Jesus,Bom Jesus,2020-04-26,3,0,0,0
Bom Jesus,Bom Jesus,2020-04-27,3,0,0,0
Bom Jesus,Bom Jesus,2020-04-28,3,0,0,0
Bom Jesus,Bom Jesus,2020-04-29,3,0,0,0
Bom Jesus,Bom Jesus,2020-04-30,3,0,0,0
Bom Jesus,Bom Jesus,2020-05-01,4,1,0,0
Bom Jesus,Bom Jesus,2020-05-02,4,0,0,0
Bom Jesus,Bom Jesus,2020-05-03,5,1,0,0
Bom Jesus,Bom Jesus,2020-05-04,5,0,0,0
Bom Jesus,Bom Jesus,2020-05-05,6,1,0,0
Bom Jesus,Bom Jesus,2020-05-06,9,3,0,0
Bom Jesus,Bom Jesus,2020-05-07,9,0,0,0
Bom Jesus,Bom Jesus,2020-05-08,9,0,0,0
Bom Jesus,Bom Jesus,2020-05-09,11,2,0,0
Bom Jesus,Bom Jesus,2020-05-10,12,1,0,0
Bom Jesus,Bom Jesus,2020-05-11,11,-1,0,0
Bom Jesus,Bom Jesus,2020-05-12,12,1,0,0
Bom Jesus,Bom Jesus,2020-05-13,15,3,0,0
Bom Jesus,Bom Jesus,2020-05-14,19,4,0,0
Bom Jesus,Bom Jesus,2020-05-15,25,6,0,0
Bom Jesus,Bom Jesus,2020-05-16,27,2,1,1
Bom Jesus,Bom Jesus,2020-05-17,27,0,1,0
Bom Jesus,Bom Jesus,2020-05-18,27,0,1,0
Bom Jesus,Bom Jesus,2020-05-19,27,0,1,0
Bom Jesus,Bom Jesus,2020-05-20,38,11,1,0
Bom Jesus,Bom Jesus,2020-05-21,52,14,1,0
Bom Jesus,Bom Jesus,2020-05-22,60,8,1,0
Bom Jesus,Bom Jesus,2020-05-23,65,5,1,0
Bom Jesus,Bom Jesus,2020-05-24,67,2,1,0
Bom Jesus,Bom Jesus,2020-05-25,67,0,1,0
Bom Jesus,Bom Jesus,2020-05-26,72,5,1,0
Bom Jesus,Bom Jesus,2020-05-27,73,1,1,0
Bom Jesus,Bom Jesus,2020-05-28,78,5,1,0
Bom Jesus,Bom Jesus,2020-05-29,86,8,1,0
Bom Jesus,Bom Jesus,2020-05-30,93,7,1,0
Bom Jesus,Bom Jesus,2020-05-31,96,3,1,0
Bom Jesus,Bom Jesus,2020-06-01,97,1,1,0
Bom Jesus,Bom Jesus,2020-06-02,106,9,1,0
Bom Jesus,Bom Jesus,2020-06-03,114,8,1,0
Bom Jesus,Bom Jesus,2020-06-04,119,5,1,0
Bom Jesus,Bom Jesus,2020-06-05,122,3,1,0
Bom Jesus,Bom Jesus,2020-06-06,123,1,1,0
Bom Jesus,Bom Jesus,2020-06-07,125,2,1,0
Bom Jesus,Bom Jesus,2020-06-08,127,2,1,0
Bom Jesus,Bom Jesus,2020-06-09,141,14,1,0
Bom Jesus,Bom Jesus,2020-06-10,155,14,1,0
Bom Jesus,Bom Jesus,2020-06-11,159,4,1,0
Bom Jesus,Bom Jesus,2020-06-12,164,5,1,0
Bom Jesus,Bom Jesus,2020-06-13,175,11,1,0
Bom Jesus,Bom Jesus,2020-06-14,180,5,1,0
Bom Jesus,Bom Jesus,2020-06-15,187,7,1,0
Bom Jesus,Bom Jesus,2020-06-16,196,9,1,0
Bom Jesus,Bom Jesus,2020-06-17,206,10,1,0
Bom Jesus,Bom Jesus,2020-06-18,212,6,1,0
Bom Jesus,Bom Jesus,2020-06-19,222,10,1,0
Bom Jesus,Bom Jesus,2020-06-20,254,32,1,0
Bom Jesus,Bom Jesus,2020-06-21,264,10,1,0
Bom Jesus,Bom Jesus,2020-06-22,276,12,1,0
Bom Jesus,Bom Jesus,2020-06-23,299,23,1,0
Bom Jesus,Bom Jesus,2020-06-24,321,22,2,1
Bom Jesus,Bom Jesus,2020-06-25,330,9,2,0
Bom Jesus,Bom Jesus,2020-06-26,349,19,2,0
Bom Jesus,Bom Jesus,2020-06-27,366,17,2,0
Bom Jesus,Bom Jesus,2020-06-28,379,13,2,0
Bom Jesus,Bom Jesus,2020-06-29,389,10,3,1
Bom Jesus,Bom Jesus,2020-06-30,409,20,4,1
Bom Jesus,Bom Jesus,2020-07-01,431,22,4,0
Bom Jesus,Bom Jesus,2020-07-02,447,16,4,0
Bom Jesus,Bom Jesus,2020-07-03,465,18,4,0
Bom Jesus,Bom Jesus,2020-07-04,475,10,4,0
Bom Jesus,Bom Jesus,2020-07-05,487,12,4,0
Bom Jesus,Bom Jesus,2020-07-06,492,5,5,1
Bom Jesus,Bom Jesus,2020-07-07,514,22,6,1
Bom Jesus,Bom Jesus,2020-07-08,525,11,6,0
Bom Jesus,Bom Jesus,2020-07-09,553,28,5,-1
Bom Jesus,Bom Jesus,2020-07-10,570,17,5,0
Bom Jesus,Bom Jesus,2020-07-11,578,8,5,0
Bom Jesus,Bom Jesus,2020-07-12,580,2,6,1
Bom Jesus,Bom Jesus,2020-07-13,580,0,6,0
Bom Jesus,Bom Jesus,2020-07-14,589,9,6,0
Bom Jesus,Bom Jesus,2020-07-15,616,27,6,0
Bom Jesus,Bom Jesus,2020-07-16,631,15,6,0
Bom Jesus,Bom Jesus,2020-07-17,640,9,6,0
Bom Jesus,Bom Jesus,2020-07-18,670,30,6,0
Bom Jesus,Bom Jesus,2020-07-19,672,2,6,0
Bom Jesus,Bom Jesus,2020-07-20,673,1,6,0
Bom Jesus,Bom Jesus,2020-07-21,689,16,7,1
Bom Jesus,Bom Jesus,2020-07-22,703,14,7,0
Bom Jesus,Bom Jesus,2020-07-23,732,29,8,1
Bom Jesus,Bom Jesus,2020-07-24,751,19,8,0
Bom Jesus,Bom Jesus,2020-07-25,766,15,8,0
Bom Jesus,Bom Jesus,2020-07-26,773,7,8,0
Bom Jesus,Bom Jesus,2020-07-27,778,5,8,0
Bom Jesus,Bom Jesus,2020-07-28,789,11,8,0
Bom Jesus,Bom Jesus,2020-07-29,822,33,8,0
Bom Jesus,Bom Jesus,2020-07-30,847,25,8,0
Bom Jesus,Bom Jesus,2020-07-31,850,3,8,0
Bom Jesus,Bom Jesus,2020-08-01,858,8,10,2
Bom Jesus,Bom Jesus,2020-08-02,875,17,10,0
Bom Jesus,Bom Jesus,2020-08-03,877,2,10,0
Bom Jesus,Bom Jesus,2020-08-04,920,43,10,0
Bom Jesus,Bom Jesus,2020-08-05,935,15,10,0
Bom Jesus,Bom Jesus,2020-08-06,954,19,10,0
Bom Jesus,Bom Jesus,2020-08-07,967,13,10,0
Bom Jesus,Bom Jesus,2020-08-08,995,28,10,0
Bom Jesus,Bom Jesus,2020-08-09,1011,16,10,0
Bom Jesus,Bom Jesus,2020-08-10,1013,2,10,0
Bom Jesus,Bom Jesus,2020-08-11,1049,36,11,1
Bom Jesus,Bom Jesus,2020-08-12,1063,14,11,0
Bom Jesus,Bom Jesus,2020-08-13,1088,25,12,1
Bom Jesus,Bom Jesus,2020-08-14,1101,13,12,0
Bom Jesus,Bom Jesus,2020-08-15,1110,9,12,0
Bom Jesus,Bom Jesus,2020-08-16,1119,9,12,0
Bom Jesus,Bom Jesus,2020-08-17,1119,0,12,0
Bom Jesus,Bom Jesus,2020-08-18,1137,18,12,0
Bom Jesus,Bom Jesus,2020-08-19,1159,22,12,0
Bom Jesus,Bom Jesus,2020-08-20,1167,8,12,0
Bom Jesus,Bom Jesus,2020-08-21,1182,15,12,0
Bom Jesus,Bom Jesus,2020-08-22,1200,18,13,1
Bom Jesus,Bom Jesus,2020-08-23,1203,3,13,0
Bom Jesus,Bom Jesus,2020-08-24,1203,0,13,0
Bom Jesus,Bom Jesus,2020-08-25,1208,5,15,2
Bom Jesus,Bom Jesus,2020-08-26,1224,16,15,0
Bom Jesus,Bom Jesus,2020-08-27,1236,12,15,0
Bom Jesus,Bom Jesus,2020-08-28,1248,12,15,0
Bom Jesus,Bom Jesus,2020-08-29,1280,32,16,1
Bom Jesus,Bom Jesus,2020-08-30,1281,1,16,0
Bom Jesus,Bom Jesus,2020-08-31,1291,10,16,0
Bom Jesus,Bom Jesus,2020-09-01,1304,13,16,0
Bom Jesus,Bom Jesus,2020-09-02,1329,25,16,0
Bom Jesus,Bom Jesus,2020-09-03,1352,23,16,0
Bom Jesus,Bom Jesus,2020-09-04,1368,16,16,0
Bom Jesus,Bom Jesus,2020-09-05,1381,13,16,0
Bom Jesus,Bom Jesus,2020-09-06,1382,1,16,0
Bom Jesus,Bom Jesus,2020-09-07,1382,0,16,0
Bom Jesus,Bom Jesus,2020-09-08,1387,5,16,0
Bom Jesus,Bom Jesus,2020-09-09,1412,25,16,0
Bom Jesus,Bom Jesus,2020-09-10,1454,42,16,0
Bom Jesus,Bom Jesus,2020-09-11,1463,9,17,1
Bom Jesus,Bom Jesus,2020-09-12,1488,25,17,0
Bom Jesus,Bom Jesus,2020-09-13,1493,5,17,0
Bom Jesus,Bom Jesus,2020-09-14,1493,0,17,0
Bom Jesus,Bom Jesus,2020-09-15,1512,19,17,0
Bom Jesus,Bom Jesus,2020-09-16,1531,19,17,0
Bom Jesus,Bom Jesus,2020-09-17,1558,27,17,0
Bom Jesus,Bom Jesus,2020-09-18,1579,21,17,0
Bom Jesus,Bom Jesus,2020-09-19,1593,14,17,0
Bom Jesus,Bom Jesus,2020-09-20,1599,6,17,0
Bom Jesus,Bom Jesus,2020-09-21,1603,4,17,0
Bom Jesus,Bom Jesus,2020-09-22,1617,14,17,0
Bom Jesus,Bom Jesus,2020-09-23,1637,20,17,0
Bom Jesus,Bom Jesus,2020-09-24,1664,27,17,0
Bom Jesus,Bom Jesus,2020-09-25,1670,6,17,0
Bom Jesus,Bom Jesus,2020-09-26,1685,15,18,1
Bom Jesus,Bom Jesus,2020-09-27,1693,8,18,0
Bom Jesus,Bom Jesus,2020-09-28,1694,1,21,3
Bom Jesus,Bom Jesus,2020-09-29,1695,1,21,0
Bom Jesus,Bom Jesus,2020-09-30,1713,18,22,1
Bom Jesus,Bom Jesus,2020-10-01,1727,14,22,0
Bom Jesus,Bom Jesus,2020-10-02,1749,22,22,0
Bom Jesus,Bom Jesus,2020-10-03,1770,21,22,0
Bom Jesus,Bom Jesus,2020-10-04,1777,7,22,0
Bom Jesus,Bom Jesus,2020-10-05,1778,1,22,0
Bom Jesus,Bom Jesus,2020-10-06,1790,12,24,2
Bom Jesus,Bom Jesus,2020-10-07,1825,35,25,1
Bom Jesus,Bom Jesus,2020-10-08,1837,12,25,0
Bom Jesus,Bom Jesus,2020-10-09,1852,15,25,0
Bom Jesus,Bom Jesus,2020-10-10,1865,13,27,2
Bom Jesus,Bom Jesus,2020-10-11,1867,2,27,0
Bom Jesus,Bom Jesus,2020-10-12,1867,0,29,2
Bom Jesus,Bom Jesus,2020-10-13,1867,0,29,0
Bom Jesus,Bom Jesus,2020-10-14,1887,20,29,0
Bom Jesus,Bom Jesus,2020-10-15,1909,22,29,0
Bom Jesus,Bom Jesus,2020-10-16,1937,28,29,0
Bom Jesus,Bom Jesus,2020-10-17,1962,25,29,0
Bom Jesus,Bom Jesus,2020-10-18,1982,20,30,1
Bom Jesus,Bom Jesus,2020-10-19,1984,2,30,0
Bom Jesus,Bom Jesus,2020-10-20,2001,17,30,0
Bom Jesus,Bom Jesus,2020-10-21,2022,21,30,0
Bom Jesus,Bom Jesus,2020-10-22,2028,6,30,0
Bom Jesus,Bom Jesus,2020-10-23,2048,20,30,0
Bom Jesus,Bom Jesus,2020-10-24,2078,30,30,0
Bom Jesus,Bom Jesus,2020-10-25,2082,4,30,0
Bom Jesus,Bom Jesus,2020-10-26,2082,0,30,0
Bom Jesus,Bom Jesus,2020-10-27,2103,21,30,0
Bom Jesus,Bom Jesus,2020-10-28,2127,24,30,0
Bom Jesus,Bom Jesus,2020-10-29,2136,9,31,1
Bom Jesus,Bom Jesus,2020-10-30,2148,12,31,0
Bom Jesus,Bom Jesus,2020-10-31,2156,8,31,0
Bom Jesus,Bom Jesus,2020-11-01,2157,1,31,0
Bom Jesus,Bom Jesus,2020-11-02,2157,0,31,0
Bom Jesus,Bom Jesus,2020-11-03,2164,7,32,1
Bom Jesus,Bom Jesus,2020-11-04,2182,18,32,0
Bom Jesus,Bom Jesus,2020-11-05,2200,18,32,0
Bom Jesus,Bom Jesus,2020-11-06,2213,13,32,0
Bom Jesus,Bom Jesus,2020-11-07,2219,6,32,0
Bom Jesus,Bom Jesus,2020-11-08,2219,0,32,0
Bom Jesus,Bom Jesus,2020-11-09,2220,1,32,0
Bom Jesus,Bom Jesus,2020-11-10,2231,11,32,0
Bom Jesus,Bom Jesus,2020-11-11,2243,12,32,0
Bom Jesus,Bom Jesus,2020-11-12,2246,3,32,0
Bom Jesus,Bom Jesus,2020-11-13,2253,7,32,0
Bom Jesus,Bom Jesus,2020-11-14,2266,13,32,0
Bom Jesus,Bom Jesus,2020-11-15,2266,0,32,0
Bom Jesus,Bom Jesus,2020-11-16,2266,0,32,0
Bom Jesus,Bom Jesus,2020-11-17,2274,8,33,1
Bom Jesus,Bom Jesus,2020-11-18,2282,8,33,0
Bom Jesus,Bom Jesus,2020-11-19,2296,14,33,0
Bom Jesus,Bom Jesus,2020-11-20,2309,13,34,1
Bom Jesus,Bom Jesus,2020-11-21,2321,12,34,0
Bom Jesus,Bom Jesus,2020-11-22,2325,4,34,0
Bom Jesus,Bom Jesus,2020-11-23,2327,2,34,0
Bom Jesus,Bom Jesus,2020-11-24,2338,11,34,0
Bom Jesus,Bom Jesus,2020-11-25,2356,18,34,0
Bom Jesus,Bom Jesus,2020-11-26,2374,18,34,0
Bom Jesus,Bom Jesus,2020-11-27,2381,7,35,1
Bom Jesus,Bom Jesus,2020-11-28,2401,20,36,1
Bom Jesus,Bom Jesus,2020-11-29,2409,8,36,0
Bom Jesus,Bom Jesus,2020-11-30,2418,9,36,0
Bom Jesus,Bom Jesus,2020-12-01,2444,26,36,0
Bom Jesus,Bom Jesus,2020-12-02,2462,18,36,0
Bom Jesus,Bom Jesus,2020-12-03,2483,21,37,1
Bom Jesus,Bom Jesus,2020-12-04,2497,14,37,0
Bom Jesus,Bom Jesus,2020-12-05,2511,14,39,2
Bom Jesus,Bom Jesus,2020-12-06,2519,8,39,0
Bom Jesus,Bom Jesus,2020-12-07,2528,9,39,0
Bom Jesus,Bom Jesus,2020-12-08,2552,24,40,1
Bom Jesus,Bom Jesus,2020-12-09,2581,29,40,0
Bom Jesus,Bom Jesus,2020-12-10,2605,24,40,0
Bom Jesus,Bom Jesus,2020-12-11,2613,8,40,0
Bom Jesus,Bom Jesus,2020-12-12,2624,11,40,0
Bom Jesus,Bom Jesus,2020-12-13,2628,4,40,0
Bom Jesus,Bom Jesus,2020-12-14,2629,1,40,0
Bom Jesus,Bom Jesus,2020-12-15,2637,8,40,0
Bom Jesus,Bom Jesus,2020-12-16,2657,20,40,0
Bom Jesus,Bom Jesus,2020-12-17,2665,8,40,0
Bom Jesus,Bom Jesus,2020-12-18,2675,10,41,1
Bom Jesus,Bom Jesus,2020-12-19,2685,10,41,0
Bom Jesus,Bom Jesus,2020-12-20,2690,5,42,1
Bom Jesus,Bom Jesus,2020-12-21,2694,4,42,0
Bom Jesus,Bom Jesus,2020-12-22,2708,14,42,0
Bom Jesus,Bom Jesus,2020-12-23,2714,6,42,0
Bom Jesus,Bom Jesus,2020-12-24,2727,13,42,0
Bom Jesus,Bom Jesus,2020-12-25,2729,2,42,0
Bom Jesus,Bom Jesus,2020-12-26,2729,0,42,0
Bom Jesus,Bom Jesus,2020-12-27,2730,1,42,0
Bom Jesus,Bom Jesus,2020-12-28,2730,0,43,1
Bom Jesus,Bom Jesus,2020-12-29,2759,29,43,0
Bom Jesus,Bom Jesus,2020-12-30,2771,12,43,0
Bom Jesus,Bom Jesus,2020-12-31,2781,10,43,0
Bom Jesus,Bom Jesus,2021-01-01,2799,18,43,0
Bom Jesus,Bom Jesus,2021-01-02,2799,0,43,0
Bom Jesus,Bom Jesus,2021-01-03,2801,2,43,0
Bom Jesus,Bom Jesus,2021-01-04,2803,2,43,0
Bom Jesus,Bom Jesus,2021-01-05,2817,14,44,1
Bom Jesus,Bom Jesus,2021-01-06,2829,12,44,0
Bom Jesus,Bom Jesus,2021-01-07,2845,16,44,0
Bom Jesus,Bom Jesus,2021-01-08,2856,11,44,0
Bom Jesus,Bom Jesus,2021-01-09,2866,10,44,0
Bom Jesus,Bom Jesus,2021-01-10,2865,-1,44,0
Bom Jesus,Bom Jesus,2021-01-11,2869,4,44,0
Bom Jesus,Bom Jesus,2021-01-12,2881,12,44,0
Bom Jesus,Bom Jesus,2021-01-13,2896,15,44,0
Bom Jesus,Bom Jesus,2021-01-14,2903,7,45,1
Bom Jesus,Bom Jesus,2021-01-15,2931,28,45,0
Bom Jesus,Bom Jesus,2021-01-16,2935,4,45,0
Bom Jesus,Bom Jesus,2021-01-17,2941,6,45,0
Bom Jesus,Bom Jesus,2021-01-18,2941,0,45,0
Bom Jesus,Bom Jesus,2021-01-19,2960,19,45,0
Bom Jesus,Bom Jesus,2021-01-20,2989,29,45,0
Bom Jesus,Bom Jesus,2021-01-21,3023,34,45,0
Bom Jesus,Bom Jesus,2021-01-22,3045,22,45,0
Bom Jesus,Bom Jesus,2021-01-23,3061,16,45,0
Bom Jesus,Bom Jesus,2021-01-24,3068,7,45,0
Bom Jesus,Bom Jesus,2021-01-25,3069,1,45,0
Bom Jesus,Bom Jesus,2021-01-26,3095,26,46,1
Bom Jesus,Bom Jesus,2021-01-27,3121,26,46,0
Bom Jesus,Bom Jesus,2021-01-28,3134,13,46,0
Bom Jesus,Bom Jesus,2021-01-29,3142,8,46,0
Bom Jesus,Bom Jesus,2021-01-30,3170,28,47,1
Bom Jesus,Bom Jesus,2021-01-31,3178,8,47,0
Bom Jesus,Bom Jesus,2021-02-01,3198,20,47,0
Bom Jesus,Bom Jesus,2021-02-02,3215,17,47,0
Bom Jesus,Bom Jesus,2021-02-03,3228,13,47,0
Bom Jesus,Bom Jesus,2021-02-04,3233,5,47,0
Bom Jesus,Bom Jesus,2021-02-05,3239,6,48,1
Bom Jesus,Bom Jesus,2021-02-06,3255,16,49,1
Bom Jesus,Bom Jesus,2021-02-07,3257,2,49,0
Bom Jesus,Bom Jesus,2021-02-08,3256,-1,49,0
