city,city,date,cases,daily cases,deaths,daily deaths
Boquim,Boquim,2020-03-27,0,0,0,0
Boquim,Boquim,2020-03-28,0,0,0,0
Boquim,Boquim,2020-03-29,0,0,0,0
Boquim,Boquim,2020-03-30,0,0,0,0
Boquim,Boquim,2020-03-31,0,0,0,0
Boquim,Boquim,2020-04-01,0,0,0,0
Boquim,Boquim,2020-04-02,0,0,0,0
Boquim,Boquim,2020-04-03,0,0,0,0
Boquim,Boquim,2020-04-04,0,0,0,0
Boquim,Boquim,2020-04-05,0,0,0,0
Boquim,Boquim,2020-04-06,0,0,0,0
Boquim,Boquim,2020-04-07,0,0,0,0
Boquim,Boquim,2020-04-08,0,0,0,0
Boquim,Boquim,2020-04-09,0,0,0,0
Boquim,Boquim,2020-04-10,0,0,0,0
Boquim,Boquim,2020-04-11,0,0,0,0
Boquim,Boquim,2020-04-12,0,0,0,0
Boquim,Boquim,2020-04-13,0,0,0,0
Boquim,Boquim,2020-04-14,0,0,0,0
Boquim,Boquim,2020-04-15,0,0,0,0
Boquim,Boquim,2020-04-16,0,0,0,0
Boquim,Boquim,2020-04-17,0,0,0,0
Boquim,Boquim,2020-04-18,0,0,0,0
Boquim,Boquim,2020-04-19,0,0,0,0
Boquim,Boquim,2020-04-20,0,0,0,0
Boquim,Boquim,2020-04-21,0,0,0,0
Boquim,Boquim,2020-04-22,0,0,0,0
Boquim,Boquim,2020-04-23,0,0,0,0
Boquim,Boquim,2020-04-24,0,0,0,0
Boquim,Boquim,2020-04-25,0,0,0,0
Boquim,Boquim,2020-04-26,0,0,0,0
Boquim,Boquim,2020-04-27,0,0,0,0
Boquim,Boquim,2020-04-28,0,0,0,0
Boquim,Boquim,2020-04-29,0,0,0,0
Boquim,Boquim,2020-04-30,0,0,0,0
Boquim,Boquim,2020-05-01,1,1,0,0
Boquim,Boquim,2020-05-02,1,0,0,0
Boquim,Boquim,2020-05-03,3,2,0,0
Boquim,Boquim,2020-05-04,3,0,0,0
Boquim,Boquim,2020-05-05,3,0,0,0
Boquim,Boquim,2020-05-06,3,0,0,0
Boquim,Boquim,2020-05-07,3,0,0,0
Boquim,Boquim,2020-05-08,4,1,0,0
Boquim,Boquim,2020-05-09,4,0,0,0
Boquim,Boquim,2020-05-10,4,0,0,0
Boquim,Boquim,2020-05-11,4,0,0,0
Boquim,Boquim,2020-05-12,4,0,0,0
Boquim,Boquim,2020-05-13,5,1,0,0
Boquim,Boquim,2020-05-14,5,0,0,0
Boquim,Boquim,2020-05-15,9,4,0,0
Boquim,Boquim,2020-05-16,9,0,0,0
Boquim,Boquim,2020-05-17,9,0,0,0
Boquim,Boquim,2020-05-18,10,1,0,0
Boquim,Boquim,2020-05-19,12,2,0,0
Boquim,Boquim,2020-05-20,13,1,0,0
Boquim,Boquim,2020-05-21,14,1,0,0
Boquim,Boquim,2020-05-22,14,0,0,0
Boquim,Boquim,2020-05-23,14,0,0,0
Boquim,Boquim,2020-05-24,15,1,0,0
Boquim,Boquim,2020-05-25,15,0,0,0
Boquim,Boquim,2020-05-26,17,2,0,0
Boquim,Boquim,2020-05-27,16,-1,0,0
Boquim,Boquim,2020-05-28,17,1,0,0
Boquim,Boquim,2020-05-29,19,2,0,0
Boquim,Boquim,2020-05-30,21,2,0,0
Boquim,Boquim,2020-05-31,20,-1,0,0
Boquim,Boquim,2020-06-01,20,0,1,1
Boquim,Boquim,2020-06-02,21,1,1,0
Boquim,Boquim,2020-06-03,22,1,1,0
Boquim,Boquim,2020-06-04,24,2,1,0
Boquim,Boquim,2020-06-05,25,1,1,0
Boquim,Boquim,2020-06-06,25,0,1,0
Boquim,Boquim,2020-06-07,25,0,2,1
Boquim,Boquim,2020-06-08,25,0,2,0
Boquim,Boquim,2020-06-09,29,4,2,0
Boquim,Boquim,2020-06-10,31,2,2,0
Boquim,Boquim,2020-06-11,32,1,2,0
Boquim,Boquim,2020-06-12,32,0,2,0
Boquim,Boquim,2020-06-13,33,1,2,0
Boquim,Boquim,2020-06-14,36,3,2,0
Boquim,Boquim,2020-06-15,40,4,2,0
Boquim,Boquim,2020-06-16,40,0,3,1
Boquim,Boquim,2020-06-17,42,2,3,0
Boquim,Boquim,2020-06-18,45,3,4,1
Boquim,Boquim,2020-06-19,45,0,4,0
Boquim,Boquim,2020-06-20,52,7,5,1
Boquim,Boquim,2020-06-21,59,7,5,0
Boquim,Boquim,2020-06-22,60,1,5,0
Boquim,Boquim,2020-06-23,61,1,5,0
Boquim,Boquim,2020-06-24,62,1,6,1
Boquim,Boquim,2020-06-25,63,1,6,0
Boquim,Boquim,2020-06-26,65,2,6,0
Boquim,Boquim,2020-06-27,81,16,6,0
Boquim,Boquim,2020-06-28,80,-1,7,1
Boquim,Boquim,2020-06-29,81,1,7,0
Boquim,Boquim,2020-06-30,91,10,7,0
Boquim,Boquim,2020-07-01,91,0,7,0
Boquim,Boquim,2020-07-02,92,1,7,0
Boquim,Boquim,2020-07-03,101,9,7,0
Boquim,Boquim,2020-07-04,108,7,7,0
Boquim,Boquim,2020-07-05,110,2,7,0
Boquim,Boquim,2020-07-06,112,2,7,0
Boquim,Boquim,2020-07-07,124,12,7,0
Boquim,Boquim,2020-07-08,133,9,8,1
Boquim,Boquim,2020-07-09,137,4,8,0
Boquim,Boquim,2020-07-10,142,5,8,0
Boquim,Boquim,2020-07-11,146,4,8,0
Boquim,Boquim,2020-07-12,150,4,8,0
Boquim,Boquim,2020-07-13,150,0,8,0
Boquim,Boquim,2020-07-14,168,18,8,0
Boquim,Boquim,2020-07-15,172,4,8,0
Boquim,Boquim,2020-07-16,173,1,8,0
Boquim,Boquim,2020-07-17,183,10,8,0
Boquim,Boquim,2020-07-18,186,3,8,0
Boquim,Boquim,2020-07-19,197,11,8,0
Boquim,Boquim,2020-07-20,196,-1,8,0
Boquim,Boquim,2020-07-21,218,22,8,0
Boquim,Boquim,2020-07-22,232,14,8,0
Boquim,Boquim,2020-07-23,247,15,8,0
Boquim,Boquim,2020-07-24,256,9,8,0
Boquim,Boquim,2020-07-25,259,3,9,1
Boquim,Boquim,2020-07-26,261,2,9,0
Boquim,Boquim,2020-07-27,262,1,9,0
Boquim,Boquim,2020-07-28,271,9,9,0
Boquim,Boquim,2020-07-29,278,7,9,0
Boquim,Boquim,2020-07-30,287,9,9,0
Boquim,Boquim,2020-07-31,296,9,10,1
Boquim,Boquim,2020-08-01,302,6,11,1
Boquim,Boquim,2020-08-02,301,-1,11,0
Boquim,Boquim,2020-08-03,305,4,11,0
Boquim,Boquim,2020-08-04,318,13,11,0
Boquim,Boquim,2020-08-05,330,12,11,0
Boquim,Boquim,2020-08-06,341,11,11,0
Boquim,Boquim,2020-08-07,348,7,11,0
Boquim,Boquim,2020-08-08,349,1,11,0
Boquim,Boquim,2020-08-09,355,6,11,0
Boquim,Boquim,2020-08-10,354,-1,11,0
Boquim,Boquim,2020-08-11,368,14,12,1
Boquim,Boquim,2020-08-12,378,10,12,0
Boquim,Boquim,2020-08-13,385,7,12,0
Boquim,Boquim,2020-08-14,396,11,12,0
Boquim,Boquim,2020-08-15,400,4,13,1
Boquim,Boquim,2020-08-16,409,9,13,0
Boquim,Boquim,2020-08-17,409,0,13,0
Boquim,Boquim,2020-08-18,416,7,13,0
Boquim,Boquim,2020-08-19,424,8,13,0
Boquim,Boquim,2020-08-20,427,3,13,0
Boquim,Boquim,2020-08-21,428,1,13,0
Boquim,Boquim,2020-08-22,442,14,14,1
Boquim,Boquim,2020-08-23,447,5,14,0
Boquim,Boquim,2020-08-24,448,1,14,0
Boquim,Boquim,2020-08-25,460,12,14,0
Boquim,Boquim,2020-08-26,468,8,14,0
Boquim,Boquim,2020-08-27,471,3,14,0
Boquim,Boquim,2020-08-28,485,14,14,0
Boquim,Boquim,2020-08-29,503,18,14,0
Boquim,Boquim,2020-08-30,505,2,14,0
Boquim,Boquim,2020-08-31,505,0,14,0
Boquim,Boquim,2020-09-01,510,5,14,0
Boquim,Boquim,2020-09-02,531,21,14,0
Boquim,Boquim,2020-09-03,533,2,14,0
Boquim,Boquim,2020-09-04,541,8,14,0
Boquim,Boquim,2020-09-05,548,7,14,0
Boquim,Boquim,2020-09-06,551,3,14,0
Boquim,Boquim,2020-09-07,551,0,14,0
Boquim,Boquim,2020-09-08,552,1,14,0
Boquim,Boquim,2020-09-09,557,5,15,1
Boquim,Boquim,2020-09-10,567,10,15,0
Boquim,Boquim,2020-09-11,568,1,15,0
Boquim,Boquim,2020-09-12,570,2,15,0
Boquim,Boquim,2020-09-13,572,2,15,0
Boquim,Boquim,2020-09-14,573,1,15,0
Boquim,Boquim,2020-09-15,579,6,15,0
Boquim,Boquim,2020-09-16,580,1,15,0
Boquim,Boquim,2020-09-17,585,5,15,0
Boquim,Boquim,2020-09-18,586,1,15,0
Boquim,Boquim,2020-09-19,587,1,15,0
Boquim,Boquim,2020-09-20,587,0,15,0
Boquim,Boquim,2020-09-21,593,6,15,0
Boquim,Boquim,2020-09-22,592,-1,15,0
Boquim,Boquim,2020-09-23,595,3,15,0
Boquim,Boquim,2020-09-24,600,5,15,0
Boquim,Boquim,2020-09-25,604,4,15,0
Boquim,Boquim,2020-09-26,606,2,15,0
Boquim,Boquim,2020-09-27,608,2,15,0
Boquim,Boquim,2020-09-28,608,0,15,0
Boquim,Boquim,2020-09-29,612,4,15,0
Boquim,Boquim,2020-09-30,616,4,15,0
Boquim,Boquim,2020-10-01,619,3,15,0
Boquim,Boquim,2020-10-02,619,0,15,0
Boquim,Boquim,2020-10-03,622,3,15,0
Boquim,Boquim,2020-10-04,623,1,15,0
Boquim,Boquim,2020-10-05,624,1,15,0
Boquim,Boquim,2020-10-06,625,1,15,0
Boquim,Boquim,2020-10-07,627,2,16,1
Boquim,Boquim,2020-10-08,628,1,16,0
Boquim,Boquim,2020-10-09,636,8,16,0
Boquim,Boquim,2020-10-10,635,-1,16,0
Boquim,Boquim,2020-10-11,638,3,16,0
Boquim,Boquim,2020-10-12,639,1,16,0
Boquim,Boquim,2020-10-13,639,0,16,0
Boquim,Boquim,2020-10-14,639,0,16,0
Boquim,Boquim,2020-10-15,640,1,16,0
Boquim,Boquim,2020-10-16,641,1,16,0
Boquim,Boquim,2020-10-17,642,1,16,0
Boquim,Boquim,2020-10-18,644,2,16,0
Boquim,Boquim,2020-10-19,645,1,16,0
Boquim,Boquim,2020-10-20,645,0,16,0
Boquim,Boquim,2020-10-21,648,3,16,0
Boquim,Boquim,2020-10-22,651,3,16,0
Boquim,Boquim,2020-10-23,652,1,16,0
Boquim,Boquim,2020-10-24,656,4,16,0
Boquim,Boquim,2020-10-25,656,0,16,0
Boquim,Boquim,2020-10-26,656,0,16,0
Boquim,Boquim,2020-10-27,656,0,16,0
Boquim,Boquim,2020-10-28,656,0,16,0
Boquim,Boquim,2020-10-29,658,2,16,0
Boquim,Boquim,2020-10-30,658,0,17,1
Boquim,Boquim,2020-10-31,660,2,17,0
Boquim,Boquim,2020-11-01,660,0,18,1
Boquim,Boquim,2020-11-02,660,0,18,0
Boquim,Boquim,2020-11-03,660,0,18,0
Boquim,Boquim,2020-11-04,661,1,19,1
Boquim,Boquim,2020-11-05,661,0,19,0
Boquim,Boquim,2020-11-06,661,0,19,0
Boquim,Boquim,2020-11-07,663,2,19,0
Boquim,Boquim,2020-11-08,663,0,19,0
Boquim,Boquim,2020-11-09,665,2,19,0
Boquim,Boquim,2020-11-10,665,0,19,0
Boquim,Boquim,2020-11-11,666,1,19,0
Boquim,Boquim,2020-11-12,666,0,19,0
Boquim,Boquim,2020-11-13,667,1,19,0
Boquim,Boquim,2020-11-14,668,1,19,0
Boquim,Boquim,2020-11-15,668,0,19,0
Boquim,Boquim,2020-11-16,668,0,19,0
Boquim,Boquim,2020-11-17,668,0,19,0
Boquim,Boquim,2020-11-18,668,0,19,0
Boquim,Boquim,2020-11-19,668,0,19,0
Boquim,Boquim,2020-11-20,674,6,19,0
Boquim,Boquim,2020-11-21,674,0,19,0
Boquim,Boquim,2020-11-22,676,2,19,0
Boquim,Boquim,2020-11-23,677,1,19,0
Boquim,Boquim,2020-11-24,677,0,19,0
Boquim,Boquim,2020-11-25,678,1,19,0
Boquim,Boquim,2020-11-26,683,5,20,1
Boquim,Boquim,2020-11-27,684,1,20,0
Boquim,Boquim,2020-11-28,690,6,20,0
Boquim,Boquim,2020-11-29,690,0,20,0
Boquim,Boquim,2020-11-30,691,1,20,0
Boquim,Boquim,2020-12-01,698,7,20,0
Boquim,Boquim,2020-12-02,697,-1,20,0
Boquim,Boquim,2020-12-03,697,0,20,0
Boquim,Boquim,2020-12-04,698,1,20,0
Boquim,Boquim,2020-12-05,698,0,20,0
Boquim,Boquim,2020-12-06,720,22,20,0
Boquim,Boquim,2020-12-07,721,1,20,0
Boquim,Boquim,2020-12-08,721,0,20,0
Boquim,Boquim,2020-12-09,722,1,20,0
Boquim,Boquim,2020-12-10,723,1,20,0
Boquim,Boquim,2020-12-11,725,2,21,1
Boquim,Boquim,2020-12-12,726,1,21,0
Boquim,Boquim,2020-12-13,727,1,21,0
Boquim,Boquim,2020-12-14,733,6,21,0
Boquim,Boquim,2020-12-15,734,1,21,0
Boquim,Boquim,2020-12-16,739,5,21,0
Boquim,Boquim,2020-12-17,739,0,21,0
Boquim,Boquim,2020-12-18,739,0,21,0
Boquim,Boquim,2020-12-19,739,0,21,0
Boquim,Boquim,2020-12-20,740,1,21,0
Boquim,Boquim,2020-12-21,741,1,21,0
Boquim,Boquim,2020-12-22,755,14,21,0
Boquim,Boquim,2020-12-23,757,2,21,0
Boquim,Boquim,2020-12-24,758,1,21,0
Boquim,Boquim,2020-12-25,763,5,21,0
Boquim,Boquim,2020-12-26,763,0,21,0
Boquim,Boquim,2020-12-27,764,1,21,0
Boquim,Boquim,2020-12-28,779,15,21,0
Boquim,Boquim,2020-12-29,778,-1,21,0
Boquim,Boquim,2020-12-30,788,10,21,0
Boquim,Boquim,2020-12-31,790,2,22,1
Boquim,Boquim,2021-01-01,791,1,22,0
Boquim,Boquim,2021-01-02,793,2,23,1
Boquim,Boquim,2021-01-03,794,1,23,0
Boquim,Boquim,2021-01-04,794,0,23,0
Boquim,Boquim,2021-01-05,802,8,23,0
Boquim,Boquim,2021-01-06,826,24,23,0
Boquim,Boquim,2021-01-07,839,13,23,0
Boquim,Boquim,2021-01-08,841,2,23,0
Boquim,Boquim,2021-01-09,857,16,23,0
Boquim,Boquim,2021-01-10,879,22,23,0
Boquim,Boquim,2021-01-11,887,8,24,1
Boquim,Boquim,2021-01-12,888,1,24,0
Boquim,Boquim,2021-01-13,905,17,24,0
Boquim,Boquim,2021-01-14,913,8,24,0
Boquim,Boquim,2021-01-15,922,9,24,0
Boquim,Boquim,2021-01-16,926,4,24,0
Boquim,Boquim,2021-01-17,934,8,24,0
Boquim,Boquim,2021-01-18,944,10,24,0
Boquim,Boquim,2021-01-19,951,7,25,1
Boquim,Boquim,2021-01-20,964,13,25,0
Boquim,Boquim,2021-01-21,967,3,25,0
Boquim,Boquim,2021-01-22,1006,39,25,0
Boquim,Boquim,2021-01-23,1015,9,25,0
Boquim,Boquim,2021-01-24,1035,20,25,0
Boquim,Boquim,2021-01-25,1037,2,25,0
Boquim,Boquim,2021-01-26,1040,3,25,0
Boquim,Boquim,2021-01-27,1051,11,25,0
Boquim,Boquim,2021-01-28,1053,2,25,0
Boquim,Boquim,2021-01-29,1078,25,25,0
Boquim,Boquim,2021-01-30,1086,8,25,0
Boquim,Boquim,2021-01-31,1086,0,25,0
Boquim,Boquim,2021-02-01,1108,22,25,0
Boquim,Boquim,2021-02-02,1112,4,25,0
Boquim,Boquim,2021-02-03,1138,26,25,0
Boquim,Boquim,2021-02-04,1139,1,25,0
Boquim,Boquim,2021-02-05,1139,0,25,0
Boquim,Boquim,2021-02-06,1139,0,25,0
Boquim,Boquim,2021-02-07,1139,0,25,0
Boquim,Boquim,2021-02-08,1156,17,25,0
