city,city,date,cases,daily cases,deaths,daily deaths
Brejo Santo,Brejo Santo,2020-03-27,0,0,0,0
Brejo Santo,Brejo Santo,2020-03-28,0,0,0,0
Brejo Santo,Brejo Santo,2020-03-29,0,0,0,0
Brejo Santo,Brejo Santo,2020-03-30,0,0,0,0
Brejo Santo,Brejo Santo,2020-03-31,0,0,0,0
Brejo Santo,Brejo Santo,2020-04-01,0,0,0,0
Brejo Santo,Brejo Santo,2020-04-02,0,0,0,0
Brejo Santo,Brejo Santo,2020-04-03,0,0,0,0
Brejo Santo,Brejo Santo,2020-04-04,0,0,0,0
Brejo Santo,Brejo Santo,2020-04-05,0,0,0,0
Brejo Santo,Brejo Santo,2020-04-06,0,0,0,0
Brejo Santo,Brejo Santo,2020-04-07,0,0,0,0
Brejo Santo,Brejo Santo,2020-04-08,0,0,0,0
Brejo Santo,Brejo Santo,2020-04-09,0,0,0,0
Brejo Santo,Brejo Santo,2020-04-10,0,0,0,0
Brejo Santo,Brejo Santo,2020-04-11,0,0,0,0
Brejo Santo,Brejo Santo,2020-04-12,0,0,0,0
Brejo Santo,Brejo Santo,2020-04-13,0,0,0,0
Brejo Santo,Brejo Santo,2020-04-14,0,0,0,0
Brejo Santo,Brejo Santo,2020-04-15,0,0,0,0
Brejo Santo,Brejo Santo,2020-04-16,0,0,0,0
Brejo Santo,Brejo Santo,2020-04-17,0,0,0,0
Brejo Santo,Brejo Santo,2020-04-18,0,0,0,0
Brejo Santo,Brejo Santo,2020-04-19,0,0,0,0
Brejo Santo,Brejo Santo,2020-04-20,0,0,0,0
Brejo Santo,Brejo Santo,2020-04-21,0,0,0,0
Brejo Santo,Brejo Santo,2020-04-22,0,0,0,0
Brejo Santo,Brejo Santo,2020-04-23,0,0,0,0
Brejo Santo,Brejo Santo,2020-04-24,2,2,0,0
Brejo Santo,Brejo Santo,2020-04-25,0,-2,0,0
Brejo Santo,Brejo Santo,2020-04-26,3,3,0,0
Brejo Santo,Brejo Santo,2020-04-27,3,0,0,0
Brejo Santo,Brejo Santo,2020-04-28,3,0,0,0
Brejo Santo,Brejo Santo,2020-04-29,3,0,0,0
Brejo Santo,Brejo Santo,2020-04-30,3,0,0,0
Brejo Santo,Brejo Santo,2020-05-01,3,0,0,0
Brejo Santo,Brejo Santo,2020-05-02,3,0,0,0
Brejo Santo,Brejo Santo,2020-05-03,3,0,0,0
Brejo Santo,Brejo Santo,2020-05-04,6,3,0,0
Brejo Santo,Brejo Santo,2020-05-05,6,0,0,0
Brejo Santo,Brejo Santo,2020-05-06,7,1,0,0
Brejo Santo,Brejo Santo,2020-05-07,7,0,0,0
Brejo Santo,Brejo Santo,2020-05-08,9,2,0,0
Brejo Santo,Brejo Santo,2020-05-09,9,0,0,0
Brejo Santo,Brejo Santo,2020-05-10,10,1,0,0
Brejo Santo,Brejo Santo,2020-05-11,10,0,1,1
Brejo Santo,Brejo Santo,2020-05-12,11,1,1,0
Brejo Santo,Brejo Santo,2020-05-13,11,0,1,0
Brejo Santo,Brejo Santo,2020-05-14,11,0,1,0
Brejo Santo,Brejo Santo,2020-05-15,11,0,1,0
Brejo Santo,Brejo Santo,2020-05-16,11,0,1,0
Brejo Santo,Brejo Santo,2020-05-17,12,1,1,0
Brejo Santo,Brejo Santo,2020-05-18,12,0,1,0
Brejo Santo,Brejo Santo,2020-05-19,16,4,1,0
Brejo Santo,Brejo Santo,2020-05-20,16,0,1,0
Brejo Santo,Brejo Santo,2020-05-21,16,0,1,0
Brejo Santo,Brejo Santo,2020-05-22,20,4,3,2
Brejo Santo,Brejo Santo,2020-05-23,20,0,3,0
Brejo Santo,Brejo Santo,2020-05-24,20,0,3,0
Brejo Santo,Brejo Santo,2020-05-25,20,0,3,0
Brejo Santo,Brejo Santo,2020-05-26,20,0,3,0
Brejo Santo,Brejo Santo,2020-05-27,20,0,3,0
Brejo Santo,Brejo Santo,2020-05-28,20,0,3,0
Brejo Santo,Brejo Santo,2020-05-29,23,3,3,0
Brejo Santo,Brejo Santo,2020-05-30,24,1,3,0
Brejo Santo,Brejo Santo,2020-05-31,24,0,3,0
Brejo Santo,Brejo Santo,2020-06-01,26,2,3,0
Brejo Santo,Brejo Santo,2020-06-02,27,1,3,0
Brejo Santo,Brejo Santo,2020-06-03,26,-1,3,0
Brejo Santo,Brejo Santo,2020-06-04,40,14,3,0
Brejo Santo,Brejo Santo,2020-06-05,42,2,3,0
Brejo Santo,Brejo Santo,2020-06-06,43,1,3,0
Brejo Santo,Brejo Santo,2020-06-07,43,0,3,0
Brejo Santo,Brejo Santo,2020-06-08,56,13,3,0
Brejo Santo,Brejo Santo,2020-06-09,58,2,3,0
Brejo Santo,Brejo Santo,2020-06-10,59,1,3,0
Brejo Santo,Brejo Santo,2020-06-11,65,6,3,0
Brejo Santo,Brejo Santo,2020-06-12,92,27,3,0
Brejo Santo,Brejo Santo,2020-06-13,93,1,3,0
Brejo Santo,Brejo Santo,2020-06-14,93,0,3,0
Brejo Santo,Brejo Santo,2020-06-15,92,-1,3,0
Brejo Santo,Brejo Santo,2020-06-16,101,9,4,1
Brejo Santo,Brejo Santo,2020-06-17,118,17,4,0
Brejo Santo,Brejo Santo,2020-06-18,121,3,4,0
Brejo Santo,Brejo Santo,2020-06-19,121,0,4,0
Brejo Santo,Brejo Santo,2020-06-20,134,13,4,0
Brejo Santo,Brejo Santo,2020-06-21,134,0,4,0
Brejo Santo,Brejo Santo,2020-06-22,141,7,4,0
Brejo Santo,Brejo Santo,2020-06-23,150,9,5,1
Brejo Santo,Brejo Santo,2020-06-24,154,4,5,0
Brejo Santo,Brejo Santo,2020-06-25,156,2,5,0
Brejo Santo,Brejo Santo,2020-06-26,162,6,5,0
Brejo Santo,Brejo Santo,2020-06-27,167,5,5,0
Brejo Santo,Brejo Santo,2020-06-28,168,1,5,0
Brejo Santo,Brejo Santo,2020-06-29,192,24,5,0
Brejo Santo,Brejo Santo,2020-06-30,198,6,5,0
Brejo Santo,Brejo Santo,2020-07-01,199,1,5,0
Brejo Santo,Brejo Santo,2020-07-02,200,1,5,0
Brejo Santo,Brejo Santo,2020-07-03,225,25,5,0
Brejo Santo,Brejo Santo,2020-07-04,231,6,5,0
Brejo Santo,Brejo Santo,2020-07-05,232,1,5,0
Brejo Santo,Brejo Santo,2020-07-06,232,0,5,0
Brejo Santo,Brejo Santo,2020-07-07,239,7,5,0
Brejo Santo,Brejo Santo,2020-07-08,242,3,5,0
Brejo Santo,Brejo Santo,2020-07-09,248,6,5,0
Brejo Santo,Brejo Santo,2020-07-10,262,14,5,0
Brejo Santo,Brejo Santo,2020-07-11,281,19,5,0
Brejo Santo,Brejo Santo,2020-07-12,290,9,5,0
Brejo Santo,Brejo Santo,2020-07-13,291,1,5,0
Brejo Santo,Brejo Santo,2020-07-14,309,18,5,0
Brejo Santo,Brejo Santo,2020-07-15,323,14,5,0
Brejo Santo,Brejo Santo,2020-07-16,326,3,5,0
Brejo Santo,Brejo Santo,2020-07-17,331,5,5,0
Brejo Santo,Brejo Santo,2020-07-18,332,1,6,1
Brejo Santo,Brejo Santo,2020-07-19,332,0,6,0
Brejo Santo,Brejo Santo,2020-07-20,333,1,6,0
Brejo Santo,Brejo Santo,2020-07-21,333,0,9,3
Brejo Santo,Brejo Santo,2020-07-22,339,6,9,0
Brejo Santo,Brejo Santo,2020-07-23,368,29,9,0
Brejo Santo,Brejo Santo,2020-07-24,426,58,9,0
Brejo Santo,Brejo Santo,2020-07-25,455,29,9,0
Brejo Santo,Brejo Santo,2020-07-26,457,2,9,0
Brejo Santo,Brejo Santo,2020-07-27,457,0,9,0
Brejo Santo,Brejo Santo,2020-07-28,490,33,10,1
Brejo Santo,Brejo Santo,2020-07-29,538,48,12,2
Brejo Santo,Brejo Santo,2020-07-30,567,29,12,0
Brejo Santo,Brejo Santo,2020-07-31,591,24,13,1
Brejo Santo,Brejo Santo,2020-08-01,632,41,14,1
Brejo Santo,Brejo Santo,2020-08-02,638,6,15,1
Brejo Santo,Brejo Santo,2020-08-03,638,0,15,0
Brejo Santo,Brejo Santo,2020-08-04,676,38,15,0
Brejo Santo,Brejo Santo,2020-08-05,709,33,15,0
Brejo Santo,Brejo Santo,2020-08-06,757,48,17,2
Brejo Santo,Brejo Santo,2020-08-07,783,26,17,0
Brejo Santo,Brejo Santo,2020-08-08,811,28,18,1
Brejo Santo,Brejo Santo,2020-08-09,815,4,18,0
Brejo Santo,Brejo Santo,2020-08-10,815,0,18,0
Brejo Santo,Brejo Santo,2020-08-11,863,48,18,0
Brejo Santo,Brejo Santo,2020-08-12,889,26,18,0
Brejo Santo,Brejo Santo,2020-08-13,927,38,18,0
Brejo Santo,Brejo Santo,2020-08-14,995,68,18,0
Brejo Santo,Brejo Santo,2020-08-15,1025,30,18,0
Brejo Santo,Brejo Santo,2020-08-16,1044,19,18,0
Brejo Santo,Brejo Santo,2020-08-17,1045,1,19,1
Brejo Santo,Brejo Santo,2020-08-18,1050,5,19,0
Brejo Santo,Brejo Santo,2020-08-19,1100,50,19,0
Brejo Santo,Brejo Santo,2020-08-20,1102,2,19,0
Brejo Santo,Brejo Santo,2020-08-21,1121,19,19,0
Brejo Santo,Brejo Santo,2020-08-22,1132,11,19,0
Brejo Santo,Brejo Santo,2020-08-23,1145,13,19,0
Brejo Santo,Brejo Santo,2020-08-24,1151,6,19,0
Brejo Santo,Brejo Santo,2020-08-25,1180,29,19,0
Brejo Santo,Brejo Santo,2020-08-26,1196,16,19,0
Brejo Santo,Brejo Santo,2020-08-27,1205,9,19,0
Brejo Santo,Brejo Santo,2020-08-28,1248,43,19,0
Brejo Santo,Brejo Santo,2020-08-29,1266,18,19,0
Brejo Santo,Brejo Santo,2020-08-30,1267,1,19,0
Brejo Santo,Brejo Santo,2020-08-31,1286,19,19,0
Brejo Santo,Brejo Santo,2020-09-01,1305,19,20,1
Brejo Santo,Brejo Santo,2020-09-02,1337,32,21,1
Brejo Santo,Brejo Santo,2020-09-03,1337,0,21,0
Brejo Santo,Brejo Santo,2020-09-04,1388,51,21,0
Brejo Santo,Brejo Santo,2020-09-05,1351,-37,21,0
Brejo Santo,Brejo Santo,2020-09-06,1351,0,21,0
Brejo Santo,Brejo Santo,2020-09-07,1351,0,21,0
Brejo Santo,Brejo Santo,2020-09-08,1351,0,22,1
Brejo Santo,Brejo Santo,2020-09-09,1384,33,22,0
Brejo Santo,Brejo Santo,2020-09-10,1387,3,22,0
Brejo Santo,Brejo Santo,2020-09-11,1394,7,22,0
Brejo Santo,Brejo Santo,2020-09-12,1424,30,22,0
Brejo Santo,Brejo Santo,2020-09-13,1424,0,22,0
Brejo Santo,Brejo Santo,2020-09-14,1464,40,22,0
Brejo Santo,Brejo Santo,2020-09-15,1480,16,22,0
Brejo Santo,Brejo Santo,2020-09-16,1504,24,22,0
Brejo Santo,Brejo Santo,2020-09-17,1514,10,22,0
Brejo Santo,Brejo Santo,2020-09-18,1525,11,22,0
Brejo Santo,Brejo Santo,2020-09-19,1532,7,22,0
Brejo Santo,Brejo Santo,2020-09-20,1540,8,22,0
Brejo Santo,Brejo Santo,2020-09-21,1539,-1,22,0
Brejo Santo,Brejo Santo,2020-09-22,1539,0,22,0
Brejo Santo,Brejo Santo,2020-09-23,1574,35,22,0
Brejo Santo,Brejo Santo,2020-09-24,1587,13,22,0
Brejo Santo,Brejo Santo,2020-09-25,1587,0,22,0
Brejo Santo,Brejo Santo,2020-09-26,1608,21,23,1
Brejo Santo,Brejo Santo,2020-09-27,1613,5,24,1
Brejo Santo,Brejo Santo,2020-09-28,1613,0,24,0
Brejo Santo,Brejo Santo,2020-09-29,1615,2,25,1
Brejo Santo,Brejo Santo,2020-09-30,1640,25,26,1
Brejo Santo,Brejo Santo,2020-10-01,1650,10,26,0
Brejo Santo,Brejo Santo,2020-10-02,1653,3,25,-1
Brejo Santo,Brejo Santo,2020-10-03,1665,12,25,0
Brejo Santo,Brejo Santo,2020-10-04,1687,22,25,0
Brejo Santo,Brejo Santo,2020-10-05,1687,0,25,0
Brejo Santo,Brejo Santo,2020-10-06,1767,80,25,0
Brejo Santo,Brejo Santo,2020-10-07,1775,8,25,0
Brejo Santo,Brejo Santo,2020-10-08,1779,4,25,0
Brejo Santo,Brejo Santo,2020-10-09,1780,1,25,0
Brejo Santo,Brejo Santo,2020-10-10,1782,2,25,0
Brejo Santo,Brejo Santo,2020-10-11,1782,0,25,0
Brejo Santo,Brejo Santo,2020-10-12,1781,-1,25,0
Brejo Santo,Brejo Santo,2020-10-13,1782,1,25,0
Brejo Santo,Brejo Santo,2020-10-14,1783,1,25,0
Brejo Santo,Brejo Santo,2020-10-15,1807,24,25,0
Brejo Santo,Brejo Santo,2020-10-16,1808,1,25,0
Brejo Santo,Brejo Santo,2020-10-17,1808,0,25,0
Brejo Santo,Brejo Santo,2020-10-18,1816,8,25,0
Brejo Santo,Brejo Santo,2020-10-19,1817,1,25,0
Brejo Santo,Brejo Santo,2020-10-20,1818,1,25,0
Brejo Santo,Brejo Santo,2020-10-21,1818,0,25,0
Brejo Santo,Brejo Santo,2020-10-22,1835,17,25,0
Brejo Santo,Brejo Santo,2020-10-23,1844,9,25,0
Brejo Santo,Brejo Santo,2020-10-24,1863,19,25,0
Brejo Santo,Brejo Santo,2020-10-25,1865,2,25,0
Brejo Santo,Brejo Santo,2020-10-26,1865,0,25,0
Brejo Santo,Brejo Santo,2020-10-27,1866,1,25,0
Brejo Santo,Brejo Santo,2020-10-28,1892,26,25,0
Brejo Santo,Brejo Santo,2020-10-29,1893,1,25,0
Brejo Santo,Brejo Santo,2020-10-30,1894,1,25,0
Brejo Santo,Brejo Santo,2020-10-31,1901,7,25,0
Brejo Santo,Brejo Santo,2020-11-01,1901,0,25,0
Brejo Santo,Brejo Santo,2020-11-02,1905,4,25,0
Brejo Santo,Brejo Santo,2020-11-03,1905,0,25,0
Brejo Santo,Brejo Santo,2020-11-04,1907,2,25,0
Brejo Santo,Brejo Santo,2020-11-05,1916,9,25,0
Brejo Santo,Brejo Santo,2020-11-06,1918,2,25,0
Brejo Santo,Brejo Santo,2020-11-07,1918,0,25,0
Brejo Santo,Brejo Santo,2020-11-08,1918,0,25,0
Brejo Santo,Brejo Santo,2020-11-09,1921,3,25,0
Brejo Santo,Brejo Santo,2020-11-10,1929,8,25,0
Brejo Santo,Brejo Santo,2020-11-11,1928,-1,25,0
Brejo Santo,Brejo Santo,2020-11-12,1936,8,25,0
Brejo Santo,Brejo Santo,2020-11-13,1936,0,25,0
Brejo Santo,Brejo Santo,2020-11-14,1939,3,25,0
Brejo Santo,Brejo Santo,2020-11-15,1939,0,25,0
Brejo Santo,Brejo Santo,2020-11-16,1939,0,25,0
Brejo Santo,Brejo Santo,2020-11-17,1963,24,25,0
Brejo Santo,Brejo Santo,2020-11-18,1995,32,25,0
Brejo Santo,Brejo Santo,2020-11-19,1995,0,25,0
Brejo Santo,Brejo Santo,2020-11-20,1995,0,25,0
Brejo Santo,Brejo Santo,2020-11-21,2032,37,25,0
Brejo Santo,Brejo Santo,2020-11-22,2032,0,25,0
Brejo Santo,Brejo Santo,2020-11-23,2057,25,25,0
Brejo Santo,Brejo Santo,2020-11-24,2057,0,25,0
Brejo Santo,Brejo Santo,2020-11-25,2097,40,25,0
Brejo Santo,Brejo Santo,2020-11-26,2156,59,25,0
Brejo Santo,Brejo Santo,2020-11-27,2158,2,25,0
Brejo Santo,Brejo Santo,2020-11-28,2219,61,25,0
Brejo Santo,Brejo Santo,2020-11-29,2225,6,25,0
Brejo Santo,Brejo Santo,2020-11-30,2238,13,25,0
Brejo Santo,Brejo Santo,2020-12-01,2240,2,25,0
Brejo Santo,Brejo Santo,2020-12-02,2240,0,25,0
Brejo Santo,Brejo Santo,2020-12-03,2262,22,25,0
Brejo Santo,Brejo Santo,2020-12-04,2267,5,25,0
Brejo Santo,Brejo Santo,2020-12-05,2267,0,25,0
Brejo Santo,Brejo Santo,2020-12-06,2267,0,25,0
Brejo Santo,Brejo Santo,2020-12-07,2267,0,25,0
Brejo Santo,Brejo Santo,2020-12-08,2442,175,26,1
Brejo Santo,Brejo Santo,2020-12-09,2544,102,26,0
Brejo Santo,Brejo Santo,2020-12-10,2559,15,26,0
Brejo Santo,Brejo Santo,2020-12-11,2570,11,26,0
Brejo Santo,Brejo Santo,2020-12-12,2582,12,26,0
Brejo Santo,Brejo Santo,2020-12-13,2616,34,26,0
Brejo Santo,Brejo Santo,2020-12-14,2616,0,26,0
Brejo Santo,Brejo Santo,2020-12-15,2620,4,26,0
Brejo Santo,Brejo Santo,2020-12-16,2655,35,26,0
Brejo Santo,Brejo Santo,2020-12-17,2658,3,26,0
Brejo Santo,Brejo Santo,2020-12-18,2714,56,26,0
Brejo Santo,Brejo Santo,2020-12-19,2718,4,26,0
Brejo Santo,Brejo Santo,2020-12-20,2773,55,26,0
Brejo Santo,Brejo Santo,2020-12-21,2773,0,26,0
Brejo Santo,Brejo Santo,2020-12-22,2789,16,26,0
Brejo Santo,Brejo Santo,2020-12-23,2818,29,26,0
Brejo Santo,Brejo Santo,2020-12-24,2830,12,26,0
Brejo Santo,Brejo Santo,2020-12-25,2830,0,26,0
Brejo Santo,Brejo Santo,2020-12-26,2848,18,26,0
Brejo Santo,Brejo Santo,2020-12-27,2848,0,26,0
Brejo Santo,Brejo Santo,2020-12-28,2848,0,26,0
Brejo Santo,Brejo Santo,2020-12-29,2869,21,26,0
Brejo Santo,Brejo Santo,2020-12-30,2967,98,27,1
Brejo Santo,Brejo Santo,2020-12-31,3000,33,27,0
Brejo Santo,Brejo Santo,2021-01-01,3014,14,27,0
Brejo Santo,Brejo Santo,2021-01-02,3014,0,27,0
Brejo Santo,Brejo Santo,2021-01-03,3014,0,27,0
Brejo Santo,Brejo Santo,2021-01-04,3022,8,27,0
Brejo Santo,Brejo Santo,2021-01-05,3033,11,27,0
Brejo Santo,Brejo Santo,2021-01-06,3035,2,27,0
Brejo Santo,Brejo Santo,2021-01-07,3040,5,27,0
Brejo Santo,Brejo Santo,2021-01-08,3044,4,27,0
Brejo Santo,Brejo Santo,2021-01-09,3044,0,27,0
Brejo Santo,Brejo Santo,2021-01-10,3046,2,27,0
Brejo Santo,Brejo Santo,2021-01-11,3057,11,27,0
Brejo Santo,Brejo Santo,2021-01-12,3057,0,27,0
Brejo Santo,Brejo Santo,2021-01-13,3074,17,27,0
Brejo Santo,Brejo Santo,2021-01-14,3076,2,27,0
Brejo Santo,Brejo Santo,2021-01-15,3080,4,27,0
Brejo Santo,Brejo Santo,2021-01-16,3080,0,27,0
Brejo Santo,Brejo Santo,2021-01-17,3081,1,27,0
Brejo Santo,Brejo Santo,2021-01-18,3081,0,27,0
Brejo Santo,Brejo Santo,2021-01-19,3098,17,27,0
Brejo Santo,Brejo Santo,2021-01-20,3106,8,27,0
Brejo Santo,Brejo Santo,2021-01-21,3113,7,27,0
Brejo Santo,Brejo Santo,2021-01-22,3120,7,27,0
Brejo Santo,Brejo Santo,2021-01-23,3120,0,27,0
Brejo Santo,Brejo Santo,2021-01-24,3121,1,27,0
Brejo Santo,Brejo Santo,2021-01-25,3130,9,27,0
Brejo Santo,Brejo Santo,2021-01-26,3142,12,27,0
Brejo Santo,Brejo Santo,2021-01-27,3147,5,27,0
Brejo Santo,Brejo Santo,2021-01-28,3162,15,27,0
Brejo Santo,Brejo Santo,2021-01-29,3168,6,28,1
Brejo Santo,Brejo Santo,2021-01-30,3169,1,28,0
Brejo Santo,Brejo Santo,2021-01-31,3171,2,28,0
Brejo Santo,Brejo Santo,2021-02-01,3189,18,28,0
Brejo Santo,Brejo Santo,2021-02-02,3189,0,28,0
Brejo Santo,Brejo Santo,2021-02-03,3208,19,28,0
Brejo Santo,Brejo Santo,2021-02-04,3208,0,28,0
Brejo Santo,Brejo Santo,2021-02-05,3209,1,28,0
Brejo Santo,Brejo Santo,2021-02-06,3211,2,28,0
Brejo Santo,Brejo Santo,2021-02-07,3226,15,28,0
Brejo Santo,Brejo Santo,2021-02-08,3226,0,28,0
