city,city,date,cases,daily cases,deaths,daily deaths
Caeté,Caeté,2020-03-27,0,0,0,0
Caeté,Caeté,2020-03-28,0,0,0,0
Caeté,Caeté,2020-03-29,0,0,0,0
Caeté,Caeté,2020-03-30,0,0,0,0
Caeté,Caeté,2020-03-31,0,0,0,0
Caeté,Caeté,2020-04-01,0,0,0,0
Caeté,Caeté,2020-04-02,0,0,0,0
Caeté,Caeté,2020-04-03,0,0,0,0
Caeté,Caeté,2020-04-04,0,0,0,0
Caeté,Caeté,2020-04-05,0,0,0,0
Caeté,Caeté,2020-04-06,0,0,0,0
Caeté,Caeté,2020-04-07,0,0,0,0
Caeté,Caeté,2020-04-08,0,0,0,0
Caeté,Caeté,2020-04-09,0,0,0,0
Caeté,Caeté,2020-04-10,0,0,0,0
Caeté,Caeté,2020-04-11,0,0,0,0
Caeté,Caeté,2020-04-12,0,0,0,0
Caeté,Caeté,2020-04-13,0,0,0,0
Caeté,Caeté,2020-04-14,0,0,0,0
Caeté,Caeté,2020-04-15,0,0,0,0
Caeté,Caeté,2020-04-16,0,0,0,0
Caeté,Caeté,2020-04-17,1,1,0,0
Caeté,Caeté,2020-04-18,1,0,0,0
Caeté,Caeté,2020-04-19,1,0,0,0
Caeté,Caeté,2020-04-20,1,0,0,0
Caeté,Caeté,2020-04-21,1,0,0,0
Caeté,Caeté,2020-04-22,1,0,0,0
Caeté,Caeté,2020-04-23,1,0,0,0
Caeté,Caeté,2020-04-24,2,1,0,0
Caeté,Caeté,2020-04-25,2,0,0,0
Caeté,Caeté,2020-04-26,2,0,0,0
Caeté,Caeté,2020-04-27,2,0,0,0
Caeté,Caeté,2020-04-28,2,0,0,0
Caeté,Caeté,2020-04-29,2,0,0,0
Caeté,Caeté,2020-04-30,2,0,0,0
Caeté,Caeté,2020-05-01,3,1,0,0
Caeté,Caeté,2020-05-02,3,0,0,0
Caeté,Caeté,2020-05-03,3,0,0,0
Caeté,Caeté,2020-05-04,4,1,0,0
Caeté,Caeté,2020-05-05,4,0,0,0
Caeté,Caeté,2020-05-06,4,0,0,0
Caeté,Caeté,2020-05-07,4,0,0,0
Caeté,Caeté,2020-05-08,4,0,0,0
Caeté,Caeté,2020-05-09,4,0,0,0
Caeté,Caeté,2020-05-10,4,0,0,0
Caeté,Caeté,2020-05-11,4,0,0,0
Caeté,Caeté,2020-05-12,4,0,0,0
Caeté,Caeté,2020-05-13,4,0,0,0
Caeté,Caeté,2020-05-14,4,0,0,0
Caeté,Caeté,2020-05-15,4,0,0,0
Caeté,Caeté,2020-05-16,4,0,0,0
Caeté,Caeté,2020-05-17,4,0,0,0
Caeté,Caeté,2020-05-18,4,0,0,0
Caeté,Caeté,2020-05-19,4,0,0,0
Caeté,Caeté,2020-05-20,4,0,0,0
Caeté,Caeté,2020-05-21,4,0,0,0
Caeté,Caeté,2020-05-22,4,0,0,0
Caeté,Caeté,2020-05-23,4,0,0,0
Caeté,Caeté,2020-05-24,4,0,0,0
Caeté,Caeté,2020-05-25,4,0,0,0
Caeté,Caeté,2020-05-26,4,0,0,0
Caeté,Caeté,2020-05-27,5,1,0,0
Caeté,Caeté,2020-05-28,7,2,0,0
Caeté,Caeté,2020-05-29,7,0,0,0
Caeté,Caeté,2020-05-30,8,1,0,0
Caeté,Caeté,2020-05-31,11,3,0,0
Caeté,Caeté,2020-06-01,10,-1,0,0
Caeté,Caeté,2020-06-02,10,0,0,0
Caeté,Caeté,2020-06-03,10,0,0,0
Caeté,Caeté,2020-06-04,11,1,0,0
Caeté,Caeté,2020-06-05,13,2,0,0
Caeté,Caeté,2020-06-06,15,2,0,0
Caeté,Caeté,2020-06-07,16,1,0,0
Caeté,Caeté,2020-06-08,17,1,0,0
Caeté,Caeté,2020-06-09,17,0,0,0
Caeté,Caeté,2020-06-10,17,0,0,0
Caeté,Caeté,2020-06-11,19,2,0,0
Caeté,Caeté,2020-06-12,23,4,0,0
Caeté,Caeté,2020-06-13,23,0,0,0
Caeté,Caeté,2020-06-14,26,3,0,0
Caeté,Caeté,2020-06-15,26,0,0,0
Caeté,Caeté,2020-06-16,26,0,0,0
Caeté,Caeté,2020-06-17,26,0,0,0
Caeté,Caeté,2020-06-18,28,2,0,0
Caeté,Caeté,2020-06-19,28,0,0,0
Caeté,Caeté,2020-06-20,29,1,0,0
Caeté,Caeté,2020-06-21,29,0,0,0
Caeté,Caeté,2020-06-22,31,2,0,0
Caeté,Caeté,2020-06-23,37,6,0,0
Caeté,Caeté,2020-06-24,38,1,0,0
Caeté,Caeté,2020-06-25,41,3,0,0
Caeté,Caeté,2020-06-26,45,4,0,0
Caeté,Caeté,2020-06-27,45,0,0,0
Caeté,Caeté,2020-06-28,46,1,0,0
Caeté,Caeté,2020-06-29,47,1,0,0
Caeté,Caeté,2020-06-30,52,5,0,0
Caeté,Caeté,2020-07-01,52,0,0,0
Caeté,Caeté,2020-07-02,54,2,0,0
Caeté,Caeté,2020-07-03,60,6,0,0
Caeté,Caeté,2020-07-04,62,2,0,0
Caeté,Caeté,2020-07-05,62,0,0,0
Caeté,Caeté,2020-07-06,64,2,0,0
Caeté,Caeté,2020-07-07,68,4,0,0
Caeté,Caeté,2020-07-08,69,1,0,0
Caeté,Caeté,2020-07-09,71,2,0,0
Caeté,Caeté,2020-07-10,78,7,0,0
Caeté,Caeté,2020-07-11,81,3,0,0
Caeté,Caeté,2020-07-12,88,7,0,0
Caeté,Caeté,2020-07-13,88,0,0,0
Caeté,Caeté,2020-07-14,91,3,0,0
Caeté,Caeté,2020-07-15,97,6,0,0
Caeté,Caeté,2020-07-16,102,5,1,1
Caeté,Caeté,2020-07-17,105,3,1,0
Caeté,Caeté,2020-07-18,110,5,1,0
Caeté,Caeté,2020-07-19,112,2,1,0
Caeté,Caeté,2020-07-20,116,4,1,0
Caeté,Caeté,2020-07-21,116,0,1,0
Caeté,Caeté,2020-07-22,120,4,1,0
Caeté,Caeté,2020-07-23,125,5,1,0
Caeté,Caeté,2020-07-24,126,1,1,0
Caeté,Caeté,2020-07-25,129,3,1,0
Caeté,Caeté,2020-07-26,130,1,1,0
Caeté,Caeté,2020-07-27,131,1,1,0
Caeté,Caeté,2020-07-28,134,3,1,0
Caeté,Caeté,2020-07-29,140,6,1,0
Caeté,Caeté,2020-07-30,144,4,1,0
Caeté,Caeté,2020-07-31,145,1,1,0
Caeté,Caeté,2020-08-01,151,6,1,0
Caeté,Caeté,2020-08-02,153,2,1,0
Caeté,Caeté,2020-08-03,155,2,1,0
Caeté,Caeté,2020-08-04,155,0,1,0
Caeté,Caeté,2020-08-05,162,7,1,0
Caeté,Caeté,2020-08-06,170,8,1,0
Caeté,Caeté,2020-08-07,172,2,1,0
Caeté,Caeté,2020-08-08,174,2,1,0
Caeté,Caeté,2020-08-09,178,4,2,1
Caeté,Caeté,2020-08-10,181,3,2,0
Caeté,Caeté,2020-08-11,190,9,2,0
Caeté,Caeté,2020-08-12,195,5,2,0
Caeté,Caeté,2020-08-13,199,4,2,0
Caeté,Caeté,2020-08-14,202,3,2,0
Caeté,Caeté,2020-08-15,207,5,3,1
Caeté,Caeté,2020-08-16,213,6,3,0
Caeté,Caeté,2020-08-17,213,0,3,0
Caeté,Caeté,2020-08-18,217,4,3,0
Caeté,Caeté,2020-08-19,223,6,4,1
Caeté,Caeté,2020-08-20,229,6,4,0
Caeté,Caeté,2020-08-21,235,6,5,1
Caeté,Caeté,2020-08-22,244,9,5,0
Caeté,Caeté,2020-08-23,245,1,5,0
Caeté,Caeté,2020-08-24,248,3,5,0
Caeté,Caeté,2020-08-25,250,2,6,1
Caeté,Caeté,2020-08-26,260,10,6,0
Caeté,Caeté,2020-08-27,260,0,6,0
Caeté,Caeté,2020-08-28,265,5,6,0
Caeté,Caeté,2020-08-29,268,3,7,1
Caeté,Caeté,2020-08-30,277,9,7,0
Caeté,Caeté,2020-08-31,282,5,7,0
Caeté,Caeté,2020-09-01,288,6,7,0
Caeté,Caeté,2020-09-02,299,11,8,1
Caeté,Caeté,2020-09-03,299,0,8,0
Caeté,Caeté,2020-09-04,309,10,8,0
Caeté,Caeté,2020-09-05,320,11,8,0
Caeté,Caeté,2020-09-06,320,0,8,0
Caeté,Caeté,2020-09-07,323,3,8,0
Caeté,Caeté,2020-09-08,328,5,8,0
Caeté,Caeté,2020-09-09,329,1,8,0
Caeté,Caeté,2020-09-10,338,9,8,0
Caeté,Caeté,2020-09-11,356,18,8,0
Caeté,Caeté,2020-09-12,358,2,8,0
Caeté,Caeté,2020-09-13,363,5,8,0
Caeté,Caeté,2020-09-14,364,1,8,0
Caeté,Caeté,2020-09-15,372,8,8,0
Caeté,Caeté,2020-09-16,378,6,9,1
Caeté,Caeté,2020-09-17,379,1,9,0
Caeté,Caeté,2020-09-18,380,1,10,1
Caeté,Caeté,2020-09-19,385,5,10,0
Caeté,Caeté,2020-09-20,386,1,10,0
Caeté,Caeté,2020-09-21,387,1,10,0
Caeté,Caeté,2020-09-22,388,1,10,0
Caeté,Caeté,2020-09-23,393,5,12,2
Caeté,Caeté,2020-09-24,395,2,12,0
Caeté,Caeté,2020-09-25,398,3,12,0
Caeté,Caeté,2020-09-26,399,1,12,0
Caeté,Caeté,2020-09-27,406,7,12,0
Caeté,Caeté,2020-09-28,407,1,12,0
Caeté,Caeté,2020-09-29,408,1,12,0
Caeté,Caeté,2020-09-30,413,5,12,0
Caeté,Caeté,2020-10-01,420,7,12,0
Caeté,Caeté,2020-10-02,423,3,12,0
Caeté,Caeté,2020-10-03,429,6,13,1
Caeté,Caeté,2020-10-04,429,0,13,0
Caeté,Caeté,2020-10-05,430,1,13,0
Caeté,Caeté,2020-10-06,434,4,13,0
Caeté,Caeté,2020-10-07,434,0,13,0
Caeté,Caeté,2020-10-08,440,6,14,1
Caeté,Caeté,2020-10-09,443,3,14,0
Caeté,Caeté,2020-10-10,445,2,14,0
Caeté,Caeté,2020-10-11,447,2,15,1
Caeté,Caeté,2020-10-12,447,0,15,0
Caeté,Caeté,2020-10-13,447,0,15,0
Caeté,Caeté,2020-10-14,448,1,15,0
Caeté,Caeté,2020-10-15,448,0,16,1
Caeté,Caeté,2020-10-16,454,6,16,0
Caeté,Caeté,2020-10-17,457,3,16,0
Caeté,Caeté,2020-10-18,458,1,16,0
Caeté,Caeté,2020-10-19,458,0,16,0
Caeté,Caeté,2020-10-20,461,3,16,0
Caeté,Caeté,2020-10-21,462,1,16,0
Caeté,Caeté,2020-10-22,462,0,16,0
Caeté,Caeté,2020-10-23,462,0,16,0
Caeté,Caeté,2020-10-24,464,2,16,0
Caeté,Caeté,2020-10-25,464,0,16,0
Caeté,Caeté,2020-10-26,466,2,16,0
Caeté,Caeté,2020-10-27,466,0,16,0
Caeté,Caeté,2020-10-28,468,2,16,0
Caeté,Caeté,2020-10-29,476,8,16,0
Caeté,Caeté,2020-10-30,484,8,16,0
Caeté,Caeté,2020-10-31,487,3,17,1
Caeté,Caeté,2020-11-01,488,1,17,0
Caeté,Caeté,2020-11-02,492,4,17,0
Caeté,Caeté,2020-11-03,492,0,17,0
Caeté,Caeté,2020-11-04,495,3,17,0
Caeté,Caeté,2020-11-05,496,1,17,0
Caeté,Caeté,2020-11-06,501,5,18,1
Caeté,Caeté,2020-11-07,509,8,18,0
Caeté,Caeté,2020-11-08,512,3,18,0
Caeté,Caeté,2020-11-09,512,0,18,0
Caeté,Caeté,2020-11-10,512,0,18,0
Caeté,Caeté,2020-11-11,516,4,18,0
Caeté,Caeté,2020-11-12,517,1,18,0
Caeté,Caeté,2020-11-13,521,4,20,2
Caeté,Caeté,2020-11-14,521,0,20,0
Caeté,Caeté,2020-11-15,522,1,20,0
Caeté,Caeté,2020-11-16,524,2,20,0
Caeté,Caeté,2020-11-17,527,3,20,0
Caeté,Caeté,2020-11-18,530,3,20,0
Caeté,Caeté,2020-11-19,533,3,20,0
Caeté,Caeté,2020-11-20,541,8,20,0
Caeté,Caeté,2020-11-21,541,0,20,0
Caeté,Caeté,2020-11-22,546,5,20,0
Caeté,Caeté,2020-11-23,551,5,20,0
Caeté,Caeté,2020-11-24,554,3,20,0
Caeté,Caeté,2020-11-25,554,0,21,1
Caeté,Caeté,2020-11-26,560,6,21,0
Caeté,Caeté,2020-11-27,563,3,21,0
Caeté,Caeté,2020-11-28,566,3,22,1
Caeté,Caeté,2020-11-29,569,3,22,0
Caeté,Caeté,2020-11-30,569,0,22,0
Caeté,Caeté,2020-12-01,569,0,22,0
Caeté,Caeté,2020-12-02,571,2,22,0
Caeté,Caeté,2020-12-03,573,2,22,0
Caeté,Caeté,2020-12-04,574,1,22,0
Caeté,Caeté,2020-12-05,577,3,22,0
Caeté,Caeté,2020-12-06,584,7,22,0
Caeté,Caeté,2020-12-07,584,0,22,0
Caeté,Caeté,2020-12-08,584,0,22,0
Caeté,Caeté,2020-12-09,588,4,22,0
Caeté,Caeté,2020-12-10,594,6,22,0
Caeté,Caeté,2020-12-11,598,4,22,0
Caeté,Caeté,2020-12-12,605,7,23,1
Caeté,Caeté,2020-12-13,611,6,23,0
Caeté,Caeté,2020-12-14,615,4,23,0
Caeté,Caeté,2020-12-15,615,0,23,0
Caeté,Caeté,2020-12-16,622,7,23,0
Caeté,Caeté,2020-12-17,628,6,23,0
Caeté,Caeté,2020-12-18,634,6,23,0
Caeté,Caeté,2020-12-19,646,12,23,0
Caeté,Caeté,2020-12-20,649,3,23,0
Caeté,Caeté,2020-12-21,659,10,23,0
Caeté,Caeté,2020-12-22,662,3,23,0
Caeté,Caeté,2020-12-23,666,4,23,0
Caeté,Caeté,2020-12-24,676,10,23,0
Caeté,Caeté,2020-12-25,690,14,23,0
Caeté,Caeté,2020-12-26,693,3,23,0
Caeté,Caeté,2020-12-27,700,7,23,0
Caeté,Caeté,2020-12-28,705,5,23,0
Caeté,Caeté,2020-12-29,712,7,23,0
Caeté,Caeté,2020-12-30,717,5,23,0
Caeté,Caeté,2020-12-31,721,4,23,0
Caeté,Caeté,2021-01-01,725,4,23,0
Caeté,Caeté,2021-01-02,728,3,23,0
Caeté,Caeté,2021-01-03,732,4,23,0
Caeté,Caeté,2021-01-04,734,2,23,0
Caeté,Caeté,2021-01-05,739,5,23,0
Caeté,Caeté,2021-01-06,739,0,23,0
Caeté,Caeté,2021-01-07,750,11,23,0
Caeté,Caeté,2021-01-08,761,11,23,0
Caeté,Caeté,2021-01-09,770,9,24,1
Caeté,Caeté,2021-01-10,781,11,24,0
Caeté,Caeté,2021-01-11,786,5,24,0
Caeté,Caeté,2021-01-12,790,4,24,0
Caeté,Caeté,2021-01-13,795,5,24,0
Caeté,Caeté,2021-01-14,808,13,25,1
Caeté,Caeté,2021-01-15,812,4,25,0
Caeté,Caeté,2021-01-16,815,3,26,1
Caeté,Caeté,2021-01-17,824,9,26,0
Caeté,Caeté,2021-01-18,832,8,26,0
Caeté,Caeté,2021-01-19,832,0,26,0
Caeté,Caeté,2021-01-20,840,8,26,0
Caeté,Caeté,2021-01-21,850,10,26,0
Caeté,Caeté,2021-01-22,858,8,26,0
Caeté,Caeté,2021-01-23,868,10,26,0
Caeté,Caeté,2021-01-24,876,8,26,0
Caeté,Caeté,2021-01-25,885,9,26,0
Caeté,Caeté,2021-01-26,894,9,26,0
Caeté,Caeté,2021-01-27,899,5,26,0
Caeté,Caeté,2021-01-28,907,8,26,0
Caeté,Caeté,2021-01-29,910,3,26,0
Caeté,Caeté,2021-01-30,916,6,26,0
Caeté,Caeté,2021-01-31,917,1,26,0
Caeté,Caeté,2021-02-01,922,5,26,0
Caeté,Caeté,2021-02-02,925,3,26,0
Caeté,Caeté,2021-02-03,930,5,26,0
Caeté,Caeté,2021-02-04,934,4,26,0
Caeté,Caeté,2021-02-05,936,2,26,0
Caeté,Caeté,2021-02-06,939,3,27,1
Caeté,Caeté,2021-02-07,945,6,27,0
Caeté,Caeté,2021-02-08,951,6,27,0
