city,city,date,cases,daily cases,deaths,daily deaths
Cajamar,Cajamar,2020-03-27,0,0,0,0
Cajamar,Cajamar,2020-03-28,1,1,0,0
Cajamar,Cajamar,2020-03-29,1,0,0,0
Cajamar,Cajamar,2020-03-30,1,0,0,0
Cajamar,Cajamar,2020-03-31,1,0,0,0
Cajamar,Cajamar,2020-04-01,1,0,0,0
Cajamar,Cajamar,2020-04-02,1,0,0,0
Cajamar,Cajamar,2020-04-03,1,0,0,0
Cajamar,Cajamar,2020-04-04,1,0,0,0
Cajamar,Cajamar,2020-04-05,1,0,0,0
Cajamar,Cajamar,2020-04-06,1,0,0,0
Cajamar,Cajamar,2020-04-07,3,2,0,0
Cajamar,Cajamar,2020-04-08,3,0,0,0
Cajamar,Cajamar,2020-04-09,3,0,0,0
Cajamar,Cajamar,2020-04-10,5,2,1,1
Cajamar,Cajamar,2020-04-11,5,0,1,0
Cajamar,Cajamar,2020-04-12,5,0,1,0
Cajamar,Cajamar,2020-04-13,5,0,1,0
Cajamar,Cajamar,2020-04-14,5,0,1,0
Cajamar,Cajamar,2020-04-15,5,0,1,0
Cajamar,Cajamar,2020-04-16,7,2,1,0
Cajamar,Cajamar,2020-04-17,7,0,1,0
Cajamar,Cajamar,2020-04-18,7,0,1,0
Cajamar,Cajamar,2020-04-19,7,0,1,0
Cajamar,Cajamar,2020-04-20,8,1,1,0
Cajamar,Cajamar,2020-04-21,9,1,1,0
Cajamar,Cajamar,2020-04-22,11,2,1,0
Cajamar,Cajamar,2020-04-23,15,4,2,1
Cajamar,Cajamar,2020-04-24,19,4,3,1
Cajamar,Cajamar,2020-04-25,20,1,3,0
Cajamar,Cajamar,2020-04-26,20,0,3,0
Cajamar,Cajamar,2020-04-27,21,1,3,0
Cajamar,Cajamar,2020-04-28,25,4,3,0
Cajamar,Cajamar,2020-04-29,30,5,3,0
Cajamar,Cajamar,2020-04-30,34,4,3,0
Cajamar,Cajamar,2020-05-01,50,16,7,4
Cajamar,Cajamar,2020-05-02,54,4,7,0
Cajamar,Cajamar,2020-05-03,57,3,7,0
Cajamar,Cajamar,2020-05-04,57,0,7,0
Cajamar,Cajamar,2020-05-05,59,2,9,2
Cajamar,Cajamar,2020-05-06,64,5,9,0
Cajamar,Cajamar,2020-05-07,74,10,9,0
Cajamar,Cajamar,2020-05-08,82,8,9,0
Cajamar,Cajamar,2020-05-09,89,7,11,2
Cajamar,Cajamar,2020-05-10,95,6,11,0
Cajamar,Cajamar,2020-05-11,95,0,11,0
Cajamar,Cajamar,2020-05-12,96,1,11,0
Cajamar,Cajamar,2020-05-13,108,12,11,0
Cajamar,Cajamar,2020-05-14,118,10,14,3
Cajamar,Cajamar,2020-05-15,125,7,15,1
Cajamar,Cajamar,2020-05-16,132,7,16,1
Cajamar,Cajamar,2020-05-17,136,4,18,2
Cajamar,Cajamar,2020-05-18,137,1,18,0
Cajamar,Cajamar,2020-05-19,139,2,18,0
Cajamar,Cajamar,2020-05-20,159,20,19,1
Cajamar,Cajamar,2020-05-21,163,4,21,2
Cajamar,Cajamar,2020-05-22,184,21,21,0
Cajamar,Cajamar,2020-05-23,211,27,21,0
Cajamar,Cajamar,2020-05-24,213,2,21,0
Cajamar,Cajamar,2020-05-25,213,0,21,0
Cajamar,Cajamar,2020-05-26,213,0,21,0
Cajamar,Cajamar,2020-05-27,222,9,22,1
Cajamar,Cajamar,2020-05-28,232,10,22,0
Cajamar,Cajamar,2020-05-29,244,12,22,0
Cajamar,Cajamar,2020-05-30,257,13,22,0
Cajamar,Cajamar,2020-05-31,261,4,22,0
Cajamar,Cajamar,2020-06-01,261,0,22,0
Cajamar,Cajamar,2020-06-02,273,12,22,0
Cajamar,Cajamar,2020-06-03,294,21,23,1
Cajamar,Cajamar,2020-06-04,320,26,23,0
Cajamar,Cajamar,2020-06-05,331,11,24,1
Cajamar,Cajamar,2020-06-06,347,16,24,0
Cajamar,Cajamar,2020-06-07,348,1,24,0
Cajamar,Cajamar,2020-06-08,349,1,24,0
Cajamar,Cajamar,2020-06-09,375,26,26,2
Cajamar,Cajamar,2020-06-10,404,29,28,2
Cajamar,Cajamar,2020-06-11,416,12,28,0
Cajamar,Cajamar,2020-06-12,441,25,29,1
Cajamar,Cajamar,2020-06-13,443,2,29,0
Cajamar,Cajamar,2020-06-14,470,27,32,3
Cajamar,Cajamar,2020-06-15,471,1,32,0
Cajamar,Cajamar,2020-06-16,483,12,32,0
Cajamar,Cajamar,2020-06-17,485,2,33,1
Cajamar,Cajamar,2020-06-18,489,4,33,0
Cajamar,Cajamar,2020-06-19,526,37,35,2
Cajamar,Cajamar,2020-06-20,537,11,35,0
Cajamar,Cajamar,2020-06-21,541,4,35,0
Cajamar,Cajamar,2020-06-22,543,2,35,0
Cajamar,Cajamar,2020-06-23,559,16,35,0
Cajamar,Cajamar,2020-06-24,578,19,36,1
Cajamar,Cajamar,2020-06-25,592,14,37,1
Cajamar,Cajamar,2020-06-26,605,13,40,3
Cajamar,Cajamar,2020-06-27,619,14,40,0
Cajamar,Cajamar,2020-06-28,623,4,40,0
Cajamar,Cajamar,2020-06-29,627,4,40,0
Cajamar,Cajamar,2020-06-30,642,15,42,2
Cajamar,Cajamar,2020-07-01,660,18,43,1
Cajamar,Cajamar,2020-07-02,674,14,43,0
Cajamar,Cajamar,2020-07-03,687,13,45,2
Cajamar,Cajamar,2020-07-04,696,9,45,0
Cajamar,Cajamar,2020-07-05,698,2,45,0
Cajamar,Cajamar,2020-07-06,701,3,45,0
Cajamar,Cajamar,2020-07-07,719,18,46,1
Cajamar,Cajamar,2020-07-08,729,10,46,0
Cajamar,Cajamar,2020-07-09,744,15,46,0
Cajamar,Cajamar,2020-07-10,752,8,46,0
Cajamar,Cajamar,2020-07-11,766,14,48,2
Cajamar,Cajamar,2020-07-12,773,7,48,0
Cajamar,Cajamar,2020-07-13,776,3,48,0
Cajamar,Cajamar,2020-07-14,786,10,48,0
Cajamar,Cajamar,2020-07-15,793,7,48,0
Cajamar,Cajamar,2020-07-16,813,20,48,0
Cajamar,Cajamar,2020-07-17,817,4,48,0
Cajamar,Cajamar,2020-07-18,823,6,51,3
Cajamar,Cajamar,2020-07-19,824,1,51,0
Cajamar,Cajamar,2020-07-20,824,0,51,0
Cajamar,Cajamar,2020-07-21,834,10,52,1
Cajamar,Cajamar,2020-07-22,854,20,52,0
Cajamar,Cajamar,2020-07-23,863,9,52,0
Cajamar,Cajamar,2020-07-24,883,20,53,1
Cajamar,Cajamar,2020-07-25,907,24,53,0
Cajamar,Cajamar,2020-07-26,908,1,53,0
Cajamar,Cajamar,2020-07-27,910,2,53,0
Cajamar,Cajamar,2020-07-28,910,0,53,0
Cajamar,Cajamar,2020-07-29,953,43,58,5
Cajamar,Cajamar,2020-07-30,975,22,59,1
Cajamar,Cajamar,2020-07-31,996,21,60,1
Cajamar,Cajamar,2020-08-01,1005,9,60,0
Cajamar,Cajamar,2020-08-02,1015,10,60,0
Cajamar,Cajamar,2020-08-03,1021,6,60,0
Cajamar,Cajamar,2020-08-04,1035,14,60,0
Cajamar,Cajamar,2020-08-05,1050,15,60,0
Cajamar,Cajamar,2020-08-06,1067,17,61,1
Cajamar,Cajamar,2020-08-07,1089,22,61,0
Cajamar,Cajamar,2020-08-08,1110,21,61,0
Cajamar,Cajamar,2020-08-09,1117,7,61,0
Cajamar,Cajamar,2020-08-10,1126,9,61,0
Cajamar,Cajamar,2020-08-11,1141,15,62,1
Cajamar,Cajamar,2020-08-12,1158,17,63,1
Cajamar,Cajamar,2020-08-13,1178,20,63,0
Cajamar,Cajamar,2020-08-14,1186,8,64,1
Cajamar,Cajamar,2020-08-15,1215,29,66,2
Cajamar,Cajamar,2020-08-16,1215,0,66,0
Cajamar,Cajamar,2020-08-17,1221,6,66,0
Cajamar,Cajamar,2020-08-18,1228,7,66,0
Cajamar,Cajamar,2020-08-19,1239,11,66,0
Cajamar,Cajamar,2020-08-20,1250,11,66,0
Cajamar,Cajamar,2020-08-21,1260,10,66,0
Cajamar,Cajamar,2020-08-22,1265,5,67,1
Cajamar,Cajamar,2020-08-23,1272,7,67,0
Cajamar,Cajamar,2020-08-24,1272,0,67,0
Cajamar,Cajamar,2020-08-25,1285,13,67,0
Cajamar,Cajamar,2020-08-26,1302,17,67,0
Cajamar,Cajamar,2020-08-27,1318,16,67,0
Cajamar,Cajamar,2020-08-28,1323,5,66,-1
Cajamar,Cajamar,2020-08-29,1352,29,67,1
Cajamar,Cajamar,2020-08-30,1359,7,67,0
Cajamar,Cajamar,2020-08-31,1364,5,67,0
Cajamar,Cajamar,2020-09-01,1380,16,68,1
Cajamar,Cajamar,2020-09-02,1399,19,70,2
Cajamar,Cajamar,2020-09-03,1400,1,70,0
Cajamar,Cajamar,2020-09-04,1420,20,70,0
Cajamar,Cajamar,2020-09-05,1429,9,70,0
Cajamar,Cajamar,2020-09-06,1434,5,70,0
Cajamar,Cajamar,2020-09-07,1439,5,70,0
Cajamar,Cajamar,2020-09-08,1440,1,70,0
Cajamar,Cajamar,2020-09-09,1446,6,71,1
Cajamar,Cajamar,2020-09-10,1459,13,72,1
Cajamar,Cajamar,2020-09-11,1469,10,74,2
Cajamar,Cajamar,2020-09-12,1475,6,74,0
Cajamar,Cajamar,2020-09-13,1481,6,74,0
Cajamar,Cajamar,2020-09-14,1483,2,74,0
Cajamar,Cajamar,2020-09-15,1489,6,74,0
Cajamar,Cajamar,2020-09-16,1497,8,75,1
Cajamar,Cajamar,2020-09-17,1501,4,76,1
Cajamar,Cajamar,2020-09-18,1505,4,76,0
Cajamar,Cajamar,2020-09-19,1510,5,76,0
Cajamar,Cajamar,2020-09-20,1510,0,76,0
Cajamar,Cajamar,2020-09-21,1512,2,76,0
Cajamar,Cajamar,2020-09-22,1517,5,76,0
Cajamar,Cajamar,2020-09-23,1525,8,76,0
Cajamar,Cajamar,2020-09-24,1528,3,76,0
Cajamar,Cajamar,2020-09-25,1533,5,76,0
Cajamar,Cajamar,2020-09-26,1539,6,76,0
Cajamar,Cajamar,2020-09-27,1542,3,76,0
Cajamar,Cajamar,2020-09-28,1544,2,77,1
Cajamar,Cajamar,2020-09-29,1544,0,76,-1
Cajamar,Cajamar,2020-09-30,1546,2,76,0
Cajamar,Cajamar,2020-10-01,1550,4,77,1
Cajamar,Cajamar,2020-10-02,1557,7,77,0
Cajamar,Cajamar,2020-10-03,1559,2,77,0
Cajamar,Cajamar,2020-10-04,1560,1,77,0
Cajamar,Cajamar,2020-10-05,1561,1,77,0
Cajamar,Cajamar,2020-10-06,1567,6,77,0
Cajamar,Cajamar,2020-10-07,1578,11,77,0
Cajamar,Cajamar,2020-10-08,1580,2,77,0
Cajamar,Cajamar,2020-10-09,1582,2,77,0
Cajamar,Cajamar,2020-10-10,1584,2,77,0
Cajamar,Cajamar,2020-10-11,1588,4,77,0
Cajamar,Cajamar,2020-10-12,1589,1,77,0
Cajamar,Cajamar,2020-10-13,1589,0,77,0
Cajamar,Cajamar,2020-10-14,1595,6,77,0
Cajamar,Cajamar,2020-10-15,1596,1,77,0
Cajamar,Cajamar,2020-10-16,1597,1,77,0
Cajamar,Cajamar,2020-10-17,1596,-1,77,0
Cajamar,Cajamar,2020-10-18,1597,1,77,0
Cajamar,Cajamar,2020-10-19,1597,0,77,0
Cajamar,Cajamar,2020-10-20,1603,6,77,0
Cajamar,Cajamar,2020-10-21,1610,7,77,0
Cajamar,Cajamar,2020-10-22,1614,4,77,0
Cajamar,Cajamar,2020-10-23,1615,1,77,0
Cajamar,Cajamar,2020-10-24,1616,1,77,0
Cajamar,Cajamar,2020-10-25,1618,2,77,0
Cajamar,Cajamar,2020-10-26,1619,1,77,0
Cajamar,Cajamar,2020-10-27,1622,3,77,0
Cajamar,Cajamar,2020-10-28,1629,7,77,0
Cajamar,Cajamar,2020-10-29,1630,1,77,0
Cajamar,Cajamar,2020-10-30,1630,0,77,0
Cajamar,Cajamar,2020-10-31,1632,2,77,0
Cajamar,Cajamar,2020-11-01,1633,1,77,0
Cajamar,Cajamar,2020-11-02,1633,0,77,0
Cajamar,Cajamar,2020-11-03,1633,0,77,0
Cajamar,Cajamar,2020-11-04,1635,2,77,0
Cajamar,Cajamar,2020-11-05,1640,5,77,0
Cajamar,Cajamar,2020-11-06,1640,0,77,0
Cajamar,Cajamar,2020-11-07,1640,0,77,0
Cajamar,Cajamar,2020-11-08,1640,0,77,0
Cajamar,Cajamar,2020-11-09,1640,0,77,0
Cajamar,Cajamar,2020-11-10,1640,0,77,0
Cajamar,Cajamar,2020-11-11,1658,18,77,0
Cajamar,Cajamar,2020-11-12,1659,1,77,0
Cajamar,Cajamar,2020-11-13,1664,5,77,0
Cajamar,Cajamar,2020-11-14,1668,4,77,0
Cajamar,Cajamar,2020-11-15,1667,-1,77,0
Cajamar,Cajamar,2020-11-16,1667,0,77,0
Cajamar,Cajamar,2020-11-17,1674,7,78,1
Cajamar,Cajamar,2020-11-18,1677,3,78,0
Cajamar,Cajamar,2020-11-19,1679,2,78,0
Cajamar,Cajamar,2020-11-20,1683,4,78,0
Cajamar,Cajamar,2020-11-21,1685,2,78,0
Cajamar,Cajamar,2020-11-22,1686,1,78,0
Cajamar,Cajamar,2020-11-23,1687,1,78,0
Cajamar,Cajamar,2020-11-24,1691,4,78,0
Cajamar,Cajamar,2020-11-25,1694,3,78,0
Cajamar,Cajamar,2020-11-26,1701,7,78,0
Cajamar,Cajamar,2020-11-27,1706,5,78,0
Cajamar,Cajamar,2020-11-28,1707,1,78,0
Cajamar,Cajamar,2020-11-29,1707,0,78,0
Cajamar,Cajamar,2020-11-30,1707,0,78,0
Cajamar,Cajamar,2020-12-01,1711,4,78,0
Cajamar,Cajamar,2020-12-02,1712,1,78,0
Cajamar,Cajamar,2020-12-03,1720,8,78,0
Cajamar,Cajamar,2020-12-04,1725,5,78,0
Cajamar,Cajamar,2020-12-05,1734,9,79,1
Cajamar,Cajamar,2020-12-06,1735,1,79,0
Cajamar,Cajamar,2020-12-07,1736,1,79,0
Cajamar,Cajamar,2020-12-08,1741,5,79,0
Cajamar,Cajamar,2020-12-09,1751,10,79,0
Cajamar,Cajamar,2020-12-10,1766,15,80,1
Cajamar,Cajamar,2020-12-11,1774,8,80,0
Cajamar,Cajamar,2020-12-12,1777,3,80,0
Cajamar,Cajamar,2020-12-13,1777,0,80,0
Cajamar,Cajamar,2020-12-14,1777,0,80,0
Cajamar,Cajamar,2020-12-15,1785,8,81,1
Cajamar,Cajamar,2020-12-16,1785,0,81,0
Cajamar,Cajamar,2020-12-17,1792,7,82,1
Cajamar,Cajamar,2020-12-18,1800,8,82,0
Cajamar,Cajamar,2020-12-19,1821,21,82,0
Cajamar,Cajamar,2020-12-20,1821,0,82,0
Cajamar,Cajamar,2020-12-21,1823,2,83,1
Cajamar,Cajamar,2020-12-22,1829,6,83,0
Cajamar,Cajamar,2020-12-23,1834,5,84,1
Cajamar,Cajamar,2020-12-24,1837,3,84,0
Cajamar,Cajamar,2020-12-25,1842,5,84,0
Cajamar,Cajamar,2020-12-26,1846,4,84,0
Cajamar,Cajamar,2020-12-27,1850,4,84,0
Cajamar,Cajamar,2020-12-28,1851,1,84,0
Cajamar,Cajamar,2020-12-29,1855,4,84,0
Cajamar,Cajamar,2020-12-30,1863,8,84,0
Cajamar,Cajamar,2020-12-31,1870,7,84,0
Cajamar,Cajamar,2021-01-01,1872,2,84,0
Cajamar,Cajamar,2021-01-02,1872,0,84,0
Cajamar,Cajamar,2021-01-03,1873,1,84,0
Cajamar,Cajamar,2021-01-04,1873,0,84,0
Cajamar,Cajamar,2021-01-05,1879,6,84,0
Cajamar,Cajamar,2021-01-06,1893,14,84,0
Cajamar,Cajamar,2021-01-07,1898,5,84,0
Cajamar,Cajamar,2021-01-08,1909,11,84,0
Cajamar,Cajamar,2021-01-09,1923,14,84,0
Cajamar,Cajamar,2021-01-10,1923,0,84,0
Cajamar,Cajamar,2021-01-11,1924,1,84,0
Cajamar,Cajamar,2021-01-12,1934,10,84,0
Cajamar,Cajamar,2021-01-13,1937,3,84,0
Cajamar,Cajamar,2021-01-14,1940,3,84,0
Cajamar,Cajamar,2021-01-15,1950,10,84,0
Cajamar,Cajamar,2021-01-16,1952,2,84,0
Cajamar,Cajamar,2021-01-17,1954,2,84,0
Cajamar,Cajamar,2021-01-18,1955,1,84,0
Cajamar,Cajamar,2021-01-19,1966,11,85,1
Cajamar,Cajamar,2021-01-20,1971,5,85,0
Cajamar,Cajamar,2021-01-21,1981,10,86,1
Cajamar,Cajamar,2021-01-22,1986,5,86,0
Cajamar,Cajamar,2021-01-23,2000,14,86,0
Cajamar,Cajamar,2021-01-24,2000,0,86,0
Cajamar,Cajamar,2021-01-25,2000,0,86,0
Cajamar,Cajamar,2021-01-26,2009,9,87,1
Cajamar,Cajamar,2021-01-27,2014,5,87,0
Cajamar,Cajamar,2021-01-28,2025,11,87,0
Cajamar,Cajamar,2021-01-29,2030,5,87,0
Cajamar,Cajamar,2021-01-30,2035,5,87,0
Cajamar,Cajamar,2021-01-31,2041,6,87,0
Cajamar,Cajamar,2021-02-01,2041,0,87,0
Cajamar,Cajamar,2021-02-02,2049,8,88,1
Cajamar,Cajamar,2021-02-03,2060,11,88,0
Cajamar,Cajamar,2021-02-04,2066,6,88,0
Cajamar,Cajamar,2021-02-05,2075,9,88,0
Cajamar,Cajamar,2021-02-06,2085,10,88,0
Cajamar,Cajamar,2021-02-07,2090,5,88,0
Cajamar,Cajamar,2021-02-08,2094,4,88,0
