city,city,date,cases,daily cases,deaths,daily deaths
Cajati,Cajati,2020-03-27,0,0,0,0
Cajati,Cajati,2020-03-28,0,0,0,0
Cajati,Cajati,2020-03-29,0,0,0,0
Cajati,Cajati,2020-03-30,0,0,0,0
Cajati,Cajati,2020-03-31,0,0,0,0
Cajati,Cajati,2020-04-01,0,0,0,0
Cajati,Cajati,2020-04-02,0,0,0,0
Cajati,Cajati,2020-04-03,0,0,0,0
Cajati,Cajati,2020-04-04,0,0,0,0
Cajati,Cajati,2020-04-05,0,0,0,0
Cajati,Cajati,2020-04-06,0,0,0,0
Cajati,Cajati,2020-04-07,0,0,0,0
Cajati,Cajati,2020-04-08,0,0,0,0
Cajati,Cajati,2020-04-09,0,0,0,0
Cajati,Cajati,2020-04-10,0,0,0,0
Cajati,Cajati,2020-04-11,0,0,0,0
Cajati,Cajati,2020-04-12,0,0,0,0
Cajati,Cajati,2020-04-13,0,0,0,0
Cajati,Cajati,2020-04-14,0,0,0,0
Cajati,Cajati,2020-04-15,0,0,0,0
Cajati,Cajati,2020-04-16,0,0,0,0
Cajati,Cajati,2020-04-17,0,0,0,0
Cajati,Cajati,2020-04-18,0,0,0,0
Cajati,Cajati,2020-04-19,0,0,0,0
Cajati,Cajati,2020-04-20,0,0,0,0
Cajati,Cajati,2020-04-21,0,0,0,0
Cajati,Cajati,2020-04-22,0,0,0,0
Cajati,Cajati,2020-04-23,1,1,0,0
Cajati,Cajati,2020-04-24,4,3,0,0
Cajati,Cajati,2020-04-25,4,0,0,0
Cajati,Cajati,2020-04-26,4,0,0,0
Cajati,Cajati,2020-04-27,5,1,0,0
Cajati,Cajati,2020-04-28,5,0,0,0
Cajati,Cajati,2020-04-29,4,-1,0,0
Cajati,Cajati,2020-04-30,4,0,0,0
Cajati,Cajati,2020-05-01,5,1,0,0
Cajati,Cajati,2020-05-02,5,0,0,0
Cajati,Cajati,2020-05-03,5,0,0,0
Cajati,Cajati,2020-05-04,5,0,0,0
Cajati,Cajati,2020-05-05,5,0,0,0
Cajati,Cajati,2020-05-06,5,0,0,0
Cajati,Cajati,2020-05-07,7,2,0,0
Cajati,Cajati,2020-05-08,7,0,0,0
Cajati,Cajati,2020-05-09,7,0,0,0
Cajati,Cajati,2020-05-10,7,0,0,0
Cajati,Cajati,2020-05-11,7,0,0,0
Cajati,Cajati,2020-05-12,7,0,0,0
Cajati,Cajati,2020-05-13,8,1,0,0
Cajati,Cajati,2020-05-14,8,0,0,0
Cajati,Cajati,2020-05-15,9,1,0,0
Cajati,Cajati,2020-05-16,10,1,0,0
Cajati,Cajati,2020-05-17,10,0,0,0
Cajati,Cajati,2020-05-18,10,0,0,0
Cajati,Cajati,2020-05-19,14,4,0,0
Cajati,Cajati,2020-05-20,14,0,0,0
Cajati,Cajati,2020-05-21,14,0,0,0
Cajati,Cajati,2020-05-22,15,1,0,0
Cajati,Cajati,2020-05-23,15,0,0,0
Cajati,Cajati,2020-05-24,15,0,0,0
Cajati,Cajati,2020-05-25,16,1,0,0
Cajati,Cajati,2020-05-26,16,0,0,0
Cajati,Cajati,2020-05-27,16,0,0,0
Cajati,Cajati,2020-05-28,16,0,0,0
Cajati,Cajati,2020-05-29,17,1,0,0
Cajati,Cajati,2020-05-30,19,2,0,0
Cajati,Cajati,2020-05-31,19,0,0,0
Cajati,Cajati,2020-06-01,19,0,0,0
Cajati,Cajati,2020-06-02,19,0,0,0
Cajati,Cajati,2020-06-03,20,1,0,0
Cajati,Cajati,2020-06-04,20,0,0,0
Cajati,Cajati,2020-06-05,20,0,0,0
Cajati,Cajati,2020-06-06,20,0,0,0
Cajati,Cajati,2020-06-07,20,0,0,0
Cajati,Cajati,2020-06-08,21,1,0,0
Cajati,Cajati,2020-06-09,22,1,0,0
Cajati,Cajati,2020-06-10,24,2,0,0
Cajati,Cajati,2020-06-11,32,8,0,0
Cajati,Cajati,2020-06-12,32,0,0,0
Cajati,Cajati,2020-06-13,33,1,0,0
Cajati,Cajati,2020-06-14,33,0,0,0
Cajati,Cajati,2020-06-15,33,0,0,0
Cajati,Cajati,2020-06-16,40,7,0,0
Cajati,Cajati,2020-06-17,41,1,1,1
Cajati,Cajati,2020-06-18,42,1,2,1
Cajati,Cajati,2020-06-19,54,12,2,0
Cajati,Cajati,2020-06-20,54,0,2,0
Cajati,Cajati,2020-06-21,59,5,2,0
Cajati,Cajati,2020-06-22,59,0,2,0
Cajati,Cajati,2020-06-23,65,6,2,0
Cajati,Cajati,2020-06-24,69,4,2,0
Cajati,Cajati,2020-06-25,71,2,2,0
Cajati,Cajati,2020-06-26,76,5,2,0
Cajati,Cajati,2020-06-27,79,3,2,0
Cajati,Cajati,2020-06-28,79,0,2,0
Cajati,Cajati,2020-06-29,79,0,2,0
Cajati,Cajati,2020-06-30,79,0,2,0
Cajati,Cajati,2020-07-01,79,0,2,0
Cajati,Cajati,2020-07-02,97,18,2,0
Cajati,Cajati,2020-07-03,97,0,2,0
Cajati,Cajati,2020-07-04,99,2,2,0
Cajati,Cajati,2020-07-05,110,11,2,0
Cajati,Cajati,2020-07-06,112,2,2,0
Cajati,Cajati,2020-07-07,113,1,2,0
Cajati,Cajati,2020-07-08,174,61,2,0
Cajati,Cajati,2020-07-09,178,4,2,0
Cajati,Cajati,2020-07-10,204,26,2,0
Cajati,Cajati,2020-07-11,206,2,2,0
Cajati,Cajati,2020-07-12,206,0,2,0
Cajati,Cajati,2020-07-13,206,0,2,0
Cajati,Cajati,2020-07-14,211,5,2,0
Cajati,Cajati,2020-07-15,216,5,2,0
Cajati,Cajati,2020-07-16,231,15,2,0
Cajati,Cajati,2020-07-17,234,3,2,0
Cajati,Cajati,2020-07-18,234,0,2,0
Cajati,Cajati,2020-07-19,234,0,2,0
Cajati,Cajati,2020-07-20,237,3,2,0
Cajati,Cajati,2020-07-21,238,1,2,0
Cajati,Cajati,2020-07-22,279,41,2,0
Cajati,Cajati,2020-07-23,325,46,2,0
Cajati,Cajati,2020-07-24,354,29,3,1
Cajati,Cajati,2020-07-25,487,133,4,1
Cajati,Cajati,2020-07-26,571,84,4,0
Cajati,Cajati,2020-07-27,571,0,4,0
Cajati,Cajati,2020-07-28,571,0,4,0
Cajati,Cajati,2020-07-29,666,95,5,1
Cajati,Cajati,2020-07-30,724,58,7,2
Cajati,Cajati,2020-07-31,784,60,7,0
Cajati,Cajati,2020-08-01,790,6,7,0
Cajati,Cajati,2020-08-02,844,54,7,0
Cajati,Cajati,2020-08-03,848,4,8,1
Cajati,Cajati,2020-08-04,869,21,8,0
Cajati,Cajati,2020-08-05,871,2,9,1
Cajati,Cajati,2020-08-06,949,78,9,0
Cajati,Cajati,2020-08-07,951,2,9,0
Cajati,Cajati,2020-08-08,1077,126,10,1
Cajati,Cajati,2020-08-09,1125,48,10,0
Cajati,Cajati,2020-08-10,1125,0,10,0
Cajati,Cajati,2020-08-11,1163,38,10,0
Cajati,Cajati,2020-08-12,1191,28,10,0
Cajati,Cajati,2020-08-13,1241,50,14,4
Cajati,Cajati,2020-08-14,1261,20,15,1
Cajati,Cajati,2020-08-15,1277,16,16,1
Cajati,Cajati,2020-08-16,1277,0,16,0
Cajati,Cajati,2020-08-17,1282,5,16,0
Cajati,Cajati,2020-08-18,1313,31,18,2
Cajati,Cajati,2020-08-19,1327,14,18,0
Cajati,Cajati,2020-08-20,1348,21,19,1
Cajati,Cajati,2020-08-21,1364,16,19,0
Cajati,Cajati,2020-08-22,1409,45,19,0
Cajati,Cajati,2020-08-23,1410,1,19,0
Cajati,Cajati,2020-08-24,1410,0,19,0
Cajati,Cajati,2020-08-25,1428,18,20,1
Cajati,Cajati,2020-08-26,1428,0,21,1
Cajati,Cajati,2020-08-27,1448,20,21,0
Cajati,Cajati,2020-08-28,1461,13,21,0
Cajati,Cajati,2020-08-29,1462,1,21,0
Cajati,Cajati,2020-08-30,1462,0,21,0
Cajati,Cajati,2020-08-31,1462,0,21,0
Cajati,Cajati,2020-09-01,1468,6,21,0
Cajati,Cajati,2020-09-02,1471,3,22,1
Cajati,Cajati,2020-09-03,1473,2,22,0
Cajati,Cajati,2020-09-04,1473,0,22,0
Cajati,Cajati,2020-09-05,1473,0,22,0
Cajati,Cajati,2020-09-06,1476,3,22,0
Cajati,Cajati,2020-09-07,1477,1,23,1
Cajati,Cajati,2020-09-08,1478,1,23,0
Cajati,Cajati,2020-09-09,1479,1,23,0
Cajati,Cajati,2020-09-10,1481,2,23,0
Cajati,Cajati,2020-09-11,1482,1,23,0
Cajati,Cajati,2020-09-12,1490,8,23,0
Cajati,Cajati,2020-09-13,1490,0,23,0
Cajati,Cajati,2020-09-14,1490,0,23,0
Cajati,Cajati,2020-09-15,1491,1,24,1
Cajati,Cajati,2020-09-16,1492,1,24,0
Cajati,Cajati,2020-09-17,1495,3,24,0
Cajati,Cajati,2020-09-18,1495,0,24,0
Cajati,Cajati,2020-09-19,1496,1,24,0
Cajati,Cajati,2020-09-20,1507,11,24,0
Cajati,Cajati,2020-09-21,1507,0,24,0
Cajati,Cajati,2020-09-22,1511,4,25,1
Cajati,Cajati,2020-09-23,1512,1,25,0
Cajati,Cajati,2020-09-24,1512,0,26,1
Cajati,Cajati,2020-09-25,1516,4,26,0
Cajati,Cajati,2020-09-26,1517,1,26,0
Cajati,Cajati,2020-09-27,1517,0,26,0
Cajati,Cajati,2020-09-28,1517,0,26,0
Cajati,Cajati,2020-09-29,1519,2,26,0
Cajati,Cajati,2020-09-30,1527,8,26,0
Cajati,Cajati,2020-10-01,1535,8,26,0
Cajati,Cajati,2020-10-02,1539,4,26,0
Cajati,Cajati,2020-10-03,1542,3,26,0
Cajati,Cajati,2020-10-04,1542,0,26,0
Cajati,Cajati,2020-10-05,1542,0,26,0
Cajati,Cajati,2020-10-06,1542,0,26,0
Cajati,Cajati,2020-10-07,1560,18,27,1
Cajati,Cajati,2020-10-08,1568,8,27,0
Cajati,Cajati,2020-10-09,1600,32,27,0
Cajati,Cajati,2020-10-10,1604,4,27,0
Cajati,Cajati,2020-10-11,1604,0,27,0
Cajati,Cajati,2020-10-12,1604,0,27,0
Cajati,Cajati,2020-10-13,1604,0,27,0
Cajati,Cajati,2020-10-14,1639,35,27,0
Cajati,Cajati,2020-10-15,1642,3,27,0
Cajati,Cajati,2020-10-16,1647,5,27,0
Cajati,Cajati,2020-10-17,1683,36,27,0
Cajati,Cajati,2020-10-18,1683,0,27,0
Cajati,Cajati,2020-10-19,1684,1,27,0
Cajati,Cajati,2020-10-20,1702,18,29,2
Cajati,Cajati,2020-10-21,1716,14,29,0
Cajati,Cajati,2020-10-22,1722,6,29,0
Cajati,Cajati,2020-10-23,1733,11,29,0
Cajati,Cajati,2020-10-24,1761,28,29,0
Cajati,Cajati,2020-10-25,1761,0,29,0
Cajati,Cajati,2020-10-26,1761,0,29,0
Cajati,Cajati,2020-10-27,1768,7,29,0
Cajati,Cajati,2020-10-28,1777,9,29,0
Cajati,Cajati,2020-10-29,1782,5,29,0
Cajati,Cajati,2020-10-30,1787,5,29,0
Cajati,Cajati,2020-10-31,1787,0,29,0
Cajati,Cajati,2020-11-01,1787,0,29,0
Cajati,Cajati,2020-11-02,1787,0,29,0
Cajati,Cajati,2020-11-03,1787,0,29,0
Cajati,Cajati,2020-11-04,1792,5,29,0
Cajati,Cajati,2020-11-05,1796,4,34,5
Cajati,Cajati,2020-11-06,1796,0,34,0
Cajati,Cajati,2020-11-07,1796,0,34,0
Cajati,Cajati,2020-11-08,1796,0,34,0
Cajati,Cajati,2020-11-09,1796,0,34,0
Cajati,Cajati,2020-11-10,1796,0,34,0
Cajati,Cajati,2020-11-11,1808,12,35,1
Cajati,Cajati,2020-11-12,1817,9,35,0
Cajati,Cajati,2020-11-13,1822,5,35,0
Cajati,Cajati,2020-11-14,1846,24,35,0
Cajati,Cajati,2020-11-15,1846,0,35,0
Cajati,Cajati,2020-11-16,1846,0,35,0
Cajati,Cajati,2020-11-17,1861,15,35,0
Cajati,Cajati,2020-11-18,1875,14,35,0
Cajati,Cajati,2020-11-19,1887,12,35,0
Cajati,Cajati,2020-11-20,1898,11,35,0
Cajati,Cajati,2020-11-21,1904,6,35,0
Cajati,Cajati,2020-11-22,1905,1,35,0
Cajati,Cajati,2020-11-23,1905,0,35,0
Cajati,Cajati,2020-11-24,1919,14,35,0
Cajati,Cajati,2020-11-25,1922,3,35,0
Cajati,Cajati,2020-11-26,1924,2,35,0
Cajati,Cajati,2020-11-27,1925,1,35,0
Cajati,Cajati,2020-11-28,1929,4,35,0
Cajati,Cajati,2020-11-29,1929,0,35,0
Cajati,Cajati,2020-11-30,1931,2,35,0
Cajati,Cajati,2020-12-01,1936,5,35,0
Cajati,Cajati,2020-12-02,1947,11,35,0
Cajati,Cajati,2020-12-03,1950,3,35,0
Cajati,Cajati,2020-12-04,1952,2,35,0
Cajati,Cajati,2020-12-05,1958,6,40,5
Cajati,Cajati,2020-12-06,1957,-1,40,0
Cajati,Cajati,2020-12-07,1957,0,40,0
Cajati,Cajati,2020-12-08,1976,19,41,1
Cajati,Cajati,2020-12-09,1989,13,41,0
Cajati,Cajati,2020-12-10,1995,6,42,1
Cajati,Cajati,2020-12-11,1999,4,44,2
Cajati,Cajati,2020-12-12,2002,3,45,1
Cajati,Cajati,2020-12-13,2002,0,45,0
Cajati,Cajati,2020-12-14,2002,0,45,0
Cajati,Cajati,2020-12-15,2011,9,45,0
Cajati,Cajati,2020-12-16,2011,0,45,0
Cajati,Cajati,2020-12-17,2039,28,45,0
Cajati,Cajati,2020-12-18,2056,17,46,1
Cajati,Cajati,2020-12-19,2057,1,46,0
Cajati,Cajati,2020-12-20,2057,0,46,0
Cajati,Cajati,2020-12-21,2058,1,46,0
Cajati,Cajati,2020-12-22,2078,20,46,0
Cajati,Cajati,2020-12-23,2079,1,46,0
Cajati,Cajati,2020-12-24,2084,5,46,0
Cajati,Cajati,2020-12-25,2084,0,46,0
Cajati,Cajati,2020-12-26,2084,0,46,0
Cajati,Cajati,2020-12-27,2084,0,46,0
Cajati,Cajati,2020-12-28,2084,0,46,0
Cajati,Cajati,2020-12-29,2083,-1,47,1
Cajati,Cajati,2020-12-30,2084,1,47,0
Cajati,Cajati,2020-12-31,2085,1,47,0
Cajati,Cajati,2021-01-01,2085,0,47,0
Cajati,Cajati,2021-01-02,2085,0,47,0
Cajati,Cajati,2021-01-03,2085,0,47,0
Cajati,Cajati,2021-01-04,2085,0,47,0
Cajati,Cajati,2021-01-05,2089,4,47,0
Cajati,Cajati,2021-01-06,2170,81,47,0
Cajati,Cajati,2021-01-07,2190,20,48,1
Cajati,Cajati,2021-01-08,2190,0,48,0
Cajati,Cajati,2021-01-09,2190,0,48,0
Cajati,Cajati,2021-01-10,2190,0,48,0
Cajati,Cajati,2021-01-11,2190,0,48,0
Cajati,Cajati,2021-01-12,2226,36,48,0
Cajati,Cajati,2021-01-13,2257,31,48,0
Cajati,Cajati,2021-01-14,2264,7,48,0
Cajati,Cajati,2021-01-15,2269,5,48,0
Cajati,Cajati,2021-01-16,2293,24,48,0
Cajati,Cajati,2021-01-17,2293,0,48,0
Cajati,Cajati,2021-01-18,2293,0,48,0
Cajati,Cajati,2021-01-19,2305,12,48,0
Cajati,Cajati,2021-01-20,2305,0,48,0
Cajati,Cajati,2021-01-21,2331,26,48,0
Cajati,Cajati,2021-01-22,2336,5,48,0
Cajati,Cajati,2021-01-23,2353,17,48,0
Cajati,Cajati,2021-01-24,2353,0,48,0
Cajati,Cajati,2021-01-25,2353,0,48,0
Cajati,Cajati,2021-01-26,2361,8,48,0
Cajati,Cajati,2021-01-27,2375,14,48,0
Cajati,Cajati,2021-01-28,2377,2,49,1
Cajati,Cajati,2021-01-29,2386,9,49,0
Cajati,Cajati,2021-01-30,2386,0,49,0
Cajati,Cajati,2021-01-31,2386,0,49,0
Cajati,Cajati,2021-02-01,2386,0,49,0
Cajati,Cajati,2021-02-02,2393,7,49,0
Cajati,Cajati,2021-02-03,2398,5,49,0
Cajati,Cajati,2021-02-04,2401,3,49,0
Cajati,Cajati,2021-02-05,2401,0,49,0
Cajati,Cajati,2021-02-06,2401,0,49,0
Cajati,Cajati,2021-02-07,2401,0,49,0
Cajati,Cajati,2021-02-08,2401,0,49,0
