city,city,date,cases,daily cases,deaths,daily deaths
Caldas Novas,Caldas Novas,2020-03-27,0,0,0,0
Caldas Novas,Caldas Novas,2020-03-28,0,0,0,0
Caldas Novas,Caldas Novas,2020-03-29,0,0,0,0
Caldas Novas,Caldas Novas,2020-03-30,0,0,0,0
Caldas Novas,Caldas Novas,2020-03-31,0,0,0,0
Caldas Novas,Caldas Novas,2020-04-01,1,1,0,0
Caldas Novas,Caldas Novas,2020-04-02,1,0,0,0
Caldas Novas,Caldas Novas,2020-04-03,0,-1,0,0
Caldas Novas,Caldas Novas,2020-04-04,0,0,0,0
Caldas Novas,Caldas Novas,2020-04-05,0,0,0,0
Caldas Novas,Caldas Novas,2020-04-06,0,0,0,0
Caldas Novas,Caldas Novas,2020-04-07,0,0,0,0
Caldas Novas,Caldas Novas,2020-04-08,0,0,0,0
Caldas Novas,Caldas Novas,2020-04-09,0,0,0,0
Caldas Novas,Caldas Novas,2020-04-10,0,0,0,0
Caldas Novas,Caldas Novas,2020-04-11,1,1,0,0
Caldas Novas,Caldas Novas,2020-04-12,1,0,0,0
Caldas Novas,Caldas Novas,2020-04-13,1,0,0,0
Caldas Novas,Caldas Novas,2020-04-14,1,0,0,0
Caldas Novas,Caldas Novas,2020-04-15,1,0,0,0
Caldas Novas,Caldas Novas,2020-04-16,1,0,0,0
Caldas Novas,Caldas Novas,2020-04-17,1,0,0,0
Caldas Novas,Caldas Novas,2020-04-18,1,0,0,0
Caldas Novas,Caldas Novas,2020-04-19,1,0,0,0
Caldas Novas,Caldas Novas,2020-04-20,1,0,0,0
Caldas Novas,Caldas Novas,2020-04-21,1,0,0,0
Caldas Novas,Caldas Novas,2020-04-22,1,0,0,0
Caldas Novas,Caldas Novas,2020-04-23,1,0,0,0
Caldas Novas,Caldas Novas,2020-04-24,1,0,0,0
Caldas Novas,Caldas Novas,2020-04-25,1,0,0,0
Caldas Novas,Caldas Novas,2020-04-26,1,0,0,0
Caldas Novas,Caldas Novas,2020-04-27,1,0,0,0
Caldas Novas,Caldas Novas,2020-04-28,1,0,0,0
Caldas Novas,Caldas Novas,2020-04-29,1,0,0,0
Caldas Novas,Caldas Novas,2020-04-30,1,0,0,0
Caldas Novas,Caldas Novas,2020-05-01,1,0,0,0
Caldas Novas,Caldas Novas,2020-05-02,1,0,0,0
Caldas Novas,Caldas Novas,2020-05-03,1,0,0,0
Caldas Novas,Caldas Novas,2020-05-04,1,0,0,0
Caldas Novas,Caldas Novas,2020-05-05,1,0,0,0
Caldas Novas,Caldas Novas,2020-05-06,2,1,0,0
Caldas Novas,Caldas Novas,2020-05-07,2,0,0,0
Caldas Novas,Caldas Novas,2020-05-08,2,0,0,0
Caldas Novas,Caldas Novas,2020-05-09,2,0,0,0
Caldas Novas,Caldas Novas,2020-05-10,2,0,0,0
Caldas Novas,Caldas Novas,2020-05-11,2,0,0,0
Caldas Novas,Caldas Novas,2020-05-12,2,0,0,0
Caldas Novas,Caldas Novas,2020-05-13,2,0,0,0
Caldas Novas,Caldas Novas,2020-05-14,2,0,0,0
Caldas Novas,Caldas Novas,2020-05-15,3,1,0,0
Caldas Novas,Caldas Novas,2020-05-16,3,0,0,0
Caldas Novas,Caldas Novas,2020-05-17,3,0,0,0
Caldas Novas,Caldas Novas,2020-05-18,3,0,0,0
Caldas Novas,Caldas Novas,2020-05-19,3,0,0,0
Caldas Novas,Caldas Novas,2020-05-20,5,2,0,0
Caldas Novas,Caldas Novas,2020-05-21,6,1,0,0
Caldas Novas,Caldas Novas,2020-05-22,7,1,0,0
Caldas Novas,Caldas Novas,2020-05-23,9,2,0,0
Caldas Novas,Caldas Novas,2020-05-24,9,0,0,0
Caldas Novas,Caldas Novas,2020-05-25,9,0,0,0
Caldas Novas,Caldas Novas,2020-05-26,9,0,0,0
Caldas Novas,Caldas Novas,2020-05-27,8,-1,0,0
Caldas Novas,Caldas Novas,2020-05-28,12,4,1,1
Caldas Novas,Caldas Novas,2020-05-29,12,0,1,0
Caldas Novas,Caldas Novas,2020-05-30,12,0,1,0
Caldas Novas,Caldas Novas,2020-05-31,12,0,1,0
Caldas Novas,Caldas Novas,2020-06-01,13,1,1,0
Caldas Novas,Caldas Novas,2020-06-02,18,5,1,0
Caldas Novas,Caldas Novas,2020-06-03,19,1,2,1
Caldas Novas,Caldas Novas,2020-06-04,22,3,2,0
Caldas Novas,Caldas Novas,2020-06-05,22,0,2,0
Caldas Novas,Caldas Novas,2020-06-06,25,3,2,0
Caldas Novas,Caldas Novas,2020-06-07,25,0,2,0
Caldas Novas,Caldas Novas,2020-06-08,27,2,2,0
Caldas Novas,Caldas Novas,2020-06-09,30,3,2,0
Caldas Novas,Caldas Novas,2020-06-10,32,2,2,0
Caldas Novas,Caldas Novas,2020-06-11,40,8,2,0
Caldas Novas,Caldas Novas,2020-06-12,40,0,2,0
Caldas Novas,Caldas Novas,2020-06-13,40,0,2,0
Caldas Novas,Caldas Novas,2020-06-14,40,0,2,0
Caldas Novas,Caldas Novas,2020-06-15,42,2,3,1
Caldas Novas,Caldas Novas,2020-06-16,45,3,3,0
Caldas Novas,Caldas Novas,2020-06-17,44,-1,3,0
Caldas Novas,Caldas Novas,2020-06-18,45,1,3,0
Caldas Novas,Caldas Novas,2020-06-19,48,3,3,0
Caldas Novas,Caldas Novas,2020-06-20,51,3,3,0
Caldas Novas,Caldas Novas,2020-06-21,51,0,3,0
Caldas Novas,Caldas Novas,2020-06-22,52,1,3,0
Caldas Novas,Caldas Novas,2020-06-23,54,2,3,0
Caldas Novas,Caldas Novas,2020-06-24,59,5,3,0
Caldas Novas,Caldas Novas,2020-06-25,61,2,3,0
Caldas Novas,Caldas Novas,2020-06-26,60,-1,3,0
Caldas Novas,Caldas Novas,2020-06-27,62,2,3,0
Caldas Novas,Caldas Novas,2020-06-28,62,0,3,0
Caldas Novas,Caldas Novas,2020-06-29,64,2,3,0
Caldas Novas,Caldas Novas,2020-06-30,65,1,3,0
Caldas Novas,Caldas Novas,2020-07-01,72,7,3,0
Caldas Novas,Caldas Novas,2020-07-02,84,12,3,0
Caldas Novas,Caldas Novas,2020-07-03,84,0,3,0
Caldas Novas,Caldas Novas,2020-07-04,91,7,3,0
Caldas Novas,Caldas Novas,2020-07-05,91,0,3,0
Caldas Novas,Caldas Novas,2020-07-06,91,0,3,0
Caldas Novas,Caldas Novas,2020-07-07,106,15,4,1
Caldas Novas,Caldas Novas,2020-07-08,111,5,4,0
Caldas Novas,Caldas Novas,2020-07-09,126,15,4,0
Caldas Novas,Caldas Novas,2020-07-10,134,8,4,0
Caldas Novas,Caldas Novas,2020-07-11,139,5,5,1
Caldas Novas,Caldas Novas,2020-07-12,139,0,5,0
Caldas Novas,Caldas Novas,2020-07-13,139,0,5,0
Caldas Novas,Caldas Novas,2020-07-14,155,16,5,0
Caldas Novas,Caldas Novas,2020-07-15,169,14,5,0
Caldas Novas,Caldas Novas,2020-07-16,183,14,5,0
Caldas Novas,Caldas Novas,2020-07-17,199,16,5,0
Caldas Novas,Caldas Novas,2020-07-18,199,0,5,0
Caldas Novas,Caldas Novas,2020-07-19,199,0,5,0
Caldas Novas,Caldas Novas,2020-07-20,199,0,5,0
Caldas Novas,Caldas Novas,2020-07-21,203,4,5,0
Caldas Novas,Caldas Novas,2020-07-22,206,3,5,0
Caldas Novas,Caldas Novas,2020-07-23,255,49,5,0
Caldas Novas,Caldas Novas,2020-07-24,282,27,5,0
Caldas Novas,Caldas Novas,2020-07-25,290,8,5,0
Caldas Novas,Caldas Novas,2020-07-26,290,0,5,0
Caldas Novas,Caldas Novas,2020-07-27,298,8,5,0
Caldas Novas,Caldas Novas,2020-07-28,315,17,5,0
Caldas Novas,Caldas Novas,2020-07-29,332,17,6,1
Caldas Novas,Caldas Novas,2020-07-30,341,9,6,0
Caldas Novas,Caldas Novas,2020-07-31,364,23,7,1
Caldas Novas,Caldas Novas,2020-08-01,383,19,7,0
Caldas Novas,Caldas Novas,2020-08-02,383,0,7,0
Caldas Novas,Caldas Novas,2020-08-03,383,0,7,0
Caldas Novas,Caldas Novas,2020-08-04,401,18,8,1
Caldas Novas,Caldas Novas,2020-08-05,431,30,10,2
Caldas Novas,Caldas Novas,2020-08-06,449,18,10,0
Caldas Novas,Caldas Novas,2020-08-07,459,10,10,0
Caldas Novas,Caldas Novas,2020-08-08,476,17,10,0
Caldas Novas,Caldas Novas,2020-08-09,476,0,10,0
Caldas Novas,Caldas Novas,2020-08-10,480,4,10,0
Caldas Novas,Caldas Novas,2020-08-11,520,40,10,0
Caldas Novas,Caldas Novas,2020-08-12,530,10,10,0
Caldas Novas,Caldas Novas,2020-08-13,554,24,11,1
Caldas Novas,Caldas Novas,2020-08-14,597,43,12,1
Caldas Novas,Caldas Novas,2020-08-15,618,21,12,0
Caldas Novas,Caldas Novas,2020-08-16,619,1,12,0
Caldas Novas,Caldas Novas,2020-08-17,658,39,12,0
Caldas Novas,Caldas Novas,2020-08-18,674,16,14,2
Caldas Novas,Caldas Novas,2020-08-19,677,3,14,0
Caldas Novas,Caldas Novas,2020-08-20,731,54,16,2
Caldas Novas,Caldas Novas,2020-08-21,734,3,17,1
Caldas Novas,Caldas Novas,2020-08-22,785,51,18,1
Caldas Novas,Caldas Novas,2020-08-23,785,0,18,0
Caldas Novas,Caldas Novas,2020-08-24,797,12,18,0
Caldas Novas,Caldas Novas,2020-08-25,844,47,18,0
Caldas Novas,Caldas Novas,2020-08-26,856,12,18,0
Caldas Novas,Caldas Novas,2020-08-27,890,34,19,1
Caldas Novas,Caldas Novas,2020-08-28,912,22,19,0
Caldas Novas,Caldas Novas,2020-08-29,938,26,19,0
Caldas Novas,Caldas Novas,2020-08-30,938,0,19,0
Caldas Novas,Caldas Novas,2020-08-31,951,13,19,0
Caldas Novas,Caldas Novas,2020-09-01,980,29,22,3
Caldas Novas,Caldas Novas,2020-09-02,1001,21,22,0
Caldas Novas,Caldas Novas,2020-09-03,1001,0,22,0
Caldas Novas,Caldas Novas,2020-09-04,1036,35,24,2
Caldas Novas,Caldas Novas,2020-09-05,1059,23,25,1
Caldas Novas,Caldas Novas,2020-09-06,1059,0,25,0
Caldas Novas,Caldas Novas,2020-09-07,1058,-1,25,0
Caldas Novas,Caldas Novas,2020-09-08,1064,6,25,0
Caldas Novas,Caldas Novas,2020-09-09,1159,95,26,1
Caldas Novas,Caldas Novas,2020-09-10,1217,58,28,2
Caldas Novas,Caldas Novas,2020-09-11,1267,50,29,1
Caldas Novas,Caldas Novas,2020-09-12,1277,10,31,2
Caldas Novas,Caldas Novas,2020-09-13,1277,0,31,0
Caldas Novas,Caldas Novas,2020-09-14,1277,0,31,0
Caldas Novas,Caldas Novas,2020-09-15,1286,9,31,0
Caldas Novas,Caldas Novas,2020-09-16,1313,27,31,0
Caldas Novas,Caldas Novas,2020-09-17,1330,17,35,4
Caldas Novas,Caldas Novas,2020-09-18,1380,50,35,0
Caldas Novas,Caldas Novas,2020-09-19,1388,8,35,0
Caldas Novas,Caldas Novas,2020-09-20,1389,1,36,1
Caldas Novas,Caldas Novas,2020-09-21,1402,13,36,0
Caldas Novas,Caldas Novas,2020-09-22,1431,29,37,1
Caldas Novas,Caldas Novas,2020-09-23,1471,40,39,2
Caldas Novas,Caldas Novas,2020-09-24,1522,51,42,3
Caldas Novas,Caldas Novas,2020-09-25,1542,20,42,0
Caldas Novas,Caldas Novas,2020-09-26,1590,48,42,0
Caldas Novas,Caldas Novas,2020-09-27,1590,0,42,0
Caldas Novas,Caldas Novas,2020-09-28,1608,18,42,0
Caldas Novas,Caldas Novas,2020-09-29,1642,34,42,0
Caldas Novas,Caldas Novas,2020-09-30,1667,25,42,0
Caldas Novas,Caldas Novas,2020-10-01,1687,20,43,1
Caldas Novas,Caldas Novas,2020-10-02,1731,44,43,0
Caldas Novas,Caldas Novas,2020-10-03,1740,9,43,0
Caldas Novas,Caldas Novas,2020-10-04,1742,2,43,0
Caldas Novas,Caldas Novas,2020-10-05,1751,9,43,0
Caldas Novas,Caldas Novas,2020-10-06,1761,10,44,1
Caldas Novas,Caldas Novas,2020-10-07,1780,19,44,0
Caldas Novas,Caldas Novas,2020-10-08,1790,10,45,1
Caldas Novas,Caldas Novas,2020-10-09,1801,11,45,0
Caldas Novas,Caldas Novas,2020-10-10,1858,57,45,0
Caldas Novas,Caldas Novas,2020-10-11,1858,0,45,0
Caldas Novas,Caldas Novas,2020-10-12,1858,0,45,0
Caldas Novas,Caldas Novas,2020-10-13,1874,16,45,0
Caldas Novas,Caldas Novas,2020-10-14,1893,19,47,2
Caldas Novas,Caldas Novas,2020-10-15,1897,4,47,0
Caldas Novas,Caldas Novas,2020-10-16,1924,27,47,0
Caldas Novas,Caldas Novas,2020-10-17,1926,2,47,0
Caldas Novas,Caldas Novas,2020-10-18,1926,0,47,0
Caldas Novas,Caldas Novas,2020-10-19,1942,16,48,1
Caldas Novas,Caldas Novas,2020-10-20,1954,12,48,0
Caldas Novas,Caldas Novas,2020-10-21,1962,8,48,0
Caldas Novas,Caldas Novas,2020-10-22,1964,2,48,0
Caldas Novas,Caldas Novas,2020-10-23,1995,31,52,4
Caldas Novas,Caldas Novas,2020-10-24,2011,16,51,-1
Caldas Novas,Caldas Novas,2020-10-25,2011,0,51,0
Caldas Novas,Caldas Novas,2020-10-26,2024,13,51,0
Caldas Novas,Caldas Novas,2020-10-27,2041,17,51,0
Caldas Novas,Caldas Novas,2020-10-28,2045,4,51,0
Caldas Novas,Caldas Novas,2020-10-29,2051,6,51,0
Caldas Novas,Caldas Novas,2020-10-30,2060,9,52,1
Caldas Novas,Caldas Novas,2020-10-31,2075,15,53,1
Caldas Novas,Caldas Novas,2020-11-01,2077,2,53,0
Caldas Novas,Caldas Novas,2020-11-02,2082,5,54,1
Caldas Novas,Caldas Novas,2020-11-03,2092,10,54,0
Caldas Novas,Caldas Novas,2020-11-04,2096,4,54,0
Caldas Novas,Caldas Novas,2020-11-05,2110,14,55,1
Caldas Novas,Caldas Novas,2020-11-06,2113,3,55,0
Caldas Novas,Caldas Novas,2020-11-07,2132,19,55,0
Caldas Novas,Caldas Novas,2020-11-08,2132,0,55,0
Caldas Novas,Caldas Novas,2020-11-09,2143,11,55,0
Caldas Novas,Caldas Novas,2020-11-10,2175,32,55,0
Caldas Novas,Caldas Novas,2020-11-11,2197,22,54,-1
Caldas Novas,Caldas Novas,2020-11-12,2217,20,54,0
Caldas Novas,Caldas Novas,2020-11-13,2220,3,54,0
Caldas Novas,Caldas Novas,2020-11-14,2235,15,54,0
Caldas Novas,Caldas Novas,2020-11-15,2237,2,54,0
Caldas Novas,Caldas Novas,2020-11-16,2254,17,54,0
Caldas Novas,Caldas Novas,2020-11-17,2273,19,54,0
Caldas Novas,Caldas Novas,2020-11-18,2278,5,54,0
Caldas Novas,Caldas Novas,2020-11-19,2289,11,54,0
Caldas Novas,Caldas Novas,2020-11-20,2319,30,54,0
Caldas Novas,Caldas Novas,2020-11-21,2336,17,55,1
Caldas Novas,Caldas Novas,2020-11-22,2336,0,55,0
Caldas Novas,Caldas Novas,2020-11-23,2349,13,55,0
Caldas Novas,Caldas Novas,2020-11-24,2360,11,55,0
Caldas Novas,Caldas Novas,2020-11-25,2371,11,56,1
Caldas Novas,Caldas Novas,2020-11-26,2371,0,57,1
Caldas Novas,Caldas Novas,2020-11-27,2371,0,57,0
Caldas Novas,Caldas Novas,2020-11-28,2397,26,57,0
Caldas Novas,Caldas Novas,2020-11-29,2397,0,57,0
Caldas Novas,Caldas Novas,2020-11-30,2401,4,57,0
Caldas Novas,Caldas Novas,2020-12-01,2412,11,57,0
Caldas Novas,Caldas Novas,2020-12-02,2428,16,57,0
Caldas Novas,Caldas Novas,2020-12-03,2443,15,58,1
Caldas Novas,Caldas Novas,2020-12-04,2484,41,58,0
Caldas Novas,Caldas Novas,2020-12-05,2492,8,59,1
Caldas Novas,Caldas Novas,2020-12-06,2491,-1,59,0
Caldas Novas,Caldas Novas,2020-12-07,2499,8,59,0
Caldas Novas,Caldas Novas,2020-12-08,2537,38,59,0
Caldas Novas,Caldas Novas,2020-12-09,2592,55,58,-1
Caldas Novas,Caldas Novas,2020-12-10,2658,66,58,0
Caldas Novas,Caldas Novas,2020-12-11,2747,89,58,0
Caldas Novas,Caldas Novas,2020-12-12,2747,0,58,0
Caldas Novas,Caldas Novas,2020-12-13,2747,0,58,0
Caldas Novas,Caldas Novas,2020-12-14,2751,4,58,0
Caldas Novas,Caldas Novas,2020-12-15,2783,32,61,3
Caldas Novas,Caldas Novas,2020-12-16,2823,40,61,0
Caldas Novas,Caldas Novas,2020-12-17,2847,24,62,1
Caldas Novas,Caldas Novas,2020-12-18,2864,17,62,0
Caldas Novas,Caldas Novas,2020-12-19,2868,4,62,0
Caldas Novas,Caldas Novas,2020-12-20,2868,0,62,0
Caldas Novas,Caldas Novas,2020-12-21,2889,21,62,0
Caldas Novas,Caldas Novas,2020-12-22,2909,20,62,0
Caldas Novas,Caldas Novas,2020-12-23,2949,40,62,0
Caldas Novas,Caldas Novas,2020-12-24,2964,15,62,0
Caldas Novas,Caldas Novas,2020-12-25,2984,20,62,0
Caldas Novas,Caldas Novas,2020-12-26,2995,11,62,0
Caldas Novas,Caldas Novas,2020-12-27,2996,1,62,0
Caldas Novas,Caldas Novas,2020-12-28,2997,1,62,0
Caldas Novas,Caldas Novas,2020-12-29,3008,11,63,1
Caldas Novas,Caldas Novas,2020-12-30,3048,40,63,0
Caldas Novas,Caldas Novas,2020-12-31,3056,8,63,0
Caldas Novas,Caldas Novas,2021-01-01,3094,38,63,0
Caldas Novas,Caldas Novas,2021-01-02,3108,14,63,0
Caldas Novas,Caldas Novas,2021-01-03,3108,0,63,0
Caldas Novas,Caldas Novas,2021-01-04,3108,0,63,0
Caldas Novas,Caldas Novas,2021-01-05,3149,41,63,0
Caldas Novas,Caldas Novas,2021-01-06,3182,33,63,0
Caldas Novas,Caldas Novas,2021-01-07,3217,35,64,1
Caldas Novas,Caldas Novas,2021-01-08,3241,24,64,0
Caldas Novas,Caldas Novas,2021-01-09,3249,8,64,0
Caldas Novas,Caldas Novas,2021-01-10,3248,-1,64,0
Caldas Novas,Caldas Novas,2021-01-11,3248,0,64,0
Caldas Novas,Caldas Novas,2021-01-12,3307,59,65,1
Caldas Novas,Caldas Novas,2021-01-13,3372,65,67,2
Caldas Novas,Caldas Novas,2021-01-14,3374,2,67,0
Caldas Novas,Caldas Novas,2021-01-15,3432,58,67,0
Caldas Novas,Caldas Novas,2021-01-16,3445,13,67,0
Caldas Novas,Caldas Novas,2021-01-17,3445,0,67,0
Caldas Novas,Caldas Novas,2021-01-18,3444,-1,67,0
Caldas Novas,Caldas Novas,2021-01-19,3482,38,67,0
Caldas Novas,Caldas Novas,2021-01-20,3486,4,68,1
Caldas Novas,Caldas Novas,2021-01-21,3508,22,69,1
Caldas Novas,Caldas Novas,2021-01-22,3594,86,69,0
Caldas Novas,Caldas Novas,2021-01-23,3671,77,69,0
Caldas Novas,Caldas Novas,2021-01-24,3671,0,69,0
Caldas Novas,Caldas Novas,2021-01-25,3707,36,69,0
Caldas Novas,Caldas Novas,2021-01-26,3867,160,70,1
Caldas Novas,Caldas Novas,2021-01-27,3894,27,70,0
Caldas Novas,Caldas Novas,2021-01-28,4033,139,70,0
Caldas Novas,Caldas Novas,2021-01-29,4090,57,72,2
Caldas Novas,Caldas Novas,2021-01-30,4101,11,73,1
Caldas Novas,Caldas Novas,2021-01-31,4102,1,73,0
Caldas Novas,Caldas Novas,2021-02-01,4094,-8,73,0
Caldas Novas,Caldas Novas,2021-02-02,4259,165,75,2
Caldas Novas,Caldas Novas,2021-02-03,4322,63,76,1
Caldas Novas,Caldas Novas,2021-02-04,4352,30,79,3
Caldas Novas,Caldas Novas,2021-02-05,4398,46,79,0
Caldas Novas,Caldas Novas,2021-02-06,4452,54,79,0
Caldas Novas,Caldas Novas,2021-02-07,4496,44,79,0
Caldas Novas,Caldas Novas,2021-02-08,4496,0,79,0
