city,city,date,cases,daily cases,deaths,daily deaths
Campo Bom,Campo Bom,2020-03-27,0,0,0,0
Campo Bom,Campo Bom,2020-03-28,2,2,0,0
Campo Bom,Campo Bom,2020-03-29,2,0,0,0
Campo Bom,Campo Bom,2020-03-30,2,0,0,0
Campo Bom,Campo Bom,2020-03-31,2,0,0,0
Campo Bom,Campo Bom,2020-04-01,2,0,0,0
Campo Bom,Campo Bom,2020-04-02,2,0,0,0
Campo Bom,Campo Bom,2020-04-03,2,0,0,0
Campo Bom,Campo Bom,2020-04-04,3,1,0,0
Campo Bom,Campo Bom,2020-04-05,3,0,0,0
Campo Bom,Campo Bom,2020-04-06,3,0,0,0
Campo Bom,Campo Bom,2020-04-07,4,1,0,0
Campo Bom,Campo Bom,2020-04-08,4,0,0,0
Campo Bom,Campo Bom,2020-04-09,4,0,0,0
Campo Bom,Campo Bom,2020-04-10,4,0,0,0
Campo Bom,Campo Bom,2020-04-11,4,0,0,0
Campo Bom,Campo Bom,2020-04-12,4,0,0,0
Campo Bom,Campo Bom,2020-04-13,4,0,0,0
Campo Bom,Campo Bom,2020-04-14,4,0,0,0
Campo Bom,Campo Bom,2020-04-15,4,0,0,0
Campo Bom,Campo Bom,2020-04-16,4,0,0,0
Campo Bom,Campo Bom,2020-04-17,4,0,0,0
Campo Bom,Campo Bom,2020-04-18,4,0,0,0
Campo Bom,Campo Bom,2020-04-19,4,0,0,0
Campo Bom,Campo Bom,2020-04-20,4,0,0,0
Campo Bom,Campo Bom,2020-04-21,4,0,0,0
Campo Bom,Campo Bom,2020-04-22,4,0,0,0
Campo Bom,Campo Bom,2020-04-23,4,0,0,0
Campo Bom,Campo Bom,2020-04-24,4,0,0,0
Campo Bom,Campo Bom,2020-04-25,4,0,0,0
Campo Bom,Campo Bom,2020-04-26,4,0,0,0
Campo Bom,Campo Bom,2020-04-27,4,0,0,0
Campo Bom,Campo Bom,2020-04-28,4,0,0,0
Campo Bom,Campo Bom,2020-04-29,4,0,0,0
Campo Bom,Campo Bom,2020-04-30,4,0,0,0
Campo Bom,Campo Bom,2020-05-01,4,0,0,0
Campo Bom,Campo Bom,2020-05-02,4,0,0,0
Campo Bom,Campo Bom,2020-05-03,4,0,0,0
Campo Bom,Campo Bom,2020-05-04,4,0,0,0
Campo Bom,Campo Bom,2020-05-05,4,0,0,0
Campo Bom,Campo Bom,2020-05-06,4,0,0,0
Campo Bom,Campo Bom,2020-05-07,4,0,0,0
Campo Bom,Campo Bom,2020-05-08,4,0,0,0
Campo Bom,Campo Bom,2020-05-09,4,0,0,0
Campo Bom,Campo Bom,2020-05-10,4,0,0,0
Campo Bom,Campo Bom,2020-05-11,4,0,0,0
Campo Bom,Campo Bom,2020-05-12,4,0,0,0
Campo Bom,Campo Bom,2020-05-13,4,0,0,0
Campo Bom,Campo Bom,2020-05-14,4,0,0,0
Campo Bom,Campo Bom,2020-05-15,4,0,0,0
Campo Bom,Campo Bom,2020-05-16,4,0,0,0
Campo Bom,Campo Bom,2020-05-17,4,0,0,0
Campo Bom,Campo Bom,2020-05-18,4,0,0,0
Campo Bom,Campo Bom,2020-05-19,4,0,0,0
Campo Bom,Campo Bom,2020-05-20,4,0,0,0
Campo Bom,Campo Bom,2020-05-21,4,0,0,0
Campo Bom,Campo Bom,2020-05-22,4,0,0,0
Campo Bom,Campo Bom,2020-05-23,4,0,0,0
Campo Bom,Campo Bom,2020-05-24,4,0,0,0
Campo Bom,Campo Bom,2020-05-25,4,0,0,0
Campo Bom,Campo Bom,2020-05-26,4,0,0,0
Campo Bom,Campo Bom,2020-05-27,4,0,0,0
Campo Bom,Campo Bom,2020-05-28,4,0,0,0
Campo Bom,Campo Bom,2020-05-29,6,2,0,0
Campo Bom,Campo Bom,2020-05-30,6,0,0,0
Campo Bom,Campo Bom,2020-05-31,6,0,0,0
Campo Bom,Campo Bom,2020-06-01,6,0,0,0
Campo Bom,Campo Bom,2020-06-02,19,13,0,0
Campo Bom,Campo Bom,2020-06-03,20,1,0,0
Campo Bom,Campo Bom,2020-06-04,23,3,0,0
Campo Bom,Campo Bom,2020-06-05,24,1,0,0
Campo Bom,Campo Bom,2020-06-06,24,0,0,0
Campo Bom,Campo Bom,2020-06-07,24,0,0,0
Campo Bom,Campo Bom,2020-06-08,24,0,0,0
Campo Bom,Campo Bom,2020-06-09,26,2,0,0
Campo Bom,Campo Bom,2020-06-10,28,2,0,0
Campo Bom,Campo Bom,2020-06-11,40,12,0,0
Campo Bom,Campo Bom,2020-06-12,42,2,1,1
Campo Bom,Campo Bom,2020-06-13,48,6,1,0
Campo Bom,Campo Bom,2020-06-14,49,1,1,0
Campo Bom,Campo Bom,2020-06-15,62,13,1,0
Campo Bom,Campo Bom,2020-06-16,68,6,1,0
Campo Bom,Campo Bom,2020-06-17,76,8,2,1
Campo Bom,Campo Bom,2020-06-18,94,18,2,0
Campo Bom,Campo Bom,2020-06-19,108,14,2,0
Campo Bom,Campo Bom,2020-06-20,108,0,2,0
Campo Bom,Campo Bom,2020-06-21,108,0,2,0
Campo Bom,Campo Bom,2020-06-22,111,3,5,3
Campo Bom,Campo Bom,2020-06-23,128,17,5,0
Campo Bom,Campo Bom,2020-06-24,153,25,5,0
Campo Bom,Campo Bom,2020-06-25,156,3,5,0
Campo Bom,Campo Bom,2020-06-26,161,5,7,2
Campo Bom,Campo Bom,2020-06-27,169,8,7,0
Campo Bom,Campo Bom,2020-06-28,169,0,7,0
Campo Bom,Campo Bom,2020-06-29,177,8,7,0
Campo Bom,Campo Bom,2020-06-30,190,13,9,2
Campo Bom,Campo Bom,2020-07-01,207,17,10,1
Campo Bom,Campo Bom,2020-07-02,230,23,10,0
Campo Bom,Campo Bom,2020-07-03,243,13,11,1
Campo Bom,Campo Bom,2020-07-04,257,14,11,0
Campo Bom,Campo Bom,2020-07-05,257,0,11,0
Campo Bom,Campo Bom,2020-07-06,258,1,11,0
Campo Bom,Campo Bom,2020-07-07,296,38,11,0
Campo Bom,Campo Bom,2020-07-08,324,28,12,1
Campo Bom,Campo Bom,2020-07-09,332,8,12,0
Campo Bom,Campo Bom,2020-07-10,348,16,16,4
Campo Bom,Campo Bom,2020-07-11,354,6,16,0
Campo Bom,Campo Bom,2020-07-12,354,0,16,0
Campo Bom,Campo Bom,2020-07-13,355,1,16,0
Campo Bom,Campo Bom,2020-07-14,398,43,17,1
Campo Bom,Campo Bom,2020-07-15,409,11,18,1
Campo Bom,Campo Bom,2020-07-16,416,7,18,0
Campo Bom,Campo Bom,2020-07-17,422,6,18,0
Campo Bom,Campo Bom,2020-07-18,423,1,18,0
Campo Bom,Campo Bom,2020-07-19,423,0,18,0
Campo Bom,Campo Bom,2020-07-20,423,0,18,0
Campo Bom,Campo Bom,2020-07-21,436,13,20,2
Campo Bom,Campo Bom,2020-07-22,496,60,21,1
Campo Bom,Campo Bom,2020-07-23,527,31,21,0
Campo Bom,Campo Bom,2020-07-24,539,12,21,0
Campo Bom,Campo Bom,2020-07-25,580,41,23,2
Campo Bom,Campo Bom,2020-07-26,580,0,23,0
Campo Bom,Campo Bom,2020-07-27,582,2,24,1
Campo Bom,Campo Bom,2020-07-28,725,143,24,0
Campo Bom,Campo Bom,2020-07-29,797,72,25,1
Campo Bom,Campo Bom,2020-07-30,826,29,27,2
Campo Bom,Campo Bom,2020-07-31,828,2,27,0
Campo Bom,Campo Bom,2020-08-01,996,168,28,1
Campo Bom,Campo Bom,2020-08-02,989,-7,28,0
Campo Bom,Campo Bom,2020-08-03,989,0,28,0
Campo Bom,Campo Bom,2020-08-04,1021,32,28,0
Campo Bom,Campo Bom,2020-08-05,1123,102,28,0
Campo Bom,Campo Bom,2020-08-06,1172,49,29,1
Campo Bom,Campo Bom,2020-08-07,1172,0,29,0
Campo Bom,Campo Bom,2020-08-08,1270,98,30,1
Campo Bom,Campo Bom,2020-08-09,1270,0,30,0
Campo Bom,Campo Bom,2020-08-10,1271,1,30,0
Campo Bom,Campo Bom,2020-08-11,1334,63,30,0
Campo Bom,Campo Bom,2020-08-12,1351,17,31,1
Campo Bom,Campo Bom,2020-08-13,1374,23,31,0
Campo Bom,Campo Bom,2020-08-14,1416,42,31,0
Campo Bom,Campo Bom,2020-08-15,1446,30,31,0
Campo Bom,Campo Bom,2020-08-16,1446,0,31,0
Campo Bom,Campo Bom,2020-08-17,1446,0,31,0
Campo Bom,Campo Bom,2020-08-18,1477,31,32,1
Campo Bom,Campo Bom,2020-08-19,1502,25,32,0
Campo Bom,Campo Bom,2020-08-20,1502,0,34,2
Campo Bom,Campo Bom,2020-08-21,1504,2,36,2
Campo Bom,Campo Bom,2020-08-22,1568,64,36,0
Campo Bom,Campo Bom,2020-08-23,1570,2,36,0
Campo Bom,Campo Bom,2020-08-24,1570,0,36,0
Campo Bom,Campo Bom,2020-08-25,1614,44,36,0
Campo Bom,Campo Bom,2020-08-26,1654,40,36,0
Campo Bom,Campo Bom,2020-08-27,1675,21,37,1
Campo Bom,Campo Bom,2020-08-28,1701,26,37,0
Campo Bom,Campo Bom,2020-08-29,1724,23,37,0
Campo Bom,Campo Bom,2020-08-30,1724,0,37,0
Campo Bom,Campo Bom,2020-08-31,1726,2,37,0
Campo Bom,Campo Bom,2020-09-01,1769,43,37,0
Campo Bom,Campo Bom,2020-09-02,1801,32,38,1
Campo Bom,Campo Bom,2020-09-03,1811,10,38,0
Campo Bom,Campo Bom,2020-09-04,1851,40,38,0
Campo Bom,Campo Bom,2020-09-05,1883,32,38,0
Campo Bom,Campo Bom,2020-09-06,1883,0,38,0
Campo Bom,Campo Bom,2020-09-07,1883,0,38,0
Campo Bom,Campo Bom,2020-09-08,1883,0,38,0
Campo Bom,Campo Bom,2020-09-09,1935,52,39,1
Campo Bom,Campo Bom,2020-09-10,1950,15,39,0
Campo Bom,Campo Bom,2020-09-11,2001,51,39,0
Campo Bom,Campo Bom,2020-09-12,2027,26,39,0
Campo Bom,Campo Bom,2020-09-13,2028,1,39,0
Campo Bom,Campo Bom,2020-09-14,2028,0,40,1
Campo Bom,Campo Bom,2020-09-15,2041,13,40,0
Campo Bom,Campo Bom,2020-09-16,2073,32,40,0
Campo Bom,Campo Bom,2020-09-17,2121,48,40,0
Campo Bom,Campo Bom,2020-09-18,2131,10,40,0
Campo Bom,Campo Bom,2020-09-19,2145,14,40,0
Campo Bom,Campo Bom,2020-09-20,2144,-1,40,0
Campo Bom,Campo Bom,2020-09-21,2144,0,41,1
Campo Bom,Campo Bom,2020-09-22,2160,16,42,1
Campo Bom,Campo Bom,2020-09-23,2163,3,42,0
Campo Bom,Campo Bom,2020-09-24,2169,6,42,0
Campo Bom,Campo Bom,2020-09-25,2195,26,43,1
Campo Bom,Campo Bom,2020-09-26,2214,19,43,0
Campo Bom,Campo Bom,2020-09-27,2214,0,43,0
Campo Bom,Campo Bom,2020-09-28,2214,0,43,0
Campo Bom,Campo Bom,2020-09-29,2251,37,45,2
Campo Bom,Campo Bom,2020-09-30,2256,5,47,2
Campo Bom,Campo Bom,2020-10-01,2261,5,47,0
Campo Bom,Campo Bom,2020-10-02,2292,31,47,0
Campo Bom,Campo Bom,2020-10-03,2325,33,47,0
Campo Bom,Campo Bom,2020-10-04,2325,0,47,0
Campo Bom,Campo Bom,2020-10-05,2325,0,47,0
Campo Bom,Campo Bom,2020-10-06,2341,16,47,0
Campo Bom,Campo Bom,2020-10-07,2360,19,47,0
Campo Bom,Campo Bom,2020-10-08,2391,31,47,0
Campo Bom,Campo Bom,2020-10-09,2408,17,47,0
Campo Bom,Campo Bom,2020-10-10,2428,20,47,0
Campo Bom,Campo Bom,2020-10-11,2428,0,47,0
Campo Bom,Campo Bom,2020-10-12,2428,0,47,0
Campo Bom,Campo Bom,2020-10-13,2428,0,47,0
Campo Bom,Campo Bom,2020-10-14,2466,38,47,0
Campo Bom,Campo Bom,2020-10-15,2480,14,47,0
Campo Bom,Campo Bom,2020-10-16,2510,30,47,0
Campo Bom,Campo Bom,2020-10-17,2520,10,47,0
Campo Bom,Campo Bom,2020-10-18,2520,0,47,0
Campo Bom,Campo Bom,2020-10-19,2547,27,48,1
Campo Bom,Campo Bom,2020-10-20,2558,11,48,0
Campo Bom,Campo Bom,2020-10-21,2565,7,48,0
Campo Bom,Campo Bom,2020-10-22,2575,10,48,0
Campo Bom,Campo Bom,2020-10-23,2605,30,48,0
Campo Bom,Campo Bom,2020-10-24,2617,12,48,0
Campo Bom,Campo Bom,2020-10-25,2617,0,48,0
Campo Bom,Campo Bom,2020-10-26,2618,1,49,1
Campo Bom,Campo Bom,2020-10-27,2653,35,49,0
Campo Bom,Campo Bom,2020-10-28,2679,26,50,1
Campo Bom,Campo Bom,2020-10-29,2679,0,51,1
Campo Bom,Campo Bom,2020-10-30,2679,0,51,0
Campo Bom,Campo Bom,2020-10-31,2751,72,51,0
Campo Bom,Campo Bom,2020-11-01,2751,0,51,0
Campo Bom,Campo Bom,2020-11-02,2751,0,51,0
Campo Bom,Campo Bom,2020-11-03,2751,0,51,0
Campo Bom,Campo Bom,2020-11-04,2800,49,51,0
Campo Bom,Campo Bom,2020-11-05,2802,2,51,0
Campo Bom,Campo Bom,2020-11-06,2855,53,51,0
Campo Bom,Campo Bom,2020-11-07,2878,23,51,0
Campo Bom,Campo Bom,2020-11-08,2878,0,51,0
Campo Bom,Campo Bom,2020-11-09,2879,1,51,0
Campo Bom,Campo Bom,2020-11-10,2915,36,51,0
Campo Bom,Campo Bom,2020-11-11,2949,34,51,0
Campo Bom,Campo Bom,2020-11-12,2993,44,52,1
Campo Bom,Campo Bom,2020-11-13,3033,40,52,0
Campo Bom,Campo Bom,2020-11-14,3084,51,52,0
Campo Bom,Campo Bom,2020-11-15,3084,0,52,0
Campo Bom,Campo Bom,2020-11-16,3087,3,52,0
Campo Bom,Campo Bom,2020-11-17,3116,29,52,0
Campo Bom,Campo Bom,2020-11-18,3193,77,53,1
Campo Bom,Campo Bom,2020-11-19,3252,59,54,1
Campo Bom,Campo Bom,2020-11-20,3278,26,54,0
Campo Bom,Campo Bom,2020-11-21,3345,67,55,1
Campo Bom,Campo Bom,2020-11-22,3345,0,55,0
Campo Bom,Campo Bom,2020-11-23,3345,0,55,0
Campo Bom,Campo Bom,2020-11-24,3347,2,55,0
Campo Bom,Campo Bom,2020-11-25,3500,153,56,1
Campo Bom,Campo Bom,2020-11-26,3561,61,57,1
Campo Bom,Campo Bom,2020-11-27,3599,38,57,0
Campo Bom,Campo Bom,2020-11-28,3724,125,59,2
Campo Bom,Campo Bom,2020-11-29,3724,0,59,0
Campo Bom,Campo Bom,2020-11-30,3725,1,59,0
Campo Bom,Campo Bom,2020-12-01,3766,41,60,1
Campo Bom,Campo Bom,2020-12-02,3889,123,60,0
Campo Bom,Campo Bom,2020-12-03,3995,106,60,0
Campo Bom,Campo Bom,2020-12-04,4075,80,60,0
Campo Bom,Campo Bom,2020-12-05,4135,60,60,0
Campo Bom,Campo Bom,2020-12-06,4137,2,60,0
Campo Bom,Campo Bom,2020-12-07,4135,-2,61,1
Campo Bom,Campo Bom,2020-12-08,4157,22,63,2
Campo Bom,Campo Bom,2020-12-09,4267,110,66,3
Campo Bom,Campo Bom,2020-12-10,4349,82,66,0
Campo Bom,Campo Bom,2020-12-11,4440,91,66,0
Campo Bom,Campo Bom,2020-12-12,4530,90,66,0
Campo Bom,Campo Bom,2020-12-13,4534,4,66,0
Campo Bom,Campo Bom,2020-12-14,4535,1,67,1
Campo Bom,Campo Bom,2020-12-15,4537,2,67,0
Campo Bom,Campo Bom,2020-12-16,4603,66,67,0
Campo Bom,Campo Bom,2020-12-17,4678,75,68,1
Campo Bom,Campo Bom,2020-12-18,4771,93,70,2
Campo Bom,Campo Bom,2020-12-19,4826,55,70,0
Campo Bom,Campo Bom,2020-12-20,4826,0,70,0
Campo Bom,Campo Bom,2020-12-21,4826,0,71,1
Campo Bom,Campo Bom,2020-12-22,4877,51,73,2
Campo Bom,Campo Bom,2020-12-23,4874,-3,73,0
Campo Bom,Campo Bom,2020-12-24,4992,118,73,0
Campo Bom,Campo Bom,2020-12-25,4993,1,73,0
Campo Bom,Campo Bom,2020-12-26,4995,2,73,0
Campo Bom,Campo Bom,2020-12-27,4995,0,73,0
Campo Bom,Campo Bom,2020-12-28,4996,1,73,0
Campo Bom,Campo Bom,2020-12-29,5097,101,76,3
Campo Bom,Campo Bom,2020-12-30,5130,33,78,2
Campo Bom,Campo Bom,2020-12-31,5208,78,80,2
Campo Bom,Campo Bom,2021-01-01,5213,5,80,0
Campo Bom,Campo Bom,2021-01-02,5213,0,80,0
Campo Bom,Campo Bom,2021-01-03,5215,2,80,0
Campo Bom,Campo Bom,2021-01-04,5216,1,82,2
Campo Bom,Campo Bom,2021-01-05,5264,48,82,0
Campo Bom,Campo Bom,2021-01-06,5283,19,84,2
Campo Bom,Campo Bom,2021-01-07,5356,73,84,0
Campo Bom,Campo Bom,2021-01-08,5379,23,84,0
Campo Bom,Campo Bom,2021-01-09,5386,7,84,0
Campo Bom,Campo Bom,2021-01-10,5388,2,84,0
Campo Bom,Campo Bom,2021-01-11,5389,1,86,2
Campo Bom,Campo Bom,2021-01-12,5475,86,87,1
Campo Bom,Campo Bom,2021-01-13,5524,49,88,1
Campo Bom,Campo Bom,2021-01-14,5539,15,90,2
Campo Bom,Campo Bom,2021-01-15,5569,30,90,0
Campo Bom,Campo Bom,2021-01-16,5573,4,90,0
Campo Bom,Campo Bom,2021-01-17,5574,1,91,1
Campo Bom,Campo Bom,2021-01-18,5574,0,91,0
Campo Bom,Campo Bom,2021-01-19,5630,56,91,0
Campo Bom,Campo Bom,2021-01-20,5651,21,91,0
Campo Bom,Campo Bom,2021-01-21,5679,28,91,0
Campo Bom,Campo Bom,2021-01-22,5705,26,91,0
Campo Bom,Campo Bom,2021-01-23,5720,15,91,0
Campo Bom,Campo Bom,2021-01-24,5721,1,91,0
Campo Bom,Campo Bom,2021-01-25,5722,1,91,0
Campo Bom,Campo Bom,2021-01-26,5760,38,91,0
Campo Bom,Campo Bom,2021-01-27,5768,8,92,1
Campo Bom,Campo Bom,2021-01-28,5789,21,92,0
Campo Bom,Campo Bom,2021-01-29,5807,18,92,0
Campo Bom,Campo Bom,2021-01-30,5818,11,92,0
Campo Bom,Campo Bom,2021-01-31,5818,0,92,0
Campo Bom,Campo Bom,2021-02-01,5818,0,92,0
Campo Bom,Campo Bom,2021-02-02,5857,39,92,0
Campo Bom,Campo Bom,2021-02-03,5871,14,93,1
Campo Bom,Campo Bom,2021-02-04,5902,31,93,0
Campo Bom,Campo Bom,2021-02-05,5924,22,93,0
Campo Bom,Campo Bom,2021-02-06,5942,18,93,0
Campo Bom,Campo Bom,2021-02-07,5942,0,93,0
Campo Bom,Campo Bom,2021-02-08,5943,1,95,2
