city,city,date,cases,daily cases,deaths,daily deaths
Campo Maior,Campo Maior,2020-03-27,0,0,0,0
Campo Maior,Campo Maior,2020-03-28,0,0,0,0
Campo Maior,Campo Maior,2020-03-29,0,0,0,0
Campo Maior,Campo Maior,2020-03-30,0,0,0,0
Campo Maior,Campo Maior,2020-03-31,0,0,0,0
Campo Maior,Campo Maior,2020-04-01,0,0,0,0
Campo Maior,Campo Maior,2020-04-02,0,0,0,0
Campo Maior,Campo Maior,2020-04-03,1,1,0,0
Campo Maior,Campo Maior,2020-04-04,1,0,0,0
Campo Maior,Campo Maior,2020-04-05,1,0,0,0
Campo Maior,Campo Maior,2020-04-06,1,0,0,0
Campo Maior,Campo Maior,2020-04-07,1,0,0,0
Campo Maior,Campo Maior,2020-04-08,1,0,0,0
Campo Maior,Campo Maior,2020-04-09,1,0,0,0
Campo Maior,Campo Maior,2020-04-10,1,0,0,0
Campo Maior,Campo Maior,2020-04-11,1,0,0,0
Campo Maior,Campo Maior,2020-04-12,1,0,0,0
Campo Maior,Campo Maior,2020-04-13,1,0,0,0
Campo Maior,Campo Maior,2020-04-14,1,0,0,0
Campo Maior,Campo Maior,2020-04-15,1,0,0,0
Campo Maior,Campo Maior,2020-04-16,1,0,0,0
Campo Maior,Campo Maior,2020-04-17,1,0,0,0
Campo Maior,Campo Maior,2020-04-18,2,1,0,0
Campo Maior,Campo Maior,2020-04-19,2,0,0,0
Campo Maior,Campo Maior,2020-04-20,2,0,0,0
Campo Maior,Campo Maior,2020-04-21,3,1,0,0
Campo Maior,Campo Maior,2020-04-22,3,0,0,0
Campo Maior,Campo Maior,2020-04-23,3,0,0,0
Campo Maior,Campo Maior,2020-04-24,4,1,0,0
Campo Maior,Campo Maior,2020-04-25,3,-1,0,0
Campo Maior,Campo Maior,2020-04-26,3,0,0,0
Campo Maior,Campo Maior,2020-04-27,3,0,0,0
Campo Maior,Campo Maior,2020-04-28,3,0,0,0
Campo Maior,Campo Maior,2020-04-29,3,0,0,0
Campo Maior,Campo Maior,2020-04-30,4,1,0,0
Campo Maior,Campo Maior,2020-05-01,6,2,0,0
Campo Maior,Campo Maior,2020-05-02,7,1,0,0
Campo Maior,Campo Maior,2020-05-03,7,0,0,0
Campo Maior,Campo Maior,2020-05-04,10,3,0,0
Campo Maior,Campo Maior,2020-05-05,14,4,0,0
Campo Maior,Campo Maior,2020-05-06,16,2,0,0
Campo Maior,Campo Maior,2020-05-07,17,1,0,0
Campo Maior,Campo Maior,2020-05-08,17,0,0,0
Campo Maior,Campo Maior,2020-05-09,20,3,0,0
Campo Maior,Campo Maior,2020-05-10,20,0,0,0
Campo Maior,Campo Maior,2020-05-11,21,1,0,0
Campo Maior,Campo Maior,2020-05-12,32,11,0,0
Campo Maior,Campo Maior,2020-05-13,35,3,0,0
Campo Maior,Campo Maior,2020-05-14,37,2,0,0
Campo Maior,Campo Maior,2020-05-15,42,5,0,0
Campo Maior,Campo Maior,2020-05-16,68,26,0,0
Campo Maior,Campo Maior,2020-05-17,70,2,0,0
Campo Maior,Campo Maior,2020-05-18,72,2,0,0
Campo Maior,Campo Maior,2020-05-19,76,4,0,0
Campo Maior,Campo Maior,2020-05-20,76,0,0,0
Campo Maior,Campo Maior,2020-05-21,79,3,0,0
Campo Maior,Campo Maior,2020-05-22,82,3,0,0
Campo Maior,Campo Maior,2020-05-23,96,14,1,1
Campo Maior,Campo Maior,2020-05-24,97,1,1,0
Campo Maior,Campo Maior,2020-05-25,100,3,1,0
Campo Maior,Campo Maior,2020-05-26,105,5,2,1
Campo Maior,Campo Maior,2020-05-27,111,6,3,1
Campo Maior,Campo Maior,2020-05-28,116,5,3,0
Campo Maior,Campo Maior,2020-05-29,121,5,3,0
Campo Maior,Campo Maior,2020-05-30,130,9,3,0
Campo Maior,Campo Maior,2020-05-31,131,1,3,0
Campo Maior,Campo Maior,2020-06-01,137,6,3,0
Campo Maior,Campo Maior,2020-06-02,161,24,3,0
Campo Maior,Campo Maior,2020-06-03,171,10,4,1
Campo Maior,Campo Maior,2020-06-04,178,7,4,0
Campo Maior,Campo Maior,2020-06-05,195,17,4,0
Campo Maior,Campo Maior,2020-06-06,203,8,4,0
Campo Maior,Campo Maior,2020-06-07,209,6,4,0
Campo Maior,Campo Maior,2020-06-08,208,-1,5,1
Campo Maior,Campo Maior,2020-06-09,218,10,5,0
Campo Maior,Campo Maior,2020-06-10,234,16,6,1
Campo Maior,Campo Maior,2020-06-11,248,14,6,0
Campo Maior,Campo Maior,2020-06-12,266,18,6,0
Campo Maior,Campo Maior,2020-06-13,285,19,6,0
Campo Maior,Campo Maior,2020-06-14,294,9,7,1
Campo Maior,Campo Maior,2020-06-15,298,4,7,0
Campo Maior,Campo Maior,2020-06-16,323,25,7,0
Campo Maior,Campo Maior,2020-06-17,346,23,7,0
Campo Maior,Campo Maior,2020-06-18,381,35,7,0
Campo Maior,Campo Maior,2020-06-19,413,32,7,0
Campo Maior,Campo Maior,2020-06-20,457,44,8,1
Campo Maior,Campo Maior,2020-06-21,466,9,9,1
Campo Maior,Campo Maior,2020-06-22,468,2,9,0
Campo Maior,Campo Maior,2020-06-23,500,32,9,0
Campo Maior,Campo Maior,2020-06-24,546,46,9,0
Campo Maior,Campo Maior,2020-06-25,580,34,9,0
Campo Maior,Campo Maior,2020-06-26,622,42,9,0
Campo Maior,Campo Maior,2020-06-27,644,22,9,0
Campo Maior,Campo Maior,2020-06-28,661,17,9,0
Campo Maior,Campo Maior,2020-06-29,684,23,11,2
Campo Maior,Campo Maior,2020-06-30,709,25,11,0
Campo Maior,Campo Maior,2020-07-01,759,50,11,0
Campo Maior,Campo Maior,2020-07-02,790,31,11,0
Campo Maior,Campo Maior,2020-07-03,831,41,13,2
Campo Maior,Campo Maior,2020-07-04,879,48,14,1
Campo Maior,Campo Maior,2020-07-05,889,10,15,1
Campo Maior,Campo Maior,2020-07-06,891,2,16,1
Campo Maior,Campo Maior,2020-07-07,927,36,17,1
Campo Maior,Campo Maior,2020-07-08,946,19,17,0
Campo Maior,Campo Maior,2020-07-09,985,39,17,0
Campo Maior,Campo Maior,2020-07-10,1024,39,17,0
Campo Maior,Campo Maior,2020-07-11,1041,17,18,1
Campo Maior,Campo Maior,2020-07-12,1056,15,19,1
Campo Maior,Campo Maior,2020-07-13,1060,4,19,0
Campo Maior,Campo Maior,2020-07-14,1066,6,21,2
Campo Maior,Campo Maior,2020-07-15,1151,85,23,2
Campo Maior,Campo Maior,2020-07-16,1208,57,26,3
Campo Maior,Campo Maior,2020-07-17,1236,28,26,0
Campo Maior,Campo Maior,2020-07-18,1253,17,26,0
Campo Maior,Campo Maior,2020-07-19,1302,49,26,0
Campo Maior,Campo Maior,2020-07-20,1305,3,26,0
Campo Maior,Campo Maior,2020-07-21,1305,0,26,0
Campo Maior,Campo Maior,2020-07-22,1335,30,26,0
Campo Maior,Campo Maior,2020-07-23,1358,23,27,1
Campo Maior,Campo Maior,2020-07-24,1402,44,27,0
Campo Maior,Campo Maior,2020-07-25,1423,21,27,0
Campo Maior,Campo Maior,2020-07-26,1493,70,27,0
Campo Maior,Campo Maior,2020-07-27,1526,33,27,0
Campo Maior,Campo Maior,2020-07-28,1592,66,27,0
Campo Maior,Campo Maior,2020-07-29,1655,63,28,1
Campo Maior,Campo Maior,2020-07-30,1680,25,28,0
Campo Maior,Campo Maior,2020-07-31,1684,4,30,2
Campo Maior,Campo Maior,2020-08-01,1691,7,30,0
Campo Maior,Campo Maior,2020-08-02,1698,7,30,0
Campo Maior,Campo Maior,2020-08-03,1697,-1,31,1
Campo Maior,Campo Maior,2020-08-04,1704,7,31,0
Campo Maior,Campo Maior,2020-08-05,1745,41,31,0
Campo Maior,Campo Maior,2020-08-06,1795,50,32,1
Campo Maior,Campo Maior,2020-08-07,1825,30,32,0
Campo Maior,Campo Maior,2020-08-08,1862,37,32,0
Campo Maior,Campo Maior,2020-08-09,1874,12,32,0
Campo Maior,Campo Maior,2020-08-10,1876,2,34,2
Campo Maior,Campo Maior,2020-08-11,1887,11,35,1
Campo Maior,Campo Maior,2020-08-12,1895,8,35,0
Campo Maior,Campo Maior,2020-08-13,1898,3,36,1
Campo Maior,Campo Maior,2020-08-14,1906,8,37,1
Campo Maior,Campo Maior,2020-08-15,1914,8,37,0
Campo Maior,Campo Maior,2020-08-16,1915,1,37,0
Campo Maior,Campo Maior,2020-08-17,1917,2,37,0
Campo Maior,Campo Maior,2020-08-18,1930,13,38,1
Campo Maior,Campo Maior,2020-08-19,1945,15,38,0
Campo Maior,Campo Maior,2020-08-20,1957,12,38,0
Campo Maior,Campo Maior,2020-08-21,1959,2,39,1
Campo Maior,Campo Maior,2020-08-22,1973,14,40,1
Campo Maior,Campo Maior,2020-08-23,1974,1,40,0
Campo Maior,Campo Maior,2020-08-24,1975,1,41,1
Campo Maior,Campo Maior,2020-08-25,1986,11,41,0
Campo Maior,Campo Maior,2020-08-26,1992,6,41,0
Campo Maior,Campo Maior,2020-08-27,2011,19,41,0
Campo Maior,Campo Maior,2020-08-28,2056,45,41,0
Campo Maior,Campo Maior,2020-08-29,2065,9,41,0
Campo Maior,Campo Maior,2020-08-30,2065,0,41,0
Campo Maior,Campo Maior,2020-08-31,2067,2,41,0
Campo Maior,Campo Maior,2020-09-01,2067,0,41,0
Campo Maior,Campo Maior,2020-09-02,2103,36,41,0
Campo Maior,Campo Maior,2020-09-03,2122,19,41,0
Campo Maior,Campo Maior,2020-09-04,2129,7,41,0
Campo Maior,Campo Maior,2020-09-05,2132,3,41,0
Campo Maior,Campo Maior,2020-09-06,2136,4,41,0
Campo Maior,Campo Maior,2020-09-07,2136,0,41,0
Campo Maior,Campo Maior,2020-09-08,2139,3,41,0
Campo Maior,Campo Maior,2020-09-09,2144,5,41,0
Campo Maior,Campo Maior,2020-09-10,2183,39,41,0
Campo Maior,Campo Maior,2020-09-11,2210,27,41,0
Campo Maior,Campo Maior,2020-09-12,2203,-7,42,1
Campo Maior,Campo Maior,2020-09-13,2212,9,42,0
Campo Maior,Campo Maior,2020-09-14,2209,-3,42,0
Campo Maior,Campo Maior,2020-09-15,2214,5,43,1
Campo Maior,Campo Maior,2020-09-16,2234,20,43,0
Campo Maior,Campo Maior,2020-09-17,2252,18,43,0
Campo Maior,Campo Maior,2020-09-18,2265,13,43,0
Campo Maior,Campo Maior,2020-09-19,2267,2,43,0
Campo Maior,Campo Maior,2020-09-20,2270,3,43,0
Campo Maior,Campo Maior,2020-09-21,2271,1,43,0
Campo Maior,Campo Maior,2020-09-22,2282,11,43,0
Campo Maior,Campo Maior,2020-09-23,2290,8,43,0
Campo Maior,Campo Maior,2020-09-24,2295,5,43,0
Campo Maior,Campo Maior,2020-09-25,2299,4,43,0
Campo Maior,Campo Maior,2020-09-26,2304,5,43,0
Campo Maior,Campo Maior,2020-09-27,2311,7,43,0
Campo Maior,Campo Maior,2020-09-28,2312,1,44,1
Campo Maior,Campo Maior,2020-09-29,2313,1,44,0
Campo Maior,Campo Maior,2020-09-30,2320,7,44,0
Campo Maior,Campo Maior,2020-10-01,2328,8,44,0
Campo Maior,Campo Maior,2020-10-02,2334,6,44,0
Campo Maior,Campo Maior,2020-10-03,2346,12,44,0
Campo Maior,Campo Maior,2020-10-04,2348,2,44,0
Campo Maior,Campo Maior,2020-10-05,2349,1,45,1
Campo Maior,Campo Maior,2020-10-06,2357,8,45,0
Campo Maior,Campo Maior,2020-10-07,2362,5,46,1
Campo Maior,Campo Maior,2020-10-08,2366,4,46,0
Campo Maior,Campo Maior,2020-10-09,2371,5,46,0
Campo Maior,Campo Maior,2020-10-10,2377,6,46,0
Campo Maior,Campo Maior,2020-10-11,2378,1,46,0
Campo Maior,Campo Maior,2020-10-12,2378,0,46,0
Campo Maior,Campo Maior,2020-10-13,2391,13,46,0
Campo Maior,Campo Maior,2020-10-14,2400,9,46,0
Campo Maior,Campo Maior,2020-10-15,2403,3,46,0
Campo Maior,Campo Maior,2020-10-16,2411,8,46,0
Campo Maior,Campo Maior,2020-10-17,2417,6,47,1
Campo Maior,Campo Maior,2020-10-18,2429,12,47,0
Campo Maior,Campo Maior,2020-10-19,2429,0,47,0
Campo Maior,Campo Maior,2020-10-20,2437,8,47,0
Campo Maior,Campo Maior,2020-10-21,2448,11,50,3
Campo Maior,Campo Maior,2020-10-22,2451,3,50,0
Campo Maior,Campo Maior,2020-10-23,2459,8,50,0
Campo Maior,Campo Maior,2020-10-24,2468,9,50,0
Campo Maior,Campo Maior,2020-10-25,2470,2,50,0
Campo Maior,Campo Maior,2020-10-26,2482,12,50,0
Campo Maior,Campo Maior,2020-10-27,2486,4,50,0
Campo Maior,Campo Maior,2020-10-28,2489,3,50,0
Campo Maior,Campo Maior,2020-10-29,2489,0,50,0
Campo Maior,Campo Maior,2020-10-30,2493,4,51,1
Campo Maior,Campo Maior,2020-10-31,2497,4,51,0
Campo Maior,Campo Maior,2020-11-01,2498,1,51,0
Campo Maior,Campo Maior,2020-11-02,2498,0,52,1
Campo Maior,Campo Maior,2020-11-03,2500,2,52,0
Campo Maior,Campo Maior,2020-11-04,2507,7,52,0
Campo Maior,Campo Maior,2020-11-05,2507,0,52,0
Campo Maior,Campo Maior,2020-11-06,2514,7,53,1
Campo Maior,Campo Maior,2020-11-07,2515,1,53,0
Campo Maior,Campo Maior,2020-11-08,2516,1,54,1
Campo Maior,Campo Maior,2020-11-09,2522,6,54,0
Campo Maior,Campo Maior,2020-11-10,2525,3,54,0
Campo Maior,Campo Maior,2020-11-11,2537,12,54,0
Campo Maior,Campo Maior,2020-11-12,2543,6,54,0
Campo Maior,Campo Maior,2020-11-13,2546,3,54,0
Campo Maior,Campo Maior,2020-11-14,2560,14,54,0
Campo Maior,Campo Maior,2020-11-15,2563,3,54,0
Campo Maior,Campo Maior,2020-11-16,2569,6,54,0
Campo Maior,Campo Maior,2020-11-17,2569,0,54,0
Campo Maior,Campo Maior,2020-11-18,2571,2,54,0
Campo Maior,Campo Maior,2020-11-19,2573,2,54,0
Campo Maior,Campo Maior,2020-11-20,2582,9,54,0
Campo Maior,Campo Maior,2020-11-21,2586,4,55,1
Campo Maior,Campo Maior,2020-11-22,2593,7,55,0
Campo Maior,Campo Maior,2020-11-23,2593,0,55,0
Campo Maior,Campo Maior,2020-11-24,2595,2,55,0
Campo Maior,Campo Maior,2020-11-25,2598,3,55,0
Campo Maior,Campo Maior,2020-11-26,2600,2,54,-1
Campo Maior,Campo Maior,2020-11-27,2602,2,54,0
Campo Maior,Campo Maior,2020-11-28,2606,4,54,0
Campo Maior,Campo Maior,2020-11-29,2621,15,54,0
Campo Maior,Campo Maior,2020-11-30,2633,12,54,0
Campo Maior,Campo Maior,2020-12-01,2634,1,54,0
Campo Maior,Campo Maior,2020-12-02,2634,0,54,0
Campo Maior,Campo Maior,2020-12-03,2634,0,54,0
Campo Maior,Campo Maior,2020-12-04,2636,2,54,0
Campo Maior,Campo Maior,2020-12-05,2643,7,54,0
Campo Maior,Campo Maior,2020-12-06,2649,6,54,0
Campo Maior,Campo Maior,2020-12-07,2650,1,54,0
Campo Maior,Campo Maior,2020-12-08,2651,1,54,0
Campo Maior,Campo Maior,2020-12-09,2655,4,54,0
Campo Maior,Campo Maior,2020-12-10,2657,2,54,0
Campo Maior,Campo Maior,2020-12-11,2665,8,54,0
Campo Maior,Campo Maior,2020-12-12,2668,3,54,0
Campo Maior,Campo Maior,2020-12-13,2697,29,54,0
Campo Maior,Campo Maior,2020-12-14,2697,0,54,0
Campo Maior,Campo Maior,2020-12-15,2703,6,54,0
Campo Maior,Campo Maior,2020-12-16,2704,1,55,1
Campo Maior,Campo Maior,2020-12-17,2712,8,55,0
Campo Maior,Campo Maior,2020-12-18,2712,0,55,0
Campo Maior,Campo Maior,2020-12-19,2718,6,56,1
Campo Maior,Campo Maior,2020-12-20,2733,15,56,0
Campo Maior,Campo Maior,2020-12-21,2734,1,56,0
Campo Maior,Campo Maior,2020-12-22,2746,12,56,0
Campo Maior,Campo Maior,2020-12-23,2768,22,56,0
Campo Maior,Campo Maior,2020-12-24,2780,12,56,0
Campo Maior,Campo Maior,2020-12-25,2784,4,56,0
Campo Maior,Campo Maior,2020-12-26,2784,0,56,0
Campo Maior,Campo Maior,2020-12-27,2787,3,56,0
Campo Maior,Campo Maior,2020-12-28,2792,5,56,0
Campo Maior,Campo Maior,2020-12-29,2802,10,56,0
Campo Maior,Campo Maior,2020-12-30,2806,4,56,0
Campo Maior,Campo Maior,2020-12-31,2808,2,56,0
Campo Maior,Campo Maior,2021-01-01,2811,3,56,0
Campo Maior,Campo Maior,2021-01-02,2811,0,56,0
Campo Maior,Campo Maior,2021-01-03,2829,18,56,0
Campo Maior,Campo Maior,2021-01-04,2829,0,56,0
Campo Maior,Campo Maior,2021-01-05,2834,5,56,0
Campo Maior,Campo Maior,2021-01-06,2835,1,57,1
Campo Maior,Campo Maior,2021-01-07,2837,2,57,0
Campo Maior,Campo Maior,2021-01-08,2841,4,57,0
Campo Maior,Campo Maior,2021-01-09,2858,17,57,0
Campo Maior,Campo Maior,2021-01-10,2859,1,57,0
Campo Maior,Campo Maior,2021-01-11,2877,18,57,0
Campo Maior,Campo Maior,2021-01-12,2879,2,57,0
Campo Maior,Campo Maior,2021-01-13,2881,2,57,0
Campo Maior,Campo Maior,2021-01-14,2883,2,57,0
Campo Maior,Campo Maior,2021-01-15,2890,7,57,0
Campo Maior,Campo Maior,2021-01-16,2920,30,57,0
Campo Maior,Campo Maior,2021-01-17,2924,4,57,0
Campo Maior,Campo Maior,2021-01-18,2925,1,57,0
Campo Maior,Campo Maior,2021-01-19,2950,25,57,0
Campo Maior,Campo Maior,2021-01-20,2964,14,58,1
Campo Maior,Campo Maior,2021-01-21,2969,5,58,0
Campo Maior,Campo Maior,2021-01-22,2994,25,58,0
Campo Maior,Campo Maior,2021-01-23,2997,3,58,0
Campo Maior,Campo Maior,2021-01-24,2998,1,58,0
Campo Maior,Campo Maior,2021-01-25,3010,12,58,0
Campo Maior,Campo Maior,2021-01-26,3020,10,58,0
Campo Maior,Campo Maior,2021-01-27,3023,3,58,0
Campo Maior,Campo Maior,2021-01-28,3027,4,58,0
Campo Maior,Campo Maior,2021-01-29,3031,4,58,0
Campo Maior,Campo Maior,2021-01-30,3052,21,58,0
Campo Maior,Campo Maior,2021-01-31,3054,2,58,0
Campo Maior,Campo Maior,2021-02-01,3064,10,58,0
Campo Maior,Campo Maior,2021-02-02,3069,5,58,0
Campo Maior,Campo Maior,2021-02-03,3074,5,58,0
Campo Maior,Campo Maior,2021-02-04,3084,10,58,0
Campo Maior,Campo Maior,2021-02-05,3089,5,58,0
Campo Maior,Campo Maior,2021-02-06,3105,16,58,0
Campo Maior,Campo Maior,2021-02-07,3107,2,58,0
Campo Maior,Campo Maior,2021-02-08,3111,4,60,2
