city,city,date,cases,daily cases,deaths,daily deaths
Canoas,Canoas,2020-03-27,0,0,0,0
Canoas,Canoas,2020-03-28,7,7,0,0
Canoas,Canoas,2020-03-29,7,0,0,0
Canoas,Canoas,2020-03-30,8,1,0,0
Canoas,Canoas,2020-03-31,8,0,0,0
Canoas,Canoas,2020-04-01,8,0,0,0
Canoas,Canoas,2020-04-02,8,0,0,0
Canoas,Canoas,2020-04-03,8,0,0,0
Canoas,Canoas,2020-04-04,8,0,0,0
Canoas,Canoas,2020-04-05,8,0,0,0
Canoas,Canoas,2020-04-06,10,2,0,0
Canoas,Canoas,2020-04-07,11,1,0,0
Canoas,Canoas,2020-04-08,12,1,0,0
Canoas,Canoas,2020-04-09,12,0,0,0
Canoas,Canoas,2020-04-10,13,1,0,0
Canoas,Canoas,2020-04-11,13,0,1,1
Canoas,Canoas,2020-04-12,13,0,1,0
Canoas,Canoas,2020-04-13,13,0,1,0
Canoas,Canoas,2020-04-14,12,-1,1,0
Canoas,Canoas,2020-04-15,13,1,1,0
Canoas,Canoas,2020-04-16,16,3,1,0
Canoas,Canoas,2020-04-17,16,0,1,0
Canoas,Canoas,2020-04-18,17,1,1,0
Canoas,Canoas,2020-04-19,17,0,1,0
Canoas,Canoas,2020-04-20,19,2,1,0
Canoas,Canoas,2020-04-21,19,0,1,0
Canoas,Canoas,2020-04-22,19,0,1,0
Canoas,Canoas,2020-04-23,19,0,1,0
Canoas,Canoas,2020-04-24,20,1,1,0
Canoas,Canoas,2020-04-25,20,0,1,0
Canoas,Canoas,2020-04-26,21,1,1,0
Canoas,Canoas,2020-04-27,21,0,1,0
Canoas,Canoas,2020-04-28,21,0,1,0
Canoas,Canoas,2020-04-29,22,1,1,0
Canoas,Canoas,2020-04-30,25,3,1,0
Canoas,Canoas,2020-05-01,28,3,1,0
Canoas,Canoas,2020-05-02,28,0,2,1
Canoas,Canoas,2020-05-03,29,1,2,0
Canoas,Canoas,2020-05-04,29,0,2,0
Canoas,Canoas,2020-05-05,31,2,2,0
Canoas,Canoas,2020-05-06,34,3,2,0
Canoas,Canoas,2020-05-07,34,0,2,0
Canoas,Canoas,2020-05-08,35,1,2,0
Canoas,Canoas,2020-05-09,36,1,2,0
Canoas,Canoas,2020-05-10,38,2,2,0
Canoas,Canoas,2020-05-11,38,0,2,0
Canoas,Canoas,2020-05-12,41,3,2,0
Canoas,Canoas,2020-05-13,41,0,2,0
Canoas,Canoas,2020-05-14,43,2,2,0
Canoas,Canoas,2020-05-15,44,1,2,0
Canoas,Canoas,2020-05-16,46,2,2,0
Canoas,Canoas,2020-05-17,48,2,3,1
Canoas,Canoas,2020-05-18,48,0,3,0
Canoas,Canoas,2020-05-19,48,0,3,0
Canoas,Canoas,2020-05-20,53,5,5,2
Canoas,Canoas,2020-05-21,59,6,6,1
Canoas,Canoas,2020-05-22,66,7,6,0
Canoas,Canoas,2020-05-23,69,3,6,0
Canoas,Canoas,2020-05-24,72,3,6,0
Canoas,Canoas,2020-05-25,72,0,6,0
Canoas,Canoas,2020-05-26,72,0,6,0
Canoas,Canoas,2020-05-27,76,4,6,0
Canoas,Canoas,2020-05-28,84,8,6,0
Canoas,Canoas,2020-05-29,103,19,6,0
Canoas,Canoas,2020-05-30,105,2,6,0
Canoas,Canoas,2020-05-31,105,0,6,0
Canoas,Canoas,2020-06-01,105,0,6,0
Canoas,Canoas,2020-06-02,103,-2,6,0
Canoas,Canoas,2020-06-03,119,16,7,1
Canoas,Canoas,2020-06-04,125,6,7,0
Canoas,Canoas,2020-06-05,138,13,7,0
Canoas,Canoas,2020-06-06,145,7,7,0
Canoas,Canoas,2020-06-07,145,0,7,0
Canoas,Canoas,2020-06-08,145,0,7,0
Canoas,Canoas,2020-06-09,150,5,7,0
Canoas,Canoas,2020-06-10,167,17,7,0
Canoas,Canoas,2020-06-11,180,13,7,0
Canoas,Canoas,2020-06-12,181,1,7,0
Canoas,Canoas,2020-06-13,181,0,7,0
Canoas,Canoas,2020-06-14,181,0,7,0
Canoas,Canoas,2020-06-15,214,33,7,0
Canoas,Canoas,2020-06-16,240,26,7,0
Canoas,Canoas,2020-06-17,245,5,7,0
Canoas,Canoas,2020-06-18,256,11,8,1
Canoas,Canoas,2020-06-19,292,36,8,0
Canoas,Canoas,2020-06-20,299,7,9,1
Canoas,Canoas,2020-06-21,300,1,9,0
Canoas,Canoas,2020-06-22,322,22,9,0
Canoas,Canoas,2020-06-23,338,16,10,1
Canoas,Canoas,2020-06-24,375,37,12,2
Canoas,Canoas,2020-06-25,409,34,12,0
Canoas,Canoas,2020-06-26,454,45,14,2
Canoas,Canoas,2020-06-27,489,35,16,2
Canoas,Canoas,2020-06-28,510,21,17,1
Canoas,Canoas,2020-06-29,514,4,19,2
Canoas,Canoas,2020-06-30,557,43,20,1
Canoas,Canoas,2020-07-01,591,34,20,0
Canoas,Canoas,2020-07-02,655,64,20,0
Canoas,Canoas,2020-07-03,679,24,24,4
Canoas,Canoas,2020-07-04,708,29,27,3
Canoas,Canoas,2020-07-05,712,4,28,1
Canoas,Canoas,2020-07-06,719,7,30,2
Canoas,Canoas,2020-07-07,771,52,30,0
Canoas,Canoas,2020-07-08,816,45,31,1
Canoas,Canoas,2020-07-09,827,11,33,2
Canoas,Canoas,2020-07-10,877,50,34,1
Canoas,Canoas,2020-07-11,930,53,36,2
Canoas,Canoas,2020-07-12,931,1,37,1
Canoas,Canoas,2020-07-13,956,25,37,0
Canoas,Canoas,2020-07-14,984,28,38,1
Canoas,Canoas,2020-07-15,993,9,40,2
Canoas,Canoas,2020-07-16,1088,95,42,2
Canoas,Canoas,2020-07-17,1144,56,42,0
Canoas,Canoas,2020-07-18,1148,4,44,2
Canoas,Canoas,2020-07-19,1175,27,45,1
Canoas,Canoas,2020-07-20,1201,26,47,2
Canoas,Canoas,2020-07-21,1224,23,54,7
Canoas,Canoas,2020-07-22,1289,65,57,3
Canoas,Canoas,2020-07-23,1305,16,65,8
Canoas,Canoas,2020-07-24,1364,59,67,2
Canoas,Canoas,2020-07-25,1370,6,76,9
Canoas,Canoas,2020-07-26,1381,11,78,2
Canoas,Canoas,2020-07-27,1382,1,80,2
Canoas,Canoas,2020-07-28,1443,61,83,3
Canoas,Canoas,2020-07-29,1498,55,88,5
Canoas,Canoas,2020-07-30,1535,37,89,1
Canoas,Canoas,2020-07-31,1549,14,94,5
Canoas,Canoas,2020-08-01,1607,58,101,7
Canoas,Canoas,2020-08-02,1606,-1,102,1
Canoas,Canoas,2020-08-03,1614,8,104,2
Canoas,Canoas,2020-08-04,1702,88,110,6
Canoas,Canoas,2020-08-05,1742,40,114,4
Canoas,Canoas,2020-08-06,1833,91,120,6
Canoas,Canoas,2020-08-07,1841,8,122,2
Canoas,Canoas,2020-08-08,2308,467,127,5
Canoas,Canoas,2020-08-09,2321,13,128,1
Canoas,Canoas,2020-08-10,2322,1,128,0
Canoas,Canoas,2020-08-11,2715,393,130,2
Canoas,Canoas,2020-08-12,2904,189,132,2
Canoas,Canoas,2020-08-13,3018,114,135,3
Canoas,Canoas,2020-08-14,3044,26,141,6
Canoas,Canoas,2020-08-15,3103,59,141,0
Canoas,Canoas,2020-08-16,3109,6,144,3
Canoas,Canoas,2020-08-17,3114,5,150,6
Canoas,Canoas,2020-08-18,3338,224,150,0
Canoas,Canoas,2020-08-19,3391,53,154,4
Canoas,Canoas,2020-08-20,3396,5,160,6
Canoas,Canoas,2020-08-21,3411,15,163,3
Canoas,Canoas,2020-08-22,3587,176,167,4
Canoas,Canoas,2020-08-23,3618,31,167,0
Canoas,Canoas,2020-08-24,3621,3,169,2
Canoas,Canoas,2020-08-25,3701,80,172,3
Canoas,Canoas,2020-08-26,3855,154,179,7
Canoas,Canoas,2020-08-27,3975,120,179,0
Canoas,Canoas,2020-08-28,4140,165,180,1
Canoas,Canoas,2020-08-29,4286,146,183,3
Canoas,Canoas,2020-08-30,4292,6,184,1
Canoas,Canoas,2020-08-31,4327,35,188,4
Canoas,Canoas,2020-09-01,4415,88,192,4
Canoas,Canoas,2020-09-02,4593,178,194,2
Canoas,Canoas,2020-09-03,4720,127,202,8
Canoas,Canoas,2020-09-04,4866,146,206,4
Canoas,Canoas,2020-09-05,5072,206,207,1
Canoas,Canoas,2020-09-06,5077,5,208,1
Canoas,Canoas,2020-09-07,5081,4,209,1
Canoas,Canoas,2020-09-08,5089,8,210,1
Canoas,Canoas,2020-09-09,5288,199,215,5
Canoas,Canoas,2020-09-10,5365,77,218,3
Canoas,Canoas,2020-09-11,5451,86,221,3
Canoas,Canoas,2020-09-12,5547,96,222,1
Canoas,Canoas,2020-09-13,5558,11,224,2
Canoas,Canoas,2020-09-14,5570,12,225,1
Canoas,Canoas,2020-09-15,5693,123,238,13
Canoas,Canoas,2020-09-16,5900,207,241,3
Canoas,Canoas,2020-09-17,6174,274,242,1
Canoas,Canoas,2020-09-18,6308,134,245,3
Canoas,Canoas,2020-09-19,6410,102,251,6
Canoas,Canoas,2020-09-20,6419,9,251,0
Canoas,Canoas,2020-09-21,6436,17,252,1
Canoas,Canoas,2020-09-22,6457,21,255,3
Canoas,Canoas,2020-09-23,6482,25,258,3
Canoas,Canoas,2020-09-24,6530,48,260,2
Canoas,Canoas,2020-09-25,6608,78,262,2
Canoas,Canoas,2020-09-26,6639,31,265,3
Canoas,Canoas,2020-09-27,6640,1,265,0
Canoas,Canoas,2020-09-28,6642,2,265,0
Canoas,Canoas,2020-09-29,6666,24,267,2
Canoas,Canoas,2020-09-30,6677,11,268,1
Canoas,Canoas,2020-10-01,6889,212,271,3
Canoas,Canoas,2020-10-02,7061,172,274,3
Canoas,Canoas,2020-10-03,7074,13,276,2
Canoas,Canoas,2020-10-04,7079,5,277,1
Canoas,Canoas,2020-10-05,7089,10,278,1
Canoas,Canoas,2020-10-06,6989,-100,281,3
Canoas,Canoas,2020-10-07,7096,107,281,0
Canoas,Canoas,2020-10-08,7176,80,284,3
Canoas,Canoas,2020-10-09,7269,93,285,1
Canoas,Canoas,2020-10-10,7308,39,286,1
Canoas,Canoas,2020-10-11,7350,42,286,0
Canoas,Canoas,2020-10-12,7365,15,286,0
Canoas,Canoas,2020-10-13,7380,15,287,1
Canoas,Canoas,2020-10-14,7474,94,290,3
Canoas,Canoas,2020-10-15,7595,121,292,2
Canoas,Canoas,2020-10-16,7682,87,294,2
Canoas,Canoas,2020-10-17,7761,79,298,4
Canoas,Canoas,2020-10-18,7763,2,298,0
Canoas,Canoas,2020-10-19,7852,89,298,0
Canoas,Canoas,2020-10-20,7939,87,301,3
Canoas,Canoas,2020-10-21,7999,60,303,2
Canoas,Canoas,2020-10-22,8019,20,305,2
Canoas,Canoas,2020-10-23,8167,148,307,2
Canoas,Canoas,2020-10-24,8405,238,309,2
Canoas,Canoas,2020-10-25,8405,0,309,0
Canoas,Canoas,2020-10-26,8448,43,309,0
Canoas,Canoas,2020-10-27,8590,142,313,4
Canoas,Canoas,2020-10-28,8709,119,315,2
Canoas,Canoas,2020-10-29,8796,87,317,2
Canoas,Canoas,2020-10-30,8796,0,317,0
Canoas,Canoas,2020-10-31,8923,127,322,5
Canoas,Canoas,2020-11-01,8961,38,322,0
Canoas,Canoas,2020-11-02,8983,22,322,0
Canoas,Canoas,2020-11-03,8997,14,322,0
Canoas,Canoas,2020-11-04,9059,62,325,3
Canoas,Canoas,2020-11-05,9086,27,330,5
Canoas,Canoas,2020-11-06,9196,110,330,0
Canoas,Canoas,2020-11-07,9306,110,331,1
Canoas,Canoas,2020-11-08,9323,17,331,0
Canoas,Canoas,2020-11-09,9329,6,331,0
Canoas,Canoas,2020-11-10,9388,59,331,0
Canoas,Canoas,2020-11-11,9593,205,331,0
Canoas,Canoas,2020-11-12,9914,321,339,8
Canoas,Canoas,2020-11-13,10047,133,341,2
Canoas,Canoas,2020-11-14,10135,88,344,3
Canoas,Canoas,2020-11-15,10221,86,344,0
Canoas,Canoas,2020-11-16,10279,58,345,1
Canoas,Canoas,2020-11-17,10329,50,348,3
Canoas,Canoas,2020-11-18,10456,127,353,5
Canoas,Canoas,2020-11-19,10578,122,356,3
Canoas,Canoas,2020-11-20,10748,170,358,2
Canoas,Canoas,2020-11-21,10860,112,358,0
Canoas,Canoas,2020-11-22,10862,2,358,0
Canoas,Canoas,2020-11-23,10863,1,360,2
Canoas,Canoas,2020-11-24,10997,134,366,6
Canoas,Canoas,2020-11-25,11141,144,369,3
Canoas,Canoas,2020-11-26,11165,24,374,5
Canoas,Canoas,2020-11-27,11185,20,375,1
Canoas,Canoas,2020-11-28,11384,199,376,1
Canoas,Canoas,2020-11-29,11440,56,376,0
Canoas,Canoas,2020-11-30,11462,22,376,0
Canoas,Canoas,2020-12-01,11606,144,379,3
Canoas,Canoas,2020-12-02,11673,67,386,7
Canoas,Canoas,2020-12-03,11796,123,388,2
Canoas,Canoas,2020-12-04,11848,52,391,3
Canoas,Canoas,2020-12-05,12016,168,392,1
Canoas,Canoas,2020-12-06,12119,103,392,0
Canoas,Canoas,2020-12-07,12162,43,393,1
Canoas,Canoas,2020-12-08,12225,63,394,1
Canoas,Canoas,2020-12-09,12286,61,395,1
Canoas,Canoas,2020-12-10,12500,214,399,4
Canoas,Canoas,2020-12-11,12619,119,403,4
Canoas,Canoas,2020-12-12,12644,25,406,3
Canoas,Canoas,2020-12-13,12894,250,406,0
Canoas,Canoas,2020-12-14,12979,85,409,3
Canoas,Canoas,2020-12-15,13072,93,414,5
Canoas,Canoas,2020-12-16,13147,75,418,4
Canoas,Canoas,2020-12-17,13236,89,425,7
Canoas,Canoas,2020-12-18,13435,199,426,1
Canoas,Canoas,2020-12-19,13656,221,432,6
Canoas,Canoas,2020-12-20,13660,4,432,0
Canoas,Canoas,2020-12-21,13737,77,435,3
Canoas,Canoas,2020-12-22,13815,78,436,1
Canoas,Canoas,2020-12-23,13808,-7,439,3
Canoas,Canoas,2020-12-24,14163,355,442,3
Canoas,Canoas,2020-12-25,14183,20,443,1
Canoas,Canoas,2020-12-26,14264,81,443,0
Canoas,Canoas,2020-12-27,14265,1,443,0
Canoas,Canoas,2020-12-28,14265,0,443,0
Canoas,Canoas,2020-12-29,14573,308,452,9
Canoas,Canoas,2020-12-30,14673,100,459,7
Canoas,Canoas,2020-12-31,14815,142,465,6
Canoas,Canoas,2021-01-01,14841,26,466,1
Canoas,Canoas,2021-01-02,14872,31,466,0
Canoas,Canoas,2021-01-03,14918,46,467,1
Canoas,Canoas,2021-01-04,14916,-2,467,0
Canoas,Canoas,2021-01-05,15172,256,467,0
Canoas,Canoas,2021-01-06,15373,201,476,9
Canoas,Canoas,2021-01-07,15490,117,482,6
Canoas,Canoas,2021-01-08,15662,172,490,8
Canoas,Canoas,2021-01-09,15729,67,496,6
Canoas,Canoas,2021-01-10,15802,73,499,3
Canoas,Canoas,2021-01-11,15833,31,500,1
Canoas,Canoas,2021-01-12,15931,98,510,10
Canoas,Canoas,2021-01-13,16010,79,517,7
Canoas,Canoas,2021-01-14,16073,63,530,13
Canoas,Canoas,2021-01-15,16142,69,533,3
Canoas,Canoas,2021-01-16,16251,109,534,1
Canoas,Canoas,2021-01-17,16327,76,534,0
Canoas,Canoas,2021-01-18,16340,13,534,0
Canoas,Canoas,2021-01-19,16389,49,541,7
Canoas,Canoas,2021-01-20,16441,52,544,3
Canoas,Canoas,2021-01-21,16606,165,546,2
Canoas,Canoas,2021-01-22,16649,43,546,0
Canoas,Canoas,2021-01-23,16812,163,549,3
Canoas,Canoas,2021-01-24,16815,3,549,0
Canoas,Canoas,2021-01-25,16829,14,549,0
Canoas,Canoas,2021-01-26,17019,190,551,2
Canoas,Canoas,2021-01-27,17209,190,553,2
Canoas,Canoas,2021-01-28,17342,133,554,1
Canoas,Canoas,2021-01-29,17473,131,558,4
Canoas,Canoas,2021-01-30,17654,181,560,2
Canoas,Canoas,2021-01-31,17659,5,560,0
Canoas,Canoas,2021-02-01,17692,33,560,0
Canoas,Canoas,2021-02-02,17705,13,561,1
Canoas,Canoas,2021-02-03,17710,5,563,2
Canoas,Canoas,2021-02-04,17711,1,567,4
Canoas,Canoas,2021-02-05,17835,124,568,1
Canoas,Canoas,2021-02-06,17855,20,570,2
Canoas,Canoas,2021-02-07,17857,2,570,0
Canoas,Canoas,2021-02-08,17850,-7,570,0
