city,city,date,cases,daily cases,deaths,daily deaths
Capanema,Capanema,2020-03-27,0,0,0,0
Capanema,Capanema,2020-03-28,0,0,0,0
Capanema,Capanema,2020-03-29,0,0,0,0
Capanema,Capanema,2020-03-30,0,0,0,0
Capanema,Capanema,2020-03-31,0,0,0,0
Capanema,Capanema,2020-04-01,0,0,0,0
Capanema,Capanema,2020-04-02,0,0,0,0
Capanema,Capanema,2020-04-03,0,0,0,0
Capanema,Capanema,2020-04-04,0,0,0,0
Capanema,Capanema,2020-04-05,0,0,0,0
Capanema,Capanema,2020-04-06,0,0,0,0
Capanema,Capanema,2020-04-07,0,0,0,0
Capanema,Capanema,2020-04-08,0,0,0,0
Capanema,Capanema,2020-04-09,0,0,0,0
Capanema,Capanema,2020-04-10,0,0,0,0
Capanema,Capanema,2020-04-11,0,0,0,0
Capanema,Capanema,2020-04-12,0,0,0,0
Capanema,Capanema,2020-04-13,0,0,0,0
Capanema,Capanema,2020-04-14,1,1,0,0
Capanema,Capanema,2020-04-15,1,0,0,0
Capanema,Capanema,2020-04-16,1,0,0,0
Capanema,Capanema,2020-04-17,1,0,0,0
Capanema,Capanema,2020-04-18,1,0,0,0
Capanema,Capanema,2020-04-19,1,0,0,0
Capanema,Capanema,2020-04-20,4,3,0,0
Capanema,Capanema,2020-04-21,8,4,0,0
Capanema,Capanema,2020-04-22,8,0,0,0
Capanema,Capanema,2020-04-23,9,1,0,0
Capanema,Capanema,2020-04-24,13,4,0,0
Capanema,Capanema,2020-04-25,13,0,0,0
Capanema,Capanema,2020-04-26,15,2,0,0
Capanema,Capanema,2020-04-27,19,4,0,0
Capanema,Capanema,2020-04-28,19,0,1,1
Capanema,Capanema,2020-04-29,20,1,1,0
Capanema,Capanema,2020-04-30,26,6,2,1
Capanema,Capanema,2020-05-01,28,2,2,0
Capanema,Capanema,2020-05-02,34,6,3,1
Capanema,Capanema,2020-05-03,39,5,3,0
Capanema,Capanema,2020-05-04,44,5,5,2
Capanema,Capanema,2020-05-05,44,0,5,0
Capanema,Capanema,2020-05-06,54,10,5,0
Capanema,Capanema,2020-05-07,60,6,5,0
Capanema,Capanema,2020-05-08,72,12,6,1
Capanema,Capanema,2020-05-09,72,0,6,0
Capanema,Capanema,2020-05-10,72,0,6,0
Capanema,Capanema,2020-05-11,77,5,7,1
Capanema,Capanema,2020-05-12,99,22,7,0
Capanema,Capanema,2020-05-13,106,7,7,0
Capanema,Capanema,2020-05-14,107,1,7,0
Capanema,Capanema,2020-05-15,116,9,7,0
Capanema,Capanema,2020-05-16,120,4,7,0
Capanema,Capanema,2020-05-17,138,18,7,0
Capanema,Capanema,2020-05-18,172,34,7,0
Capanema,Capanema,2020-05-19,190,18,7,0
Capanema,Capanema,2020-05-20,209,19,7,0
Capanema,Capanema,2020-05-21,225,16,16,9
Capanema,Capanema,2020-05-22,234,9,16,0
Capanema,Capanema,2020-05-23,239,5,16,0
Capanema,Capanema,2020-05-24,248,9,18,2
Capanema,Capanema,2020-05-25,266,18,18,0
Capanema,Capanema,2020-05-26,267,1,19,1
Capanema,Capanema,2020-05-27,268,1,19,0
Capanema,Capanema,2020-05-28,271,3,27,8
Capanema,Capanema,2020-05-29,323,52,32,5
Capanema,Capanema,2020-05-30,323,0,32,0
Capanema,Capanema,2020-05-31,323,0,32,0
Capanema,Capanema,2020-06-01,324,1,32,0
Capanema,Capanema,2020-06-02,370,46,33,1
Capanema,Capanema,2020-06-03,403,33,35,2
Capanema,Capanema,2020-06-04,414,11,38,3
Capanema,Capanema,2020-06-05,428,14,38,0
Capanema,Capanema,2020-06-06,428,0,38,0
Capanema,Capanema,2020-06-07,431,3,38,0
Capanema,Capanema,2020-06-08,452,21,38,0
Capanema,Capanema,2020-06-09,479,27,39,1
Capanema,Capanema,2020-06-10,506,27,39,0
Capanema,Capanema,2020-06-11,509,3,39,0
Capanema,Capanema,2020-06-12,520,11,45,6
Capanema,Capanema,2020-06-13,536,16,45,0
Capanema,Capanema,2020-06-14,549,13,45,0
Capanema,Capanema,2020-06-15,545,-4,45,0
Capanema,Capanema,2020-06-16,548,3,46,1
Capanema,Capanema,2020-06-17,580,32,47,1
Capanema,Capanema,2020-06-18,602,22,47,0
Capanema,Capanema,2020-06-19,647,45,48,1
Capanema,Capanema,2020-06-20,652,5,48,0
Capanema,Capanema,2020-06-21,664,12,50,2
Capanema,Capanema,2020-06-22,666,2,50,0
Capanema,Capanema,2020-06-23,706,40,50,0
Capanema,Capanema,2020-06-24,763,57,50,0
Capanema,Capanema,2020-06-25,788,25,50,0
Capanema,Capanema,2020-06-26,811,23,54,4
Capanema,Capanema,2020-06-27,839,28,54,0
Capanema,Capanema,2020-06-28,839,0,54,0
Capanema,Capanema,2020-06-29,839,0,54,0
Capanema,Capanema,2020-06-30,842,3,55,1
Capanema,Capanema,2020-07-01,865,23,56,1
Capanema,Capanema,2020-07-02,873,8,56,0
Capanema,Capanema,2020-07-03,876,3,57,1
Capanema,Capanema,2020-07-04,899,23,57,0
Capanema,Capanema,2020-07-05,904,5,57,0
Capanema,Capanema,2020-07-06,916,12,57,0
Capanema,Capanema,2020-07-07,917,1,57,0
Capanema,Capanema,2020-07-08,917,0,58,1
Capanema,Capanema,2020-07-09,920,3,58,0
Capanema,Capanema,2020-07-10,924,4,58,0
Capanema,Capanema,2020-07-11,986,62,58,0
Capanema,Capanema,2020-07-12,1004,18,58,0
Capanema,Capanema,2020-07-13,1009,5,58,0
Capanema,Capanema,2020-07-14,1022,13,59,1
Capanema,Capanema,2020-07-15,1026,4,59,0
Capanema,Capanema,2020-07-16,1035,9,59,0
Capanema,Capanema,2020-07-17,1078,43,60,1
Capanema,Capanema,2020-07-18,1105,27,60,0
Capanema,Capanema,2020-07-19,1105,0,60,0
Capanema,Capanema,2020-07-20,1119,14,60,0
Capanema,Capanema,2020-07-21,1121,2,62,2
Capanema,Capanema,2020-07-22,1143,22,62,0
Capanema,Capanema,2020-07-23,1161,18,62,0
Capanema,Capanema,2020-07-24,1189,28,62,0
Capanema,Capanema,2020-07-25,1213,24,62,0
Capanema,Capanema,2020-07-26,1216,3,62,0
Capanema,Capanema,2020-07-27,1219,3,62,0
Capanema,Capanema,2020-07-28,1220,1,62,0
Capanema,Capanema,2020-07-29,1230,10,60,-2
Capanema,Capanema,2020-07-30,1278,48,60,0
Capanema,Capanema,2020-07-31,1279,1,60,0
Capanema,Capanema,2020-08-01,1310,31,60,0
Capanema,Capanema,2020-08-02,1318,8,60,0
Capanema,Capanema,2020-08-03,1318,0,61,1
Capanema,Capanema,2020-08-04,1335,17,61,0
Capanema,Capanema,2020-08-05,1349,14,61,0
Capanema,Capanema,2020-08-06,1358,9,61,0
Capanema,Capanema,2020-08-07,1373,15,61,0
Capanema,Capanema,2020-08-08,1373,0,61,0
Capanema,Capanema,2020-08-09,1374,1,62,1
Capanema,Capanema,2020-08-10,1390,16,63,1
Capanema,Capanema,2020-08-11,1423,33,63,0
Capanema,Capanema,2020-08-12,1437,14,63,0
Capanema,Capanema,2020-08-13,1475,38,63,0
Capanema,Capanema,2020-08-14,1485,10,64,1
Capanema,Capanema,2020-08-15,1488,3,64,0
Capanema,Capanema,2020-08-16,1491,3,64,0
Capanema,Capanema,2020-08-17,1493,2,64,0
Capanema,Capanema,2020-08-18,1501,8,66,2
Capanema,Capanema,2020-08-19,1516,15,66,0
Capanema,Capanema,2020-08-20,1525,9,66,0
Capanema,Capanema,2020-08-21,1528,3,66,0
Capanema,Capanema,2020-08-22,1535,7,67,1
Capanema,Capanema,2020-08-23,1536,1,67,0
Capanema,Capanema,2020-08-24,1567,31,67,0
Capanema,Capanema,2020-08-25,1569,2,67,0
Capanema,Capanema,2020-08-26,1570,1,67,0
Capanema,Capanema,2020-08-27,1600,30,67,0
Capanema,Capanema,2020-08-28,1673,73,67,0
Capanema,Capanema,2020-08-29,1688,15,67,0
Capanema,Capanema,2020-08-30,1690,2,67,0
Capanema,Capanema,2020-08-31,1691,1,67,0
Capanema,Capanema,2020-09-01,1694,3,67,0
Capanema,Capanema,2020-09-02,1716,22,66,-1
Capanema,Capanema,2020-09-03,1717,1,66,0
Capanema,Capanema,2020-09-04,1718,1,66,0
Capanema,Capanema,2020-09-05,1719,1,66,0
Capanema,Capanema,2020-09-06,1719,0,66,0
Capanema,Capanema,2020-09-07,1720,1,66,0
Capanema,Capanema,2020-09-08,1720,0,66,0
Capanema,Capanema,2020-09-09,1722,2,65,-1
Capanema,Capanema,2020-09-10,1723,1,65,0
Capanema,Capanema,2020-09-11,1734,11,65,0
Capanema,Capanema,2020-09-12,1740,6,65,0
Capanema,Capanema,2020-09-13,1742,2,65,0
Capanema,Capanema,2020-09-14,1742,0,66,1
Capanema,Capanema,2020-09-15,1750,8,66,0
Capanema,Capanema,2020-09-16,1754,4,66,0
Capanema,Capanema,2020-09-17,1755,1,66,0
Capanema,Capanema,2020-09-18,1758,3,66,0
Capanema,Capanema,2020-09-19,1759,1,66,0
Capanema,Capanema,2020-09-20,1760,1,66,0
Capanema,Capanema,2020-09-21,1760,0,66,0
Capanema,Capanema,2020-09-22,1764,4,66,0
Capanema,Capanema,2020-09-23,1779,15,66,0
Capanema,Capanema,2020-09-24,1782,3,66,0
Capanema,Capanema,2020-09-25,1785,3,65,-1
Capanema,Capanema,2020-09-26,1787,2,66,1
Capanema,Capanema,2020-09-27,1788,1,66,0
Capanema,Capanema,2020-09-28,1788,0,66,0
Capanema,Capanema,2020-09-29,1788,0,66,0
Capanema,Capanema,2020-09-30,1788,0,66,0
Capanema,Capanema,2020-10-01,1789,1,66,0
Capanema,Capanema,2020-10-02,1813,24,66,0
Capanema,Capanema,2020-10-03,1818,5,66,0
Capanema,Capanema,2020-10-04,1820,2,66,0
Capanema,Capanema,2020-10-05,1824,4,66,0
Capanema,Capanema,2020-10-06,1826,2,66,0
Capanema,Capanema,2020-10-07,1833,7,66,0
Capanema,Capanema,2020-10-08,1838,5,66,0
Capanema,Capanema,2020-10-09,1837,-1,66,0
Capanema,Capanema,2020-10-10,1838,1,66,0
Capanema,Capanema,2020-10-11,1839,1,66,0
Capanema,Capanema,2020-10-12,1840,1,66,0
Capanema,Capanema,2020-10-13,1840,0,66,0
Capanema,Capanema,2020-10-14,1840,0,66,0
Capanema,Capanema,2020-10-15,1840,0,66,0
Capanema,Capanema,2020-10-16,1840,0,66,0
Capanema,Capanema,2020-10-17,1842,2,66,0
Capanema,Capanema,2020-10-18,1843,1,66,0
Capanema,Capanema,2020-10-19,1844,1,67,1
Capanema,Capanema,2020-10-20,1846,2,67,0
Capanema,Capanema,2020-10-21,1847,1,67,0
Capanema,Capanema,2020-10-22,1851,4,67,0
Capanema,Capanema,2020-10-23,1856,5,67,0
Capanema,Capanema,2020-10-24,1863,7,67,0
Capanema,Capanema,2020-10-25,1863,0,67,0
Capanema,Capanema,2020-10-26,1864,1,67,0
Capanema,Capanema,2020-10-27,1864,0,67,0
Capanema,Capanema,2020-10-28,1864,0,67,0
Capanema,Capanema,2020-10-29,1864,0,67,0
Capanema,Capanema,2020-10-30,1866,2,67,0
Capanema,Capanema,2020-10-31,1866,0,67,0
Capanema,Capanema,2020-11-01,1866,0,67,0
Capanema,Capanema,2020-11-02,1866,0,67,0
Capanema,Capanema,2020-11-03,1867,1,68,1
Capanema,Capanema,2020-11-04,1867,0,68,0
Capanema,Capanema,2020-11-05,1871,4,68,0
Capanema,Capanema,2020-11-06,1872,1,68,0
Capanema,Capanema,2020-11-07,1880,8,68,0
Capanema,Capanema,2020-11-08,1881,1,68,0
Capanema,Capanema,2020-11-09,1889,8,68,0
Capanema,Capanema,2020-11-10,1889,0,68,0
Capanema,Capanema,2020-11-11,1891,2,68,0
Capanema,Capanema,2020-11-12,1894,3,68,0
Capanema,Capanema,2020-11-13,1895,1,68,0
Capanema,Capanema,2020-11-14,1904,9,68,0
Capanema,Capanema,2020-11-15,1904,0,69,1
Capanema,Capanema,2020-11-16,1905,1,70,1
Capanema,Capanema,2020-11-17,1906,1,70,0
Capanema,Capanema,2020-11-18,1916,10,70,0
Capanema,Capanema,2020-11-19,1919,3,70,0
Capanema,Capanema,2020-11-20,1928,9,70,0
Capanema,Capanema,2020-11-21,1951,23,70,0
Capanema,Capanema,2020-11-22,1953,2,70,0
Capanema,Capanema,2020-11-23,1954,1,70,0
Capanema,Capanema,2020-11-24,1958,4,71,1
Capanema,Capanema,2020-11-25,1959,1,71,0
Capanema,Capanema,2020-11-26,1965,6,71,0
Capanema,Capanema,2020-11-27,1966,1,71,0
Capanema,Capanema,2020-11-28,1970,4,71,0
Capanema,Capanema,2020-11-29,1970,0,71,0
Capanema,Capanema,2020-11-30,1973,3,71,0
Capanema,Capanema,2020-12-01,2007,34,71,0
Capanema,Capanema,2020-12-02,2017,10,71,0
Capanema,Capanema,2020-12-03,2027,10,71,0
Capanema,Capanema,2020-12-04,2044,17,71,0
Capanema,Capanema,2020-12-05,2046,2,71,0
Capanema,Capanema,2020-12-06,2048,2,71,0
Capanema,Capanema,2020-12-07,2053,5,71,0
Capanema,Capanema,2020-12-08,2065,12,71,0
Capanema,Capanema,2020-12-09,2065,0,71,0
Capanema,Capanema,2020-12-10,2065,0,71,0
Capanema,Capanema,2020-12-11,2068,3,71,0
Capanema,Capanema,2020-12-12,2080,12,72,1
Capanema,Capanema,2020-12-13,2081,1,72,0
Capanema,Capanema,2020-12-14,2086,5,72,0
Capanema,Capanema,2020-12-15,2092,6,72,0
Capanema,Capanema,2020-12-16,2104,12,72,0
Capanema,Capanema,2020-12-17,2108,4,72,0
Capanema,Capanema,2020-12-18,2133,25,72,0
Capanema,Capanema,2020-12-19,2150,17,72,0
Capanema,Capanema,2020-12-20,2155,5,72,0
Capanema,Capanema,2020-12-21,2157,2,72,0
Capanema,Capanema,2020-12-22,2186,29,72,0
Capanema,Capanema,2020-12-23,2192,6,72,0
Capanema,Capanema,2020-12-24,2210,18,72,0
Capanema,Capanema,2020-12-25,2210,0,72,0
Capanema,Capanema,2020-12-26,2210,0,72,0
Capanema,Capanema,2020-12-27,2210,0,72,0
Capanema,Capanema,2020-12-28,2227,17,72,0
Capanema,Capanema,2020-12-29,2245,18,72,0
Capanema,Capanema,2020-12-30,2251,6,73,1
Capanema,Capanema,2020-12-31,2277,26,73,0
Capanema,Capanema,2021-01-01,2283,6,73,0
Capanema,Capanema,2021-01-02,2283,0,73,0
Capanema,Capanema,2021-01-03,2301,18,73,0
Capanema,Capanema,2021-01-04,2302,1,73,0
Capanema,Capanema,2021-01-05,2316,14,73,0
Capanema,Capanema,2021-01-06,2322,6,73,0
Capanema,Capanema,2021-01-07,2425,103,73,0
Capanema,Capanema,2021-01-08,2425,0,73,0
Capanema,Capanema,2021-01-09,2464,39,73,0
Capanema,Capanema,2021-01-10,2473,9,73,0
Capanema,Capanema,2021-01-11,2476,3,73,0
Capanema,Capanema,2021-01-12,2526,50,74,1
Capanema,Capanema,2021-01-13,2524,-2,74,0
Capanema,Capanema,2021-01-14,2530,6,74,0
Capanema,Capanema,2021-01-15,2559,29,74,0
Capanema,Capanema,2021-01-16,2578,19,74,0
Capanema,Capanema,2021-01-17,2584,6,74,0
Capanema,Capanema,2021-01-18,2584,0,74,0
Capanema,Capanema,2021-01-19,2599,15,74,0
Capanema,Capanema,2021-01-20,2610,11,74,0
Capanema,Capanema,2021-01-21,2613,3,74,0
Capanema,Capanema,2021-01-22,2626,13,74,0
Capanema,Capanema,2021-01-23,2628,2,74,0
Capanema,Capanema,2021-01-24,2630,2,74,0
Capanema,Capanema,2021-01-25,2633,3,74,0
Capanema,Capanema,2021-01-26,2668,35,75,1
Capanema,Capanema,2021-01-27,2672,4,75,0
Capanema,Capanema,2021-01-28,2695,23,75,0
Capanema,Capanema,2021-01-29,2696,1,75,0
Capanema,Capanema,2021-01-30,2765,69,75,0
Capanema,Capanema,2021-01-31,2767,2,76,1
Capanema,Capanema,2021-02-01,2774,7,76,0
Capanema,Capanema,2021-02-02,2792,18,76,0
Capanema,Capanema,2021-02-03,2807,15,76,0
Capanema,Capanema,2021-02-04,2824,17,76,0
Capanema,Capanema,2021-02-05,2848,24,76,0
Capanema,Capanema,2021-02-06,2853,5,77,1
Capanema,Capanema,2021-02-07,2854,1,77,0
Capanema,Capanema,2021-02-08,2854,0,77,0
