city,city,date,cases,daily cases,deaths,daily deaths
Carangola,Carangola,2020-03-27,0,0,0,0
Carangola,Carangola,2020-03-28,0,0,0,0
Carangola,Carangola,2020-03-29,0,0,0,0
Carangola,Carangola,2020-03-30,0,0,0,0
Carangola,Carangola,2020-03-31,0,0,0,0
Carangola,Carangola,2020-04-01,0,0,0,0
Carangola,Carangola,2020-04-02,0,0,0,0
Carangola,Carangola,2020-04-03,0,0,0,0
Carangola,Carangola,2020-04-04,0,0,0,0
Carangola,Carangola,2020-04-05,0,0,0,0
Carangola,Carangola,2020-04-06,0,0,0,0
Carangola,Carangola,2020-04-07,0,0,0,0
Carangola,Carangola,2020-04-08,1,1,0,0
Carangola,Carangola,2020-04-09,1,0,0,0
Carangola,Carangola,2020-04-10,1,0,0,0
Carangola,Carangola,2020-04-11,1,0,0,0
Carangola,Carangola,2020-04-12,1,0,0,0
Carangola,Carangola,2020-04-13,1,0,0,0
Carangola,Carangola,2020-04-14,1,0,0,0
Carangola,Carangola,2020-04-15,1,0,0,0
Carangola,Carangola,2020-04-16,1,0,0,0
Carangola,Carangola,2020-04-17,1,0,0,0
Carangola,Carangola,2020-04-18,1,0,0,0
Carangola,Carangola,2020-04-19,1,0,0,0
Carangola,Carangola,2020-04-20,1,0,0,0
Carangola,Carangola,2020-04-21,1,0,0,0
Carangola,Carangola,2020-04-22,1,0,0,0
Carangola,Carangola,2020-04-23,1,0,0,0
Carangola,Carangola,2020-04-24,1,0,0,0
Carangola,Carangola,2020-04-25,1,0,0,0
Carangola,Carangola,2020-04-26,1,0,0,0
Carangola,Carangola,2020-04-27,1,0,0,0
Carangola,Carangola,2020-04-28,1,0,0,0
Carangola,Carangola,2020-04-29,1,0,0,0
Carangola,Carangola,2020-04-30,1,0,0,0
Carangola,Carangola,2020-05-01,1,0,0,0
Carangola,Carangola,2020-05-02,1,0,0,0
Carangola,Carangola,2020-05-03,1,0,0,0
Carangola,Carangola,2020-05-04,2,1,0,0
Carangola,Carangola,2020-05-05,2,0,0,0
Carangola,Carangola,2020-05-06,2,0,0,0
Carangola,Carangola,2020-05-07,2,0,0,0
Carangola,Carangola,2020-05-08,2,0,0,0
Carangola,Carangola,2020-05-09,5,3,0,0
Carangola,Carangola,2020-05-10,6,1,0,0
Carangola,Carangola,2020-05-11,7,1,0,0
Carangola,Carangola,2020-05-12,8,1,0,0
Carangola,Carangola,2020-05-13,11,3,0,0
Carangola,Carangola,2020-05-14,15,4,0,0
Carangola,Carangola,2020-05-15,15,0,0,0
Carangola,Carangola,2020-05-16,22,7,0,0
Carangola,Carangola,2020-05-17,24,2,0,0
Carangola,Carangola,2020-05-18,24,0,0,0
Carangola,Carangola,2020-05-19,24,0,0,0
Carangola,Carangola,2020-05-20,25,1,0,0
Carangola,Carangola,2020-05-21,32,7,0,0
Carangola,Carangola,2020-05-22,37,5,0,0
Carangola,Carangola,2020-05-23,52,15,0,0
Carangola,Carangola,2020-05-24,54,2,0,0
Carangola,Carangola,2020-05-25,54,0,0,0
Carangola,Carangola,2020-05-26,55,1,0,0
Carangola,Carangola,2020-05-27,55,0,0,0
Carangola,Carangola,2020-05-28,57,2,0,0
Carangola,Carangola,2020-05-29,60,3,0,0
Carangola,Carangola,2020-05-30,60,0,0,0
Carangola,Carangola,2020-05-31,81,21,0,0
Carangola,Carangola,2020-06-01,82,1,0,0
Carangola,Carangola,2020-06-02,83,1,0,0
Carangola,Carangola,2020-06-03,89,6,2,2
Carangola,Carangola,2020-06-04,93,4,2,0
Carangola,Carangola,2020-06-05,95,2,2,0
Carangola,Carangola,2020-06-06,95,0,2,0
Carangola,Carangola,2020-06-07,96,1,2,0
Carangola,Carangola,2020-06-08,95,-1,2,0
Carangola,Carangola,2020-06-09,95,0,2,0
Carangola,Carangola,2020-06-10,106,11,2,0
Carangola,Carangola,2020-06-11,110,4,2,0
Carangola,Carangola,2020-06-12,110,0,2,0
Carangola,Carangola,2020-06-13,110,0,2,0
Carangola,Carangola,2020-06-14,110,0,2,0
Carangola,Carangola,2020-06-15,110,0,2,0
Carangola,Carangola,2020-06-16,110,0,2,0
Carangola,Carangola,2020-06-17,121,11,2,0
Carangola,Carangola,2020-06-18,123,2,3,1
Carangola,Carangola,2020-06-19,135,12,4,1
Carangola,Carangola,2020-06-20,123,-12,4,0
Carangola,Carangola,2020-06-21,123,0,4,0
Carangola,Carangola,2020-06-22,124,1,3,-1
Carangola,Carangola,2020-06-23,124,0,3,0
Carangola,Carangola,2020-06-24,128,4,3,0
Carangola,Carangola,2020-06-25,129,1,3,0
Carangola,Carangola,2020-06-26,130,1,4,1
Carangola,Carangola,2020-06-27,130,0,4,0
Carangola,Carangola,2020-06-28,135,5,4,0
Carangola,Carangola,2020-06-29,135,0,4,0
Carangola,Carangola,2020-06-30,135,0,4,0
Carangola,Carangola,2020-07-01,143,8,4,0
Carangola,Carangola,2020-07-02,149,6,4,0
Carangola,Carangola,2020-07-03,151,2,3,-1
Carangola,Carangola,2020-07-04,153,2,3,0
Carangola,Carangola,2020-07-05,153,0,3,0
Carangola,Carangola,2020-07-06,153,0,3,0
Carangola,Carangola,2020-07-07,156,3,3,0
Carangola,Carangola,2020-07-08,156,0,3,0
Carangola,Carangola,2020-07-09,166,10,3,0
Carangola,Carangola,2020-07-10,177,11,3,0
Carangola,Carangola,2020-07-11,180,3,3,0
Carangola,Carangola,2020-07-12,186,6,3,0
Carangola,Carangola,2020-07-13,186,0,3,0
Carangola,Carangola,2020-07-14,186,0,3,0
Carangola,Carangola,2020-07-15,195,9,3,0
Carangola,Carangola,2020-07-16,200,5,3,0
Carangola,Carangola,2020-07-17,200,0,3,0
Carangola,Carangola,2020-07-18,205,5,3,0
Carangola,Carangola,2020-07-19,207,2,3,0
Carangola,Carangola,2020-07-20,207,0,3,0
Carangola,Carangola,2020-07-21,208,1,3,0
Carangola,Carangola,2020-07-22,215,7,3,0
Carangola,Carangola,2020-07-23,220,5,3,0
Carangola,Carangola,2020-07-24,223,3,3,0
Carangola,Carangola,2020-07-25,228,5,3,0
Carangola,Carangola,2020-07-26,235,7,3,0
Carangola,Carangola,2020-07-27,235,0,3,0
Carangola,Carangola,2020-07-28,235,0,3,0
Carangola,Carangola,2020-07-29,240,5,4,1
Carangola,Carangola,2020-07-30,249,9,4,0
Carangola,Carangola,2020-07-31,249,0,4,0
Carangola,Carangola,2020-08-01,264,15,4,0
Carangola,Carangola,2020-08-02,265,1,4,0
Carangola,Carangola,2020-08-03,265,0,4,0
Carangola,Carangola,2020-08-04,266,1,4,0
Carangola,Carangola,2020-08-05,269,3,4,0
Carangola,Carangola,2020-08-06,273,4,6,2
Carangola,Carangola,2020-08-07,288,15,6,0
Carangola,Carangola,2020-08-08,293,5,7,1
Carangola,Carangola,2020-08-09,310,17,8,1
Carangola,Carangola,2020-08-10,310,0,8,0
Carangola,Carangola,2020-08-11,310,0,8,0
Carangola,Carangola,2020-08-12,310,0,8,0
Carangola,Carangola,2020-08-13,330,20,7,-1
Carangola,Carangola,2020-08-14,339,9,9,2
Carangola,Carangola,2020-08-15,356,17,9,0
Carangola,Carangola,2020-08-16,365,9,9,0
Carangola,Carangola,2020-08-17,365,0,9,0
Carangola,Carangola,2020-08-18,365,0,9,0
Carangola,Carangola,2020-08-19,377,12,10,1
Carangola,Carangola,2020-08-20,382,5,11,1
Carangola,Carangola,2020-08-21,392,10,11,0
Carangola,Carangola,2020-08-22,402,10,11,0
Carangola,Carangola,2020-08-23,421,19,11,0
Carangola,Carangola,2020-08-24,421,0,11,0
Carangola,Carangola,2020-08-25,422,1,11,0
Carangola,Carangola,2020-08-26,441,19,12,1
Carangola,Carangola,2020-08-27,455,14,12,0
Carangola,Carangola,2020-08-28,462,7,12,0
Carangola,Carangola,2020-08-29,474,12,13,1
Carangola,Carangola,2020-08-30,489,15,13,0
Carangola,Carangola,2020-08-31,489,0,13,0
Carangola,Carangola,2020-09-01,489,0,13,0
Carangola,Carangola,2020-09-02,504,15,15,2
Carangola,Carangola,2020-09-03,510,6,15,0
Carangola,Carangola,2020-09-04,510,0,17,2
Carangola,Carangola,2020-09-05,510,0,17,0
Carangola,Carangola,2020-09-06,547,37,17,0
Carangola,Carangola,2020-09-07,547,0,17,0
Carangola,Carangola,2020-09-08,548,1,17,0
Carangola,Carangola,2020-09-09,548,0,17,0
Carangola,Carangola,2020-09-10,557,9,18,1
Carangola,Carangola,2020-09-11,562,5,20,2
Carangola,Carangola,2020-09-12,563,1,20,0
Carangola,Carangola,2020-09-13,563,0,20,0
Carangola,Carangola,2020-09-14,563,0,20,0
Carangola,Carangola,2020-09-15,569,6,20,0
Carangola,Carangola,2020-09-16,575,6,20,0
Carangola,Carangola,2020-09-17,581,6,20,0
Carangola,Carangola,2020-09-18,583,2,22,2
Carangola,Carangola,2020-09-19,583,0,27,5
Carangola,Carangola,2020-09-20,596,13,27,0
Carangola,Carangola,2020-09-21,596,0,27,0
Carangola,Carangola,2020-09-22,596,0,27,0
Carangola,Carangola,2020-09-23,599,3,27,0
Carangola,Carangola,2020-09-24,599,0,27,0
Carangola,Carangola,2020-09-25,606,7,28,1
Carangola,Carangola,2020-09-26,606,0,28,0
Carangola,Carangola,2020-09-27,618,12,28,0
Carangola,Carangola,2020-09-28,618,0,28,0
Carangola,Carangola,2020-09-29,618,0,28,0
Carangola,Carangola,2020-09-30,625,7,29,1
Carangola,Carangola,2020-10-01,627,2,29,0
Carangola,Carangola,2020-10-02,628,1,29,0
Carangola,Carangola,2020-10-03,628,0,29,0
Carangola,Carangola,2020-10-04,628,0,29,0
Carangola,Carangola,2020-10-05,628,0,29,0
Carangola,Carangola,2020-10-06,628,0,29,0
Carangola,Carangola,2020-10-07,639,11,29,0
Carangola,Carangola,2020-10-08,642,3,29,0
Carangola,Carangola,2020-10-09,642,0,29,0
Carangola,Carangola,2020-10-10,646,4,29,0
Carangola,Carangola,2020-10-11,646,0,29,0
Carangola,Carangola,2020-10-12,646,0,29,0
Carangola,Carangola,2020-10-13,646,0,29,0
Carangola,Carangola,2020-10-14,646,0,29,0
Carangola,Carangola,2020-10-15,650,4,29,0
Carangola,Carangola,2020-10-16,650,0,29,0
Carangola,Carangola,2020-10-17,650,0,30,1
Carangola,Carangola,2020-10-18,652,2,30,0
Carangola,Carangola,2020-10-19,652,0,30,0
Carangola,Carangola,2020-10-20,652,0,30,0
Carangola,Carangola,2020-10-21,654,2,30,0
Carangola,Carangola,2020-10-22,654,0,30,0
Carangola,Carangola,2020-10-23,655,1,30,0
Carangola,Carangola,2020-10-24,655,0,30,0
Carangola,Carangola,2020-10-25,655,0,30,0
Carangola,Carangola,2020-10-26,655,0,30,0
Carangola,Carangola,2020-10-27,655,0,30,0
Carangola,Carangola,2020-10-28,661,6,30,0
Carangola,Carangola,2020-10-29,663,2,30,0
Carangola,Carangola,2020-10-30,663,0,30,0
Carangola,Carangola,2020-10-31,668,5,30,0
Carangola,Carangola,2020-11-01,675,7,30,0
Carangola,Carangola,2020-11-02,675,0,30,0
Carangola,Carangola,2020-11-03,675,0,30,0
Carangola,Carangola,2020-11-04,675,0,30,0
Carangola,Carangola,2020-11-05,676,1,30,0
Carangola,Carangola,2020-11-06,676,0,30,0
Carangola,Carangola,2020-11-07,679,3,30,0
Carangola,Carangola,2020-11-08,679,0,30,0
Carangola,Carangola,2020-11-09,679,0,30,0
Carangola,Carangola,2020-11-10,680,1,30,0
Carangola,Carangola,2020-11-11,681,1,30,0
Carangola,Carangola,2020-11-12,686,5,30,0
Carangola,Carangola,2020-11-13,687,1,30,0
Carangola,Carangola,2020-11-14,693,6,30,0
Carangola,Carangola,2020-11-15,693,0,30,0
Carangola,Carangola,2020-11-16,693,0,30,0
Carangola,Carangola,2020-11-17,694,1,30,0
Carangola,Carangola,2020-11-18,702,8,30,0
Carangola,Carangola,2020-11-19,709,7,30,0
Carangola,Carangola,2020-11-20,714,5,30,0
Carangola,Carangola,2020-11-21,714,0,30,0
Carangola,Carangola,2020-11-22,714,0,30,0
Carangola,Carangola,2020-11-23,714,0,30,0
Carangola,Carangola,2020-11-24,725,11,30,0
Carangola,Carangola,2020-11-25,737,12,30,0
Carangola,Carangola,2020-11-26,737,0,30,0
Carangola,Carangola,2020-11-27,753,16,30,0
Carangola,Carangola,2020-11-28,764,11,30,0
Carangola,Carangola,2020-11-29,771,7,30,0
Carangola,Carangola,2020-11-30,771,0,30,0
Carangola,Carangola,2020-12-01,771,0,30,0
Carangola,Carangola,2020-12-02,792,21,30,0
Carangola,Carangola,2020-12-03,797,5,31,1
Carangola,Carangola,2020-12-04,797,0,32,1
Carangola,Carangola,2020-12-05,797,0,32,0
Carangola,Carangola,2020-12-06,797,0,32,0
Carangola,Carangola,2020-12-07,797,0,32,0
Carangola,Carangola,2020-12-08,797,0,32,0
Carangola,Carangola,2020-12-09,826,29,32,0
Carangola,Carangola,2020-12-10,845,19,32,0
Carangola,Carangola,2020-12-11,845,0,32,0
Carangola,Carangola,2020-12-12,871,26,32,0
Carangola,Carangola,2020-12-13,871,0,32,0
Carangola,Carangola,2020-12-14,871,0,32,0
Carangola,Carangola,2020-12-15,871,0,32,0
Carangola,Carangola,2020-12-16,871,0,32,0
Carangola,Carangola,2020-12-17,906,35,32,0
Carangola,Carangola,2020-12-18,919,13,32,0
Carangola,Carangola,2020-12-19,943,24,32,0
Carangola,Carangola,2020-12-20,943,0,32,0
Carangola,Carangola,2020-12-21,943,0,32,0
Carangola,Carangola,2020-12-22,943,0,32,0
Carangola,Carangola,2020-12-23,1005,62,33,1
Carangola,Carangola,2020-12-24,1017,12,34,1
Carangola,Carangola,2020-12-25,1017,0,34,0
Carangola,Carangola,2020-12-26,1017,0,34,0
Carangola,Carangola,2020-12-27,1052,35,34,0
Carangola,Carangola,2020-12-28,1052,0,34,0
Carangola,Carangola,2020-12-29,1052,0,34,0
Carangola,Carangola,2020-12-30,1102,50,34,0
Carangola,Carangola,2020-12-31,1146,44,34,0
Carangola,Carangola,2021-01-01,1146,0,34,0
Carangola,Carangola,2021-01-02,1146,0,34,0
Carangola,Carangola,2021-01-03,1146,0,34,0
Carangola,Carangola,2021-01-04,1146,0,34,0
Carangola,Carangola,2021-01-05,1146,0,34,0
Carangola,Carangola,2021-01-06,1146,0,34,0
Carangola,Carangola,2021-01-07,1146,0,34,0
Carangola,Carangola,2021-01-08,1224,78,34,0
Carangola,Carangola,2021-01-09,1224,0,34,0
Carangola,Carangola,2021-01-10,1224,0,35,1
Carangola,Carangola,2021-01-11,1224,0,35,0
Carangola,Carangola,2021-01-12,1262,38,35,0
Carangola,Carangola,2021-01-13,1296,34,35,0
Carangola,Carangola,2021-01-14,1310,14,35,0
Carangola,Carangola,2021-01-15,1313,3,35,0
Carangola,Carangola,2021-01-16,1313,0,35,0
Carangola,Carangola,2021-01-17,1313,0,35,0
Carangola,Carangola,2021-01-18,1313,0,35,0
Carangola,Carangola,2021-01-19,1339,26,35,0
Carangola,Carangola,2021-01-20,1368,29,35,0
Carangola,Carangola,2021-01-21,1386,18,36,1
Carangola,Carangola,2021-01-22,1427,41,36,0
Carangola,Carangola,2021-01-23,1427,0,36,0
Carangola,Carangola,2021-01-24,1483,56,36,0
Carangola,Carangola,2021-01-25,1483,0,36,0
Carangola,Carangola,2021-01-26,1483,0,36,0
Carangola,Carangola,2021-01-27,1501,18,36,0
Carangola,Carangola,2021-01-28,1517,16,36,0
Carangola,Carangola,2021-01-29,1527,10,36,0
Carangola,Carangola,2021-01-30,1543,16,36,0
Carangola,Carangola,2021-01-31,1556,13,36,0
Carangola,Carangola,2021-02-01,1556,0,36,0
Carangola,Carangola,2021-02-02,1556,0,36,0
Carangola,Carangola,2021-02-03,1591,35,36,0
Carangola,Carangola,2021-02-04,1611,20,36,0
Carangola,Carangola,2021-02-05,1626,15,39,3
Carangola,Carangola,2021-02-06,1645,19,39,0
Carangola,Carangola,2021-02-07,1650,5,39,0
Carangola,Carangola,2021-02-08,1650,0,39,0
