city,city,date,cases,daily cases,deaths,daily deaths
Caraúbas,Caraúbas,2020-03-27,0,0,0,0
Caraúbas,Caraúbas,2020-03-28,0,0,0,0
Caraúbas,Caraúbas,2020-03-29,0,0,0,0
Caraúbas,Caraúbas,2020-03-30,0,0,0,0
Caraúbas,Caraúbas,2020-03-31,0,0,0,0
Caraúbas,Caraúbas,2020-04-01,0,0,0,0
Caraúbas,Caraúbas,2020-04-02,0,0,0,0
Caraúbas,Caraúbas,2020-04-03,1,1,0,0
Caraúbas,Caraúbas,2020-04-04,1,0,0,0
Caraúbas,Caraúbas,2020-04-05,1,0,0,0
Caraúbas,Caraúbas,2020-04-06,1,0,0,0
Caraúbas,Caraúbas,2020-04-07,1,0,0,0
Caraúbas,Caraúbas,2020-04-08,1,0,0,0
Caraúbas,Caraúbas,2020-04-09,1,0,0,0
Caraúbas,Caraúbas,2020-04-10,1,0,0,0
Caraúbas,Caraúbas,2020-04-11,1,0,0,0
Caraúbas,Caraúbas,2020-04-12,1,0,0,0
Caraúbas,Caraúbas,2020-04-13,1,0,0,0
Caraúbas,Caraúbas,2020-04-14,1,0,0,0
Caraúbas,Caraúbas,2020-04-15,1,0,0,0
Caraúbas,Caraúbas,2020-04-16,1,0,0,0
Caraúbas,Caraúbas,2020-04-17,1,0,0,0
Caraúbas,Caraúbas,2020-04-18,1,0,0,0
Caraúbas,Caraúbas,2020-04-19,1,0,0,0
Caraúbas,Caraúbas,2020-04-20,1,0,0,0
Caraúbas,Caraúbas,2020-04-21,1,0,0,0
Caraúbas,Caraúbas,2020-04-22,1,0,0,0
Caraúbas,Caraúbas,2020-04-23,1,0,0,0
Caraúbas,Caraúbas,2020-04-24,1,0,0,0
Caraúbas,Caraúbas,2020-04-25,1,0,0,0
Caraúbas,Caraúbas,2020-04-26,1,0,0,0
Caraúbas,Caraúbas,2020-04-27,1,0,0,0
Caraúbas,Caraúbas,2020-04-28,1,0,0,0
Caraúbas,Caraúbas,2020-04-29,2,1,0,0
Caraúbas,Caraúbas,2020-04-30,2,0,0,0
Caraúbas,Caraúbas,2020-05-01,2,0,0,0
Caraúbas,Caraúbas,2020-05-02,2,0,0,0
Caraúbas,Caraúbas,2020-05-03,4,2,0,0
Caraúbas,Caraúbas,2020-05-04,4,0,0,0
Caraúbas,Caraúbas,2020-05-05,4,0,0,0
Caraúbas,Caraúbas,2020-05-06,4,0,0,0
Caraúbas,Caraúbas,2020-05-07,5,1,0,0
Caraúbas,Caraúbas,2020-05-08,6,1,0,0
Caraúbas,Caraúbas,2020-05-09,6,0,0,0
Caraúbas,Caraúbas,2020-05-10,6,0,0,0
Caraúbas,Caraúbas,2020-05-11,4,-2,0,0
Caraúbas,Caraúbas,2020-05-12,4,0,0,0
Caraúbas,Caraúbas,2020-05-13,5,1,0,0
Caraúbas,Caraúbas,2020-05-14,5,0,0,0
Caraúbas,Caraúbas,2020-05-15,5,0,0,0
Caraúbas,Caraúbas,2020-05-16,5,0,0,0
Caraúbas,Caraúbas,2020-05-17,5,0,0,0
Caraúbas,Caraúbas,2020-05-18,5,0,0,0
Caraúbas,Caraúbas,2020-05-19,5,0,0,0
Caraúbas,Caraúbas,2020-05-20,7,2,0,0
Caraúbas,Caraúbas,2020-05-21,8,1,0,0
Caraúbas,Caraúbas,2020-05-22,11,3,0,0
Caraúbas,Caraúbas,2020-05-23,16,5,0,0
Caraúbas,Caraúbas,2020-05-24,15,-1,0,0
Caraúbas,Caraúbas,2020-05-25,16,1,0,0
Caraúbas,Caraúbas,2020-05-26,18,2,0,0
Caraúbas,Caraúbas,2020-05-27,19,1,0,0
Caraúbas,Caraúbas,2020-05-28,19,0,0,0
Caraúbas,Caraúbas,2020-05-29,33,14,0,0
Caraúbas,Caraúbas,2020-05-30,33,0,0,0
Caraúbas,Caraúbas,2020-05-31,33,0,0,0
Caraúbas,Caraúbas,2020-06-01,34,1,0,0
Caraúbas,Caraúbas,2020-06-02,34,0,0,0
Caraúbas,Caraúbas,2020-06-03,42,8,0,0
Caraúbas,Caraúbas,2020-06-04,45,3,0,0
Caraúbas,Caraúbas,2020-06-05,46,1,0,0
Caraúbas,Caraúbas,2020-06-06,46,0,0,0
Caraúbas,Caraúbas,2020-06-07,46,0,0,0
Caraúbas,Caraúbas,2020-06-08,59,13,0,0
Caraúbas,Caraúbas,2020-06-09,61,2,0,0
Caraúbas,Caraúbas,2020-06-10,64,3,0,0
Caraúbas,Caraúbas,2020-06-11,84,20,0,0
Caraúbas,Caraúbas,2020-06-12,88,4,0,0
Caraúbas,Caraúbas,2020-06-13,91,3,0,0
Caraúbas,Caraúbas,2020-06-14,92,1,0,0
Caraúbas,Caraúbas,2020-06-15,92,0,0,0
Caraúbas,Caraúbas,2020-06-16,105,13,0,0
Caraúbas,Caraúbas,2020-06-17,105,0,0,0
Caraúbas,Caraúbas,2020-06-18,108,3,0,0
Caraúbas,Caraúbas,2020-06-19,109,1,0,0
Caraúbas,Caraúbas,2020-06-20,113,4,0,0
Caraúbas,Caraúbas,2020-06-21,120,7,0,0
Caraúbas,Caraúbas,2020-06-22,120,0,0,0
Caraúbas,Caraúbas,2020-06-23,123,3,0,0
Caraúbas,Caraúbas,2020-06-24,130,7,0,0
Caraúbas,Caraúbas,2020-06-25,135,5,0,0
Caraúbas,Caraúbas,2020-06-26,139,4,0,0
Caraúbas,Caraúbas,2020-06-27,141,2,0,0
Caraúbas,Caraúbas,2020-06-28,144,3,0,0
Caraúbas,Caraúbas,2020-06-29,154,10,0,0
Caraúbas,Caraúbas,2020-06-30,159,5,0,0
Caraúbas,Caraúbas,2020-07-01,163,4,0,0
Caraúbas,Caraúbas,2020-07-02,165,2,0,0
Caraúbas,Caraúbas,2020-07-03,174,9,0,0
Caraúbas,Caraúbas,2020-07-04,179,5,0,0
Caraúbas,Caraúbas,2020-07-05,184,5,0,0
Caraúbas,Caraúbas,2020-07-06,185,1,0,0
Caraúbas,Caraúbas,2020-07-07,188,3,1,1
Caraúbas,Caraúbas,2020-07-08,190,2,1,0
Caraúbas,Caraúbas,2020-07-09,191,1,1,0
Caraúbas,Caraúbas,2020-07-10,202,11,1,0
Caraúbas,Caraúbas,2020-07-11,206,4,1,0
Caraúbas,Caraúbas,2020-07-12,207,1,1,0
Caraúbas,Caraúbas,2020-07-13,211,4,1,0
Caraúbas,Caraúbas,2020-07-14,212,1,2,1
Caraúbas,Caraúbas,2020-07-15,216,4,3,1
Caraúbas,Caraúbas,2020-07-16,218,2,3,0
Caraúbas,Caraúbas,2020-07-17,223,5,3,0
Caraúbas,Caraúbas,2020-07-18,238,15,3,0
Caraúbas,Caraúbas,2020-07-19,240,2,3,0
Caraúbas,Caraúbas,2020-07-20,251,11,3,0
Caraúbas,Caraúbas,2020-07-21,256,5,3,0
Caraúbas,Caraúbas,2020-07-22,261,5,3,0
Caraúbas,Caraúbas,2020-07-23,268,7,3,0
Caraúbas,Caraúbas,2020-07-24,275,7,3,0
Caraúbas,Caraúbas,2020-07-25,275,0,3,0
Caraúbas,Caraúbas,2020-07-26,275,0,3,0
Caraúbas,Caraúbas,2020-07-27,277,2,3,0
Caraúbas,Caraúbas,2020-07-28,287,10,3,0
Caraúbas,Caraúbas,2020-07-29,294,7,4,1
Caraúbas,Caraúbas,2020-07-30,301,7,4,0
Caraúbas,Caraúbas,2020-07-31,305,4,4,0
Caraúbas,Caraúbas,2020-08-01,311,6,5,1
Caraúbas,Caraúbas,2020-08-02,312,1,5,0
Caraúbas,Caraúbas,2020-08-03,313,1,5,0
Caraúbas,Caraúbas,2020-08-04,315,2,5,0
Caraúbas,Caraúbas,2020-08-05,321,6,4,-1
Caraúbas,Caraúbas,2020-08-06,323,2,4,0
Caraúbas,Caraúbas,2020-08-07,330,7,4,0
Caraúbas,Caraúbas,2020-08-08,330,0,4,0
Caraúbas,Caraúbas,2020-08-09,331,1,4,0
Caraúbas,Caraúbas,2020-08-10,332,1,4,0
Caraúbas,Caraúbas,2020-08-11,340,8,4,0
Caraúbas,Caraúbas,2020-08-12,337,-3,4,0
Caraúbas,Caraúbas,2020-08-13,340,3,4,0
Caraúbas,Caraúbas,2020-08-14,340,0,4,0
Caraúbas,Caraúbas,2020-08-15,340,0,4,0
Caraúbas,Caraúbas,2020-08-16,342,2,4,0
Caraúbas,Caraúbas,2020-08-17,342,0,4,0
Caraúbas,Caraúbas,2020-08-18,346,4,4,0
Caraúbas,Caraúbas,2020-08-19,348,2,4,0
Caraúbas,Caraúbas,2020-08-20,356,8,4,0
Caraúbas,Caraúbas,2020-08-21,358,2,4,0
Caraúbas,Caraúbas,2020-08-22,360,2,4,0
Caraúbas,Caraúbas,2020-08-23,363,3,4,0
Caraúbas,Caraúbas,2020-08-24,363,0,4,0
Caraúbas,Caraúbas,2020-08-25,369,6,5,1
Caraúbas,Caraúbas,2020-08-26,367,-2,5,0
Caraúbas,Caraúbas,2020-08-27,373,6,5,0
Caraúbas,Caraúbas,2020-08-28,375,2,5,0
Caraúbas,Caraúbas,2020-08-29,376,1,5,0
Caraúbas,Caraúbas,2020-08-30,376,0,5,0
Caraúbas,Caraúbas,2020-08-31,376,0,5,0
Caraúbas,Caraúbas,2020-09-01,376,0,5,0
Caraúbas,Caraúbas,2020-09-02,379,3,5,0
Caraúbas,Caraúbas,2020-09-03,383,4,5,0
Caraúbas,Caraúbas,2020-09-04,386,3,5,0
Caraúbas,Caraúbas,2020-09-05,392,6,5,0
Caraúbas,Caraúbas,2020-09-06,392,0,5,0
Caraúbas,Caraúbas,2020-09-07,392,0,5,0
Caraúbas,Caraúbas,2020-09-08,391,-1,5,0
Caraúbas,Caraúbas,2020-09-09,395,4,5,0
Caraúbas,Caraúbas,2020-09-10,401,6,5,0
Caraúbas,Caraúbas,2020-09-11,407,6,5,0
Caraúbas,Caraúbas,2020-09-12,410,3,5,0
Caraúbas,Caraúbas,2020-09-13,413,3,5,0
Caraúbas,Caraúbas,2020-09-14,413,0,5,0
Caraúbas,Caraúbas,2020-09-15,434,21,5,0
Caraúbas,Caraúbas,2020-09-16,439,5,5,0
Caraúbas,Caraúbas,2020-09-17,452,13,5,0
Caraúbas,Caraúbas,2020-09-18,461,9,5,0
Caraúbas,Caraúbas,2020-09-19,472,11,5,0
Caraúbas,Caraúbas,2020-09-20,472,0,5,0
Caraúbas,Caraúbas,2020-09-21,472,0,5,0
Caraúbas,Caraúbas,2020-09-22,478,6,5,0
Caraúbas,Caraúbas,2020-09-23,482,4,5,0
Caraúbas,Caraúbas,2020-09-24,484,2,5,0
Caraúbas,Caraúbas,2020-09-25,486,2,5,0
Caraúbas,Caraúbas,2020-09-26,491,5,5,0
Caraúbas,Caraúbas,2020-09-27,492,1,5,0
Caraúbas,Caraúbas,2020-09-28,493,1,5,0
Caraúbas,Caraúbas,2020-09-29,508,15,5,0
Caraúbas,Caraúbas,2020-09-30,512,4,5,0
Caraúbas,Caraúbas,2020-10-01,517,5,5,0
Caraúbas,Caraúbas,2020-10-02,522,5,5,0
Caraúbas,Caraúbas,2020-10-03,524,2,5,0
Caraúbas,Caraúbas,2020-10-04,524,0,5,0
Caraúbas,Caraúbas,2020-10-05,525,1,5,0
Caraúbas,Caraúbas,2020-10-06,533,8,5,0
Caraúbas,Caraúbas,2020-10-07,539,6,5,0
Caraúbas,Caraúbas,2020-10-08,541,2,5,0
Caraúbas,Caraúbas,2020-10-09,544,3,5,0
Caraúbas,Caraúbas,2020-10-10,549,5,5,0
Caraúbas,Caraúbas,2020-10-11,559,10,5,0
Caraúbas,Caraúbas,2020-10-12,560,1,5,0
Caraúbas,Caraúbas,2020-10-13,566,6,5,0
Caraúbas,Caraúbas,2020-10-14,574,8,5,0
Caraúbas,Caraúbas,2020-10-15,583,9,5,0
Caraúbas,Caraúbas,2020-10-16,613,30,5,0
Caraúbas,Caraúbas,2020-10-17,613,0,5,0
Caraúbas,Caraúbas,2020-10-18,622,9,5,0
Caraúbas,Caraúbas,2020-10-19,612,-10,5,0
Caraúbas,Caraúbas,2020-10-20,618,6,5,0
Caraúbas,Caraúbas,2020-10-21,627,9,5,0
Caraúbas,Caraúbas,2020-10-22,641,14,5,0
Caraúbas,Caraúbas,2020-10-23,654,13,5,0
Caraúbas,Caraúbas,2020-10-24,668,14,5,0
Caraúbas,Caraúbas,2020-10-25,666,-2,5,0
Caraúbas,Caraúbas,2020-10-26,667,1,5,0
Caraúbas,Caraúbas,2020-10-27,671,4,5,0
Caraúbas,Caraúbas,2020-10-28,693,22,5,0
Caraúbas,Caraúbas,2020-10-29,695,2,5,0
Caraúbas,Caraúbas,2020-10-30,697,2,5,0
Caraúbas,Caraúbas,2020-10-31,708,11,5,0
Caraúbas,Caraúbas,2020-11-01,710,2,5,0
Caraúbas,Caraúbas,2020-11-02,711,1,5,0
Caraúbas,Caraúbas,2020-11-03,711,0,5,0
Caraúbas,Caraúbas,2020-11-04,720,9,5,0
Caraúbas,Caraúbas,2020-11-05,720,0,5,0
Caraúbas,Caraúbas,2020-11-06,732,12,5,0
Caraúbas,Caraúbas,2020-11-07,736,4,5,0
Caraúbas,Caraúbas,2020-11-08,735,-1,5,0
Caraúbas,Caraúbas,2020-11-09,737,2,5,0
Caraúbas,Caraúbas,2020-11-10,742,5,5,0
Caraúbas,Caraúbas,2020-11-11,746,4,5,0
Caraúbas,Caraúbas,2020-11-12,753,7,6,1
Caraúbas,Caraúbas,2020-11-13,763,10,6,0
Caraúbas,Caraúbas,2020-11-14,762,-1,6,0
Caraúbas,Caraúbas,2020-11-15,758,-4,6,0
Caraúbas,Caraúbas,2020-11-16,758,0,6,0
Caraúbas,Caraúbas,2020-11-17,766,8,6,0
Caraúbas,Caraúbas,2020-11-18,761,-5,6,0
Caraúbas,Caraúbas,2020-11-19,760,-1,6,0
Caraúbas,Caraúbas,2020-11-20,765,5,6,0
Caraúbas,Caraúbas,2020-11-21,770,5,6,0
Caraúbas,Caraúbas,2020-11-22,772,2,6,0
Caraúbas,Caraúbas,2020-11-23,773,1,6,0
Caraúbas,Caraúbas,2020-11-24,775,2,7,1
Caraúbas,Caraúbas,2020-11-25,787,12,7,0
Caraúbas,Caraúbas,2020-11-26,792,5,7,0
Caraúbas,Caraúbas,2020-11-27,810,18,7,0
Caraúbas,Caraúbas,2020-11-28,815,5,7,0
Caraúbas,Caraúbas,2020-11-29,825,10,8,1
Caraúbas,Caraúbas,2020-11-30,825,0,8,0
Caraúbas,Caraúbas,2020-12-01,828,3,8,0
Caraúbas,Caraúbas,2020-12-02,842,14,8,0
Caraúbas,Caraúbas,2020-12-03,851,9,8,0
Caraúbas,Caraúbas,2020-12-04,853,2,8,0
Caraúbas,Caraúbas,2020-12-05,875,22,8,0
Caraúbas,Caraúbas,2020-12-06,875,0,8,0
Caraúbas,Caraúbas,2020-12-07,877,2,8,0
Caraúbas,Caraúbas,2020-12-08,877,0,8,0
Caraúbas,Caraúbas,2020-12-09,894,17,9,1
Caraúbas,Caraúbas,2020-12-10,905,11,9,0
Caraúbas,Caraúbas,2020-12-11,918,13,10,1
Caraúbas,Caraúbas,2020-12-12,927,9,10,0
Caraúbas,Caraúbas,2020-12-13,930,3,10,0
Caraúbas,Caraúbas,2020-12-14,933,3,10,0
Caraúbas,Caraúbas,2020-12-15,938,5,10,0
Caraúbas,Caraúbas,2020-12-16,950,12,10,0
Caraúbas,Caraúbas,2020-12-17,959,9,10,0
Caraúbas,Caraúbas,2020-12-18,963,4,10,0
Caraúbas,Caraúbas,2020-12-19,964,1,10,0
Caraúbas,Caraúbas,2020-12-20,966,2,10,0
Caraúbas,Caraúbas,2020-12-21,983,17,10,0
Caraúbas,Caraúbas,2020-12-22,1004,21,10,0
Caraúbas,Caraúbas,2020-12-23,1013,9,11,1
Caraúbas,Caraúbas,2020-12-24,1029,16,11,0
Caraúbas,Caraúbas,2020-12-25,1033,4,11,0
Caraúbas,Caraúbas,2020-12-26,1033,0,11,0
Caraúbas,Caraúbas,2020-12-27,1036,3,11,0
Caraúbas,Caraúbas,2020-12-28,1037,1,11,0
Caraúbas,Caraúbas,2020-12-29,1039,2,11,0
Caraúbas,Caraúbas,2020-12-30,1049,10,11,0
Caraúbas,Caraúbas,2020-12-31,1062,13,11,0
Caraúbas,Caraúbas,2021-01-01,1063,1,11,0
Caraúbas,Caraúbas,2021-01-02,1063,0,11,0
Caraúbas,Caraúbas,2021-01-03,1064,1,12,1
Caraúbas,Caraúbas,2021-01-04,1065,1,12,0
Caraúbas,Caraúbas,2021-01-05,1066,1,12,0
Caraúbas,Caraúbas,2021-01-06,1091,25,12,0
Caraúbas,Caraúbas,2021-01-07,1094,3,12,0
Caraúbas,Caraúbas,2021-01-08,1105,11,12,0
Caraúbas,Caraúbas,2021-01-09,1124,19,13,1
Caraúbas,Caraúbas,2021-01-10,1128,4,13,0
Caraúbas,Caraúbas,2021-01-11,1130,2,13,0
Caraúbas,Caraúbas,2021-01-12,1133,3,14,1
Caraúbas,Caraúbas,2021-01-13,1134,1,14,0
Caraúbas,Caraúbas,2021-01-14,1160,26,15,1
Caraúbas,Caraúbas,2021-01-15,1173,13,15,0
Caraúbas,Caraúbas,2021-01-16,1191,18,15,0
Caraúbas,Caraúbas,2021-01-17,1196,5,15,0
Caraúbas,Caraúbas,2021-01-18,1196,0,15,0
Caraúbas,Caraúbas,2021-01-19,1197,1,15,0
Caraúbas,Caraúbas,2021-01-20,1207,10,15,0
Caraúbas,Caraúbas,2021-01-21,1222,15,15,0
Caraúbas,Caraúbas,2021-01-22,1227,5,15,0
Caraúbas,Caraúbas,2021-01-23,1250,23,16,1
Caraúbas,Caraúbas,2021-01-24,1252,2,16,0
Caraúbas,Caraúbas,2021-01-25,1252,0,16,0
Caraúbas,Caraúbas,2021-01-26,1252,0,17,1
Caraúbas,Caraúbas,2021-01-27,1266,14,17,0
Caraúbas,Caraúbas,2021-01-28,1283,17,18,1
Caraúbas,Caraúbas,2021-01-29,1288,5,18,0
Caraúbas,Caraúbas,2021-01-30,1293,5,18,0
Caraúbas,Caraúbas,2021-01-31,1294,1,18,0
Caraúbas,Caraúbas,2021-02-01,1296,2,18,0
Caraúbas,Caraúbas,2021-02-02,1309,13,18,0
Caraúbas,Caraúbas,2021-02-03,1330,21,18,0
Caraúbas,Caraúbas,2021-02-04,1340,10,18,0
Caraúbas,Caraúbas,2021-02-05,1340,0,18,0
Caraúbas,Caraúbas,2021-02-06,1355,15,18,0
Caraúbas,Caraúbas,2021-02-07,1372,17,18,0
Caraúbas,Caraúbas,2021-02-08,1373,1,19,1
