city,city,date,cases,daily cases,deaths,daily deaths
Caratinga,Caratinga,2020-03-27,0,0,0,0
Caratinga,Caratinga,2020-03-28,0,0,0,0
Caratinga,Caratinga,2020-03-29,0,0,0,0
Caratinga,Caratinga,2020-03-30,0,0,0,0
Caratinga,Caratinga,2020-03-31,0,0,0,0
Caratinga,Caratinga,2020-04-01,0,0,0,0
Caratinga,Caratinga,2020-04-02,0,0,0,0
Caratinga,Caratinga,2020-04-03,0,0,0,0
Caratinga,Caratinga,2020-04-04,0,0,0,0
Caratinga,Caratinga,2020-04-05,0,0,0,0
Caratinga,Caratinga,2020-04-06,0,0,0,0
Caratinga,Caratinga,2020-04-07,0,0,0,0
Caratinga,Caratinga,2020-04-08,0,0,0,0
Caratinga,Caratinga,2020-04-09,0,0,0,0
Caratinga,Caratinga,2020-04-10,0,0,0,0
Caratinga,Caratinga,2020-04-11,0,0,0,0
Caratinga,Caratinga,2020-04-12,0,0,0,0
Caratinga,Caratinga,2020-04-13,0,0,0,0
Caratinga,Caratinga,2020-04-14,0,0,0,0
Caratinga,Caratinga,2020-04-15,0,0,0,0
Caratinga,Caratinga,2020-04-16,0,0,0,0
Caratinga,Caratinga,2020-04-17,0,0,0,0
Caratinga,Caratinga,2020-04-18,0,0,0,0
Caratinga,Caratinga,2020-04-19,0,0,0,0
Caratinga,Caratinga,2020-04-20,0,0,0,0
Caratinga,Caratinga,2020-04-21,0,0,0,0
Caratinga,Caratinga,2020-04-22,0,0,0,0
Caratinga,Caratinga,2020-04-23,0,0,0,0
Caratinga,Caratinga,2020-04-24,0,0,0,0
Caratinga,Caratinga,2020-04-25,0,0,0,0
Caratinga,Caratinga,2020-04-26,0,0,0,0
Caratinga,Caratinga,2020-04-27,0,0,0,0
Caratinga,Caratinga,2020-04-28,0,0,0,0
Caratinga,Caratinga,2020-04-29,0,0,0,0
Caratinga,Caratinga,2020-04-30,0,0,0,0
Caratinga,Caratinga,2020-05-01,0,0,0,0
Caratinga,Caratinga,2020-05-02,0,0,0,0
Caratinga,Caratinga,2020-05-03,1,1,0,0
Caratinga,Caratinga,2020-05-04,1,0,0,0
Caratinga,Caratinga,2020-05-05,1,0,0,0
Caratinga,Caratinga,2020-05-06,4,3,0,0
Caratinga,Caratinga,2020-05-07,4,0,0,0
Caratinga,Caratinga,2020-05-08,4,0,0,0
Caratinga,Caratinga,2020-05-09,6,2,0,0
Caratinga,Caratinga,2020-05-10,7,1,0,0
Caratinga,Caratinga,2020-05-11,7,0,0,0
Caratinga,Caratinga,2020-05-12,7,0,0,0
Caratinga,Caratinga,2020-05-13,7,0,0,0
Caratinga,Caratinga,2020-05-14,7,0,0,0
Caratinga,Caratinga,2020-05-15,7,0,0,0
Caratinga,Caratinga,2020-05-16,7,0,0,0
Caratinga,Caratinga,2020-05-17,7,0,0,0
Caratinga,Caratinga,2020-05-18,7,0,0,0
Caratinga,Caratinga,2020-05-19,8,1,0,0
Caratinga,Caratinga,2020-05-20,10,2,0,0
Caratinga,Caratinga,2020-05-21,11,1,0,0
Caratinga,Caratinga,2020-05-22,11,0,0,0
Caratinga,Caratinga,2020-05-23,14,3,0,0
Caratinga,Caratinga,2020-05-24,20,6,0,0
Caratinga,Caratinga,2020-05-25,20,0,0,0
Caratinga,Caratinga,2020-05-26,21,1,0,0
Caratinga,Caratinga,2020-05-27,21,0,0,0
Caratinga,Caratinga,2020-05-28,23,2,0,0
Caratinga,Caratinga,2020-05-29,23,0,0,0
Caratinga,Caratinga,2020-05-30,28,5,0,0
Caratinga,Caratinga,2020-05-31,29,1,0,0
Caratinga,Caratinga,2020-06-01,29,0,0,0
Caratinga,Caratinga,2020-06-02,29,0,0,0
Caratinga,Caratinga,2020-06-03,30,1,0,0
Caratinga,Caratinga,2020-06-04,31,1,0,0
Caratinga,Caratinga,2020-06-05,34,3,0,0
Caratinga,Caratinga,2020-06-06,35,1,2,2
Caratinga,Caratinga,2020-06-07,41,6,2,0
Caratinga,Caratinga,2020-06-08,41,0,3,1
Caratinga,Caratinga,2020-06-09,42,1,3,0
Caratinga,Caratinga,2020-06-10,44,2,3,0
Caratinga,Caratinga,2020-06-11,52,8,3,0
Caratinga,Caratinga,2020-06-12,52,0,4,1
Caratinga,Caratinga,2020-06-13,59,7,4,0
Caratinga,Caratinga,2020-06-14,65,6,4,0
Caratinga,Caratinga,2020-06-15,69,4,4,0
Caratinga,Caratinga,2020-06-16,69,0,4,0
Caratinga,Caratinga,2020-06-17,79,10,4,0
Caratinga,Caratinga,2020-06-18,86,7,4,0
Caratinga,Caratinga,2020-06-19,95,9,4,0
Caratinga,Caratinga,2020-06-20,110,15,4,0
Caratinga,Caratinga,2020-06-21,114,4,6,2
Caratinga,Caratinga,2020-06-22,114,0,6,0
Caratinga,Caratinga,2020-06-23,120,6,6,0
Caratinga,Caratinga,2020-06-24,120,0,6,0
Caratinga,Caratinga,2020-06-25,146,26,6,0
Caratinga,Caratinga,2020-06-26,178,32,6,0
Caratinga,Caratinga,2020-06-27,207,29,6,0
Caratinga,Caratinga,2020-06-28,233,26,6,0
Caratinga,Caratinga,2020-06-29,233,0,6,0
Caratinga,Caratinga,2020-06-30,238,5,6,0
Caratinga,Caratinga,2020-07-01,252,14,7,1
Caratinga,Caratinga,2020-07-02,272,20,7,0
Caratinga,Caratinga,2020-07-03,294,22,7,0
Caratinga,Caratinga,2020-07-04,311,17,7,0
Caratinga,Caratinga,2020-07-05,337,26,7,0
Caratinga,Caratinga,2020-07-06,347,10,7,0
Caratinga,Caratinga,2020-07-07,365,18,8,1
Caratinga,Caratinga,2020-07-08,385,20,9,1
Caratinga,Caratinga,2020-07-09,403,18,9,0
Caratinga,Caratinga,2020-07-10,407,4,10,1
Caratinga,Caratinga,2020-07-11,440,33,11,1
Caratinga,Caratinga,2020-07-12,440,0,12,1
Caratinga,Caratinga,2020-07-13,491,51,12,0
Caratinga,Caratinga,2020-07-14,496,5,13,1
Caratinga,Caratinga,2020-07-15,496,0,13,0
Caratinga,Caratinga,2020-07-16,530,34,13,0
Caratinga,Caratinga,2020-07-17,551,21,13,0
Caratinga,Caratinga,2020-07-18,561,10,13,0
Caratinga,Caratinga,2020-07-19,561,0,13,0
Caratinga,Caratinga,2020-07-20,561,0,13,0
Caratinga,Caratinga,2020-07-21,561,0,13,0
Caratinga,Caratinga,2020-07-22,589,28,15,2
Caratinga,Caratinga,2020-07-23,616,27,15,0
Caratinga,Caratinga,2020-07-24,641,25,16,1
Caratinga,Caratinga,2020-07-25,641,0,16,0
Caratinga,Caratinga,2020-07-26,691,50,16,0
Caratinga,Caratinga,2020-07-27,691,0,16,0
Caratinga,Caratinga,2020-07-28,700,9,16,0
Caratinga,Caratinga,2020-07-29,726,26,17,1
Caratinga,Caratinga,2020-07-30,743,17,17,0
Caratinga,Caratinga,2020-07-31,764,21,17,0
Caratinga,Caratinga,2020-08-01,784,20,17,0
Caratinga,Caratinga,2020-08-02,805,21,18,1
Caratinga,Caratinga,2020-08-03,812,7,18,0
Caratinga,Caratinga,2020-08-04,812,0,18,0
Caratinga,Caratinga,2020-08-05,834,22,18,0
Caratinga,Caratinga,2020-08-06,853,19,22,4
Caratinga,Caratinga,2020-08-07,873,20,22,0
Caratinga,Caratinga,2020-08-08,901,28,22,0
Caratinga,Caratinga,2020-08-09,918,17,22,0
Caratinga,Caratinga,2020-08-10,924,6,23,1
Caratinga,Caratinga,2020-08-11,924,0,23,0
Caratinga,Caratinga,2020-08-12,942,18,23,0
Caratinga,Caratinga,2020-08-13,965,23,24,1
Caratinga,Caratinga,2020-08-14,986,21,25,1
Caratinga,Caratinga,2020-08-15,1002,16,27,2
Caratinga,Caratinga,2020-08-16,1022,20,27,0
Caratinga,Caratinga,2020-08-17,1027,5,27,0
Caratinga,Caratinga,2020-08-18,1027,0,31,4
Caratinga,Caratinga,2020-08-19,1051,24,33,2
Caratinga,Caratinga,2020-08-20,1066,15,33,0
Caratinga,Caratinga,2020-08-21,1081,15,34,1
Caratinga,Caratinga,2020-08-22,1102,21,34,0
Caratinga,Caratinga,2020-08-23,1137,35,34,0
Caratinga,Caratinga,2020-08-24,1137,0,34,0
Caratinga,Caratinga,2020-08-25,1145,8,34,0
Caratinga,Caratinga,2020-08-26,1164,19,34,0
Caratinga,Caratinga,2020-08-27,1206,42,35,1
Caratinga,Caratinga,2020-08-28,1235,29,35,0
Caratinga,Caratinga,2020-08-29,1235,0,36,1
Caratinga,Caratinga,2020-08-30,1286,51,37,1
Caratinga,Caratinga,2020-08-31,1286,0,37,0
Caratinga,Caratinga,2020-09-01,1292,6,37,0
Caratinga,Caratinga,2020-09-02,1308,16,38,1
Caratinga,Caratinga,2020-09-03,1317,9,40,2
Caratinga,Caratinga,2020-09-04,1328,11,40,0
Caratinga,Caratinga,2020-09-05,1344,16,40,0
Caratinga,Caratinga,2020-09-06,1358,14,41,1
Caratinga,Caratinga,2020-09-07,1382,24,41,0
Caratinga,Caratinga,2020-09-08,1382,0,41,0
Caratinga,Caratinga,2020-09-09,1397,15,41,0
Caratinga,Caratinga,2020-09-10,1430,33,41,0
Caratinga,Caratinga,2020-09-11,1443,13,41,0
Caratinga,Caratinga,2020-09-12,1462,19,41,0
Caratinga,Caratinga,2020-09-13,1476,14,41,0
Caratinga,Caratinga,2020-09-14,1476,0,41,0
Caratinga,Caratinga,2020-09-15,1489,13,41,0
Caratinga,Caratinga,2020-09-16,1504,15,41,0
Caratinga,Caratinga,2020-09-17,1520,16,42,1
Caratinga,Caratinga,2020-09-18,1542,22,43,1
Caratinga,Caratinga,2020-09-19,1549,7,43,0
Caratinga,Caratinga,2020-09-20,1562,13,43,0
Caratinga,Caratinga,2020-09-21,1570,8,43,0
Caratinga,Caratinga,2020-09-22,1570,0,43,0
Caratinga,Caratinga,2020-09-23,1582,12,45,2
Caratinga,Caratinga,2020-09-24,1597,15,45,0
Caratinga,Caratinga,2020-09-25,1609,12,46,1
Caratinga,Caratinga,2020-09-26,1624,15,48,2
Caratinga,Caratinga,2020-09-27,1636,12,49,1
Caratinga,Caratinga,2020-09-28,1641,5,49,0
Caratinga,Caratinga,2020-09-29,1641,0,49,0
Caratinga,Caratinga,2020-09-30,1650,9,51,2
Caratinga,Caratinga,2020-10-01,1661,11,51,0
Caratinga,Caratinga,2020-10-02,1663,2,51,0
Caratinga,Caratinga,2020-10-03,1671,8,52,1
Caratinga,Caratinga,2020-10-04,1685,14,53,1
Caratinga,Caratinga,2020-10-05,1693,8,53,0
Caratinga,Caratinga,2020-10-06,1693,0,54,1
Caratinga,Caratinga,2020-10-07,1699,6,56,2
Caratinga,Caratinga,2020-10-08,1706,7,56,0
Caratinga,Caratinga,2020-10-09,1712,6,56,0
Caratinga,Caratinga,2020-10-10,1727,15,56,0
Caratinga,Caratinga,2020-10-11,1736,9,57,1
Caratinga,Caratinga,2020-10-12,1740,4,57,0
Caratinga,Caratinga,2020-10-13,1740,0,57,0
Caratinga,Caratinga,2020-10-14,1740,0,58,1
Caratinga,Caratinga,2020-10-15,1755,15,58,0
Caratinga,Caratinga,2020-10-16,1763,8,62,4
Caratinga,Caratinga,2020-10-17,1773,10,63,1
Caratinga,Caratinga,2020-10-18,1778,5,63,0
Caratinga,Caratinga,2020-10-19,1785,7,63,0
Caratinga,Caratinga,2020-10-20,1785,0,63,0
Caratinga,Caratinga,2020-10-21,1799,14,63,0
Caratinga,Caratinga,2020-10-22,1805,6,65,2
Caratinga,Caratinga,2020-10-23,1811,6,65,0
Caratinga,Caratinga,2020-10-24,1818,7,66,1
Caratinga,Caratinga,2020-10-25,1822,4,67,1
Caratinga,Caratinga,2020-10-26,1826,4,67,0
Caratinga,Caratinga,2020-10-27,1826,0,67,0
Caratinga,Caratinga,2020-10-28,1841,15,66,-1
Caratinga,Caratinga,2020-10-29,1848,7,66,0
Caratinga,Caratinga,2020-10-30,1853,5,67,1
Caratinga,Caratinga,2020-10-31,1860,7,67,0
Caratinga,Caratinga,2020-11-01,1860,0,67,0
Caratinga,Caratinga,2020-11-02,1870,10,67,0
Caratinga,Caratinga,2020-11-03,1870,0,67,0
Caratinga,Caratinga,2020-11-04,1873,3,67,0
Caratinga,Caratinga,2020-11-05,1879,6,67,0
Caratinga,Caratinga,2020-11-06,1885,6,67,0
Caratinga,Caratinga,2020-11-07,1895,10,67,0
Caratinga,Caratinga,2020-11-08,1908,13,67,0
Caratinga,Caratinga,2020-11-09,1922,14,67,0
Caratinga,Caratinga,2020-11-10,1922,0,67,0
Caratinga,Caratinga,2020-11-11,1934,12,67,0
Caratinga,Caratinga,2020-11-12,1943,9,67,0
Caratinga,Caratinga,2020-11-13,1952,9,68,1
Caratinga,Caratinga,2020-11-14,1963,11,68,0
Caratinga,Caratinga,2020-11-15,1979,16,68,0
Caratinga,Caratinga,2020-11-16,1994,15,68,0
Caratinga,Caratinga,2020-11-17,1994,0,68,0
Caratinga,Caratinga,2020-11-18,2005,11,69,1
Caratinga,Caratinga,2020-11-19,2020,15,69,0
Caratinga,Caratinga,2020-11-20,2043,23,69,0
Caratinga,Caratinga,2020-11-21,2071,28,69,0
Caratinga,Caratinga,2020-11-22,2106,35,69,0
Caratinga,Caratinga,2020-11-23,2144,38,73,4
Caratinga,Caratinga,2020-11-24,2144,0,74,1
Caratinga,Caratinga,2020-11-25,2176,32,75,1
Caratinga,Caratinga,2020-11-26,2176,0,75,0
Caratinga,Caratinga,2020-11-27,2230,54,75,0
Caratinga,Caratinga,2020-11-28,2274,44,75,0
Caratinga,Caratinga,2020-11-29,2322,48,75,0
Caratinga,Caratinga,2020-11-30,2365,43,75,0
Caratinga,Caratinga,2020-12-01,2365,0,75,0
Caratinga,Caratinga,2020-12-02,2439,74,75,0
Caratinga,Caratinga,2020-12-03,2507,68,75,0
Caratinga,Caratinga,2020-12-04,2560,53,75,0
Caratinga,Caratinga,2020-12-05,2611,51,75,0
Caratinga,Caratinga,2020-12-06,2657,46,75,0
Caratinga,Caratinga,2020-12-07,2715,58,75,0
Caratinga,Caratinga,2020-12-08,2715,0,75,0
Caratinga,Caratinga,2020-12-09,2757,42,76,1
Caratinga,Caratinga,2020-12-10,2803,46,76,0
Caratinga,Caratinga,2020-12-11,2862,59,76,0
Caratinga,Caratinga,2020-12-12,2935,73,77,1
Caratinga,Caratinga,2020-12-13,3006,71,76,-1
Caratinga,Caratinga,2020-12-14,3063,57,76,0
Caratinga,Caratinga,2020-12-15,3063,0,76,0
Caratinga,Caratinga,2020-12-16,3117,54,77,1
Caratinga,Caratinga,2020-12-17,3191,74,76,-1
Caratinga,Caratinga,2020-12-18,3264,73,77,1
Caratinga,Caratinga,2020-12-19,3329,65,78,1
Caratinga,Caratinga,2020-12-20,3397,68,99,21
Caratinga,Caratinga,2020-12-21,3441,44,99,0
Caratinga,Caratinga,2020-12-22,3441,0,99,0
Caratinga,Caratinga,2020-12-23,3487,46,99,0
Caratinga,Caratinga,2020-12-24,3523,36,101,2
Caratinga,Caratinga,2020-12-25,3560,37,101,0
Caratinga,Caratinga,2020-12-26,3586,26,101,0
Caratinga,Caratinga,2020-12-27,3586,0,102,1
Caratinga,Caratinga,2020-12-28,3604,18,103,1
Caratinga,Caratinga,2020-12-29,3604,0,104,1
Caratinga,Caratinga,2020-12-30,3631,27,105,1
Caratinga,Caratinga,2020-12-31,3674,43,105,0
Caratinga,Caratinga,2021-01-01,3727,53,105,0
Caratinga,Caratinga,2021-01-02,3760,33,105,0
Caratinga,Caratinga,2021-01-03,3760,0,105,0
Caratinga,Caratinga,2021-01-04,3788,28,105,0
Caratinga,Caratinga,2021-01-05,3788,0,105,0
Caratinga,Caratinga,2021-01-06,3808,20,108,3
Caratinga,Caratinga,2021-01-07,3832,24,109,1
Caratinga,Caratinga,2021-01-08,3860,28,110,1
Caratinga,Caratinga,2021-01-09,3899,39,112,2
Caratinga,Caratinga,2021-01-10,3933,34,116,4
Caratinga,Caratinga,2021-01-11,3967,34,116,0
Caratinga,Caratinga,2021-01-12,3967,0,116,0
Caratinga,Caratinga,2021-01-13,3993,26,117,1
Caratinga,Caratinga,2021-01-14,4020,27,119,2
Caratinga,Caratinga,2021-01-15,4056,36,126,7
Caratinga,Caratinga,2021-01-16,4081,25,126,0
Caratinga,Caratinga,2021-01-17,4112,31,126,0
Caratinga,Caratinga,2021-01-18,4139,27,127,1
Caratinga,Caratinga,2021-01-19,4139,0,127,0
Caratinga,Caratinga,2021-01-20,4174,35,128,1
Caratinga,Caratinga,2021-01-21,4208,34,129,1
Caratinga,Caratinga,2021-01-22,4230,22,131,2
Caratinga,Caratinga,2021-01-23,4254,24,132,1
Caratinga,Caratinga,2021-01-24,4279,25,136,4
Caratinga,Caratinga,2021-01-25,4302,23,136,0
Caratinga,Caratinga,2021-01-26,4302,0,136,0
Caratinga,Caratinga,2021-01-27,4328,26,136,0
Caratinga,Caratinga,2021-01-28,4360,32,136,0
Caratinga,Caratinga,2021-01-29,4401,41,140,4
Caratinga,Caratinga,2021-01-30,4419,18,143,3
Caratinga,Caratinga,2021-01-31,4440,21,144,1
Caratinga,Caratinga,2021-02-01,4462,22,144,0
Caratinga,Caratinga,2021-02-02,4462,0,144,0
Caratinga,Caratinga,2021-02-03,4490,28,146,2
Caratinga,Caratinga,2021-02-04,4511,21,147,1
Caratinga,Caratinga,2021-02-05,4524,13,147,0
Caratinga,Caratinga,2021-02-06,4539,15,148,1
Caratinga,Caratinga,2021-02-07,4558,19,148,0
Caratinga,Caratinga,2021-02-08,4574,16,148,0
