city,city,date,cases,daily cases,deaths,daily deaths
Carapebus,Carapebus,2020-03-27,0,0,0,0
Carapebus,Carapebus,2020-03-28,0,0,0,0
Carapebus,Carapebus,2020-03-29,0,0,0,0
Carapebus,Carapebus,2020-03-30,0,0,0,0
Carapebus,Carapebus,2020-03-31,0,0,0,0
Carapebus,Carapebus,2020-04-01,0,0,0,0
Carapebus,Carapebus,2020-04-02,0,0,0,0
Carapebus,Carapebus,2020-04-03,0,0,0,0
Carapebus,Carapebus,2020-04-04,0,0,0,0
Carapebus,Carapebus,2020-04-05,0,0,0,0
Carapebus,Carapebus,2020-04-06,0,0,0,0
Carapebus,Carapebus,2020-04-07,0,0,0,0
Carapebus,Carapebus,2020-04-08,0,0,0,0
Carapebus,Carapebus,2020-04-09,0,0,0,0
Carapebus,Carapebus,2020-04-10,0,0,0,0
Carapebus,Carapebus,2020-04-11,0,0,0,0
Carapebus,Carapebus,2020-04-12,0,0,0,0
Carapebus,Carapebus,2020-04-13,0,0,0,0
Carapebus,Carapebus,2020-04-14,0,0,0,0
Carapebus,Carapebus,2020-04-15,1,1,0,0
Carapebus,Carapebus,2020-04-16,1,0,0,0
Carapebus,Carapebus,2020-04-17,1,0,0,0
Carapebus,Carapebus,2020-04-18,1,0,0,0
Carapebus,Carapebus,2020-04-19,1,0,0,0
Carapebus,Carapebus,2020-04-20,1,0,0,0
Carapebus,Carapebus,2020-04-21,1,0,0,0
Carapebus,Carapebus,2020-04-22,1,0,0,0
Carapebus,Carapebus,2020-04-23,1,0,0,0
Carapebus,Carapebus,2020-04-24,1,0,0,0
Carapebus,Carapebus,2020-04-25,1,0,0,0
Carapebus,Carapebus,2020-04-26,1,0,0,0
Carapebus,Carapebus,2020-04-27,1,0,0,0
Carapebus,Carapebus,2020-04-28,1,0,0,0
Carapebus,Carapebus,2020-04-29,1,0,0,0
Carapebus,Carapebus,2020-04-30,5,4,0,0
Carapebus,Carapebus,2020-05-01,5,0,0,0
Carapebus,Carapebus,2020-05-02,5,0,0,0
Carapebus,Carapebus,2020-05-03,6,1,0,0
Carapebus,Carapebus,2020-05-04,6,0,0,0
Carapebus,Carapebus,2020-05-05,6,0,0,0
Carapebus,Carapebus,2020-05-06,6,0,0,0
Carapebus,Carapebus,2020-05-07,6,0,0,0
Carapebus,Carapebus,2020-05-08,6,0,0,0
Carapebus,Carapebus,2020-05-09,6,0,0,0
Carapebus,Carapebus,2020-05-10,6,0,0,0
Carapebus,Carapebus,2020-05-11,6,0,0,0
Carapebus,Carapebus,2020-05-12,6,0,0,0
Carapebus,Carapebus,2020-05-13,7,1,1,1
Carapebus,Carapebus,2020-05-14,8,1,1,0
Carapebus,Carapebus,2020-05-15,8,0,1,0
Carapebus,Carapebus,2020-05-16,8,0,1,0
Carapebus,Carapebus,2020-05-17,8,0,1,0
Carapebus,Carapebus,2020-05-18,8,0,1,0
Carapebus,Carapebus,2020-05-19,8,0,1,0
Carapebus,Carapebus,2020-05-20,8,0,1,0
Carapebus,Carapebus,2020-05-21,8,0,1,0
Carapebus,Carapebus,2020-05-22,8,0,1,0
Carapebus,Carapebus,2020-05-23,8,0,1,0
Carapebus,Carapebus,2020-05-24,8,0,1,0
Carapebus,Carapebus,2020-05-25,10,2,1,0
Carapebus,Carapebus,2020-05-26,10,0,1,0
Carapebus,Carapebus,2020-05-27,11,1,1,0
Carapebus,Carapebus,2020-05-28,14,3,1,0
Carapebus,Carapebus,2020-05-29,14,0,1,0
Carapebus,Carapebus,2020-05-30,23,9,1,0
Carapebus,Carapebus,2020-05-31,25,2,1,0
Carapebus,Carapebus,2020-06-01,26,1,1,0
Carapebus,Carapebus,2020-06-02,30,4,1,0
Carapebus,Carapebus,2020-06-03,32,2,1,0
Carapebus,Carapebus,2020-06-04,33,1,1,0
Carapebus,Carapebus,2020-06-05,34,1,1,0
Carapebus,Carapebus,2020-06-06,43,9,1,0
Carapebus,Carapebus,2020-06-07,49,6,1,0
Carapebus,Carapebus,2020-06-08,49,0,1,0
Carapebus,Carapebus,2020-06-09,52,3,1,0
Carapebus,Carapebus,2020-06-10,54,2,1,0
Carapebus,Carapebus,2020-06-11,56,2,1,0
Carapebus,Carapebus,2020-06-12,59,3,1,0
Carapebus,Carapebus,2020-06-13,58,-1,1,0
Carapebus,Carapebus,2020-06-14,58,0,1,0
Carapebus,Carapebus,2020-06-15,60,2,1,0
Carapebus,Carapebus,2020-06-16,61,1,1,0
Carapebus,Carapebus,2020-06-17,68,7,1,0
Carapebus,Carapebus,2020-06-18,68,0,1,0
Carapebus,Carapebus,2020-06-19,78,10,1,0
Carapebus,Carapebus,2020-06-20,82,4,1,0
Carapebus,Carapebus,2020-06-21,82,0,1,0
Carapebus,Carapebus,2020-06-22,88,6,1,0
Carapebus,Carapebus,2020-06-23,94,6,1,0
Carapebus,Carapebus,2020-06-24,95,1,1,0
Carapebus,Carapebus,2020-06-25,106,11,1,0
Carapebus,Carapebus,2020-06-26,130,24,2,1
Carapebus,Carapebus,2020-06-27,130,0,2,0
Carapebus,Carapebus,2020-06-28,133,3,2,0
Carapebus,Carapebus,2020-06-29,136,3,2,0
Carapebus,Carapebus,2020-06-30,137,1,2,0
Carapebus,Carapebus,2020-07-01,143,6,2,0
Carapebus,Carapebus,2020-07-02,144,1,3,1
Carapebus,Carapebus,2020-07-03,150,6,3,0
Carapebus,Carapebus,2020-07-04,151,1,3,0
Carapebus,Carapebus,2020-07-05,153,2,4,1
Carapebus,Carapebus,2020-07-06,153,0,4,0
Carapebus,Carapebus,2020-07-07,153,0,4,0
Carapebus,Carapebus,2020-07-08,157,4,4,0
Carapebus,Carapebus,2020-07-09,159,2,4,0
Carapebus,Carapebus,2020-07-10,160,1,4,0
Carapebus,Carapebus,2020-07-11,160,0,4,0
Carapebus,Carapebus,2020-07-12,160,0,4,0
Carapebus,Carapebus,2020-07-13,166,6,4,0
Carapebus,Carapebus,2020-07-14,166,0,4,0
Carapebus,Carapebus,2020-07-15,168,2,4,0
Carapebus,Carapebus,2020-07-16,168,0,4,0
Carapebus,Carapebus,2020-07-17,172,4,4,0
Carapebus,Carapebus,2020-07-18,172,0,4,0
Carapebus,Carapebus,2020-07-19,180,8,4,0
Carapebus,Carapebus,2020-07-20,191,11,4,0
Carapebus,Carapebus,2020-07-21,181,-10,4,0
Carapebus,Carapebus,2020-07-22,187,6,4,0
Carapebus,Carapebus,2020-07-23,187,0,4,0
Carapebus,Carapebus,2020-07-24,190,3,4,0
Carapebus,Carapebus,2020-07-25,199,9,4,0
Carapebus,Carapebus,2020-07-26,199,0,4,0
Carapebus,Carapebus,2020-07-27,199,0,4,0
Carapebus,Carapebus,2020-07-28,201,2,4,0
Carapebus,Carapebus,2020-07-29,208,7,4,0
Carapebus,Carapebus,2020-07-30,212,4,4,0
Carapebus,Carapebus,2020-07-31,217,5,4,0
Carapebus,Carapebus,2020-08-01,218,1,4,0
Carapebus,Carapebus,2020-08-02,218,0,4,0
Carapebus,Carapebus,2020-08-03,219,1,4,0
Carapebus,Carapebus,2020-08-04,219,0,4,0
Carapebus,Carapebus,2020-08-05,226,7,4,0
Carapebus,Carapebus,2020-08-06,227,1,4,0
Carapebus,Carapebus,2020-08-07,230,3,4,0
Carapebus,Carapebus,2020-08-08,234,4,4,0
Carapebus,Carapebus,2020-08-09,235,1,4,0
Carapebus,Carapebus,2020-08-10,239,4,4,0
Carapebus,Carapebus,2020-08-11,240,1,4,0
Carapebus,Carapebus,2020-08-12,241,1,4,0
Carapebus,Carapebus,2020-08-13,247,6,4,0
Carapebus,Carapebus,2020-08-14,247,0,4,0
Carapebus,Carapebus,2020-08-15,247,0,4,0
Carapebus,Carapebus,2020-08-16,252,5,4,0
Carapebus,Carapebus,2020-08-17,253,1,4,0
Carapebus,Carapebus,2020-08-18,255,2,4,0
Carapebus,Carapebus,2020-08-19,255,0,4,0
Carapebus,Carapebus,2020-08-20,255,0,4,0
Carapebus,Carapebus,2020-08-21,255,0,4,0
Carapebus,Carapebus,2020-08-22,256,1,4,0
Carapebus,Carapebus,2020-08-23,256,0,4,0
Carapebus,Carapebus,2020-08-24,256,0,4,0
Carapebus,Carapebus,2020-08-25,256,0,4,0
Carapebus,Carapebus,2020-08-26,261,5,4,0
Carapebus,Carapebus,2020-08-27,262,1,4,0
Carapebus,Carapebus,2020-08-28,262,0,4,0
Carapebus,Carapebus,2020-08-29,266,4,4,0
Carapebus,Carapebus,2020-08-30,266,0,4,0
Carapebus,Carapebus,2020-08-31,266,0,4,0
Carapebus,Carapebus,2020-09-01,268,2,4,0
Carapebus,Carapebus,2020-09-02,268,0,4,0
Carapebus,Carapebus,2020-09-03,271,3,4,0
Carapebus,Carapebus,2020-09-04,272,1,4,0
Carapebus,Carapebus,2020-09-05,272,0,4,0
Carapebus,Carapebus,2020-09-06,272,0,4,0
Carapebus,Carapebus,2020-09-07,272,0,4,0
Carapebus,Carapebus,2020-09-08,272,0,4,0
Carapebus,Carapebus,2020-09-09,272,0,4,0
Carapebus,Carapebus,2020-09-10,272,0,4,0
Carapebus,Carapebus,2020-09-11,278,6,4,0
Carapebus,Carapebus,2020-09-12,278,0,4,0
Carapebus,Carapebus,2020-09-13,280,2,4,0
Carapebus,Carapebus,2020-09-14,280,0,4,0
Carapebus,Carapebus,2020-09-15,280,0,4,0
Carapebus,Carapebus,2020-09-16,281,1,4,0
Carapebus,Carapebus,2020-09-17,281,0,4,0
Carapebus,Carapebus,2020-09-18,289,8,4,0
Carapebus,Carapebus,2020-09-19,290,1,4,0
Carapebus,Carapebus,2020-09-20,290,0,4,0
Carapebus,Carapebus,2020-09-21,290,0,4,0
Carapebus,Carapebus,2020-09-22,292,2,4,0
Carapebus,Carapebus,2020-09-23,292,0,4,0
Carapebus,Carapebus,2020-09-24,295,3,4,0
Carapebus,Carapebus,2020-09-25,295,0,4,0
Carapebus,Carapebus,2020-09-26,295,0,4,0
Carapebus,Carapebus,2020-09-27,295,0,4,0
Carapebus,Carapebus,2020-09-28,295,0,4,0
Carapebus,Carapebus,2020-09-29,297,2,4,0
Carapebus,Carapebus,2020-09-30,297,0,4,0
Carapebus,Carapebus,2020-10-01,297,0,4,0
Carapebus,Carapebus,2020-10-02,302,5,4,0
Carapebus,Carapebus,2020-10-03,302,0,4,0
Carapebus,Carapebus,2020-10-04,302,0,4,0
Carapebus,Carapebus,2020-10-05,302,0,4,0
Carapebus,Carapebus,2020-10-06,304,2,4,0
Carapebus,Carapebus,2020-10-07,305,1,4,0
Carapebus,Carapebus,2020-10-08,310,5,4,0
Carapebus,Carapebus,2020-10-09,310,0,4,0
Carapebus,Carapebus,2020-10-10,314,4,4,0
Carapebus,Carapebus,2020-10-11,314,0,4,0
Carapebus,Carapebus,2020-10-12,314,0,4,0
Carapebus,Carapebus,2020-10-13,314,0,4,0
Carapebus,Carapebus,2020-10-14,317,3,4,0
Carapebus,Carapebus,2020-10-15,319,2,4,0
Carapebus,Carapebus,2020-10-16,322,3,4,0
Carapebus,Carapebus,2020-10-17,322,0,4,0
Carapebus,Carapebus,2020-10-18,323,1,4,0
Carapebus,Carapebus,2020-10-19,323,0,4,0
Carapebus,Carapebus,2020-10-20,329,6,4,0
Carapebus,Carapebus,2020-10-21,332,3,4,0
Carapebus,Carapebus,2020-10-22,332,0,4,0
Carapebus,Carapebus,2020-10-23,333,1,4,0
Carapebus,Carapebus,2020-10-24,335,2,4,0
Carapebus,Carapebus,2020-10-25,336,1,4,0
Carapebus,Carapebus,2020-10-26,337,1,4,0
Carapebus,Carapebus,2020-10-27,339,2,4,0
Carapebus,Carapebus,2020-10-28,342,3,4,0
Carapebus,Carapebus,2020-10-29,344,2,4,0
Carapebus,Carapebus,2020-10-30,347,3,4,0
Carapebus,Carapebus,2020-10-31,347,0,4,0
Carapebus,Carapebus,2020-11-01,356,9,4,0
Carapebus,Carapebus,2020-11-02,356,0,4,0
Carapebus,Carapebus,2020-11-03,356,0,4,0
Carapebus,Carapebus,2020-11-04,360,4,4,0
Carapebus,Carapebus,2020-11-05,360,0,4,0
Carapebus,Carapebus,2020-11-06,360,0,4,0
Carapebus,Carapebus,2020-11-07,360,0,4,0
Carapebus,Carapebus,2020-11-08,370,10,4,0
Carapebus,Carapebus,2020-11-09,370,0,4,0
Carapebus,Carapebus,2020-11-10,375,5,4,0
Carapebus,Carapebus,2020-11-11,377,2,4,0
Carapebus,Carapebus,2020-11-12,381,4,4,0
Carapebus,Carapebus,2020-11-13,381,0,4,0
Carapebus,Carapebus,2020-11-14,426,45,4,0
Carapebus,Carapebus,2020-11-15,426,0,4,0
Carapebus,Carapebus,2020-11-16,429,3,4,0
Carapebus,Carapebus,2020-11-17,434,5,4,0
Carapebus,Carapebus,2020-11-18,442,8,4,0
Carapebus,Carapebus,2020-11-19,463,21,4,0
Carapebus,Carapebus,2020-11-20,466,3,4,0
Carapebus,Carapebus,2020-11-21,466,0,4,0
Carapebus,Carapebus,2020-11-22,474,8,4,0
Carapebus,Carapebus,2020-11-23,475,1,4,0
Carapebus,Carapebus,2020-11-24,478,3,4,0
Carapebus,Carapebus,2020-11-25,493,15,4,0
Carapebus,Carapebus,2020-11-26,507,14,4,0
Carapebus,Carapebus,2020-11-27,521,14,4,0
Carapebus,Carapebus,2020-11-28,562,41,4,0
Carapebus,Carapebus,2020-11-29,562,0,4,0
Carapebus,Carapebus,2020-11-30,567,5,4,0
Carapebus,Carapebus,2020-12-01,599,32,4,0
Carapebus,Carapebus,2020-12-02,607,8,4,0
Carapebus,Carapebus,2020-12-03,616,9,4,0
Carapebus,Carapebus,2020-12-04,636,20,4,0
Carapebus,Carapebus,2020-12-05,676,40,4,0
Carapebus,Carapebus,2020-12-06,679,3,4,0
Carapebus,Carapebus,2020-12-07,679,0,4,0
Carapebus,Carapebus,2020-12-08,681,2,4,0
Carapebus,Carapebus,2020-12-09,695,14,4,0
Carapebus,Carapebus,2020-12-10,710,15,4,0
Carapebus,Carapebus,2020-12-11,719,9,4,0
Carapebus,Carapebus,2020-12-12,733,14,5,1
Carapebus,Carapebus,2020-12-13,733,0,5,0
Carapebus,Carapebus,2020-12-14,733,0,5,0
Carapebus,Carapebus,2020-12-15,737,4,5,0
Carapebus,Carapebus,2020-12-16,745,8,5,0
Carapebus,Carapebus,2020-12-17,773,28,5,0
Carapebus,Carapebus,2020-12-18,779,6,5,0
Carapebus,Carapebus,2020-12-19,779,0,5,0
Carapebus,Carapebus,2020-12-20,799,20,5,0
Carapebus,Carapebus,2020-12-21,799,0,5,0
Carapebus,Carapebus,2020-12-22,814,15,5,0
Carapebus,Carapebus,2020-12-23,821,7,5,0
Carapebus,Carapebus,2020-12-24,824,3,5,0
Carapebus,Carapebus,2020-12-25,824,0,5,0
Carapebus,Carapebus,2020-12-26,825,1,5,0
Carapebus,Carapebus,2020-12-27,826,1,5,0
Carapebus,Carapebus,2020-12-28,826,0,5,0
Carapebus,Carapebus,2020-12-29,847,21,5,0
Carapebus,Carapebus,2020-12-30,847,0,5,0
Carapebus,Carapebus,2020-12-31,857,10,5,0
Carapebus,Carapebus,2021-01-01,858,1,5,0
Carapebus,Carapebus,2021-01-02,859,1,5,0
Carapebus,Carapebus,2021-01-03,859,0,5,0
Carapebus,Carapebus,2021-01-04,862,3,5,0
Carapebus,Carapebus,2021-01-05,864,2,5,0
Carapebus,Carapebus,2021-01-06,883,19,5,0
Carapebus,Carapebus,2021-01-07,889,6,5,0
Carapebus,Carapebus,2021-01-08,889,0,5,0
Carapebus,Carapebus,2021-01-09,905,16,5,0
Carapebus,Carapebus,2021-01-10,905,0,5,0
Carapebus,Carapebus,2021-01-11,905,0,5,0
Carapebus,Carapebus,2021-01-12,910,5,6,1
Carapebus,Carapebus,2021-01-13,910,0,6,0
Carapebus,Carapebus,2021-01-14,910,0,6,0
Carapebus,Carapebus,2021-01-15,926,16,6,0
Carapebus,Carapebus,2021-01-16,938,12,6,0
Carapebus,Carapebus,2021-01-17,938,0,6,0
Carapebus,Carapebus,2021-01-18,938,0,6,0
Carapebus,Carapebus,2021-01-19,941,3,6,0
Carapebus,Carapebus,2021-01-20,957,16,6,0
Carapebus,Carapebus,2021-01-21,957,0,6,0
Carapebus,Carapebus,2021-01-22,957,0,6,0
Carapebus,Carapebus,2021-01-23,959,2,6,0
Carapebus,Carapebus,2021-01-24,961,2,6,0
Carapebus,Carapebus,2021-01-25,961,0,6,0
Carapebus,Carapebus,2021-01-26,965,4,6,0
Carapebus,Carapebus,2021-01-27,968,3,6,0
Carapebus,Carapebus,2021-01-28,978,10,6,0
Carapebus,Carapebus,2021-01-29,984,6,6,0
Carapebus,Carapebus,2021-01-30,987,3,6,0
Carapebus,Carapebus,2021-01-31,987,0,6,0
Carapebus,Carapebus,2021-02-01,988,1,6,0
Carapebus,Carapebus,2021-02-02,990,2,6,0
Carapebus,Carapebus,2021-02-03,991,1,6,0
Carapebus,Carapebus,2021-02-04,995,4,6,0
Carapebus,Carapebus,2021-02-05,1005,10,6,0
Carapebus,Carapebus,2021-02-06,1007,2,6,0
Carapebus,Carapebus,2021-02-07,1007,0,6,0
Carapebus,Carapebus,2021-02-08,1010,3,6,0
