city,date,cases,daily cases,deaths,daily deaths,daily cases moving average,daily deaths moving average
Carolina,2020-03-27,0,0,0,0,,
Carolina,2020-03-28,0,0,0,0,,
Carolina,2020-03-29,0,0,0,0,,
Carolina,2020-03-30,0,0,0,0,,
Carolina,2020-03-31,0,0,0,0,,
Carolina,2020-04-01,0,0,0,0,,
Carolina,2020-04-02,0,0,0,0,,
Carolina,2020-04-03,0,0,0,0,,
Carolina,2020-04-04,0,0,0,0,,
Carolina,2020-04-05,0,0,0,0,,
Carolina,2020-04-06,0,0,0,0,,
Carolina,2020-04-07,0,0,0,0,,
Carolina,2020-04-08,0,0,0,0,,
Carolina,2020-04-09,0,0,0,0,0.0,0.0
Carolina,2020-04-10,0,0,0,0,0.0,0.0
Carolina,2020-04-11,0,0,0,0,0.0,0.0
Carolina,2020-04-12,0,0,0,0,0.0,0.0
Carolina,2020-04-13,0,0,0,0,0.0,0.0
Carolina,2020-04-14,0,0,0,0,0.0,0.0
Carolina,2020-04-15,0,0,0,0,0.0,0.0
Carolina,2020-04-16,0,0,0,0,0.0,0.0
Carolina,2020-04-17,0,0,0,0,0.0,0.0
Carolina,2020-04-18,0,0,0,0,0.0,0.0
Carolina,2020-04-19,0,0,0,0,0.0,0.0
Carolina,2020-04-20,0,0,0,0,0.0,0.0
Carolina,2020-04-21,0,0,0,0,0.0,0.0
Carolina,2020-04-22,0,0,0,0,0.0,0.0
Carolina,2020-04-23,0,0,0,0,0.0,0.0
Carolina,2020-04-24,0,0,0,0,0.0,0.0
Carolina,2020-04-25,0,0,0,0,0.0,0.0
Carolina,2020-04-26,0,0,0,0,0.0,0.0
Carolina,2020-04-27,0,0,0,0,0.0,0.0
Carolina,2020-04-28,0,0,0,0,0.0,0.0
Carolina,2020-04-29,0,0,0,0,0.0,0.0
Carolina,2020-04-30,0,0,0,0,0.0,0.0
Carolina,2020-05-01,0,0,0,0,0.0,0.0
Carolina,2020-05-02,0,0,0,0,0.0,0.0
Carolina,2020-05-03,0,0,0,0,0.0,0.0
Carolina,2020-05-04,0,0,0,0,0.0,0.0
Carolina,2020-05-05,0,0,0,0,0.0,0.0
Carolina,2020-05-06,0,0,0,0,0.0,0.0
Carolina,2020-05-07,0,0,0,0,0.0,0.0
Carolina,2020-05-08,0,0,0,0,0.0,0.0
Carolina,2020-05-09,0,0,0,0,0.0,0.0
Carolina,2020-05-10,0,0,0,0,0.0,0.0
Carolina,2020-05-11,0,0,0,0,0.0,0.0
Carolina,2020-05-12,0,0,0,0,0.0,0.0
Carolina,2020-05-13,0,0,0,0,0.0,0.0
Carolina,2020-05-14,0,0,0,0,0.0,0.0
Carolina,2020-05-15,0,0,0,0,0.0,0.0
Carolina,2020-05-16,0,0,0,0,0.0,0.0
Carolina,2020-05-17,6,6,0,0,0.42857142857142855,0.0
Carolina,2020-05-18,7,1,0,0,0.5,0.0
Carolina,2020-05-19,7,0,0,0,0.5,0.0
Carolina,2020-05-20,7,0,0,0,0.5,0.0
Carolina,2020-05-21,7,0,0,0,0.5,0.0
Carolina,2020-05-22,7,0,0,0,0.5,0.0
Carolina,2020-05-23,7,0,0,0,0.5,0.0
Carolina,2020-05-24,17,10,0,0,1.2142857142857142,0.0
Carolina,2020-05-25,17,0,0,0,1.2142857142857142,0.0
Carolina,2020-05-26,17,0,0,0,1.2142857142857142,0.0
Carolina,2020-05-27,17,0,0,0,1.2142857142857142,0.0
Carolina,2020-05-28,18,1,0,0,1.2857142857142858,0.0
Carolina,2020-05-29,27,9,0,0,1.9285714285714286,0.0
Carolina,2020-05-30,31,4,0,0,2.2142857142857144,0.0
Carolina,2020-05-31,31,0,0,0,1.7857142857142858,0.0
Carolina,2020-06-01,31,0,0,0,1.7142857142857142,0.0
Carolina,2020-06-02,36,5,0,0,2.0714285714285716,0.0
Carolina,2020-06-03,36,0,0,0,2.0714285714285716,0.0
Carolina,2020-06-04,44,8,0,0,2.642857142857143,0.0
Carolina,2020-06-05,48,4,0,0,2.9285714285714284,0.0
Carolina,2020-06-06,53,5,0,0,3.2857142857142856,0.0
Carolina,2020-06-07,55,2,0,0,2.7142857142857144,0.0
Carolina,2020-06-08,55,0,0,0,2.7142857142857144,0.0
Carolina,2020-06-09,55,0,0,0,2.7142857142857144,0.0
Carolina,2020-06-10,55,0,0,0,2.7142857142857144,0.0
Carolina,2020-06-11,80,25,0,0,4.428571428571429,0.0
Carolina,2020-06-12,80,0,0,0,3.7857142857142856,0.0
Carolina,2020-06-13,92,12,0,0,4.357142857142857,0.0
Carolina,2020-06-14,92,0,0,0,4.357142857142857,0.0
Carolina,2020-06-15,92,0,0,0,4.357142857142857,0.0
Carolina,2020-06-16,98,6,0,0,4.428571428571429,0.0
Carolina,2020-06-17,98,0,0,0,4.428571428571429,0.0
Carolina,2020-06-18,98,0,0,0,3.857142857142857,0.0
Carolina,2020-06-19,102,4,0,0,3.857142857142857,0.0
Carolina,2020-06-20,102,0,0,0,3.5,0.0
Carolina,2020-06-21,103,1,0,0,3.4285714285714284,0.0
Carolina,2020-06-22,103,0,0,0,3.4285714285714284,0.0
Carolina,2020-06-23,104,1,0,0,3.5,0.0
Carolina,2020-06-24,104,0,0,0,3.5,0.0
Carolina,2020-06-25,119,15,0,0,2.7857142857142856,0.0
Carolina,2020-06-26,123,4,0,0,3.0714285714285716,0.0
Carolina,2020-06-27,128,5,0,0,2.5714285714285716,0.0
Carolina,2020-06-28,130,2,0,0,2.7142857142857144,0.0
Carolina,2020-06-29,130,0,0,0,2.7142857142857144,0.0
Carolina,2020-06-30,137,7,0,0,2.7857142857142856,0.0
Carolina,2020-07-01,139,2,0,0,2.9285714285714284,0.0
Carolina,2020-07-02,146,7,0,0,3.4285714285714284,0.0
Carolina,2020-07-03,149,3,0,0,3.357142857142857,0.0
Carolina,2020-07-04,150,1,0,0,3.4285714285714284,0.0
Carolina,2020-07-05,150,0,0,0,3.357142857142857,0.0
Carolina,2020-07-06,150,0,0,0,3.357142857142857,0.0
Carolina,2020-07-07,151,1,0,0,3.357142857142857,0.0
Carolina,2020-07-08,155,4,0,0,3.642857142857143,0.0
Carolina,2020-07-09,158,3,0,0,2.7857142857142856,0.0
Carolina,2020-07-10,160,2,0,0,2.642857142857143,0.0
Carolina,2020-07-11,160,0,0,0,2.2857142857142856,0.0
Carolina,2020-07-12,160,0,0,0,2.142857142857143,0.0
Carolina,2020-07-13,162,2,0,0,2.2857142857142856,0.0
Carolina,2020-07-14,162,0,0,0,1.7857142857142858,0.0
Carolina,2020-07-15,165,3,0,0,1.8571428571428572,0.0
Carolina,2020-07-16,182,17,0,0,2.5714285714285716,0.0
Carolina,2020-07-17,188,6,0,0,2.7857142857142856,0.0
Carolina,2020-07-18,192,4,1,1,3.0,0.07142857142857142
Carolina,2020-07-19,193,1,1,0,3.0714285714285716,0.07142857142857142
Carolina,2020-07-20,193,0,1,0,3.0714285714285716,0.07142857142857142
Carolina,2020-07-21,193,0,1,0,3.0,0.07142857142857142
Carolina,2020-07-22,197,4,1,0,3.0,0.07142857142857142
Carolina,2020-07-23,197,0,1,0,2.7857142857142856,0.07142857142857142
Carolina,2020-07-24,197,0,1,0,2.642857142857143,0.07142857142857142
Carolina,2020-07-25,205,8,1,0,3.2142857142857144,0.07142857142857142
Carolina,2020-07-26,205,0,1,0,3.2142857142857144,0.07142857142857142
Carolina,2020-07-27,220,15,1,0,4.142857142857143,0.07142857142857142
Carolina,2020-07-28,224,4,1,0,4.428571428571429,0.07142857142857142
Carolina,2020-07-29,225,1,1,0,4.285714285714286,0.07142857142857142
Carolina,2020-07-30,226,1,1,0,3.142857142857143,0.07142857142857142
Carolina,2020-07-31,229,3,1,0,2.9285714285714284,0.07142857142857142
Carolina,2020-08-01,234,5,1,0,3.0,0.0
Carolina,2020-08-02,234,0,1,0,2.9285714285714284,0.0
Carolina,2020-08-03,234,0,1,0,2.9285714285714284,0.0
Carolina,2020-08-04,235,1,1,0,3.0,0.0
Carolina,2020-08-05,240,5,1,0,3.0714285714285716,0.0
Carolina,2020-08-06,243,3,1,0,3.2857142857142856,0.0
Carolina,2020-08-07,243,0,1,0,3.2857142857142856,0.0
Carolina,2020-08-08,251,8,1,0,3.2857142857142856,0.0
Carolina,2020-08-09,251,0,1,0,3.2857142857142856,0.0
Carolina,2020-08-10,251,0,1,0,2.2142857142857144,0.0
Carolina,2020-08-11,258,7,1,0,2.4285714285714284,0.0
Carolina,2020-08-12,258,0,1,0,2.357142857142857,0.0
Carolina,2020-08-13,261,3,1,0,2.5,0.0
Carolina,2020-08-14,273,12,1,0,3.142857142857143,0.0
Carolina,2020-08-15,283,10,1,0,3.5,0.0
Carolina,2020-08-16,284,1,1,0,3.5714285714285716,0.0
Carolina,2020-08-17,284,0,1,0,3.5714285714285716,0.0
Carolina,2020-08-18,297,13,1,0,4.428571428571429,0.0
Carolina,2020-08-19,297,0,1,0,4.071428571428571,0.0
Carolina,2020-08-20,306,9,1,0,4.5,0.0
Carolina,2020-08-21,308,2,1,0,4.642857142857143,0.0
Carolina,2020-08-22,310,2,1,0,4.214285714285714,0.0
Carolina,2020-08-23,313,3,1,0,4.428571428571429,0.0
Carolina,2020-08-24,313,0,1,0,4.428571428571429,0.0
Carolina,2020-08-25,313,0,1,0,3.9285714285714284,0.0
Carolina,2020-08-26,314,1,1,0,4.0,0.0
Carolina,2020-08-27,314,0,1,0,3.7857142857142856,0.0
Carolina,2020-08-28,334,20,1,0,4.357142857142857,0.0
Carolina,2020-08-29,334,0,1,0,3.642857142857143,0.0
Carolina,2020-08-30,334,0,1,0,3.5714285714285716,0.0
Carolina,2020-08-31,334,0,1,0,3.5714285714285716,0.0
Carolina,2020-09-01,335,1,1,0,2.7142857142857144,0.0
Carolina,2020-09-02,345,10,1,0,3.4285714285714284,0.0
Carolina,2020-09-03,348,3,1,0,3.0,0.0
Carolina,2020-09-04,348,0,1,0,2.857142857142857,0.0
Carolina,2020-09-05,354,6,1,0,3.142857142857143,0.0
Carolina,2020-09-06,354,0,1,0,2.9285714285714284,0.0
Carolina,2020-09-07,354,0,1,0,2.9285714285714284,0.0
Carolina,2020-09-08,354,0,1,0,2.9285714285714284,0.0
Carolina,2020-09-09,354,0,1,0,2.857142857142857,0.0
Carolina,2020-09-10,354,0,1,0,2.857142857142857,0.0
Carolina,2020-09-11,358,4,1,0,1.7142857142857142,0.0
Carolina,2020-09-12,369,11,1,0,2.5,0.0
Carolina,2020-09-13,369,0,1,0,2.5,0.0
Carolina,2020-09-14,369,0,1,0,2.5,0.0
Carolina,2020-09-15,374,5,1,0,2.7857142857142856,0.0
Carolina,2020-09-16,374,0,1,0,2.0714285714285716,0.0
Carolina,2020-09-17,378,4,1,0,2.142857142857143,0.0
Carolina,2020-09-18,385,7,1,0,2.642857142857143,0.0
Carolina,2020-09-19,386,1,1,0,2.2857142857142856,0.0
Carolina,2020-09-20,386,0,1,0,2.2857142857142856,0.0
Carolina,2020-09-21,386,0,1,0,2.2857142857142856,0.0
Carolina,2020-09-22,386,0,1,0,2.2857142857142856,0.0
Carolina,2020-09-23,392,6,1,0,2.7142857142857144,0.0
Carolina,2020-09-24,402,10,1,0,3.4285714285714284,0.0
Carolina,2020-09-25,402,0,1,0,3.142857142857143,0.0
Carolina,2020-09-26,403,1,1,0,2.4285714285714284,0.0
Carolina,2020-09-27,403,0,1,0,2.4285714285714284,0.0
Carolina,2020-09-28,403,0,1,0,2.4285714285714284,0.0
Carolina,2020-09-29,403,0,1,0,2.0714285714285716,0.0
Carolina,2020-09-30,403,0,1,0,2.0714285714285716,0.0
Carolina,2020-10-01,405,2,1,0,1.9285714285714286,0.0
Carolina,2020-10-02,406,1,1,0,1.5,0.0
Carolina,2020-10-03,423,17,1,0,2.642857142857143,0.0
Carolina,2020-10-04,423,0,2,1,2.642857142857143,0.07142857142857142
Carolina,2020-10-05,423,0,2,0,2.642857142857143,0.07142857142857142
Carolina,2020-10-06,423,0,2,0,2.642857142857143,0.07142857142857142
Carolina,2020-10-07,425,2,2,0,2.357142857142857,0.07142857142857142
Carolina,2020-10-08,425,0,2,0,1.6428571428571428,0.07142857142857142
Carolina,2020-10-09,425,0,2,0,1.6428571428571428,0.07142857142857142
Carolina,2020-10-10,425,0,2,0,1.5714285714285714,0.07142857142857142
Carolina,2020-10-11,425,0,2,0,1.5714285714285714,0.07142857142857142
Carolina,2020-10-12,425,0,2,0,1.5714285714285714,0.07142857142857142
Carolina,2020-10-13,425,0,2,0,1.5714285714285714,0.07142857142857142
Carolina,2020-10-14,428,3,2,0,1.7857142857142858,0.07142857142857142
Carolina,2020-10-15,428,0,2,0,1.6428571428571428,0.07142857142857142
Carolina,2020-10-16,428,0,2,0,1.5714285714285714,0.07142857142857142
Carolina,2020-10-17,429,1,2,0,0.42857142857142855,0.07142857142857142
Carolina,2020-10-18,429,0,2,0,0.42857142857142855,0.0
Carolina,2020-10-19,431,2,2,0,0.5714285714285714,0.0
Carolina,2020-10-20,431,0,2,0,0.5714285714285714,0.0
Carolina,2020-10-21,433,2,2,0,0.5714285714285714,0.0
Carolina,2020-10-22,434,1,2,0,0.6428571428571429,0.0
Carolina,2020-10-23,434,0,2,0,0.6428571428571429,0.0
Carolina,2020-10-24,434,0,2,0,0.6428571428571429,0.0
Carolina,2020-10-25,434,0,2,0,0.6428571428571429,0.0
Carolina,2020-10-26,434,0,2,0,0.6428571428571429,0.0
Carolina,2020-10-27,434,0,2,0,0.6428571428571429,0.0
Carolina,2020-10-28,436,2,2,0,0.5714285714285714,0.0
Carolina,2020-10-29,436,0,2,0,0.5714285714285714,0.0
Carolina,2020-10-30,437,1,2,0,0.6428571428571429,0.0
Carolina,2020-10-31,437,0,2,0,0.5714285714285714,0.0
Carolina,2020-11-01,437,0,2,0,0.5714285714285714,0.0
Carolina,2020-11-02,437,0,2,0,0.42857142857142855,0.0
Carolina,2020-11-03,437,0,2,0,0.42857142857142855,0.0
Carolina,2020-11-04,437,0,2,0,0.2857142857142857,0.0
Carolina,2020-11-05,437,0,2,0,0.21428571428571427,0.0
Carolina,2020-11-06,437,0,2,0,0.21428571428571427,0.0
Carolina,2020-11-07,437,0,2,0,0.21428571428571427,0.0
Carolina,2020-11-08,437,0,2,0,0.21428571428571427,0.0
Carolina,2020-11-09,437,0,2,0,0.21428571428571427,0.0
Carolina,2020-11-10,437,0,2,0,0.21428571428571427,0.0
Carolina,2020-11-11,437,0,2,0,0.07142857142857142,0.0
Carolina,2020-11-12,438,1,2,0,0.14285714285714285,0.0
Carolina,2020-11-13,438,0,2,0,0.07142857142857142,0.0
Carolina,2020-11-14,438,0,2,0,0.07142857142857142,0.0
Carolina,2020-11-15,438,0,2,0,0.07142857142857142,0.0
Carolina,2020-11-16,438,0,2,0,0.07142857142857142,0.0
Carolina,2020-11-17,438,0,2,0,0.07142857142857142,0.0
Carolina,2020-11-18,438,0,2,0,0.07142857142857142,0.0
Carolina,2020-11-19,438,0,2,0,0.07142857142857142,0.0
Carolina,2020-11-20,439,1,3,1,0.14285714285714285,0.07142857142857142
Carolina,2020-11-21,439,0,3,0,0.14285714285714285,0.07142857142857142
Carolina,2020-11-22,439,0,3,0,0.14285714285714285,0.07142857142857142
Carolina,2020-11-23,439,0,3,0,0.14285714285714285,0.07142857142857142
Carolina,2020-11-24,439,0,3,0,0.14285714285714285,0.07142857142857142
Carolina,2020-11-25,439,0,3,0,0.14285714285714285,0.07142857142857142
Carolina,2020-11-26,439,0,3,0,0.07142857142857142,0.07142857142857142
Carolina,2020-11-27,439,0,3,0,0.07142857142857142,0.07142857142857142
Carolina,2020-11-28,439,0,3,0,0.07142857142857142,0.07142857142857142
Carolina,2020-11-29,440,1,4,1,0.14285714285714285,0.14285714285714285
Carolina,2020-11-30,441,1,6,2,0.21428571428571427,0.2857142857142857
Carolina,2020-12-01,441,0,6,0,0.21428571428571427,0.2857142857142857
Carolina,2020-12-02,441,0,6,0,0.21428571428571427,0.2857142857142857
Carolina,2020-12-03,441,0,6,0,0.21428571428571427,0.2857142857142857
Carolina,2020-12-04,441,0,6,0,0.14285714285714285,0.21428571428571427
Carolina,2020-12-05,441,0,6,0,0.14285714285714285,0.21428571428571427
Carolina,2020-12-06,441,0,6,0,0.14285714285714285,0.21428571428571427
Carolina,2020-12-07,444,3,6,0,0.35714285714285715,0.21428571428571427
Carolina,2020-12-08,444,0,6,0,0.35714285714285715,0.21428571428571427
Carolina,2020-12-09,444,0,6,0,0.35714285714285715,0.21428571428571427
Carolina,2020-12-10,444,0,6,0,0.35714285714285715,0.21428571428571427
Carolina,2020-12-11,444,0,6,0,0.35714285714285715,0.21428571428571427
Carolina,2020-12-12,444,0,6,0,0.35714285714285715,0.21428571428571427
Carolina,2020-12-13,444,0,6,0,0.2857142857142857,0.14285714285714285
Carolina,2020-12-14,444,0,6,0,0.21428571428571427,0.0
Carolina,2020-12-15,444,0,6,0,0.21428571428571427,0.0
Carolina,2020-12-16,445,1,6,0,0.2857142857142857,0.0
Carolina,2020-12-17,445,0,6,0,0.2857142857142857,0.0
Carolina,2020-12-18,445,0,6,0,0.2857142857142857,0.0
Carolina,2020-12-19,445,0,6,0,0.2857142857142857,0.0
Carolina,2020-12-20,445,0,6,0,0.2857142857142857,0.0
Carolina,2020-12-21,445,0,6,0,0.07142857142857142,0.0
Carolina,2020-12-22,445,0,6,0,0.07142857142857142,0.0
Carolina,2020-12-23,445,0,6,0,0.07142857142857142,0.0
Carolina,2020-12-24,445,0,6,0,0.07142857142857142,0.0
Carolina,2020-12-25,445,0,6,0,0.07142857142857142,0.0
Carolina,2020-12-26,445,0,6,0,0.07142857142857142,0.0
Carolina,2020-12-27,445,0,6,0,0.07142857142857142,0.0
Carolina,2020-12-28,445,0,6,0,0.07142857142857142,0.0
Carolina,2020-12-29,445,0,6,0,0.07142857142857142,0.0
Carolina,2020-12-30,445,0,6,0,0.0,0.0
Carolina,2020-12-31,445,0,6,0,0.0,0.0
Carolina,2021-01-01,447,2,6,0,0.14285714285714285,0.0
Carolina,2021-01-02,447,0,6,0,0.14285714285714285,0.0
Carolina,2021-01-03,447,0,6,0,0.14285714285714285,0.0
Carolina,2021-01-04,447,0,6,0,0.14285714285714285,0.0
Carolina,2021-01-05,448,1,6,0,0.21428571428571427,0.0
Carolina,2021-01-06,452,4,6,0,0.5,0.0
Carolina,2021-01-07,452,0,6,0,0.5,0.0
Carolina,2021-01-08,453,1,6,0,0.5714285714285714,0.0
Carolina,2021-01-09,453,0,6,0,0.5714285714285714,0.0
Carolina,2021-01-10,453,0,6,0,0.5714285714285714,0.0
Carolina,2021-01-11,453,0,6,0,0.5714285714285714,0.0
Carolina,2021-01-12,454,1,6,0,0.6428571428571429,0.0
Carolina,2021-01-13,455,1,6,0,0.7142857142857143,0.0
Carolina,2021-01-14,455,0,6,0,0.7142857142857143,0.0
Carolina,2021-01-15,455,0,6,0,0.5714285714285714,0.0
Carolina,2021-01-16,455,0,6,0,0.5714285714285714,0.0
Carolina,2021-01-17,455,0,6,0,0.5714285714285714,0.0
Carolina,2021-01-18,455,0,6,0,0.5714285714285714,0.0
Carolina,2021-01-19,455,0,6,0,0.5,0.0
Carolina,2021-01-20,455,0,6,0,0.21428571428571427,0.0
Carolina,2021-01-21,455,0,6,0,0.21428571428571427,0.0
Carolina,2021-01-22,456,1,6,0,0.21428571428571427,0.0
Carolina,2021-01-23,457,1,6,0,0.2857142857142857,0.0
Carolina,2021-01-24,457,0,6,0,0.2857142857142857,0.0
Carolina,2021-01-25,458,1,6,0,0.35714285714285715,0.0
Carolina,2021-01-26,461,3,6,0,0.5,0.0
Carolina,2021-01-27,463,2,6,0,0.5714285714285714,0.0
Carolina,2021-01-28,464,1,6,0,0.6428571428571429,0.0
Carolina,2021-01-29,464,0,6,0,0.6428571428571429,0.0
Carolina,2021-01-30,464,0,6,0,0.6428571428571429,0.0
Carolina,2021-01-31,464,0,6,0,0.6428571428571429,0.0
Carolina,2021-02-01,464,0,6,0,0.6428571428571429,0.0
Carolina,2021-02-02,464,0,6,0,0.6428571428571429,0.0
Carolina,2021-02-03,464,0,6,0,0.6428571428571429,0.0
Carolina,2021-02-04,465,1,6,0,0.7142857142857143,0.0
Carolina,2021-02-05,465,0,6,0,0.6428571428571429,0.0
Carolina,2021-02-06,465,0,6,0,0.5714285714285714,0.0
Carolina,2021-02-07,465,0,6,0,0.5714285714285714,0.0
Carolina,2021-02-08,465,0,6,0,0.5,0.0
Carolina,2021-02-09,469,4,7,1,0.5714285714285714,0.07142857142857142
Carolina,2021-02-10,469,0,7,0,0.42857142857142855,0.07142857142857142
Carolina,2021-02-11,469,0,7,0,0.35714285714285715,0.07142857142857142
Carolina,2021-02-12,472,3,7,0,0.5714285714285714,0.07142857142857142
