city,city,date,cases,daily cases,deaths,daily deaths
Caçu,Caçu,2020-03-27,0,0,0,0
Caçu,Caçu,2020-03-28,0,0,0,0
Caçu,Caçu,2020-03-29,0,0,0,0
Caçu,Caçu,2020-03-30,0,0,0,0
Caçu,Caçu,2020-03-31,0,0,0,0
Caçu,Caçu,2020-04-01,0,0,0,0
Caçu,Caçu,2020-04-02,0,0,0,0
Caçu,Caçu,2020-04-03,0,0,0,0
Caçu,Caçu,2020-04-04,0,0,0,0
Caçu,Caçu,2020-04-05,0,0,0,0
Caçu,Caçu,2020-04-06,0,0,0,0
Caçu,Caçu,2020-04-07,0,0,0,0
Caçu,Caçu,2020-04-08,0,0,0,0
Caçu,Caçu,2020-04-09,0,0,0,0
Caçu,Caçu,2020-04-10,0,0,0,0
Caçu,Caçu,2020-04-11,0,0,0,0
Caçu,Caçu,2020-04-12,0,0,0,0
Caçu,Caçu,2020-04-13,0,0,0,0
Caçu,Caçu,2020-04-14,0,0,0,0
Caçu,Caçu,2020-04-15,0,0,0,0
Caçu,Caçu,2020-04-16,0,0,0,0
Caçu,Caçu,2020-04-17,0,0,0,0
Caçu,Caçu,2020-04-18,0,0,0,0
Caçu,Caçu,2020-04-19,0,0,0,0
Caçu,Caçu,2020-04-20,0,0,0,0
Caçu,Caçu,2020-04-21,0,0,0,0
Caçu,Caçu,2020-04-22,0,0,0,0
Caçu,Caçu,2020-04-23,0,0,0,0
Caçu,Caçu,2020-04-24,0,0,0,0
Caçu,Caçu,2020-04-25,0,0,0,0
Caçu,Caçu,2020-04-26,0,0,0,0
Caçu,Caçu,2020-04-27,0,0,0,0
Caçu,Caçu,2020-04-28,0,0,0,0
Caçu,Caçu,2020-04-29,0,0,0,0
Caçu,Caçu,2020-04-30,0,0,0,0
Caçu,Caçu,2020-05-01,0,0,0,0
Caçu,Caçu,2020-05-02,0,0,0,0
Caçu,Caçu,2020-05-03,0,0,0,0
Caçu,Caçu,2020-05-04,0,0,0,0
Caçu,Caçu,2020-05-05,0,0,0,0
Caçu,Caçu,2020-05-06,0,0,0,0
Caçu,Caçu,2020-05-07,0,0,0,0
Caçu,Caçu,2020-05-08,0,0,0,0
Caçu,Caçu,2020-05-09,0,0,0,0
Caçu,Caçu,2020-05-10,0,0,0,0
Caçu,Caçu,2020-05-11,0,0,0,0
Caçu,Caçu,2020-05-12,0,0,0,0
Caçu,Caçu,2020-05-13,0,0,0,0
Caçu,Caçu,2020-05-14,7,7,0,0
Caçu,Caçu,2020-05-15,7,0,0,0
Caçu,Caçu,2020-05-16,6,-1,0,0
Caçu,Caçu,2020-05-17,6,0,0,0
Caçu,Caçu,2020-05-18,6,0,0,0
Caçu,Caçu,2020-05-19,7,1,0,0
Caçu,Caçu,2020-05-20,7,0,0,0
Caçu,Caçu,2020-05-21,7,0,0,0
Caçu,Caçu,2020-05-22,7,0,0,0
Caçu,Caçu,2020-05-23,6,-1,0,0
Caçu,Caçu,2020-05-24,6,0,0,0
Caçu,Caçu,2020-05-25,6,0,0,0
Caçu,Caçu,2020-05-26,10,4,0,0
Caçu,Caçu,2020-05-27,10,0,0,0
Caçu,Caçu,2020-05-28,14,4,0,0
Caçu,Caçu,2020-05-29,14,0,0,0
Caçu,Caçu,2020-05-30,8,-6,0,0
Caçu,Caçu,2020-05-31,8,0,0,0
Caçu,Caçu,2020-06-01,25,17,0,0
Caçu,Caçu,2020-06-02,23,-2,0,0
Caçu,Caçu,2020-06-03,22,-1,0,0
Caçu,Caçu,2020-06-04,23,1,0,0
Caçu,Caçu,2020-06-05,24,1,0,0
Caçu,Caçu,2020-06-06,25,1,0,0
Caçu,Caçu,2020-06-07,25,0,0,0
Caçu,Caçu,2020-06-08,25,0,0,0
Caçu,Caçu,2020-06-09,25,0,0,0
Caçu,Caçu,2020-06-10,26,1,0,0
Caçu,Caçu,2020-06-11,33,7,0,0
Caçu,Caçu,2020-06-12,34,1,0,0
Caçu,Caçu,2020-06-13,34,0,0,0
Caçu,Caçu,2020-06-14,34,0,0,0
Caçu,Caçu,2020-06-15,34,0,0,0
Caçu,Caçu,2020-06-16,41,7,0,0
Caçu,Caçu,2020-06-17,43,2,0,0
Caçu,Caçu,2020-06-18,44,1,0,0
Caçu,Caçu,2020-06-19,48,4,0,0
Caçu,Caçu,2020-06-20,50,2,2,2
Caçu,Caçu,2020-06-21,52,2,2,0
Caçu,Caçu,2020-06-22,54,2,2,0
Caçu,Caçu,2020-06-23,60,6,2,0
Caçu,Caçu,2020-06-24,63,3,3,1
Caçu,Caçu,2020-06-25,66,3,3,0
Caçu,Caçu,2020-06-26,66,0,3,0
Caçu,Caçu,2020-06-27,67,1,3,0
Caçu,Caçu,2020-06-28,67,0,3,0
Caçu,Caçu,2020-06-29,67,0,3,0
Caçu,Caçu,2020-06-30,81,14,3,0
Caçu,Caçu,2020-07-01,108,27,3,0
Caçu,Caçu,2020-07-02,114,6,3,0
Caçu,Caçu,2020-07-03,114,0,3,0
Caçu,Caçu,2020-07-04,116,2,3,0
Caçu,Caçu,2020-07-05,117,1,3,0
Caçu,Caçu,2020-07-06,118,1,3,0
Caçu,Caçu,2020-07-07,130,12,3,0
Caçu,Caçu,2020-07-08,140,10,4,1
Caçu,Caçu,2020-07-09,143,3,4,0
Caçu,Caçu,2020-07-10,157,14,4,0
Caçu,Caçu,2020-07-11,169,12,4,0
Caçu,Caçu,2020-07-12,174,5,4,0
Caçu,Caçu,2020-07-13,178,4,4,0
Caçu,Caçu,2020-07-14,180,2,4,0
Caçu,Caçu,2020-07-15,186,6,4,0
Caçu,Caçu,2020-07-16,202,16,4,0
Caçu,Caçu,2020-07-17,206,4,4,0
Caçu,Caçu,2020-07-18,206,0,4,0
Caçu,Caçu,2020-07-19,206,0,4,0
Caçu,Caçu,2020-07-20,206,0,4,0
Caçu,Caçu,2020-07-21,211,5,4,0
Caçu,Caçu,2020-07-22,217,6,4,0
Caçu,Caçu,2020-07-23,227,10,4,0
Caçu,Caçu,2020-07-24,238,11,4,0
Caçu,Caçu,2020-07-25,255,17,4,0
Caçu,Caçu,2020-07-26,255,0,4,0
Caçu,Caçu,2020-07-27,257,2,4,0
Caçu,Caçu,2020-07-28,265,8,4,0
Caçu,Caçu,2020-07-29,277,12,4,0
Caçu,Caçu,2020-07-30,279,2,4,0
Caçu,Caçu,2020-07-31,280,1,4,0
Caçu,Caçu,2020-08-01,281,1,4,0
Caçu,Caçu,2020-08-02,281,0,4,0
Caçu,Caçu,2020-08-03,281,0,4,0
Caçu,Caçu,2020-08-04,286,5,4,0
Caçu,Caçu,2020-08-05,293,7,5,1
Caçu,Caçu,2020-08-06,295,2,5,0
Caçu,Caçu,2020-08-07,295,0,5,0
Caçu,Caçu,2020-08-08,297,2,6,1
Caçu,Caçu,2020-08-09,296,-1,6,0
Caçu,Caçu,2020-08-10,297,1,6,0
Caçu,Caçu,2020-08-11,307,10,6,0
Caçu,Caçu,2020-08-12,312,5,6,0
Caçu,Caçu,2020-08-13,310,-2,6,0
Caçu,Caçu,2020-08-14,311,1,6,0
Caçu,Caçu,2020-08-15,311,0,6,0
Caçu,Caçu,2020-08-16,311,0,6,0
Caçu,Caçu,2020-08-17,313,2,6,0
Caçu,Caçu,2020-08-18,314,1,6,0
Caçu,Caçu,2020-08-19,315,1,6,0
Caçu,Caçu,2020-08-20,317,2,6,0
Caçu,Caçu,2020-08-21,321,4,6,0
Caçu,Caçu,2020-08-22,322,1,6,0
Caçu,Caçu,2020-08-23,322,0,6,0
Caçu,Caçu,2020-08-24,324,2,6,0
Caçu,Caçu,2020-08-25,331,7,6,0
Caçu,Caçu,2020-08-26,334,3,6,0
Caçu,Caçu,2020-08-27,338,4,6,0
Caçu,Caçu,2020-08-28,342,4,7,1
Caçu,Caçu,2020-08-29,343,1,7,0
Caçu,Caçu,2020-08-30,343,0,7,0
Caçu,Caçu,2020-08-31,345,2,7,0
Caçu,Caçu,2020-09-01,348,3,7,0
Caçu,Caçu,2020-09-02,351,3,7,0
Caçu,Caçu,2020-09-03,355,4,7,0
Caçu,Caçu,2020-09-04,363,8,7,0
Caçu,Caçu,2020-09-05,363,0,7,0
Caçu,Caçu,2020-09-06,363,0,7,0
Caçu,Caçu,2020-09-07,364,1,7,0
Caçu,Caçu,2020-09-08,371,7,7,0
Caçu,Caçu,2020-09-09,380,9,7,0
Caçu,Caçu,2020-09-10,384,4,7,0
Caçu,Caçu,2020-09-11,397,13,7,0
Caçu,Caçu,2020-09-12,397,0,7,0
Caçu,Caçu,2020-09-13,397,0,7,0
Caçu,Caçu,2020-09-14,399,2,7,0
Caçu,Caçu,2020-09-15,404,5,7,0
Caçu,Caçu,2020-09-16,405,1,7,0
Caçu,Caçu,2020-09-17,414,9,7,0
Caçu,Caçu,2020-09-18,431,17,7,0
Caçu,Caçu,2020-09-19,431,0,7,0
Caçu,Caçu,2020-09-20,431,0,7,0
Caçu,Caçu,2020-09-21,431,0,7,0
Caçu,Caçu,2020-09-22,454,23,7,0
Caçu,Caçu,2020-09-23,462,8,7,0
Caçu,Caçu,2020-09-24,466,4,7,0
Caçu,Caçu,2020-09-25,471,5,7,0
Caçu,Caçu,2020-09-26,474,3,7,0
Caçu,Caçu,2020-09-27,474,0,7,0
Caçu,Caçu,2020-09-28,475,1,7,0
Caçu,Caçu,2020-09-29,505,30,7,0
Caçu,Caçu,2020-09-30,507,2,7,0
Caçu,Caçu,2020-10-01,519,12,7,0
Caçu,Caçu,2020-10-02,528,9,7,0
Caçu,Caçu,2020-10-03,530,2,7,0
Caçu,Caçu,2020-10-04,531,1,7,0
Caçu,Caçu,2020-10-05,533,2,7,0
Caçu,Caçu,2020-10-06,543,10,7,0
Caçu,Caçu,2020-10-07,556,13,7,0
Caçu,Caçu,2020-10-08,576,20,8,1
Caçu,Caçu,2020-10-09,583,7,8,0
Caçu,Caçu,2020-10-10,598,15,8,0
Caçu,Caçu,2020-10-11,599,1,8,0
Caçu,Caçu,2020-10-12,599,0,8,0
Caçu,Caçu,2020-10-13,600,1,8,0
Caçu,Caçu,2020-10-14,611,11,8,0
Caçu,Caçu,2020-10-15,623,12,8,0
Caçu,Caçu,2020-10-16,638,15,8,0
Caçu,Caçu,2020-10-17,651,13,8,0
Caçu,Caçu,2020-10-18,651,0,8,0
Caçu,Caçu,2020-10-19,651,0,8,0
Caçu,Caçu,2020-10-20,652,1,9,1
Caçu,Caçu,2020-10-21,651,-1,9,0
Caçu,Caçu,2020-10-22,664,13,10,1
Caçu,Caçu,2020-10-23,681,17,10,0
Caçu,Caçu,2020-10-24,706,25,10,0
Caçu,Caçu,2020-10-25,708,2,11,1
Caçu,Caçu,2020-10-26,708,0,11,0
Caçu,Caçu,2020-10-27,717,9,11,0
Caçu,Caçu,2020-10-28,720,3,11,0
Caçu,Caçu,2020-10-29,734,14,11,0
Caçu,Caçu,2020-10-30,737,3,11,0
Caçu,Caçu,2020-10-31,737,0,11,0
Caçu,Caçu,2020-11-01,737,0,11,0
Caçu,Caçu,2020-11-02,737,0,11,0
Caçu,Caçu,2020-11-03,737,0,11,0
Caçu,Caçu,2020-11-04,738,1,11,0
Caçu,Caçu,2020-11-05,740,2,11,0
Caçu,Caçu,2020-11-06,741,1,11,0
Caçu,Caçu,2020-11-07,738,-3,11,0
Caçu,Caçu,2020-11-08,738,0,11,0
Caçu,Caçu,2020-11-09,740,2,11,0
Caçu,Caçu,2020-11-10,747,7,11,0
Caçu,Caçu,2020-11-11,744,-3,11,0
Caçu,Caçu,2020-11-12,744,0,11,0
Caçu,Caçu,2020-11-13,748,4,11,0
Caçu,Caçu,2020-11-14,748,0,11,0
Caçu,Caçu,2020-11-15,749,1,11,0
Caçu,Caçu,2020-11-16,749,0,11,0
Caçu,Caçu,2020-11-17,748,-1,12,1
Caçu,Caçu,2020-11-18,750,2,12,0
Caçu,Caçu,2020-11-19,749,-1,12,0
Caçu,Caçu,2020-11-20,750,1,12,0
Caçu,Caçu,2020-11-21,751,1,12,0
Caçu,Caçu,2020-11-22,751,0,12,0
Caçu,Caçu,2020-11-23,751,0,12,0
Caçu,Caçu,2020-11-24,752,1,12,0
Caçu,Caçu,2020-11-25,757,5,12,0
Caçu,Caçu,2020-11-26,759,2,12,0
Caçu,Caçu,2020-11-27,759,0,12,0
Caçu,Caçu,2020-11-28,761,2,12,0
Caçu,Caçu,2020-11-29,761,0,13,1
Caçu,Caçu,2020-11-30,761,0,13,0
Caçu,Caçu,2020-12-01,762,1,13,0
Caçu,Caçu,2020-12-02,763,1,13,0
Caçu,Caçu,2020-12-03,764,1,13,0
Caçu,Caçu,2020-12-04,765,1,13,0
Caçu,Caçu,2020-12-05,765,0,13,0
Caçu,Caçu,2020-12-06,765,0,13,0
Caçu,Caçu,2020-12-07,765,0,13,0
Caçu,Caçu,2020-12-08,765,0,13,0
Caçu,Caçu,2020-12-09,765,0,13,0
Caçu,Caçu,2020-12-10,765,0,13,0
Caçu,Caçu,2020-12-11,765,0,13,0
Caçu,Caçu,2020-12-12,765,0,13,0
Caçu,Caçu,2020-12-13,765,0,13,0
Caçu,Caçu,2020-12-14,765,0,13,0
Caçu,Caçu,2020-12-15,765,0,13,0
Caçu,Caçu,2020-12-16,765,0,13,0
Caçu,Caçu,2020-12-17,765,0,13,0
Caçu,Caçu,2020-12-18,765,0,13,0
Caçu,Caçu,2020-12-19,765,0,13,0
Caçu,Caçu,2020-12-20,765,0,13,0
Caçu,Caçu,2020-12-21,765,0,13,0
Caçu,Caçu,2020-12-22,766,1,13,0
Caçu,Caçu,2020-12-23,767,1,14,1
Caçu,Caçu,2020-12-24,767,0,14,0
Caçu,Caçu,2020-12-25,767,0,14,0
Caçu,Caçu,2020-12-26,767,0,14,0
Caçu,Caçu,2020-12-27,767,0,14,0
Caçu,Caçu,2020-12-28,767,0,14,0
Caçu,Caçu,2020-12-29,767,0,14,0
Caçu,Caçu,2020-12-30,767,0,14,0
Caçu,Caçu,2020-12-31,767,0,14,0
Caçu,Caçu,2021-01-01,767,0,14,0
Caçu,Caçu,2021-01-02,767,0,14,0
Caçu,Caçu,2021-01-03,767,0,14,0
Caçu,Caçu,2021-01-04,767,0,14,0
Caçu,Caçu,2021-01-05,767,0,14,0
Caçu,Caçu,2021-01-06,767,0,14,0
Caçu,Caçu,2021-01-07,767,0,14,0
Caçu,Caçu,2021-01-08,767,0,14,0
Caçu,Caçu,2021-01-09,767,0,14,0
Caçu,Caçu,2021-01-10,767,0,14,0
Caçu,Caçu,2021-01-11,767,0,14,0
Caçu,Caçu,2021-01-12,767,0,14,0
Caçu,Caçu,2021-01-13,767,0,14,0
Caçu,Caçu,2021-01-14,766,-1,14,0
Caçu,Caçu,2021-01-15,766,0,14,0
Caçu,Caçu,2021-01-16,766,0,14,0
Caçu,Caçu,2021-01-17,766,0,14,0
Caçu,Caçu,2021-01-18,767,1,15,1
Caçu,Caçu,2021-01-19,767,0,15,0
Caçu,Caçu,2021-01-20,767,0,15,0
Caçu,Caçu,2021-01-21,767,0,15,0
Caçu,Caçu,2021-01-22,769,2,15,0
Caçu,Caçu,2021-01-23,775,6,15,0
Caçu,Caçu,2021-01-24,775,0,15,0
Caçu,Caçu,2021-01-25,777,2,15,0
Caçu,Caçu,2021-01-26,789,12,15,0
Caçu,Caçu,2021-01-27,789,0,15,0
Caçu,Caçu,2021-01-28,800,11,16,1
Caçu,Caçu,2021-01-29,807,7,16,0
Caçu,Caçu,2021-01-30,807,0,16,0
Caçu,Caçu,2021-01-31,807,0,16,0
Caçu,Caçu,2021-02-01,807,0,16,0
Caçu,Caçu,2021-02-02,807,0,16,0
Caçu,Caçu,2021-02-03,807,0,16,0
Caçu,Caçu,2021-02-04,807,0,16,0
Caçu,Caçu,2021-02-05,808,1,17,1
Caçu,Caçu,2021-02-06,808,0,17,0
Caçu,Caçu,2021-02-07,808,0,17,0
Caçu,Caçu,2021-02-08,809,1,17,0
