city,city,date,cases,daily cases,deaths,daily deaths
Colombo,Colombo,2020-03-27,0,0,0,0
Colombo,Colombo,2020-03-28,1,1,0,0
Colombo,Colombo,2020-03-29,1,0,0,0
Colombo,Colombo,2020-03-30,0,-1,0,0
Colombo,Colombo,2020-03-31,0,0,0,0
Colombo,Colombo,2020-04-01,0,0,0,0
Colombo,Colombo,2020-04-02,0,0,0,0
Colombo,Colombo,2020-04-03,1,1,0,0
Colombo,Colombo,2020-04-04,4,3,0,0
Colombo,Colombo,2020-04-05,4,0,0,0
Colombo,Colombo,2020-04-06,4,0,0,0
Colombo,Colombo,2020-04-07,5,1,0,0
Colombo,Colombo,2020-04-08,5,0,0,0
Colombo,Colombo,2020-04-09,7,2,0,0
Colombo,Colombo,2020-04-10,7,0,0,0
Colombo,Colombo,2020-04-11,7,0,0,0
Colombo,Colombo,2020-04-12,7,0,0,0
Colombo,Colombo,2020-04-13,8,1,0,0
Colombo,Colombo,2020-04-14,8,0,0,0
Colombo,Colombo,2020-04-15,8,0,0,0
Colombo,Colombo,2020-04-16,8,0,0,0
Colombo,Colombo,2020-04-17,8,0,0,0
Colombo,Colombo,2020-04-18,8,0,0,0
Colombo,Colombo,2020-04-19,8,0,0,0
Colombo,Colombo,2020-04-20,8,0,0,0
Colombo,Colombo,2020-04-21,9,1,0,0
Colombo,Colombo,2020-04-22,9,0,0,0
Colombo,Colombo,2020-04-23,9,0,0,0
Colombo,Colombo,2020-04-24,10,1,0,0
Colombo,Colombo,2020-04-25,10,0,0,0
Colombo,Colombo,2020-04-26,10,0,0,0
Colombo,Colombo,2020-04-27,11,1,0,0
Colombo,Colombo,2020-04-28,11,0,0,0
Colombo,Colombo,2020-04-29,11,0,0,0
Colombo,Colombo,2020-04-30,12,1,0,0
Colombo,Colombo,2020-05-01,13,1,0,0
Colombo,Colombo,2020-05-02,13,0,0,0
Colombo,Colombo,2020-05-03,14,1,0,0
Colombo,Colombo,2020-05-04,16,2,0,0
Colombo,Colombo,2020-05-05,16,0,0,0
Colombo,Colombo,2020-05-06,17,1,0,0
Colombo,Colombo,2020-05-07,18,1,0,0
Colombo,Colombo,2020-05-08,19,1,0,0
Colombo,Colombo,2020-05-09,21,2,0,0
Colombo,Colombo,2020-05-10,21,0,0,0
Colombo,Colombo,2020-05-11,21,0,0,0
Colombo,Colombo,2020-05-12,21,0,0,0
Colombo,Colombo,2020-05-13,23,2,0,0
Colombo,Colombo,2020-05-14,26,3,0,0
Colombo,Colombo,2020-05-15,28,2,0,0
Colombo,Colombo,2020-05-16,29,1,0,0
Colombo,Colombo,2020-05-17,29,0,0,0
Colombo,Colombo,2020-05-18,30,1,0,0
Colombo,Colombo,2020-05-19,30,0,0,0
Colombo,Colombo,2020-05-20,30,0,0,0
Colombo,Colombo,2020-05-21,31,1,0,0
Colombo,Colombo,2020-05-22,32,1,0,0
Colombo,Colombo,2020-05-23,33,1,0,0
Colombo,Colombo,2020-05-24,33,0,0,0
Colombo,Colombo,2020-05-25,35,2,0,0
Colombo,Colombo,2020-05-26,35,0,0,0
Colombo,Colombo,2020-05-27,35,0,0,0
Colombo,Colombo,2020-05-28,42,7,0,0
Colombo,Colombo,2020-05-29,45,3,0,0
Colombo,Colombo,2020-05-30,48,3,0,0
Colombo,Colombo,2020-05-31,50,2,0,0
Colombo,Colombo,2020-06-01,56,6,0,0
Colombo,Colombo,2020-06-02,57,1,0,0
Colombo,Colombo,2020-06-03,66,9,0,0
Colombo,Colombo,2020-06-04,69,3,0,0
Colombo,Colombo,2020-06-05,78,9,0,0
Colombo,Colombo,2020-06-06,82,4,0,0
Colombo,Colombo,2020-06-07,89,7,0,0
Colombo,Colombo,2020-06-08,90,1,0,0
Colombo,Colombo,2020-06-09,92,2,0,0
Colombo,Colombo,2020-06-10,95,3,0,0
Colombo,Colombo,2020-06-11,104,9,0,0
Colombo,Colombo,2020-06-12,106,2,0,0
Colombo,Colombo,2020-06-13,113,7,3,3
Colombo,Colombo,2020-06-14,124,11,3,0
Colombo,Colombo,2020-06-15,130,6,4,1
Colombo,Colombo,2020-06-16,142,12,4,0
Colombo,Colombo,2020-06-17,145,3,4,0
Colombo,Colombo,2020-06-18,155,10,5,1
Colombo,Colombo,2020-06-19,168,13,5,0
Colombo,Colombo,2020-06-20,179,11,6,1
Colombo,Colombo,2020-06-21,186,7,6,0
Colombo,Colombo,2020-06-22,201,15,6,0
Colombo,Colombo,2020-06-23,210,9,6,0
Colombo,Colombo,2020-06-24,222,12,8,2
Colombo,Colombo,2020-06-25,227,5,8,0
Colombo,Colombo,2020-06-26,234,7,9,1
Colombo,Colombo,2020-06-27,261,27,9,0
Colombo,Colombo,2020-06-28,284,23,10,1
Colombo,Colombo,2020-06-29,292,8,10,0
Colombo,Colombo,2020-06-30,331,39,14,4
Colombo,Colombo,2020-07-01,342,11,14,0
Colombo,Colombo,2020-07-02,361,19,19,5
Colombo,Colombo,2020-07-03,423,62,20,1
Colombo,Colombo,2020-07-04,459,36,21,1
Colombo,Colombo,2020-07-05,467,8,22,1
Colombo,Colombo,2020-07-06,483,16,24,2
Colombo,Colombo,2020-07-07,576,93,24,0
Colombo,Colombo,2020-07-08,626,50,25,1
Colombo,Colombo,2020-07-09,659,33,25,0
Colombo,Colombo,2020-07-10,726,67,26,1
Colombo,Colombo,2020-07-11,753,27,27,1
Colombo,Colombo,2020-07-12,788,35,29,2
Colombo,Colombo,2020-07-13,843,55,30,1
Colombo,Colombo,2020-07-14,863,20,31,1
Colombo,Colombo,2020-07-15,961,98,32,1
Colombo,Colombo,2020-07-16,985,24,35,3
Colombo,Colombo,2020-07-17,1004,19,36,1
Colombo,Colombo,2020-07-18,1057,53,37,1
Colombo,Colombo,2020-07-19,1064,7,38,1
Colombo,Colombo,2020-07-20,1069,5,39,1
Colombo,Colombo,2020-07-21,1140,71,42,3
Colombo,Colombo,2020-07-22,1213,73,44,2
Colombo,Colombo,2020-07-23,1237,24,48,4
Colombo,Colombo,2020-07-24,1272,35,49,1
Colombo,Colombo,2020-07-25,1325,53,49,0
Colombo,Colombo,2020-07-26,1343,18,50,1
Colombo,Colombo,2020-07-27,1360,17,51,1
Colombo,Colombo,2020-07-28,1463,103,51,0
Colombo,Colombo,2020-07-29,1482,19,53,2
Colombo,Colombo,2020-07-30,1531,49,56,3
Colombo,Colombo,2020-07-31,1563,32,57,1
Colombo,Colombo,2020-08-01,1596,33,57,0
Colombo,Colombo,2020-08-02,1636,40,58,1
Colombo,Colombo,2020-08-03,1668,32,59,1
Colombo,Colombo,2020-08-04,1717,49,61,2
Colombo,Colombo,2020-08-05,1745,28,63,2
Colombo,Colombo,2020-08-06,1771,26,63,0
Colombo,Colombo,2020-08-07,1800,29,66,3
Colombo,Colombo,2020-08-08,1800,0,66,0
Colombo,Colombo,2020-08-09,1810,10,71,5
Colombo,Colombo,2020-08-10,1917,107,74,3
Colombo,Colombo,2020-08-11,1961,44,75,1
Colombo,Colombo,2020-08-12,1991,30,77,2
Colombo,Colombo,2020-08-13,2038,47,79,2
Colombo,Colombo,2020-08-14,2078,40,81,2
Colombo,Colombo,2020-08-15,2108,30,81,0
Colombo,Colombo,2020-08-16,2139,31,83,2
Colombo,Colombo,2020-08-17,2172,33,84,1
Colombo,Colombo,2020-08-18,2218,46,84,0
Colombo,Colombo,2020-08-19,2245,27,85,1
Colombo,Colombo,2020-08-20,2291,46,88,3
Colombo,Colombo,2020-08-21,2339,48,91,3
Colombo,Colombo,2020-08-22,2369,30,92,1
Colombo,Colombo,2020-08-23,2395,26,93,1
Colombo,Colombo,2020-08-24,2414,19,93,0
Colombo,Colombo,2020-08-25,2441,27,93,0
Colombo,Colombo,2020-08-26,2454,13,94,1
Colombo,Colombo,2020-08-27,2486,32,96,2
Colombo,Colombo,2020-08-28,2539,53,96,0
Colombo,Colombo,2020-08-29,2588,49,98,2
Colombo,Colombo,2020-08-30,2627,39,98,0
Colombo,Colombo,2020-08-31,2629,2,99,1
Colombo,Colombo,2020-09-01,2675,46,100,1
Colombo,Colombo,2020-09-02,2700,25,101,1
Colombo,Colombo,2020-09-03,2771,71,103,2
Colombo,Colombo,2020-09-04,2827,56,106,3
Colombo,Colombo,2020-09-05,2843,16,107,1
Colombo,Colombo,2020-09-06,2899,56,107,0
Colombo,Colombo,2020-09-07,2945,46,109,2
Colombo,Colombo,2020-09-08,2961,16,110,1
Colombo,Colombo,2020-09-09,2968,7,112,2
Colombo,Colombo,2020-09-10,2993,25,114,2
Colombo,Colombo,2020-09-11,3020,27,116,2
Colombo,Colombo,2020-09-12,3066,46,117,1
Colombo,Colombo,2020-09-13,3120,54,119,2
Colombo,Colombo,2020-09-14,3137,17,121,2
Colombo,Colombo,2020-09-15,3148,11,123,2
Colombo,Colombo,2020-09-16,3175,27,124,1
Colombo,Colombo,2020-09-17,3221,46,124,0
Colombo,Colombo,2020-09-18,3268,47,126,2
Colombo,Colombo,2020-09-19,3274,6,127,1
Colombo,Colombo,2020-09-20,3307,33,128,1
Colombo,Colombo,2020-09-21,3315,8,129,1
Colombo,Colombo,2020-09-22,3340,25,129,0
Colombo,Colombo,2020-09-23,3384,44,130,1
Colombo,Colombo,2020-09-24,3392,8,131,1
Colombo,Colombo,2020-09-25,3408,16,131,0
Colombo,Colombo,2020-09-26,3446,38,133,2
Colombo,Colombo,2020-09-27,3483,37,134,1
Colombo,Colombo,2020-09-28,3490,7,136,2
Colombo,Colombo,2020-09-29,3517,27,138,2
Colombo,Colombo,2020-09-30,3559,42,140,2
Colombo,Colombo,2020-10-01,3585,26,141,1
Colombo,Colombo,2020-10-02,3604,19,141,0
Colombo,Colombo,2020-10-03,3628,24,142,1
Colombo,Colombo,2020-10-04,3648,20,145,3
Colombo,Colombo,2020-10-05,3646,-2,148,3
Colombo,Colombo,2020-10-06,3669,23,148,0
Colombo,Colombo,2020-10-07,3703,34,149,1
Colombo,Colombo,2020-10-08,3705,2,149,0
Colombo,Colombo,2020-10-09,3709,4,149,0
Colombo,Colombo,2020-10-10,3725,16,149,0
Colombo,Colombo,2020-10-11,3726,1,149,0
Colombo,Colombo,2020-10-12,3742,16,149,0
Colombo,Colombo,2020-10-13,3745,3,150,1
Colombo,Colombo,2020-10-14,3757,12,150,0
Colombo,Colombo,2020-10-15,3762,5,151,1
Colombo,Colombo,2020-10-16,3783,21,153,2
Colombo,Colombo,2020-10-17,3821,38,154,1
Colombo,Colombo,2020-10-18,3827,6,154,0
Colombo,Colombo,2020-10-19,3846,19,154,0
Colombo,Colombo,2020-10-20,3869,23,157,3
Colombo,Colombo,2020-10-21,3884,15,158,1
Colombo,Colombo,2020-10-22,3905,21,158,0
Colombo,Colombo,2020-10-23,3950,45,160,2
Colombo,Colombo,2020-10-24,3985,35,160,0
Colombo,Colombo,2020-10-25,3994,9,160,0
Colombo,Colombo,2020-10-26,3999,5,160,0
Colombo,Colombo,2020-10-27,4004,5,160,0
Colombo,Colombo,2020-10-28,4009,5,160,0
Colombo,Colombo,2020-10-29,4014,5,161,1
Colombo,Colombo,2020-10-30,4031,17,161,0
Colombo,Colombo,2020-10-31,4084,53,161,0
Colombo,Colombo,2020-11-01,4088,4,161,0
Colombo,Colombo,2020-11-02,4088,0,161,0
Colombo,Colombo,2020-11-03,4088,0,161,0
Colombo,Colombo,2020-11-04,4130,42,161,0
Colombo,Colombo,2020-11-05,4146,16,161,0
Colombo,Colombo,2020-11-06,4155,9,161,0
Colombo,Colombo,2020-11-07,4163,8,161,0
Colombo,Colombo,2020-11-08,4165,2,161,0
Colombo,Colombo,2020-11-09,4188,23,161,0
Colombo,Colombo,2020-11-10,4212,24,165,4
Colombo,Colombo,2020-11-11,4277,65,166,1
Colombo,Colombo,2020-11-12,4334,57,168,2
Colombo,Colombo,2020-11-13,4334,0,168,0
Colombo,Colombo,2020-11-14,4474,140,170,2
Colombo,Colombo,2020-11-15,4478,4,170,0
Colombo,Colombo,2020-11-16,4488,10,173,3
Colombo,Colombo,2020-11-17,4494,6,174,1
Colombo,Colombo,2020-11-18,4516,22,176,2
Colombo,Colombo,2020-11-19,4525,9,179,3
Colombo,Colombo,2020-11-20,4543,18,179,0
Colombo,Colombo,2020-11-21,4669,126,180,1
Colombo,Colombo,2020-11-22,4673,4,180,0
Colombo,Colombo,2020-11-23,4696,23,180,0
Colombo,Colombo,2020-11-24,4734,38,183,3
Colombo,Colombo,2020-11-25,4843,109,185,2
Colombo,Colombo,2020-11-26,4913,70,185,0
Colombo,Colombo,2020-11-27,4933,20,185,0
Colombo,Colombo,2020-11-28,4947,14,186,1
Colombo,Colombo,2020-11-29,4949,2,186,0
Colombo,Colombo,2020-11-30,4961,12,187,1
Colombo,Colombo,2020-12-01,5100,139,190,3
Colombo,Colombo,2020-12-02,5277,177,192,2
Colombo,Colombo,2020-12-03,5387,110,193,1
Colombo,Colombo,2020-12-04,5424,37,195,2
Colombo,Colombo,2020-12-05,5455,31,196,1
Colombo,Colombo,2020-12-06,5472,17,196,0
Colombo,Colombo,2020-12-07,5547,75,197,1
Colombo,Colombo,2020-12-08,5641,94,199,2
Colombo,Colombo,2020-12-09,5791,150,204,5
Colombo,Colombo,2020-12-10,5885,94,205,1
Colombo,Colombo,2020-12-11,5975,90,209,4
Colombo,Colombo,2020-12-12,6038,63,213,4
Colombo,Colombo,2020-12-13,6048,10,212,-1
Colombo,Colombo,2020-12-14,6056,8,213,1
Colombo,Colombo,2020-12-15,6147,91,215,2
Colombo,Colombo,2020-12-16,6209,62,219,4
Colombo,Colombo,2020-12-17,6234,25,223,4
Colombo,Colombo,2020-12-18,6312,78,223,0
Colombo,Colombo,2020-12-19,6384,72,227,4
Colombo,Colombo,2020-12-20,6385,1,227,0
Colombo,Colombo,2020-12-21,6387,2,227,0
Colombo,Colombo,2020-12-22,6482,95,232,5
Colombo,Colombo,2020-12-23,6539,57,233,1
Colombo,Colombo,2020-12-24,6609,70,239,6
Colombo,Colombo,2020-12-25,6610,1,239,0
Colombo,Colombo,2020-12-26,6617,7,239,0
Colombo,Colombo,2020-12-27,6633,16,239,0
Colombo,Colombo,2020-12-28,6648,15,244,5
Colombo,Colombo,2020-12-29,6682,34,248,4
Colombo,Colombo,2020-12-30,6726,44,250,2
Colombo,Colombo,2020-12-31,6775,49,251,1
Colombo,Colombo,2021-01-01,6815,40,251,0
Colombo,Colombo,2021-01-02,6817,2,252,1
Colombo,Colombo,2021-01-03,6821,4,252,0
Colombo,Colombo,2021-01-04,6832,11,252,0
Colombo,Colombo,2021-01-05,6934,102,255,3
Colombo,Colombo,2021-01-06,6952,18,256,1
Colombo,Colombo,2021-01-07,7253,301,273,17
Colombo,Colombo,2021-01-08,7253,0,273,0
Colombo,Colombo,2021-01-09,7365,112,279,6
Colombo,Colombo,2021-01-10,7380,15,279,0
Colombo,Colombo,2021-01-11,7383,3,279,0
Colombo,Colombo,2021-01-12,7618,235,281,2
Colombo,Colombo,2021-01-13,7573,-45,281,0
Colombo,Colombo,2021-01-14,7660,87,281,0
Colombo,Colombo,2021-01-15,7699,39,288,7
Colombo,Colombo,2021-01-16,7735,36,290,2
Colombo,Colombo,2021-01-17,7761,26,291,1
Colombo,Colombo,2021-01-18,7761,0,289,-2
Colombo,Colombo,2021-01-19,7855,94,290,1
Colombo,Colombo,2021-01-20,7893,38,290,0
Colombo,Colombo,2021-01-21,7943,50,291,1
Colombo,Colombo,2021-01-22,7953,10,294,3
Colombo,Colombo,2021-01-23,7968,15,294,0
Colombo,Colombo,2021-01-24,7976,8,294,0
Colombo,Colombo,2021-01-25,8000,24,295,1
Colombo,Colombo,2021-01-26,8133,133,298,3
Colombo,Colombo,2021-01-27,8170,37,299,1
Colombo,Colombo,2021-01-28,8294,124,309,10
Colombo,Colombo,2021-01-29,8301,7,310,1
Colombo,Colombo,2021-01-30,8336,35,311,1
Colombo,Colombo,2021-01-31,8389,53,311,0
Colombo,Colombo,2021-02-01,8728,339,311,0
Colombo,Colombo,2021-02-02,8811,83,311,0
Colombo,Colombo,2021-02-03,8832,21,313,2
Colombo,Colombo,2021-02-04,8888,56,314,1
Colombo,Colombo,2021-02-05,8941,53,314,0
Colombo,Colombo,2021-02-06,8947,6,316,2
Colombo,Colombo,2021-02-07,8989,42,316,0
Colombo,Colombo,2021-02-08,9001,12,316,0
