city,city,date,cases,daily cases,deaths,daily deaths
Coração de Maria,Coração de Maria,2020-03-27,0,0,0,0
Coração de Maria,Coração de Maria,2020-03-28,0,0,0,0
Coração de Maria,Coração de Maria,2020-03-29,0,0,0,0
Coração de Maria,Coração de Maria,2020-03-30,0,0,0,0
Coração de Maria,Coração de Maria,2020-03-31,0,0,0,0
Coração de Maria,Coração de Maria,2020-04-01,0,0,0,0
Coração de Maria,Coração de Maria,2020-04-02,0,0,0,0
Coração de Maria,Coração de Maria,2020-04-03,0,0,0,0
Coração de Maria,Coração de Maria,2020-04-04,0,0,0,0
Coração de Maria,Coração de Maria,2020-04-05,0,0,0,0
Coração de Maria,Coração de Maria,2020-04-06,0,0,0,0
Coração de Maria,Coração de Maria,2020-04-07,0,0,0,0
Coração de Maria,Coração de Maria,2020-04-08,0,0,0,0
Coração de Maria,Coração de Maria,2020-04-09,0,0,0,0
Coração de Maria,Coração de Maria,2020-04-10,0,0,0,0
Coração de Maria,Coração de Maria,2020-04-11,0,0,0,0
Coração de Maria,Coração de Maria,2020-04-12,0,0,0,0
Coração de Maria,Coração de Maria,2020-04-13,0,0,0,0
Coração de Maria,Coração de Maria,2020-04-14,0,0,0,0
Coração de Maria,Coração de Maria,2020-04-15,0,0,0,0
Coração de Maria,Coração de Maria,2020-04-16,0,0,0,0
Coração de Maria,Coração de Maria,2020-04-17,0,0,0,0
Coração de Maria,Coração de Maria,2020-04-18,1,1,0,0
Coração de Maria,Coração de Maria,2020-04-19,1,0,0,0
Coração de Maria,Coração de Maria,2020-04-20,1,0,0,0
Coração de Maria,Coração de Maria,2020-04-21,1,0,0,0
Coração de Maria,Coração de Maria,2020-04-22,1,0,0,0
Coração de Maria,Coração de Maria,2020-04-23,1,0,0,0
Coração de Maria,Coração de Maria,2020-04-24,1,0,0,0
Coração de Maria,Coração de Maria,2020-04-25,1,0,0,0
Coração de Maria,Coração de Maria,2020-04-26,1,0,0,0
Coração de Maria,Coração de Maria,2020-04-27,1,0,0,0
Coração de Maria,Coração de Maria,2020-04-28,1,0,0,0
Coração de Maria,Coração de Maria,2020-04-29,1,0,0,0
Coração de Maria,Coração de Maria,2020-04-30,1,0,0,0
Coração de Maria,Coração de Maria,2020-05-01,1,0,0,0
Coração de Maria,Coração de Maria,2020-05-02,1,0,0,0
Coração de Maria,Coração de Maria,2020-05-03,1,0,0,0
Coração de Maria,Coração de Maria,2020-05-04,1,0,0,0
Coração de Maria,Coração de Maria,2020-05-05,1,0,0,0
Coração de Maria,Coração de Maria,2020-05-06,1,0,0,0
Coração de Maria,Coração de Maria,2020-05-07,1,0,0,0
Coração de Maria,Coração de Maria,2020-05-08,2,1,0,0
Coração de Maria,Coração de Maria,2020-05-09,2,0,0,0
Coração de Maria,Coração de Maria,2020-05-10,2,0,0,0
Coração de Maria,Coração de Maria,2020-05-11,1,-1,0,0
Coração de Maria,Coração de Maria,2020-05-12,1,0,0,0
Coração de Maria,Coração de Maria,2020-05-13,1,0,0,0
Coração de Maria,Coração de Maria,2020-05-14,1,0,0,0
Coração de Maria,Coração de Maria,2020-05-15,2,1,0,0
Coração de Maria,Coração de Maria,2020-05-16,2,0,0,0
Coração de Maria,Coração de Maria,2020-05-17,2,0,0,0
Coração de Maria,Coração de Maria,2020-05-18,2,0,0,0
Coração de Maria,Coração de Maria,2020-05-19,2,0,0,0
Coração de Maria,Coração de Maria,2020-05-20,2,0,0,0
Coração de Maria,Coração de Maria,2020-05-21,2,0,0,0
Coração de Maria,Coração de Maria,2020-05-22,2,0,0,0
Coração de Maria,Coração de Maria,2020-05-23,2,0,0,0
Coração de Maria,Coração de Maria,2020-05-24,2,0,0,0
Coração de Maria,Coração de Maria,2020-05-25,4,2,0,0
Coração de Maria,Coração de Maria,2020-05-26,4,0,0,0
Coração de Maria,Coração de Maria,2020-05-27,4,0,0,0
Coração de Maria,Coração de Maria,2020-05-28,4,0,0,0
Coração de Maria,Coração de Maria,2020-05-29,4,0,0,0
Coração de Maria,Coração de Maria,2020-05-30,4,0,0,0
Coração de Maria,Coração de Maria,2020-05-31,8,4,0,0
Coração de Maria,Coração de Maria,2020-06-01,8,0,0,0
Coração de Maria,Coração de Maria,2020-06-02,8,0,0,0
Coração de Maria,Coração de Maria,2020-06-03,10,2,0,0
Coração de Maria,Coração de Maria,2020-06-04,10,0,0,0
Coração de Maria,Coração de Maria,2020-06-05,10,0,0,0
Coração de Maria,Coração de Maria,2020-06-06,9,-1,0,0
Coração de Maria,Coração de Maria,2020-06-07,9,0,0,0
Coração de Maria,Coração de Maria,2020-06-08,9,0,0,0
Coração de Maria,Coração de Maria,2020-06-09,11,2,0,0
Coração de Maria,Coração de Maria,2020-06-10,12,1,0,0
Coração de Maria,Coração de Maria,2020-06-11,12,0,0,0
Coração de Maria,Coração de Maria,2020-06-12,13,1,0,0
Coração de Maria,Coração de Maria,2020-06-13,13,0,0,0
Coração de Maria,Coração de Maria,2020-06-14,14,1,0,0
Coração de Maria,Coração de Maria,2020-06-15,15,1,0,0
Coração de Maria,Coração de Maria,2020-06-16,16,1,0,0
Coração de Maria,Coração de Maria,2020-06-17,20,4,0,0
Coração de Maria,Coração de Maria,2020-06-18,20,0,0,0
Coração de Maria,Coração de Maria,2020-06-19,21,1,0,0
Coração de Maria,Coração de Maria,2020-06-20,22,1,0,0
Coração de Maria,Coração de Maria,2020-06-21,23,1,0,0
Coração de Maria,Coração de Maria,2020-06-22,23,0,0,0
Coração de Maria,Coração de Maria,2020-06-23,23,0,0,0
Coração de Maria,Coração de Maria,2020-06-24,27,4,0,0
Coração de Maria,Coração de Maria,2020-06-25,26,-1,0,0
Coração de Maria,Coração de Maria,2020-06-26,26,0,0,0
Coração de Maria,Coração de Maria,2020-06-27,46,20,0,0
Coração de Maria,Coração de Maria,2020-06-28,49,3,0,0
Coração de Maria,Coração de Maria,2020-06-29,49,0,0,0
Coração de Maria,Coração de Maria,2020-06-30,49,0,0,0
Coração de Maria,Coração de Maria,2020-07-01,54,5,0,0
Coração de Maria,Coração de Maria,2020-07-02,54,0,0,0
Coração de Maria,Coração de Maria,2020-07-03,56,2,0,0
Coração de Maria,Coração de Maria,2020-07-04,58,2,0,0
Coração de Maria,Coração de Maria,2020-07-05,60,2,0,0
Coração de Maria,Coração de Maria,2020-07-06,60,0,0,0
Coração de Maria,Coração de Maria,2020-07-07,65,5,0,0
Coração de Maria,Coração de Maria,2020-07-08,67,2,0,0
Coração de Maria,Coração de Maria,2020-07-09,69,2,0,0
Coração de Maria,Coração de Maria,2020-07-10,76,7,0,0
Coração de Maria,Coração de Maria,2020-07-11,79,3,0,0
Coração de Maria,Coração de Maria,2020-07-12,80,1,1,1
Coração de Maria,Coração de Maria,2020-07-13,81,1,1,0
Coração de Maria,Coração de Maria,2020-07-14,91,10,1,0
Coração de Maria,Coração de Maria,2020-07-15,95,4,1,0
Coração de Maria,Coração de Maria,2020-07-16,96,1,1,0
Coração de Maria,Coração de Maria,2020-07-17,100,4,1,0
Coração de Maria,Coração de Maria,2020-07-18,101,1,1,0
Coração de Maria,Coração de Maria,2020-07-19,101,0,1,0
Coração de Maria,Coração de Maria,2020-07-20,103,2,1,0
Coração de Maria,Coração de Maria,2020-07-21,110,7,1,0
Coração de Maria,Coração de Maria,2020-07-22,125,15,1,0
Coração de Maria,Coração de Maria,2020-07-23,131,6,1,0
Coração de Maria,Coração de Maria,2020-07-24,137,6,1,0
Coração de Maria,Coração de Maria,2020-07-25,139,2,1,0
Coração de Maria,Coração de Maria,2020-07-26,140,1,1,0
Coração de Maria,Coração de Maria,2020-07-27,140,0,1,0
Coração de Maria,Coração de Maria,2020-07-28,141,1,1,0
Coração de Maria,Coração de Maria,2020-07-29,149,8,1,0
Coração de Maria,Coração de Maria,2020-07-30,151,2,1,0
Coração de Maria,Coração de Maria,2020-07-31,153,2,1,0
Coração de Maria,Coração de Maria,2020-08-01,154,1,1,0
Coração de Maria,Coração de Maria,2020-08-02,156,2,1,0
Coração de Maria,Coração de Maria,2020-08-03,156,0,1,0
Coração de Maria,Coração de Maria,2020-08-04,160,4,1,0
Coração de Maria,Coração de Maria,2020-08-05,164,4,1,0
Coração de Maria,Coração de Maria,2020-08-06,164,0,1,0
Coração de Maria,Coração de Maria,2020-08-07,174,10,1,0
Coração de Maria,Coração de Maria,2020-08-08,181,7,1,0
Coração de Maria,Coração de Maria,2020-08-09,181,0,1,0
Coração de Maria,Coração de Maria,2020-08-10,181,0,1,0
Coração de Maria,Coração de Maria,2020-08-11,184,3,1,0
Coração de Maria,Coração de Maria,2020-08-12,189,5,1,0
Coração de Maria,Coração de Maria,2020-08-13,190,1,1,0
Coração de Maria,Coração de Maria,2020-08-14,197,7,1,0
Coração de Maria,Coração de Maria,2020-08-15,204,7,1,0
Coração de Maria,Coração de Maria,2020-08-16,205,1,1,0
Coração de Maria,Coração de Maria,2020-08-17,208,3,1,0
Coração de Maria,Coração de Maria,2020-08-18,214,6,1,0
Coração de Maria,Coração de Maria,2020-08-19,216,2,1,0
Coração de Maria,Coração de Maria,2020-08-20,218,2,1,0
Coração de Maria,Coração de Maria,2020-08-21,221,3,1,0
Coração de Maria,Coração de Maria,2020-08-22,224,3,1,0
Coração de Maria,Coração de Maria,2020-08-23,225,1,1,0
Coração de Maria,Coração de Maria,2020-08-24,232,7,2,1
Coração de Maria,Coração de Maria,2020-08-25,236,4,2,0
Coração de Maria,Coração de Maria,2020-08-26,237,1,2,0
Coração de Maria,Coração de Maria,2020-08-27,237,0,2,0
Coração de Maria,Coração de Maria,2020-08-28,246,9,2,0
Coração de Maria,Coração de Maria,2020-08-29,246,0,2,0
Coração de Maria,Coração de Maria,2020-08-30,246,0,2,0
Coração de Maria,Coração de Maria,2020-08-31,247,1,2,0
Coração de Maria,Coração de Maria,2020-09-01,247,0,3,1
Coração de Maria,Coração de Maria,2020-09-02,248,1,3,0
Coração de Maria,Coração de Maria,2020-09-03,251,3,3,0
Coração de Maria,Coração de Maria,2020-09-04,252,1,3,0
Coração de Maria,Coração de Maria,2020-09-05,252,0,3,0
Coração de Maria,Coração de Maria,2020-09-06,255,3,3,0
Coração de Maria,Coração de Maria,2020-09-07,255,0,3,0
Coração de Maria,Coração de Maria,2020-09-08,256,1,3,0
Coração de Maria,Coração de Maria,2020-09-09,256,0,3,0
Coração de Maria,Coração de Maria,2020-09-10,258,2,3,0
Coração de Maria,Coração de Maria,2020-09-11,258,0,3,0
Coração de Maria,Coração de Maria,2020-09-12,258,0,3,0
Coração de Maria,Coração de Maria,2020-09-13,259,1,3,0
Coração de Maria,Coração de Maria,2020-09-14,261,2,3,0
Coração de Maria,Coração de Maria,2020-09-15,262,1,3,0
Coração de Maria,Coração de Maria,2020-09-16,265,3,3,0
Coração de Maria,Coração de Maria,2020-09-17,265,0,3,0
Coração de Maria,Coração de Maria,2020-09-18,265,0,3,0
Coração de Maria,Coração de Maria,2020-09-19,266,1,3,0
Coração de Maria,Coração de Maria,2020-09-20,266,0,3,0
Coração de Maria,Coração de Maria,2020-09-21,266,0,3,0
Coração de Maria,Coração de Maria,2020-09-22,266,0,3,0
Coração de Maria,Coração de Maria,2020-09-23,267,1,3,0
Coração de Maria,Coração de Maria,2020-09-24,267,0,3,0
Coração de Maria,Coração de Maria,2020-09-25,268,1,3,0
Coração de Maria,Coração de Maria,2020-09-26,268,0,3,0
Coração de Maria,Coração de Maria,2020-09-27,269,1,3,0
Coração de Maria,Coração de Maria,2020-09-28,269,0,3,0
Coração de Maria,Coração de Maria,2020-09-29,269,0,3,0
Coração de Maria,Coração de Maria,2020-09-30,280,11,3,0
Coração de Maria,Coração de Maria,2020-10-01,283,3,3,0
Coração de Maria,Coração de Maria,2020-10-02,285,2,3,0
Coração de Maria,Coração de Maria,2020-10-03,285,0,3,0
Coração de Maria,Coração de Maria,2020-10-04,287,2,3,0
Coração de Maria,Coração de Maria,2020-10-05,287,0,3,0
Coração de Maria,Coração de Maria,2020-10-06,292,5,3,0
Coração de Maria,Coração de Maria,2020-10-07,295,3,3,0
Coração de Maria,Coração de Maria,2020-10-08,296,1,3,0
Coração de Maria,Coração de Maria,2020-10-09,297,1,3,0
Coração de Maria,Coração de Maria,2020-10-10,298,1,3,0
Coração de Maria,Coração de Maria,2020-10-11,301,3,3,0
Coração de Maria,Coração de Maria,2020-10-12,301,0,3,0
Coração de Maria,Coração de Maria,2020-10-13,301,0,3,0
Coração de Maria,Coração de Maria,2020-10-14,304,3,3,0
Coração de Maria,Coração de Maria,2020-10-15,305,1,3,0
Coração de Maria,Coração de Maria,2020-10-16,306,1,3,0
Coração de Maria,Coração de Maria,2020-10-17,306,0,3,0
Coração de Maria,Coração de Maria,2020-10-18,309,3,3,0
Coração de Maria,Coração de Maria,2020-10-19,310,1,3,0
Coração de Maria,Coração de Maria,2020-10-20,312,2,3,0
Coração de Maria,Coração de Maria,2020-10-21,312,0,3,0
Coração de Maria,Coração de Maria,2020-10-22,313,1,3,0
Coração de Maria,Coração de Maria,2020-10-23,313,0,3,0
Coração de Maria,Coração de Maria,2020-10-24,315,2,3,0
Coração de Maria,Coração de Maria,2020-10-25,320,5,3,0
Coração de Maria,Coração de Maria,2020-10-26,320,0,3,0
Coração de Maria,Coração de Maria,2020-10-27,330,10,3,0
Coração de Maria,Coração de Maria,2020-10-28,344,14,3,0
Coração de Maria,Coração de Maria,2020-10-29,352,8,3,0
Coração de Maria,Coração de Maria,2020-10-30,359,7,3,0
Coração de Maria,Coração de Maria,2020-10-31,367,8,3,0
Coração de Maria,Coração de Maria,2020-11-01,368,1,3,0
Coração de Maria,Coração de Maria,2020-11-02,369,1,3,0
Coração de Maria,Coração de Maria,2020-11-03,387,18,3,0
Coração de Maria,Coração de Maria,2020-11-04,422,35,3,0
Coração de Maria,Coração de Maria,2020-11-05,439,17,3,0
Coração de Maria,Coração de Maria,2020-11-06,478,39,3,0
Coração de Maria,Coração de Maria,2020-11-07,478,0,3,0
Coração de Maria,Coração de Maria,2020-11-08,478,0,3,0
Coração de Maria,Coração de Maria,2020-11-09,497,19,3,0
Coração de Maria,Coração de Maria,2020-11-10,497,0,3,0
Coração de Maria,Coração de Maria,2020-11-11,498,1,3,0
Coração de Maria,Coração de Maria,2020-11-12,500,2,4,1
Coração de Maria,Coração de Maria,2020-11-13,535,35,4,0
Coração de Maria,Coração de Maria,2020-11-14,561,26,4,0
Coração de Maria,Coração de Maria,2020-11-15,564,3,4,0
Coração de Maria,Coração de Maria,2020-11-16,564,0,4,0
Coração de Maria,Coração de Maria,2020-11-17,572,8,4,0
Coração de Maria,Coração de Maria,2020-11-18,576,4,4,0
Coração de Maria,Coração de Maria,2020-11-19,578,2,4,0
Coração de Maria,Coração de Maria,2020-11-20,582,4,4,0
Coração de Maria,Coração de Maria,2020-11-21,611,29,5,1
Coração de Maria,Coração de Maria,2020-11-22,611,0,5,0
Coração de Maria,Coração de Maria,2020-11-23,613,2,5,0
Coração de Maria,Coração de Maria,2020-11-24,615,2,5,0
Coração de Maria,Coração de Maria,2020-11-25,623,8,5,0
Coração de Maria,Coração de Maria,2020-11-26,623,0,5,0
Coração de Maria,Coração de Maria,2020-11-27,645,22,5,0
Coração de Maria,Coração de Maria,2020-11-28,647,2,5,0
Coração de Maria,Coração de Maria,2020-11-29,665,18,5,0
Coração de Maria,Coração de Maria,2020-11-30,667,2,5,0
Coração de Maria,Coração de Maria,2020-12-01,668,1,5,0
Coração de Maria,Coração de Maria,2020-12-02,673,5,5,0
Coração de Maria,Coração de Maria,2020-12-03,682,9,5,0
Coração de Maria,Coração de Maria,2020-12-04,694,12,5,0
Coração de Maria,Coração de Maria,2020-12-05,694,0,5,0
Coração de Maria,Coração de Maria,2020-12-06,717,23,5,0
Coração de Maria,Coração de Maria,2020-12-07,717,0,5,0
Coração de Maria,Coração de Maria,2020-12-08,720,3,5,0
Coração de Maria,Coração de Maria,2020-12-09,720,0,5,0
Coração de Maria,Coração de Maria,2020-12-10,753,33,5,0
Coração de Maria,Coração de Maria,2020-12-11,764,11,5,0
Coração de Maria,Coração de Maria,2020-12-12,765,1,5,0
Coração de Maria,Coração de Maria,2020-12-13,776,11,5,0
Coração de Maria,Coração de Maria,2020-12-14,776,0,5,0
Coração de Maria,Coração de Maria,2020-12-15,777,1,5,0
Coração de Maria,Coração de Maria,2020-12-16,794,17,5,0
Coração de Maria,Coração de Maria,2020-12-17,794,0,5,0
Coração de Maria,Coração de Maria,2020-12-18,794,0,5,0
Coração de Maria,Coração de Maria,2020-12-19,800,6,5,0
Coração de Maria,Coração de Maria,2020-12-20,801,1,5,0
Coração de Maria,Coração de Maria,2020-12-21,801,0,5,0
Coração de Maria,Coração de Maria,2020-12-22,809,8,5,0
Coração de Maria,Coração de Maria,2020-12-23,823,14,5,0
Coração de Maria,Coração de Maria,2020-12-24,823,0,5,0
Coração de Maria,Coração de Maria,2020-12-25,826,3,5,0
Coração de Maria,Coração de Maria,2020-12-26,826,0,5,0
Coração de Maria,Coração de Maria,2020-12-27,828,2,5,0
Coração de Maria,Coração de Maria,2020-12-28,828,0,5,0
Coração de Maria,Coração de Maria,2020-12-29,828,0,5,0
Coração de Maria,Coração de Maria,2020-12-30,828,0,5,0
Coração de Maria,Coração de Maria,2020-12-31,838,10,5,0
Coração de Maria,Coração de Maria,2021-01-01,838,0,5,0
Coração de Maria,Coração de Maria,2021-01-02,838,0,6,1
Coração de Maria,Coração de Maria,2021-01-03,838,0,6,0
Coração de Maria,Coração de Maria,2021-01-04,838,0,6,0
Coração de Maria,Coração de Maria,2021-01-05,841,3,6,0
Coração de Maria,Coração de Maria,2021-01-06,841,0,6,0
Coração de Maria,Coração de Maria,2021-01-07,841,0,6,0
Coração de Maria,Coração de Maria,2021-01-08,844,3,6,0
Coração de Maria,Coração de Maria,2021-01-09,849,5,6,0
Coração de Maria,Coração de Maria,2021-01-10,849,0,6,0
Coração de Maria,Coração de Maria,2021-01-11,849,0,6,0
Coração de Maria,Coração de Maria,2021-01-12,850,1,6,0
Coração de Maria,Coração de Maria,2021-01-13,860,10,6,0
Coração de Maria,Coração de Maria,2021-01-14,860,0,6,0
Coração de Maria,Coração de Maria,2021-01-15,860,0,6,0
Coração de Maria,Coração de Maria,2021-01-16,862,2,6,0
Coração de Maria,Coração de Maria,2021-01-17,865,3,6,0
Coração de Maria,Coração de Maria,2021-01-18,869,4,6,0
Coração de Maria,Coração de Maria,2021-01-19,877,8,6,0
Coração de Maria,Coração de Maria,2021-01-20,879,2,6,0
Coração de Maria,Coração de Maria,2021-01-21,882,3,6,0
Coração de Maria,Coração de Maria,2021-01-22,885,3,7,1
Coração de Maria,Coração de Maria,2021-01-23,891,6,7,0
Coração de Maria,Coração de Maria,2021-01-24,892,1,7,0
Coração de Maria,Coração de Maria,2021-01-25,892,0,7,0
Coração de Maria,Coração de Maria,2021-01-26,897,5,7,0
Coração de Maria,Coração de Maria,2021-01-27,897,0,7,0
Coração de Maria,Coração de Maria,2021-01-28,900,3,7,0
Coração de Maria,Coração de Maria,2021-01-29,901,1,7,0
Coração de Maria,Coração de Maria,2021-01-30,911,10,7,0
Coração de Maria,Coração de Maria,2021-01-31,911,0,7,0
Coração de Maria,Coração de Maria,2021-02-01,911,0,7,0
Coração de Maria,Coração de Maria,2021-02-02,918,7,7,0
Coração de Maria,Coração de Maria,2021-02-03,918,0,7,0
Coração de Maria,Coração de Maria,2021-02-04,919,1,7,0
Coração de Maria,Coração de Maria,2021-02-05,927,8,7,0
Coração de Maria,Coração de Maria,2021-02-06,928,1,7,0
Coração de Maria,Coração de Maria,2021-02-07,928,0,7,0
Coração de Maria,Coração de Maria,2021-02-08,932,4,7,0
