city,city,date,cases,daily cases,deaths,daily deaths
Coremas,Coremas,2020-03-27,0,0,0,0
Coremas,Coremas,2020-03-28,0,0,0,0
Coremas,Coremas,2020-03-29,0,0,0,0
Coremas,Coremas,2020-03-30,0,0,0,0
Coremas,Coremas,2020-03-31,0,0,0,0
Coremas,Coremas,2020-04-01,0,0,0,0
Coremas,Coremas,2020-04-02,0,0,0,0
Coremas,Coremas,2020-04-03,0,0,0,0
Coremas,Coremas,2020-04-04,0,0,0,0
Coremas,Coremas,2020-04-05,0,0,0,0
Coremas,Coremas,2020-04-06,0,0,0,0
Coremas,Coremas,2020-04-07,0,0,0,0
Coremas,Coremas,2020-04-08,0,0,0,0
Coremas,Coremas,2020-04-09,0,0,0,0
Coremas,Coremas,2020-04-10,0,0,0,0
Coremas,Coremas,2020-04-11,0,0,0,0
Coremas,Coremas,2020-04-12,0,0,0,0
Coremas,Coremas,2020-04-13,0,0,0,0
Coremas,Coremas,2020-04-14,0,0,0,0
Coremas,Coremas,2020-04-15,0,0,0,0
Coremas,Coremas,2020-04-16,0,0,0,0
Coremas,Coremas,2020-04-17,0,0,0,0
Coremas,Coremas,2020-04-18,0,0,0,0
Coremas,Coremas,2020-04-19,0,0,0,0
Coremas,Coremas,2020-04-20,0,0,0,0
Coremas,Coremas,2020-04-21,0,0,0,0
Coremas,Coremas,2020-04-22,0,0,0,0
Coremas,Coremas,2020-04-23,1,1,0,0
Coremas,Coremas,2020-04-24,1,0,0,0
Coremas,Coremas,2020-04-25,1,0,0,0
Coremas,Coremas,2020-04-26,1,0,0,0
Coremas,Coremas,2020-04-27,1,0,0,0
Coremas,Coremas,2020-04-28,1,0,0,0
Coremas,Coremas,2020-04-29,1,0,0,0
Coremas,Coremas,2020-04-30,1,0,0,0
Coremas,Coremas,2020-05-01,1,0,0,0
Coremas,Coremas,2020-05-02,1,0,0,0
Coremas,Coremas,2020-05-03,1,0,0,0
Coremas,Coremas,2020-05-04,1,0,0,0
Coremas,Coremas,2020-05-05,3,2,0,0
Coremas,Coremas,2020-05-06,3,0,0,0
Coremas,Coremas,2020-05-07,3,0,0,0
Coremas,Coremas,2020-05-08,3,0,0,0
Coremas,Coremas,2020-05-09,3,0,0,0
Coremas,Coremas,2020-05-10,4,1,0,0
Coremas,Coremas,2020-05-11,4,0,0,0
Coremas,Coremas,2020-05-12,5,1,0,0
Coremas,Coremas,2020-05-13,5,0,0,0
Coremas,Coremas,2020-05-14,8,3,0,0
Coremas,Coremas,2020-05-15,8,0,0,0
Coremas,Coremas,2020-05-16,8,0,0,0
Coremas,Coremas,2020-05-17,11,3,0,0
Coremas,Coremas,2020-05-18,11,0,0,0
Coremas,Coremas,2020-05-19,11,0,0,0
Coremas,Coremas,2020-05-20,11,0,0,0
Coremas,Coremas,2020-05-21,11,0,0,0
Coremas,Coremas,2020-05-22,12,1,0,0
Coremas,Coremas,2020-05-23,12,0,0,0
Coremas,Coremas,2020-05-24,13,1,0,0
Coremas,Coremas,2020-05-25,13,0,0,0
Coremas,Coremas,2020-05-26,13,0,0,0
Coremas,Coremas,2020-05-27,13,0,0,0
Coremas,Coremas,2020-05-28,13,0,0,0
Coremas,Coremas,2020-05-29,15,2,0,0
Coremas,Coremas,2020-05-30,15,0,0,0
Coremas,Coremas,2020-05-31,17,2,0,0
Coremas,Coremas,2020-06-01,17,0,0,0
Coremas,Coremas,2020-06-02,17,0,0,0
Coremas,Coremas,2020-06-03,17,0,0,0
Coremas,Coremas,2020-06-04,17,0,0,0
Coremas,Coremas,2020-06-05,17,0,0,0
Coremas,Coremas,2020-06-06,17,0,0,0
Coremas,Coremas,2020-06-07,17,0,0,0
Coremas,Coremas,2020-06-08,17,0,0,0
Coremas,Coremas,2020-06-09,20,3,0,0
Coremas,Coremas,2020-06-10,20,0,0,0
Coremas,Coremas,2020-06-11,20,0,0,0
Coremas,Coremas,2020-06-12,20,0,0,0
Coremas,Coremas,2020-06-13,22,2,0,0
Coremas,Coremas,2020-06-14,22,0,0,0
Coremas,Coremas,2020-06-15,22,0,0,0
Coremas,Coremas,2020-06-16,23,1,0,0
Coremas,Coremas,2020-06-17,23,0,0,0
Coremas,Coremas,2020-06-18,23,0,0,0
Coremas,Coremas,2020-06-19,24,1,0,0
Coremas,Coremas,2020-06-20,24,0,0,0
Coremas,Coremas,2020-06-21,25,1,0,0
Coremas,Coremas,2020-06-22,25,0,0,0
Coremas,Coremas,2020-06-23,25,0,0,0
Coremas,Coremas,2020-06-24,25,0,0,0
Coremas,Coremas,2020-06-25,25,0,0,0
Coremas,Coremas,2020-06-26,27,2,0,0
Coremas,Coremas,2020-06-27,29,2,0,0
Coremas,Coremas,2020-06-28,29,0,0,0
Coremas,Coremas,2020-06-29,29,0,0,0
Coremas,Coremas,2020-06-30,29,0,0,0
Coremas,Coremas,2020-07-01,30,1,0,0
Coremas,Coremas,2020-07-02,32,2,0,0
Coremas,Coremas,2020-07-03,37,5,0,0
Coremas,Coremas,2020-07-04,37,0,0,0
Coremas,Coremas,2020-07-05,37,0,0,0
Coremas,Coremas,2020-07-06,37,0,0,0
Coremas,Coremas,2020-07-07,38,1,0,0
Coremas,Coremas,2020-07-08,39,1,0,0
Coremas,Coremas,2020-07-09,40,1,1,1
Coremas,Coremas,2020-07-10,44,4,1,0
Coremas,Coremas,2020-07-11,47,3,1,0
Coremas,Coremas,2020-07-12,48,1,1,0
Coremas,Coremas,2020-07-13,48,0,1,0
Coremas,Coremas,2020-07-14,52,4,1,0
Coremas,Coremas,2020-07-15,59,7,1,0
Coremas,Coremas,2020-07-16,67,8,1,0
Coremas,Coremas,2020-07-17,74,7,1,0
Coremas,Coremas,2020-07-18,74,0,1,0
Coremas,Coremas,2020-07-19,74,0,1,0
Coremas,Coremas,2020-07-20,74,0,1,0
Coremas,Coremas,2020-07-21,81,7,1,0
Coremas,Coremas,2020-07-22,82,1,1,0
Coremas,Coremas,2020-07-23,85,3,1,0
Coremas,Coremas,2020-07-24,85,0,1,0
Coremas,Coremas,2020-07-25,96,11,1,0
Coremas,Coremas,2020-07-26,99,3,2,1
Coremas,Coremas,2020-07-27,100,1,2,0
Coremas,Coremas,2020-07-28,111,11,2,0
Coremas,Coremas,2020-07-29,114,3,2,0
Coremas,Coremas,2020-07-30,119,5,2,0
Coremas,Coremas,2020-07-31,120,1,2,0
Coremas,Coremas,2020-08-01,121,1,2,0
Coremas,Coremas,2020-08-02,121,0,2,0
Coremas,Coremas,2020-08-03,122,1,2,0
Coremas,Coremas,2020-08-04,123,1,2,0
Coremas,Coremas,2020-08-05,126,3,2,0
Coremas,Coremas,2020-08-06,126,0,2,0
Coremas,Coremas,2020-08-07,127,1,2,0
Coremas,Coremas,2020-08-08,127,0,2,0
Coremas,Coremas,2020-08-09,127,0,2,0
Coremas,Coremas,2020-08-10,127,0,2,0
Coremas,Coremas,2020-08-11,129,2,2,0
Coremas,Coremas,2020-08-12,130,1,2,0
Coremas,Coremas,2020-08-13,130,0,2,0
Coremas,Coremas,2020-08-14,130,0,2,0
Coremas,Coremas,2020-08-15,130,0,2,0
Coremas,Coremas,2020-08-16,130,0,2,0
Coremas,Coremas,2020-08-17,130,0,2,0
Coremas,Coremas,2020-08-18,130,0,2,0
Coremas,Coremas,2020-08-19,130,0,2,0
Coremas,Coremas,2020-08-20,130,0,2,0
Coremas,Coremas,2020-08-21,130,0,2,0
Coremas,Coremas,2020-08-22,131,1,2,0
Coremas,Coremas,2020-08-23,131,0,2,0
Coremas,Coremas,2020-08-24,131,0,2,0
Coremas,Coremas,2020-08-25,133,2,2,0
Coremas,Coremas,2020-08-26,133,0,2,0
Coremas,Coremas,2020-08-27,133,0,2,0
Coremas,Coremas,2020-08-28,133,0,2,0
Coremas,Coremas,2020-08-29,136,3,2,0
Coremas,Coremas,2020-08-30,136,0,2,0
Coremas,Coremas,2020-08-31,136,0,2,0
Coremas,Coremas,2020-09-01,141,5,2,0
Coremas,Coremas,2020-09-02,142,1,2,0
Coremas,Coremas,2020-09-03,144,2,2,0
Coremas,Coremas,2020-09-04,146,2,3,1
Coremas,Coremas,2020-09-05,147,1,3,0
Coremas,Coremas,2020-09-06,147,0,3,0
Coremas,Coremas,2020-09-07,147,0,3,0
Coremas,Coremas,2020-09-08,147,0,3,0
Coremas,Coremas,2020-09-09,150,3,3,0
Coremas,Coremas,2020-09-10,155,5,3,0
Coremas,Coremas,2020-09-11,158,3,3,0
Coremas,Coremas,2020-09-12,163,5,3,0
Coremas,Coremas,2020-09-13,163,0,3,0
Coremas,Coremas,2020-09-14,163,0,3,0
Coremas,Coremas,2020-09-15,171,8,4,1
Coremas,Coremas,2020-09-16,180,9,4,0
Coremas,Coremas,2020-09-17,183,3,4,0
Coremas,Coremas,2020-09-18,185,2,4,0
Coremas,Coremas,2020-09-19,193,8,4,0
Coremas,Coremas,2020-09-20,195,2,5,1
Coremas,Coremas,2020-09-21,195,0,5,0
Coremas,Coremas,2020-09-22,203,8,5,0
Coremas,Coremas,2020-09-23,205,2,5,0
Coremas,Coremas,2020-09-24,212,7,5,0
Coremas,Coremas,2020-09-25,212,0,6,1
Coremas,Coremas,2020-09-26,214,2,6,0
Coremas,Coremas,2020-09-27,215,1,6,0
Coremas,Coremas,2020-09-28,215,0,6,0
Coremas,Coremas,2020-09-29,218,3,6,0
Coremas,Coremas,2020-09-30,222,4,6,0
Coremas,Coremas,2020-10-01,223,1,6,0
Coremas,Coremas,2020-10-02,224,1,6,0
Coremas,Coremas,2020-10-03,224,0,6,0
Coremas,Coremas,2020-10-04,224,0,6,0
Coremas,Coremas,2020-10-05,224,0,6,0
Coremas,Coremas,2020-10-06,227,3,6,0
Coremas,Coremas,2020-10-07,228,1,6,0
Coremas,Coremas,2020-10-08,230,2,6,0
Coremas,Coremas,2020-10-09,232,2,6,0
Coremas,Coremas,2020-10-10,234,2,6,0
Coremas,Coremas,2020-10-11,234,0,6,0
Coremas,Coremas,2020-10-12,235,1,6,0
Coremas,Coremas,2020-10-13,236,1,6,0
Coremas,Coremas,2020-10-14,236,0,6,0
Coremas,Coremas,2020-10-15,240,4,6,0
Coremas,Coremas,2020-10-16,241,1,6,0
Coremas,Coremas,2020-10-17,242,1,6,0
Coremas,Coremas,2020-10-18,242,0,6,0
Coremas,Coremas,2020-10-19,242,0,6,0
Coremas,Coremas,2020-10-20,243,1,6,0
Coremas,Coremas,2020-10-21,244,1,6,0
Coremas,Coremas,2020-10-22,247,3,6,0
Coremas,Coremas,2020-10-23,249,2,6,0
Coremas,Coremas,2020-10-24,249,0,6,0
Coremas,Coremas,2020-10-25,249,0,6,0
Coremas,Coremas,2020-10-26,249,0,6,0
Coremas,Coremas,2020-10-27,253,4,6,0
Coremas,Coremas,2020-10-28,254,1,6,0
Coremas,Coremas,2020-10-29,260,6,6,0
Coremas,Coremas,2020-10-30,262,2,6,0
Coremas,Coremas,2020-10-31,265,3,7,1
Coremas,Coremas,2020-11-01,269,4,7,0
Coremas,Coremas,2020-11-02,269,0,7,0
Coremas,Coremas,2020-11-03,270,1,7,0
Coremas,Coremas,2020-11-04,270,0,7,0
Coremas,Coremas,2020-11-05,275,5,7,0
Coremas,Coremas,2020-11-06,283,8,7,0
Coremas,Coremas,2020-11-07,288,5,7,0
Coremas,Coremas,2020-11-08,288,0,7,0
Coremas,Coremas,2020-11-09,290,2,7,0
Coremas,Coremas,2020-11-10,294,4,7,0
Coremas,Coremas,2020-11-11,295,1,8,1
Coremas,Coremas,2020-11-12,299,4,8,0
Coremas,Coremas,2020-11-13,308,9,9,1
Coremas,Coremas,2020-11-14,314,6,9,0
Coremas,Coremas,2020-11-15,314,0,9,0
Coremas,Coremas,2020-11-16,314,0,9,0
Coremas,Coremas,2020-11-17,314,0,9,0
Coremas,Coremas,2020-11-18,330,16,9,0
Coremas,Coremas,2020-11-19,334,4,9,0
Coremas,Coremas,2020-11-20,340,6,9,0
Coremas,Coremas,2020-11-21,347,7,9,0
Coremas,Coremas,2020-11-22,348,1,9,0
Coremas,Coremas,2020-11-23,348,0,9,0
Coremas,Coremas,2020-11-24,356,8,9,0
Coremas,Coremas,2020-11-25,361,5,10,1
Coremas,Coremas,2020-11-26,364,3,10,0
Coremas,Coremas,2020-11-27,364,0,10,0
Coremas,Coremas,2020-11-28,366,2,10,0
Coremas,Coremas,2020-11-29,366,0,10,0
Coremas,Coremas,2020-11-30,366,0,10,0
Coremas,Coremas,2020-12-01,367,1,10,0
Coremas,Coremas,2020-12-02,370,3,12,2
Coremas,Coremas,2020-12-03,380,10,12,0
Coremas,Coremas,2020-12-04,387,7,12,0
Coremas,Coremas,2020-12-05,391,4,12,0
Coremas,Coremas,2020-12-06,397,6,12,0
Coremas,Coremas,2020-12-07,398,1,12,0
Coremas,Coremas,2020-12-08,402,4,12,0
Coremas,Coremas,2020-12-09,407,5,12,0
Coremas,Coremas,2020-12-10,413,6,12,0
Coremas,Coremas,2020-12-11,413,0,12,0
Coremas,Coremas,2020-12-12,414,1,12,0
Coremas,Coremas,2020-12-13,414,0,12,0
Coremas,Coremas,2020-12-14,415,1,12,0
Coremas,Coremas,2020-12-15,416,1,12,0
Coremas,Coremas,2020-12-16,418,2,12,0
Coremas,Coremas,2020-12-17,418,0,12,0
Coremas,Coremas,2020-12-18,421,3,12,0
Coremas,Coremas,2020-12-19,421,0,12,0
Coremas,Coremas,2020-12-20,422,1,12,0
Coremas,Coremas,2020-12-21,422,0,12,0
Coremas,Coremas,2020-12-22,427,5,12,0
Coremas,Coremas,2020-12-23,427,0,12,0
Coremas,Coremas,2020-12-24,429,2,13,1
Coremas,Coremas,2020-12-25,431,2,13,0
Coremas,Coremas,2020-12-26,432,1,13,0
Coremas,Coremas,2020-12-27,432,0,13,0
Coremas,Coremas,2020-12-28,432,0,13,0
Coremas,Coremas,2020-12-29,432,0,13,0
Coremas,Coremas,2020-12-30,438,6,13,0
Coremas,Coremas,2020-12-31,442,4,13,0
Coremas,Coremas,2021-01-01,442,0,13,0
Coremas,Coremas,2021-01-02,446,4,13,0
Coremas,Coremas,2021-01-03,448,2,13,0
Coremas,Coremas,2021-01-04,449,1,13,0
Coremas,Coremas,2021-01-05,449,0,13,0
Coremas,Coremas,2021-01-06,451,2,13,0
Coremas,Coremas,2021-01-07,451,0,13,0
Coremas,Coremas,2021-01-08,453,2,13,0
Coremas,Coremas,2021-01-09,454,1,13,0
Coremas,Coremas,2021-01-10,455,1,13,0
Coremas,Coremas,2021-01-11,455,0,13,0
Coremas,Coremas,2021-01-12,455,0,13,0
Coremas,Coremas,2021-01-13,456,1,13,0
Coremas,Coremas,2021-01-14,456,0,13,0
Coremas,Coremas,2021-01-15,458,2,13,0
Coremas,Coremas,2021-01-16,462,4,13,0
Coremas,Coremas,2021-01-17,462,0,13,0
Coremas,Coremas,2021-01-18,462,0,13,0
Coremas,Coremas,2021-01-19,462,0,13,0
Coremas,Coremas,2021-01-20,463,1,13,0
Coremas,Coremas,2021-01-21,467,4,13,0
Coremas,Coremas,2021-01-22,474,7,13,0
Coremas,Coremas,2021-01-23,474,0,13,0
Coremas,Coremas,2021-01-24,474,0,13,0
Coremas,Coremas,2021-01-25,476,2,13,0
Coremas,Coremas,2021-01-26,478,2,13,0
Coremas,Coremas,2021-01-27,481,3,13,0
Coremas,Coremas,2021-01-28,482,1,13,0
Coremas,Coremas,2021-01-29,483,1,13,0
Coremas,Coremas,2021-01-30,484,1,13,0
Coremas,Coremas,2021-01-31,484,0,13,0
Coremas,Coremas,2021-02-01,484,0,13,0
Coremas,Coremas,2021-02-02,485,1,13,0
Coremas,Coremas,2021-02-03,487,2,13,0
Coremas,Coremas,2021-02-04,489,2,13,0
Coremas,Coremas,2021-02-05,489,0,13,0
Coremas,Coremas,2021-02-06,490,1,13,0
Coremas,Coremas,2021-02-07,491,1,13,0
Coremas,Coremas,2021-02-08,493,2,13,0
