city,city,date,cases,daily cases,deaths,daily deaths
Cortês,Cortês,2020-03-27,0,0,0,0
Cortês,Cortês,2020-03-28,0,0,0,0
Cortês,Cortês,2020-03-29,0,0,0,0
Cortês,Cortês,2020-03-30,0,0,0,0
Cortês,Cortês,2020-03-31,0,0,0,0
Cortês,Cortês,2020-04-01,0,0,0,0
Cortês,Cortês,2020-04-02,0,0,0,0
Cortês,Cortês,2020-04-03,0,0,0,0
Cortês,Cortês,2020-04-04,0,0,0,0
Cortês,Cortês,2020-04-05,0,0,0,0
Cortês,Cortês,2020-04-06,0,0,0,0
Cortês,Cortês,2020-04-07,0,0,0,0
Cortês,Cortês,2020-04-08,0,0,0,0
Cortês,Cortês,2020-04-09,0,0,0,0
Cortês,Cortês,2020-04-10,0,0,0,0
Cortês,Cortês,2020-04-11,0,0,0,0
Cortês,Cortês,2020-04-12,0,0,0,0
Cortês,Cortês,2020-04-13,0,0,0,0
Cortês,Cortês,2020-04-14,0,0,0,0
Cortês,Cortês,2020-04-15,0,0,0,0
Cortês,Cortês,2020-04-16,0,0,0,0
Cortês,Cortês,2020-04-17,0,0,0,0
Cortês,Cortês,2020-04-18,0,0,0,0
Cortês,Cortês,2020-04-19,0,0,0,0
Cortês,Cortês,2020-04-20,0,0,0,0
Cortês,Cortês,2020-04-21,0,0,0,0
Cortês,Cortês,2020-04-22,0,0,0,0
Cortês,Cortês,2020-04-23,0,0,0,0
Cortês,Cortês,2020-04-24,0,0,0,0
Cortês,Cortês,2020-04-25,0,0,0,0
Cortês,Cortês,2020-04-26,0,0,0,0
Cortês,Cortês,2020-04-27,0,0,0,0
Cortês,Cortês,2020-04-28,0,0,0,0
Cortês,Cortês,2020-04-29,0,0,0,0
Cortês,Cortês,2020-04-30,1,1,0,0
Cortês,Cortês,2020-05-01,1,0,0,0
Cortês,Cortês,2020-05-02,2,1,0,0
Cortês,Cortês,2020-05-03,2,0,0,0
Cortês,Cortês,2020-05-04,4,2,1,1
Cortês,Cortês,2020-05-05,4,0,1,0
Cortês,Cortês,2020-05-06,4,0,1,0
Cortês,Cortês,2020-05-07,5,1,1,0
Cortês,Cortês,2020-05-08,5,0,1,0
Cortês,Cortês,2020-05-09,5,0,1,0
Cortês,Cortês,2020-05-10,5,0,1,0
Cortês,Cortês,2020-05-11,5,0,1,0
Cortês,Cortês,2020-05-12,8,3,1,0
Cortês,Cortês,2020-05-13,11,3,1,0
Cortês,Cortês,2020-05-14,11,0,1,0
Cortês,Cortês,2020-05-15,12,1,1,0
Cortês,Cortês,2020-05-16,14,2,1,0
Cortês,Cortês,2020-05-17,14,0,3,2
Cortês,Cortês,2020-05-18,14,0,3,0
Cortês,Cortês,2020-05-19,14,0,3,0
Cortês,Cortês,2020-05-20,16,2,3,0
Cortês,Cortês,2020-05-21,17,1,3,0
Cortês,Cortês,2020-05-22,18,1,3,0
Cortês,Cortês,2020-05-23,18,0,3,0
Cortês,Cortês,2020-05-24,22,4,3,0
Cortês,Cortês,2020-05-25,22,0,3,0
Cortês,Cortês,2020-05-26,22,0,3,0
Cortês,Cortês,2020-05-27,22,0,3,0
Cortês,Cortês,2020-05-28,24,2,4,1
Cortês,Cortês,2020-05-29,30,6,5,1
Cortês,Cortês,2020-05-30,32,2,5,0
Cortês,Cortês,2020-05-31,35,3,7,2
Cortês,Cortês,2020-06-01,35,0,8,1
Cortês,Cortês,2020-06-02,35,0,8,0
Cortês,Cortês,2020-06-03,37,2,8,0
Cortês,Cortês,2020-06-04,38,1,9,1
Cortês,Cortês,2020-06-05,38,0,9,0
Cortês,Cortês,2020-06-06,45,7,9,0
Cortês,Cortês,2020-06-07,46,1,9,0
Cortês,Cortês,2020-06-08,51,5,9,0
Cortês,Cortês,2020-06-09,51,0,9,0
Cortês,Cortês,2020-06-10,53,2,9,0
Cortês,Cortês,2020-06-11,53,0,9,0
Cortês,Cortês,2020-06-12,59,6,9,0
Cortês,Cortês,2020-06-13,59,0,9,0
Cortês,Cortês,2020-06-14,59,0,9,0
Cortês,Cortês,2020-06-15,59,0,9,0
Cortês,Cortês,2020-06-16,59,0,9,0
Cortês,Cortês,2020-06-17,65,6,9,0
Cortês,Cortês,2020-06-18,66,1,9,0
Cortês,Cortês,2020-06-19,66,0,9,0
Cortês,Cortês,2020-06-20,79,13,9,0
Cortês,Cortês,2020-06-21,82,3,9,0
Cortês,Cortês,2020-06-22,82,0,9,0
Cortês,Cortês,2020-06-23,82,0,9,0
Cortês,Cortês,2020-06-24,82,0,9,0
Cortês,Cortês,2020-06-25,87,5,9,0
Cortês,Cortês,2020-06-26,88,1,9,0
Cortês,Cortês,2020-06-27,88,0,9,0
Cortês,Cortês,2020-06-28,88,0,9,0
Cortês,Cortês,2020-06-29,89,1,9,0
Cortês,Cortês,2020-06-30,89,0,9,0
Cortês,Cortês,2020-07-01,89,0,9,0
Cortês,Cortês,2020-07-02,93,4,9,0
Cortês,Cortês,2020-07-03,93,0,9,0
Cortês,Cortês,2020-07-04,94,1,9,0
Cortês,Cortês,2020-07-05,99,5,9,0
Cortês,Cortês,2020-07-06,99,0,9,0
Cortês,Cortês,2020-07-07,100,1,10,1
Cortês,Cortês,2020-07-08,100,0,10,0
Cortês,Cortês,2020-07-09,101,1,10,0
Cortês,Cortês,2020-07-10,104,3,10,0
Cortês,Cortês,2020-07-11,104,0,10,0
Cortês,Cortês,2020-07-12,109,5,10,0
Cortês,Cortês,2020-07-13,109,0,10,0
Cortês,Cortês,2020-07-14,109,0,10,0
Cortês,Cortês,2020-07-15,110,1,10,0
Cortês,Cortês,2020-07-16,110,0,10,0
Cortês,Cortês,2020-07-17,111,1,10,0
Cortês,Cortês,2020-07-18,111,0,10,0
Cortês,Cortês,2020-07-19,112,1,10,0
Cortês,Cortês,2020-07-20,115,3,10,0
Cortês,Cortês,2020-07-21,115,0,10,0
Cortês,Cortês,2020-07-22,115,0,11,1
Cortês,Cortês,2020-07-23,115,0,11,0
Cortês,Cortês,2020-07-24,116,1,11,0
Cortês,Cortês,2020-07-25,115,-1,10,-1
Cortês,Cortês,2020-07-26,115,0,10,0
Cortês,Cortês,2020-07-27,115,0,10,0
Cortês,Cortês,2020-07-28,115,0,10,0
Cortês,Cortês,2020-07-29,116,1,10,0
Cortês,Cortês,2020-07-30,116,0,10,0
Cortês,Cortês,2020-07-31,116,0,10,0
Cortês,Cortês,2020-08-01,118,2,10,0
Cortês,Cortês,2020-08-02,119,1,10,0
Cortês,Cortês,2020-08-03,119,0,10,0
Cortês,Cortês,2020-08-04,120,1,10,0
Cortês,Cortês,2020-08-05,121,1,10,0
Cortês,Cortês,2020-08-06,121,0,10,0
Cortês,Cortês,2020-08-07,121,0,10,0
Cortês,Cortês,2020-08-08,121,0,10,0
Cortês,Cortês,2020-08-09,121,0,10,0
Cortês,Cortês,2020-08-10,121,0,10,0
Cortês,Cortês,2020-08-11,121,0,10,0
Cortês,Cortês,2020-08-12,121,0,10,0
Cortês,Cortês,2020-08-13,121,0,10,0
Cortês,Cortês,2020-08-14,121,0,10,0
Cortês,Cortês,2020-08-15,122,1,10,0
Cortês,Cortês,2020-08-16,123,1,10,0
Cortês,Cortês,2020-08-17,123,0,10,0
Cortês,Cortês,2020-08-18,123,0,10,0
Cortês,Cortês,2020-08-19,123,0,10,0
Cortês,Cortês,2020-08-20,123,0,10,0
Cortês,Cortês,2020-08-21,126,3,10,0
Cortês,Cortês,2020-08-22,126,0,10,0
Cortês,Cortês,2020-08-23,126,0,10,0
Cortês,Cortês,2020-08-24,126,0,10,0
Cortês,Cortês,2020-08-25,126,0,10,0
Cortês,Cortês,2020-08-26,126,0,10,0
Cortês,Cortês,2020-08-27,127,1,10,0
Cortês,Cortês,2020-08-28,128,1,10,0
Cortês,Cortês,2020-08-29,129,1,10,0
Cortês,Cortês,2020-08-30,130,1,10,0
Cortês,Cortês,2020-08-31,130,0,10,0
Cortês,Cortês,2020-09-01,135,5,10,0
Cortês,Cortês,2020-09-02,136,1,10,0
Cortês,Cortês,2020-09-03,148,12,10,0
Cortês,Cortês,2020-09-04,149,1,10,0
Cortês,Cortês,2020-09-05,149,0,10,0
Cortês,Cortês,2020-09-06,149,0,11,1
Cortês,Cortês,2020-09-07,149,0,11,0
Cortês,Cortês,2020-09-08,149,0,11,0
Cortês,Cortês,2020-09-09,149,0,11,0
Cortês,Cortês,2020-09-10,150,1,11,0
Cortês,Cortês,2020-09-11,154,4,11,0
Cortês,Cortês,2020-09-12,157,3,11,0
Cortês,Cortês,2020-09-13,157,0,11,0
Cortês,Cortês,2020-09-14,157,0,11,0
Cortês,Cortês,2020-09-15,157,0,11,0
Cortês,Cortês,2020-09-16,157,0,11,0
Cortês,Cortês,2020-09-17,157,0,11,0
Cortês,Cortês,2020-09-18,157,0,11,0
Cortês,Cortês,2020-09-19,157,0,11,0
Cortês,Cortês,2020-09-20,157,0,11,0
Cortês,Cortês,2020-09-21,157,0,11,0
Cortês,Cortês,2020-09-22,161,4,11,0
Cortês,Cortês,2020-09-23,163,2,11,0
Cortês,Cortês,2020-09-24,163,0,11,0
Cortês,Cortês,2020-09-25,163,0,11,0
Cortês,Cortês,2020-09-26,163,0,11,0
Cortês,Cortês,2020-09-27,163,0,11,0
Cortês,Cortês,2020-09-28,163,0,11,0
Cortês,Cortês,2020-09-29,169,6,11,0
Cortês,Cortês,2020-09-30,169,0,11,0
Cortês,Cortês,2020-10-01,169,0,11,0
Cortês,Cortês,2020-10-02,169,0,11,0
Cortês,Cortês,2020-10-03,169,0,11,0
Cortês,Cortês,2020-10-04,169,0,11,0
Cortês,Cortês,2020-10-05,169,0,11,0
Cortês,Cortês,2020-10-06,171,2,11,0
Cortês,Cortês,2020-10-07,171,0,11,0
Cortês,Cortês,2020-10-08,171,0,11,0
Cortês,Cortês,2020-10-09,171,0,11,0
Cortês,Cortês,2020-10-10,171,0,11,0
Cortês,Cortês,2020-10-11,171,0,11,0
Cortês,Cortês,2020-10-12,171,0,11,0
Cortês,Cortês,2020-10-13,171,0,11,0
Cortês,Cortês,2020-10-14,171,0,11,0
Cortês,Cortês,2020-10-15,177,6,11,0
Cortês,Cortês,2020-10-16,177,0,11,0
Cortês,Cortês,2020-10-17,177,0,11,0
Cortês,Cortês,2020-10-18,177,0,11,0
Cortês,Cortês,2020-10-19,177,0,11,0
Cortês,Cortês,2020-10-20,177,0,11,0
Cortês,Cortês,2020-10-21,177,0,11,0
Cortês,Cortês,2020-10-22,178,1,11,0
Cortês,Cortês,2020-10-23,178,0,11,0
Cortês,Cortês,2020-10-24,178,0,11,0
Cortês,Cortês,2020-10-25,178,0,11,0
Cortês,Cortês,2020-10-26,178,0,11,0
Cortês,Cortês,2020-10-27,178,0,11,0
Cortês,Cortês,2020-10-28,178,0,11,0
Cortês,Cortês,2020-10-29,178,0,11,0
Cortês,Cortês,2020-10-30,178,0,11,0
Cortês,Cortês,2020-10-31,178,0,11,0
Cortês,Cortês,2020-11-01,178,0,11,0
Cortês,Cortês,2020-11-02,178,0,11,0
Cortês,Cortês,2020-11-03,178,0,11,0
Cortês,Cortês,2020-11-04,178,0,11,0
Cortês,Cortês,2020-11-05,178,0,11,0
Cortês,Cortês,2020-11-06,178,0,11,0
Cortês,Cortês,2020-11-07,178,0,11,0
Cortês,Cortês,2020-11-08,178,0,12,1
Cortês,Cortês,2020-11-09,178,0,12,0
Cortês,Cortês,2020-11-10,178,0,12,0
Cortês,Cortês,2020-11-11,179,1,12,0
Cortês,Cortês,2020-11-12,187,8,12,0
Cortês,Cortês,2020-11-13,187,0,12,0
Cortês,Cortês,2020-11-14,188,1,12,0
Cortês,Cortês,2020-11-15,188,0,12,0
Cortês,Cortês,2020-11-16,188,0,12,0
Cortês,Cortês,2020-11-17,189,1,12,0
Cortês,Cortês,2020-11-18,188,-1,12,0
Cortês,Cortês,2020-11-19,189,1,12,0
Cortês,Cortês,2020-11-20,189,0,12,0
Cortês,Cortês,2020-11-21,189,0,12,0
Cortês,Cortês,2020-11-22,189,0,12,0
Cortês,Cortês,2020-11-23,189,0,12,0
Cortês,Cortês,2020-11-24,189,0,12,0
Cortês,Cortês,2020-11-25,189,0,12,0
Cortês,Cortês,2020-11-26,189,0,12,0
Cortês,Cortês,2020-11-27,189,0,12,0
Cortês,Cortês,2020-11-28,189,0,12,0
Cortês,Cortês,2020-11-29,189,0,12,0
Cortês,Cortês,2020-11-30,189,0,12,0
Cortês,Cortês,2020-12-01,189,0,12,0
Cortês,Cortês,2020-12-02,189,0,12,0
Cortês,Cortês,2020-12-03,189,0,12,0
Cortês,Cortês,2020-12-04,189,0,12,0
Cortês,Cortês,2020-12-05,189,0,12,0
Cortês,Cortês,2020-12-06,189,0,12,0
Cortês,Cortês,2020-12-07,189,0,12,0
Cortês,Cortês,2020-12-08,189,0,12,0
Cortês,Cortês,2020-12-09,189,0,12,0
Cortês,Cortês,2020-12-10,189,0,12,0
Cortês,Cortês,2020-12-11,189,0,12,0
Cortês,Cortês,2020-12-12,189,0,12,0
Cortês,Cortês,2020-12-13,189,0,12,0
Cortês,Cortês,2020-12-14,189,0,12,0
Cortês,Cortês,2020-12-15,189,0,12,0
Cortês,Cortês,2020-12-16,189,0,12,0
Cortês,Cortês,2020-12-17,189,0,12,0
Cortês,Cortês,2020-12-18,194,5,12,0
Cortês,Cortês,2020-12-19,194,0,12,0
Cortês,Cortês,2020-12-20,194,0,12,0
Cortês,Cortês,2020-12-21,194,0,12,0
Cortês,Cortês,2020-12-22,203,9,12,0
Cortês,Cortês,2020-12-23,204,1,12,0
Cortês,Cortês,2020-12-24,204,0,12,0
Cortês,Cortês,2020-12-25,204,0,12,0
Cortês,Cortês,2020-12-26,204,0,12,0
Cortês,Cortês,2020-12-27,204,0,12,0
Cortês,Cortês,2020-12-28,204,0,12,0
Cortês,Cortês,2020-12-29,205,1,12,0
Cortês,Cortês,2020-12-30,205,0,12,0
Cortês,Cortês,2020-12-31,207,2,12,0
Cortês,Cortês,2021-01-01,207,0,12,0
Cortês,Cortês,2021-01-02,207,0,12,0
Cortês,Cortês,2021-01-03,207,0,12,0
Cortês,Cortês,2021-01-04,207,0,12,0
Cortês,Cortês,2021-01-05,207,0,12,0
Cortês,Cortês,2021-01-06,207,0,12,0
Cortês,Cortês,2021-01-07,207,0,12,0
Cortês,Cortês,2021-01-08,207,0,12,0
Cortês,Cortês,2021-01-09,207,0,12,0
Cortês,Cortês,2021-01-10,207,0,12,0
Cortês,Cortês,2021-01-11,207,0,12,0
Cortês,Cortês,2021-01-12,207,0,12,0
Cortês,Cortês,2021-01-13,209,2,12,0
Cortês,Cortês,2021-01-14,209,0,12,0
Cortês,Cortês,2021-01-15,209,0,12,0
Cortês,Cortês,2021-01-16,209,0,12,0
Cortês,Cortês,2021-01-17,209,0,12,0
Cortês,Cortês,2021-01-18,209,0,12,0
Cortês,Cortês,2021-01-19,209,0,12,0
Cortês,Cortês,2021-01-20,209,0,12,0
Cortês,Cortês,2021-01-21,209,0,12,0
Cortês,Cortês,2021-01-22,209,0,12,0
Cortês,Cortês,2021-01-23,216,7,12,0
Cortês,Cortês,2021-01-24,216,0,12,0
Cortês,Cortês,2021-01-25,216,0,12,0
Cortês,Cortês,2021-01-26,216,0,12,0
Cortês,Cortês,2021-01-27,216,0,12,0
Cortês,Cortês,2021-01-28,216,0,12,0
Cortês,Cortês,2021-01-29,216,0,12,0
Cortês,Cortês,2021-01-30,216,0,12,0
Cortês,Cortês,2021-01-31,216,0,12,0
Cortês,Cortês,2021-02-01,216,0,12,0
Cortês,Cortês,2021-02-02,215,-1,12,0
Cortês,Cortês,2021-02-03,215,0,12,0
Cortês,Cortês,2021-02-04,215,0,12,0
Cortês,Cortês,2021-02-05,215,0,12,0
Cortês,Cortês,2021-02-06,215,0,12,0
Cortês,Cortês,2021-02-07,215,0,12,0
Cortês,Cortês,2021-02-08,215,0,12,0
