city,city,date,cases,daily cases,deaths,daily deaths
Cravinhos,Cravinhos,2020-03-27,0,0,0,0
Cravinhos,Cravinhos,2020-03-28,0,0,0,0
Cravinhos,Cravinhos,2020-03-29,0,0,0,0
Cravinhos,Cravinhos,2020-03-30,0,0,0,0
Cravinhos,Cravinhos,2020-03-31,0,0,0,0
Cravinhos,Cravinhos,2020-04-01,0,0,0,0
Cravinhos,Cravinhos,2020-04-02,0,0,0,0
Cravinhos,Cravinhos,2020-04-03,1,1,1,1
Cravinhos,Cravinhos,2020-04-04,2,1,1,0
Cravinhos,Cravinhos,2020-04-05,2,0,1,0
Cravinhos,Cravinhos,2020-04-06,2,0,1,0
Cravinhos,Cravinhos,2020-04-07,2,0,1,0
Cravinhos,Cravinhos,2020-04-08,2,0,1,0
Cravinhos,Cravinhos,2020-04-09,2,0,1,0
Cravinhos,Cravinhos,2020-04-10,2,0,1,0
Cravinhos,Cravinhos,2020-04-11,2,0,1,0
Cravinhos,Cravinhos,2020-04-12,2,0,1,0
Cravinhos,Cravinhos,2020-04-13,2,0,1,0
Cravinhos,Cravinhos,2020-04-14,5,3,1,0
Cravinhos,Cravinhos,2020-04-15,6,1,1,0
Cravinhos,Cravinhos,2020-04-16,6,0,1,0
Cravinhos,Cravinhos,2020-04-17,6,0,1,0
Cravinhos,Cravinhos,2020-04-18,6,0,1,0
Cravinhos,Cravinhos,2020-04-19,6,0,1,0
Cravinhos,Cravinhos,2020-04-20,6,0,1,0
Cravinhos,Cravinhos,2020-04-21,7,1,1,0
Cravinhos,Cravinhos,2020-04-22,7,0,1,0
Cravinhos,Cravinhos,2020-04-23,7,0,1,0
Cravinhos,Cravinhos,2020-04-24,8,1,1,0
Cravinhos,Cravinhos,2020-04-25,8,0,1,0
Cravinhos,Cravinhos,2020-04-26,8,0,1,0
Cravinhos,Cravinhos,2020-04-27,8,0,1,0
Cravinhos,Cravinhos,2020-04-28,8,0,1,0
Cravinhos,Cravinhos,2020-04-29,8,0,1,0
Cravinhos,Cravinhos,2020-04-30,8,0,1,0
Cravinhos,Cravinhos,2020-05-01,8,0,1,0
Cravinhos,Cravinhos,2020-05-02,8,0,1,0
Cravinhos,Cravinhos,2020-05-03,8,0,1,0
Cravinhos,Cravinhos,2020-05-04,8,0,1,0
Cravinhos,Cravinhos,2020-05-05,9,1,1,0
Cravinhos,Cravinhos,2020-05-06,9,0,1,0
Cravinhos,Cravinhos,2020-05-07,10,1,1,0
Cravinhos,Cravinhos,2020-05-08,10,0,1,0
Cravinhos,Cravinhos,2020-05-09,10,0,1,0
Cravinhos,Cravinhos,2020-05-10,10,0,1,0
Cravinhos,Cravinhos,2020-05-11,12,2,1,0
Cravinhos,Cravinhos,2020-05-12,12,0,1,0
Cravinhos,Cravinhos,2020-05-13,12,0,1,0
Cravinhos,Cravinhos,2020-05-14,13,1,1,0
Cravinhos,Cravinhos,2020-05-15,13,0,1,0
Cravinhos,Cravinhos,2020-05-16,14,1,1,0
Cravinhos,Cravinhos,2020-05-17,15,1,1,0
Cravinhos,Cravinhos,2020-05-18,15,0,1,0
Cravinhos,Cravinhos,2020-05-19,15,0,1,0
Cravinhos,Cravinhos,2020-05-20,15,0,1,0
Cravinhos,Cravinhos,2020-05-21,15,0,1,0
Cravinhos,Cravinhos,2020-05-22,17,2,1,0
Cravinhos,Cravinhos,2020-05-23,17,0,1,0
Cravinhos,Cravinhos,2020-05-24,17,0,1,0
Cravinhos,Cravinhos,2020-05-25,17,0,1,0
Cravinhos,Cravinhos,2020-05-26,17,0,1,0
Cravinhos,Cravinhos,2020-05-27,19,2,1,0
Cravinhos,Cravinhos,2020-05-28,19,0,1,0
Cravinhos,Cravinhos,2020-05-29,20,1,1,0
Cravinhos,Cravinhos,2020-05-30,21,1,1,0
Cravinhos,Cravinhos,2020-05-31,21,0,1,0
Cravinhos,Cravinhos,2020-06-01,21,0,1,0
Cravinhos,Cravinhos,2020-06-02,24,3,1,0
Cravinhos,Cravinhos,2020-06-03,24,0,1,0
Cravinhos,Cravinhos,2020-06-04,27,3,1,0
Cravinhos,Cravinhos,2020-06-05,29,2,1,0
Cravinhos,Cravinhos,2020-06-06,29,0,1,0
Cravinhos,Cravinhos,2020-06-07,30,1,1,0
Cravinhos,Cravinhos,2020-06-08,30,0,1,0
Cravinhos,Cravinhos,2020-06-09,32,2,2,1
Cravinhos,Cravinhos,2020-06-10,36,4,3,1
Cravinhos,Cravinhos,2020-06-11,38,2,4,1
Cravinhos,Cravinhos,2020-06-12,38,0,4,0
Cravinhos,Cravinhos,2020-06-13,37,-1,4,0
Cravinhos,Cravinhos,2020-06-14,39,2,4,0
Cravinhos,Cravinhos,2020-06-15,39,0,4,0
Cravinhos,Cravinhos,2020-06-16,39,0,4,0
Cravinhos,Cravinhos,2020-06-17,39,0,4,0
Cravinhos,Cravinhos,2020-06-18,40,1,4,0
Cravinhos,Cravinhos,2020-06-19,47,7,4,0
Cravinhos,Cravinhos,2020-06-20,49,2,4,0
Cravinhos,Cravinhos,2020-06-21,50,1,4,0
Cravinhos,Cravinhos,2020-06-22,51,1,4,0
Cravinhos,Cravinhos,2020-06-23,53,2,6,2
Cravinhos,Cravinhos,2020-06-24,53,0,6,0
Cravinhos,Cravinhos,2020-06-25,54,1,6,0
Cravinhos,Cravinhos,2020-06-26,57,3,6,0
Cravinhos,Cravinhos,2020-06-27,58,1,6,0
Cravinhos,Cravinhos,2020-06-28,61,3,6,0
Cravinhos,Cravinhos,2020-06-29,63,2,6,0
Cravinhos,Cravinhos,2020-06-30,64,1,6,0
Cravinhos,Cravinhos,2020-07-01,64,0,6,0
Cravinhos,Cravinhos,2020-07-02,70,6,6,0
Cravinhos,Cravinhos,2020-07-03,74,4,6,0
Cravinhos,Cravinhos,2020-07-04,76,2,7,1
Cravinhos,Cravinhos,2020-07-05,77,1,7,0
Cravinhos,Cravinhos,2020-07-06,77,0,7,0
Cravinhos,Cravinhos,2020-07-07,80,3,7,0
Cravinhos,Cravinhos,2020-07-08,85,5,7,0
Cravinhos,Cravinhos,2020-07-09,85,0,7,0
Cravinhos,Cravinhos,2020-07-10,90,5,9,2
Cravinhos,Cravinhos,2020-07-11,91,1,9,0
Cravinhos,Cravinhos,2020-07-12,92,1,9,0
Cravinhos,Cravinhos,2020-07-13,92,0,9,0
Cravinhos,Cravinhos,2020-07-14,97,5,9,0
Cravinhos,Cravinhos,2020-07-15,98,1,9,0
Cravinhos,Cravinhos,2020-07-16,103,5,8,-1
Cravinhos,Cravinhos,2020-07-17,103,0,8,0
Cravinhos,Cravinhos,2020-07-18,115,12,8,0
Cravinhos,Cravinhos,2020-07-19,120,5,8,0
Cravinhos,Cravinhos,2020-07-20,122,2,8,0
Cravinhos,Cravinhos,2020-07-21,123,1,9,1
Cravinhos,Cravinhos,2020-07-22,127,4,10,1
Cravinhos,Cravinhos,2020-07-23,129,2,10,0
Cravinhos,Cravinhos,2020-07-24,151,22,10,0
Cravinhos,Cravinhos,2020-07-25,154,3,12,2
Cravinhos,Cravinhos,2020-07-26,156,2,12,0
Cravinhos,Cravinhos,2020-07-27,156,0,12,0
Cravinhos,Cravinhos,2020-07-28,156,0,12,0
Cravinhos,Cravinhos,2020-07-29,145,-11,13,1
Cravinhos,Cravinhos,2020-07-30,151,6,14,1
Cravinhos,Cravinhos,2020-07-31,161,10,14,0
Cravinhos,Cravinhos,2020-08-01,162,1,14,0
Cravinhos,Cravinhos,2020-08-02,168,6,14,0
Cravinhos,Cravinhos,2020-08-03,170,2,15,1
Cravinhos,Cravinhos,2020-08-04,158,-12,16,1
Cravinhos,Cravinhos,2020-08-05,169,11,16,0
Cravinhos,Cravinhos,2020-08-06,176,7,16,0
Cravinhos,Cravinhos,2020-08-07,180,4,16,0
Cravinhos,Cravinhos,2020-08-08,181,1,17,1
Cravinhos,Cravinhos,2020-08-09,184,3,17,0
Cravinhos,Cravinhos,2020-08-10,184,0,17,0
Cravinhos,Cravinhos,2020-08-11,190,6,17,0
Cravinhos,Cravinhos,2020-08-12,197,7,19,2
Cravinhos,Cravinhos,2020-08-13,204,7,19,0
Cravinhos,Cravinhos,2020-08-14,224,20,20,1
Cravinhos,Cravinhos,2020-08-15,238,14,20,0
Cravinhos,Cravinhos,2020-08-16,241,3,20,0
Cravinhos,Cravinhos,2020-08-17,242,1,20,0
Cravinhos,Cravinhos,2020-08-18,243,1,21,1
Cravinhos,Cravinhos,2020-08-19,241,-2,21,0
Cravinhos,Cravinhos,2020-08-20,247,6,21,0
Cravinhos,Cravinhos,2020-08-21,248,1,24,3
Cravinhos,Cravinhos,2020-08-22,262,14,25,1
Cravinhos,Cravinhos,2020-08-23,264,2,25,0
Cravinhos,Cravinhos,2020-08-24,269,5,25,0
Cravinhos,Cravinhos,2020-08-25,272,3,26,1
Cravinhos,Cravinhos,2020-08-26,273,1,26,0
Cravinhos,Cravinhos,2020-08-27,278,5,26,0
Cravinhos,Cravinhos,2020-08-28,291,13,27,1
Cravinhos,Cravinhos,2020-08-29,296,5,27,0
Cravinhos,Cravinhos,2020-08-30,300,4,27,0
Cravinhos,Cravinhos,2020-08-31,299,-1,27,0
Cravinhos,Cravinhos,2020-09-01,300,1,27,0
Cravinhos,Cravinhos,2020-09-02,302,2,28,1
Cravinhos,Cravinhos,2020-09-03,305,3,28,0
Cravinhos,Cravinhos,2020-09-04,310,5,28,0
Cravinhos,Cravinhos,2020-09-05,313,3,28,0
Cravinhos,Cravinhos,2020-09-06,317,4,28,0
Cravinhos,Cravinhos,2020-09-07,317,0,28,0
Cravinhos,Cravinhos,2020-09-08,317,0,28,0
Cravinhos,Cravinhos,2020-09-09,319,2,28,0
Cravinhos,Cravinhos,2020-09-10,322,3,28,0
Cravinhos,Cravinhos,2020-09-11,327,5,28,0
Cravinhos,Cravinhos,2020-09-12,332,5,29,1
Cravinhos,Cravinhos,2020-09-13,332,0,29,0
Cravinhos,Cravinhos,2020-09-14,332,0,29,0
Cravinhos,Cravinhos,2020-09-15,334,2,29,0
Cravinhos,Cravinhos,2020-09-16,338,4,29,0
Cravinhos,Cravinhos,2020-09-17,341,3,29,0
Cravinhos,Cravinhos,2020-09-18,345,4,29,0
Cravinhos,Cravinhos,2020-09-19,348,3,29,0
Cravinhos,Cravinhos,2020-09-20,349,1,29,0
Cravinhos,Cravinhos,2020-09-21,350,1,29,0
Cravinhos,Cravinhos,2020-09-22,351,1,29,0
Cravinhos,Cravinhos,2020-09-23,350,-1,29,0
Cravinhos,Cravinhos,2020-09-24,352,2,30,1
Cravinhos,Cravinhos,2020-09-25,353,1,30,0
Cravinhos,Cravinhos,2020-09-26,350,-3,30,0
Cravinhos,Cravinhos,2020-09-27,350,0,30,0
Cravinhos,Cravinhos,2020-09-28,350,0,31,1
Cravinhos,Cravinhos,2020-09-29,352,2,31,0
Cravinhos,Cravinhos,2020-09-30,361,9,32,1
Cravinhos,Cravinhos,2020-10-01,367,6,32,0
Cravinhos,Cravinhos,2020-10-02,369,2,32,0
Cravinhos,Cravinhos,2020-10-03,370,1,32,0
Cravinhos,Cravinhos,2020-10-04,370,0,32,0
Cravinhos,Cravinhos,2020-10-05,370,0,32,0
Cravinhos,Cravinhos,2020-10-06,368,-2,32,0
Cravinhos,Cravinhos,2020-10-07,369,1,32,0
Cravinhos,Cravinhos,2020-10-08,373,4,32,0
Cravinhos,Cravinhos,2020-10-09,375,2,32,0
Cravinhos,Cravinhos,2020-10-10,374,-1,32,0
Cravinhos,Cravinhos,2020-10-11,374,0,32,0
Cravinhos,Cravinhos,2020-10-12,374,0,32,0
Cravinhos,Cravinhos,2020-10-13,374,0,32,0
Cravinhos,Cravinhos,2020-10-14,376,2,32,0
Cravinhos,Cravinhos,2020-10-15,380,4,32,0
Cravinhos,Cravinhos,2020-10-16,381,1,32,0
Cravinhos,Cravinhos,2020-10-17,383,2,32,0
Cravinhos,Cravinhos,2020-10-18,383,0,32,0
Cravinhos,Cravinhos,2020-10-19,382,-1,32,0
Cravinhos,Cravinhos,2020-10-20,383,1,32,0
Cravinhos,Cravinhos,2020-10-21,391,8,32,0
Cravinhos,Cravinhos,2020-10-22,393,2,32,0
Cravinhos,Cravinhos,2020-10-23,393,0,32,0
Cravinhos,Cravinhos,2020-10-24,393,0,32,0
Cravinhos,Cravinhos,2020-10-25,394,1,32,0
Cravinhos,Cravinhos,2020-10-26,394,0,32,0
Cravinhos,Cravinhos,2020-10-27,394,0,32,0
Cravinhos,Cravinhos,2020-10-28,394,0,32,0
Cravinhos,Cravinhos,2020-10-29,395,1,32,0
Cravinhos,Cravinhos,2020-10-30,395,0,32,0
Cravinhos,Cravinhos,2020-10-31,395,0,32,0
Cravinhos,Cravinhos,2020-11-01,396,1,32,0
Cravinhos,Cravinhos,2020-11-02,396,0,32,0
Cravinhos,Cravinhos,2020-11-03,397,1,32,0
Cravinhos,Cravinhos,2020-11-04,400,3,32,0
Cravinhos,Cravinhos,2020-11-05,402,2,32,0
Cravinhos,Cravinhos,2020-11-06,402,0,32,0
Cravinhos,Cravinhos,2020-11-07,402,0,32,0
Cravinhos,Cravinhos,2020-11-08,402,0,32,0
Cravinhos,Cravinhos,2020-11-09,402,0,32,0
Cravinhos,Cravinhos,2020-11-10,402,0,32,0
Cravinhos,Cravinhos,2020-11-11,404,2,32,0
Cravinhos,Cravinhos,2020-11-12,407,3,32,0
Cravinhos,Cravinhos,2020-11-13,411,4,32,0
Cravinhos,Cravinhos,2020-11-14,412,1,32,0
Cravinhos,Cravinhos,2020-11-15,413,1,32,0
Cravinhos,Cravinhos,2020-11-16,413,0,32,0
Cravinhos,Cravinhos,2020-11-17,413,0,32,0
Cravinhos,Cravinhos,2020-11-18,416,3,32,0
Cravinhos,Cravinhos,2020-11-19,417,1,32,0
Cravinhos,Cravinhos,2020-11-20,421,4,33,1
Cravinhos,Cravinhos,2020-11-21,422,1,33,0
Cravinhos,Cravinhos,2020-11-22,422,0,33,0
Cravinhos,Cravinhos,2020-11-23,422,0,33,0
Cravinhos,Cravinhos,2020-11-24,427,5,33,0
Cravinhos,Cravinhos,2020-11-25,429,2,33,0
Cravinhos,Cravinhos,2020-11-26,430,1,33,0
Cravinhos,Cravinhos,2020-11-27,430,0,33,0
Cravinhos,Cravinhos,2020-11-28,431,1,33,0
Cravinhos,Cravinhos,2020-11-29,431,0,33,0
Cravinhos,Cravinhos,2020-11-30,431,0,33,0
Cravinhos,Cravinhos,2020-12-01,435,4,34,1
Cravinhos,Cravinhos,2020-12-02,436,1,34,0
Cravinhos,Cravinhos,2020-12-03,436,0,34,0
Cravinhos,Cravinhos,2020-12-04,439,3,34,0
Cravinhos,Cravinhos,2020-12-05,441,2,35,1
Cravinhos,Cravinhos,2020-12-06,442,1,35,0
Cravinhos,Cravinhos,2020-12-07,442,0,35,0
Cravinhos,Cravinhos,2020-12-08,442,0,35,0
Cravinhos,Cravinhos,2020-12-09,445,3,35,0
Cravinhos,Cravinhos,2020-12-10,446,1,35,0
Cravinhos,Cravinhos,2020-12-11,446,0,35,0
Cravinhos,Cravinhos,2020-12-12,446,0,35,0
Cravinhos,Cravinhos,2020-12-13,446,0,35,0
Cravinhos,Cravinhos,2020-12-14,448,2,35,0
Cravinhos,Cravinhos,2020-12-15,448,0,35,0
Cravinhos,Cravinhos,2020-12-16,448,0,35,0
Cravinhos,Cravinhos,2020-12-17,455,7,36,1
Cravinhos,Cravinhos,2020-12-18,456,1,36,0
Cravinhos,Cravinhos,2020-12-19,457,1,36,0
Cravinhos,Cravinhos,2020-12-20,457,0,36,0
Cravinhos,Cravinhos,2020-12-21,457,0,36,0
Cravinhos,Cravinhos,2020-12-22,460,3,36,0
Cravinhos,Cravinhos,2020-12-23,462,2,37,1
Cravinhos,Cravinhos,2020-12-24,469,7,37,0
Cravinhos,Cravinhos,2020-12-25,469,0,37,0
Cravinhos,Cravinhos,2020-12-26,469,0,37,0
Cravinhos,Cravinhos,2020-12-27,469,0,37,0
Cravinhos,Cravinhos,2020-12-28,469,0,37,0
Cravinhos,Cravinhos,2020-12-29,474,5,37,0
Cravinhos,Cravinhos,2020-12-30,476,2,37,0
Cravinhos,Cravinhos,2020-12-31,482,6,37,0
Cravinhos,Cravinhos,2021-01-01,482,0,37,0
Cravinhos,Cravinhos,2021-01-02,482,0,37,0
Cravinhos,Cravinhos,2021-01-03,483,1,37,0
Cravinhos,Cravinhos,2021-01-04,483,0,37,0
Cravinhos,Cravinhos,2021-01-05,487,4,37,0
Cravinhos,Cravinhos,2021-01-06,508,21,37,0
Cravinhos,Cravinhos,2021-01-07,516,8,37,0
Cravinhos,Cravinhos,2021-01-08,524,8,37,0
Cravinhos,Cravinhos,2021-01-09,526,2,37,0
Cravinhos,Cravinhos,2021-01-10,526,0,37,0
Cravinhos,Cravinhos,2021-01-11,526,0,37,0
Cravinhos,Cravinhos,2021-01-12,527,1,37,0
Cravinhos,Cravinhos,2021-01-13,533,6,37,0
Cravinhos,Cravinhos,2021-01-14,538,5,37,0
Cravinhos,Cravinhos,2021-01-15,542,4,37,0
Cravinhos,Cravinhos,2021-01-16,552,10,37,0
Cravinhos,Cravinhos,2021-01-17,556,4,37,0
Cravinhos,Cravinhos,2021-01-18,556,0,37,0
Cravinhos,Cravinhos,2021-01-19,559,3,37,0
Cravinhos,Cravinhos,2021-01-20,562,3,37,0
Cravinhos,Cravinhos,2021-01-21,573,11,37,0
Cravinhos,Cravinhos,2021-01-22,576,3,37,0
Cravinhos,Cravinhos,2021-01-23,579,3,37,0
Cravinhos,Cravinhos,2021-01-24,579,0,37,0
Cravinhos,Cravinhos,2021-01-25,579,0,37,0
Cravinhos,Cravinhos,2021-01-26,581,2,37,0
Cravinhos,Cravinhos,2021-01-27,621,40,39,2
Cravinhos,Cravinhos,2021-01-28,630,9,39,0
Cravinhos,Cravinhos,2021-01-29,631,1,39,0
Cravinhos,Cravinhos,2021-01-30,648,17,41,2
Cravinhos,Cravinhos,2021-01-31,649,1,41,0
Cravinhos,Cravinhos,2021-02-01,650,1,41,0
Cravinhos,Cravinhos,2021-02-02,660,10,42,1
Cravinhos,Cravinhos,2021-02-03,673,13,42,0
Cravinhos,Cravinhos,2021-02-04,679,6,42,0
Cravinhos,Cravinhos,2021-02-05,686,7,43,1
Cravinhos,Cravinhos,2021-02-06,692,6,43,0
Cravinhos,Cravinhos,2021-02-07,693,1,43,0
Cravinhos,Cravinhos,2021-02-08,694,1,43,0
