city,city,date,cases,daily cases,deaths,daily deaths
Céu Azul,Céu Azul,2020-03-27,0,0,0,0
Céu Azul,Céu Azul,2020-03-28,0,0,0,0
Céu Azul,Céu Azul,2020-03-29,0,0,0,0
Céu Azul,Céu Azul,2020-03-30,0,0,0,0
Céu Azul,Céu Azul,2020-03-31,0,0,0,0
Céu Azul,Céu Azul,2020-04-01,0,0,0,0
Céu Azul,Céu Azul,2020-04-02,0,0,0,0
Céu Azul,Céu Azul,2020-04-03,0,0,0,0
Céu Azul,Céu Azul,2020-04-04,0,0,0,0
Céu Azul,Céu Azul,2020-04-05,0,0,0,0
Céu Azul,Céu Azul,2020-04-06,0,0,0,0
Céu Azul,Céu Azul,2020-04-07,0,0,0,0
Céu Azul,Céu Azul,2020-04-08,0,0,0,0
Céu Azul,Céu Azul,2020-04-09,0,0,0,0
Céu Azul,Céu Azul,2020-04-10,0,0,0,0
Céu Azul,Céu Azul,2020-04-11,0,0,0,0
Céu Azul,Céu Azul,2020-04-12,0,0,0,0
Céu Azul,Céu Azul,2020-04-13,0,0,0,0
Céu Azul,Céu Azul,2020-04-14,0,0,0,0
Céu Azul,Céu Azul,2020-04-15,0,0,0,0
Céu Azul,Céu Azul,2020-04-16,0,0,0,0
Céu Azul,Céu Azul,2020-04-17,0,0,0,0
Céu Azul,Céu Azul,2020-04-18,0,0,0,0
Céu Azul,Céu Azul,2020-04-19,0,0,0,0
Céu Azul,Céu Azul,2020-04-20,0,0,0,0
Céu Azul,Céu Azul,2020-04-21,0,0,0,0
Céu Azul,Céu Azul,2020-04-22,0,0,0,0
Céu Azul,Céu Azul,2020-04-23,0,0,0,0
Céu Azul,Céu Azul,2020-04-24,0,0,0,0
Céu Azul,Céu Azul,2020-04-25,0,0,0,0
Céu Azul,Céu Azul,2020-04-26,0,0,0,0
Céu Azul,Céu Azul,2020-04-27,2,2,0,0
Céu Azul,Céu Azul,2020-04-28,3,1,0,0
Céu Azul,Céu Azul,2020-04-29,5,2,0,0
Céu Azul,Céu Azul,2020-04-30,5,0,0,0
Céu Azul,Céu Azul,2020-05-01,4,-1,0,0
Céu Azul,Céu Azul,2020-05-02,4,0,0,0
Céu Azul,Céu Azul,2020-05-03,5,1,0,0
Céu Azul,Céu Azul,2020-05-04,5,0,0,0
Céu Azul,Céu Azul,2020-05-05,5,0,0,0
Céu Azul,Céu Azul,2020-05-06,5,0,0,0
Céu Azul,Céu Azul,2020-05-07,5,0,0,0
Céu Azul,Céu Azul,2020-05-08,5,0,0,0
Céu Azul,Céu Azul,2020-05-09,5,0,0,0
Céu Azul,Céu Azul,2020-05-10,5,0,0,0
Céu Azul,Céu Azul,2020-05-11,5,0,0,0
Céu Azul,Céu Azul,2020-05-12,5,0,0,0
Céu Azul,Céu Azul,2020-05-13,5,0,0,0
Céu Azul,Céu Azul,2020-05-14,5,0,0,0
Céu Azul,Céu Azul,2020-05-15,5,0,0,0
Céu Azul,Céu Azul,2020-05-16,5,0,0,0
Céu Azul,Céu Azul,2020-05-17,5,0,0,0
Céu Azul,Céu Azul,2020-05-18,5,0,0,0
Céu Azul,Céu Azul,2020-05-19,5,0,0,0
Céu Azul,Céu Azul,2020-05-20,5,0,0,0
Céu Azul,Céu Azul,2020-05-21,5,0,0,0
Céu Azul,Céu Azul,2020-05-22,6,1,0,0
Céu Azul,Céu Azul,2020-05-23,6,0,0,0
Céu Azul,Céu Azul,2020-05-24,6,0,0,0
Céu Azul,Céu Azul,2020-05-25,6,0,0,0
Céu Azul,Céu Azul,2020-05-26,9,3,0,0
Céu Azul,Céu Azul,2020-05-27,9,0,0,0
Céu Azul,Céu Azul,2020-05-28,9,0,0,0
Céu Azul,Céu Azul,2020-05-29,9,0,0,0
Céu Azul,Céu Azul,2020-05-30,9,0,0,0
Céu Azul,Céu Azul,2020-05-31,9,0,0,0
Céu Azul,Céu Azul,2020-06-01,9,0,0,0
Céu Azul,Céu Azul,2020-06-02,9,0,0,0
Céu Azul,Céu Azul,2020-06-03,9,0,0,0
Céu Azul,Céu Azul,2020-06-04,9,0,1,1
Céu Azul,Céu Azul,2020-06-05,9,0,0,-1
Céu Azul,Céu Azul,2020-06-06,9,0,0,0
Céu Azul,Céu Azul,2020-06-07,9,0,0,0
Céu Azul,Céu Azul,2020-06-08,9,0,0,0
Céu Azul,Céu Azul,2020-06-09,6,-3,0,0
Céu Azul,Céu Azul,2020-06-10,7,1,0,0
Céu Azul,Céu Azul,2020-06-11,7,0,0,0
Céu Azul,Céu Azul,2020-06-12,7,0,0,0
Céu Azul,Céu Azul,2020-06-13,7,0,0,0
Céu Azul,Céu Azul,2020-06-14,8,1,0,0
Céu Azul,Céu Azul,2020-06-15,8,0,0,0
Céu Azul,Céu Azul,2020-06-16,8,0,0,0
Céu Azul,Céu Azul,2020-06-17,11,3,0,0
Céu Azul,Céu Azul,2020-06-18,13,2,0,0
Céu Azul,Céu Azul,2020-06-19,13,0,0,0
Céu Azul,Céu Azul,2020-06-20,18,5,0,0
Céu Azul,Céu Azul,2020-06-21,18,0,0,0
Céu Azul,Céu Azul,2020-06-22,19,1,0,0
Céu Azul,Céu Azul,2020-06-23,19,0,0,0
Céu Azul,Céu Azul,2020-06-24,19,0,0,0
Céu Azul,Céu Azul,2020-06-25,24,5,0,0
Céu Azul,Céu Azul,2020-06-26,24,0,0,0
Céu Azul,Céu Azul,2020-06-27,37,13,0,0
Céu Azul,Céu Azul,2020-06-28,37,0,0,0
Céu Azul,Céu Azul,2020-06-29,38,1,0,0
Céu Azul,Céu Azul,2020-06-30,48,10,0,0
Céu Azul,Céu Azul,2020-07-01,50,2,0,0
Céu Azul,Céu Azul,2020-07-02,56,6,0,0
Céu Azul,Céu Azul,2020-07-03,63,7,0,0
Céu Azul,Céu Azul,2020-07-04,68,5,0,0
Céu Azul,Céu Azul,2020-07-05,70,2,0,0
Céu Azul,Céu Azul,2020-07-06,74,4,0,0
Céu Azul,Céu Azul,2020-07-07,82,8,0,0
Céu Azul,Céu Azul,2020-07-08,83,1,0,0
Céu Azul,Céu Azul,2020-07-09,83,0,0,0
Céu Azul,Céu Azul,2020-07-10,89,6,0,0
Céu Azul,Céu Azul,2020-07-11,93,4,0,0
Céu Azul,Céu Azul,2020-07-12,95,2,0,0
Céu Azul,Céu Azul,2020-07-13,95,0,0,0
Céu Azul,Céu Azul,2020-07-14,99,4,0,0
Céu Azul,Céu Azul,2020-07-15,99,0,0,0
Céu Azul,Céu Azul,2020-07-16,99,0,0,0
Céu Azul,Céu Azul,2020-07-17,100,1,0,0
Céu Azul,Céu Azul,2020-07-18,100,0,0,0
Céu Azul,Céu Azul,2020-07-19,100,0,0,0
Céu Azul,Céu Azul,2020-07-20,100,0,0,0
Céu Azul,Céu Azul,2020-07-21,105,5,0,0
Céu Azul,Céu Azul,2020-07-22,108,3,0,0
Céu Azul,Céu Azul,2020-07-23,111,3,0,0
Céu Azul,Céu Azul,2020-07-24,112,1,0,0
Céu Azul,Céu Azul,2020-07-25,112,0,0,0
Céu Azul,Céu Azul,2020-07-26,112,0,0,0
Céu Azul,Céu Azul,2020-07-27,113,1,0,0
Céu Azul,Céu Azul,2020-07-28,114,1,0,0
Céu Azul,Céu Azul,2020-07-29,116,2,0,0
Céu Azul,Céu Azul,2020-07-30,120,4,0,0
Céu Azul,Céu Azul,2020-07-31,123,3,0,0
Céu Azul,Céu Azul,2020-08-01,123,0,0,0
Céu Azul,Céu Azul,2020-08-02,126,3,0,0
Céu Azul,Céu Azul,2020-08-03,126,0,0,0
Céu Azul,Céu Azul,2020-08-04,126,0,0,0
Céu Azul,Céu Azul,2020-08-05,135,9,0,0
Céu Azul,Céu Azul,2020-08-06,135,0,0,0
Céu Azul,Céu Azul,2020-08-07,135,0,0,0
Céu Azul,Céu Azul,2020-08-08,135,0,0,0
Céu Azul,Céu Azul,2020-08-09,139,4,0,0
Céu Azul,Céu Azul,2020-08-10,142,3,0,0
Céu Azul,Céu Azul,2020-08-11,144,2,0,0
Céu Azul,Céu Azul,2020-08-12,144,0,0,0
Céu Azul,Céu Azul,2020-08-13,144,0,0,0
Céu Azul,Céu Azul,2020-08-14,144,0,0,0
Céu Azul,Céu Azul,2020-08-15,148,4,0,0
Céu Azul,Céu Azul,2020-08-16,149,1,0,0
Céu Azul,Céu Azul,2020-08-17,149,0,0,0
Céu Azul,Céu Azul,2020-08-18,149,0,0,0
Céu Azul,Céu Azul,2020-08-19,149,0,0,0
Céu Azul,Céu Azul,2020-08-20,149,0,0,0
Céu Azul,Céu Azul,2020-08-21,151,2,0,0
Céu Azul,Céu Azul,2020-08-22,152,1,0,0
Céu Azul,Céu Azul,2020-08-23,152,0,0,0
Céu Azul,Céu Azul,2020-08-24,152,0,0,0
Céu Azul,Céu Azul,2020-08-25,152,0,0,0
Céu Azul,Céu Azul,2020-08-26,154,2,0,0
Céu Azul,Céu Azul,2020-08-27,154,0,0,0
Céu Azul,Céu Azul,2020-08-28,154,0,0,0
Céu Azul,Céu Azul,2020-08-29,156,2,0,0
Céu Azul,Céu Azul,2020-08-30,156,0,0,0
Céu Azul,Céu Azul,2020-08-31,156,0,0,0
Céu Azul,Céu Azul,2020-09-01,156,0,0,0
Céu Azul,Céu Azul,2020-09-02,156,0,0,0
Céu Azul,Céu Azul,2020-09-03,158,2,0,0
Céu Azul,Céu Azul,2020-09-04,159,1,0,0
Céu Azul,Céu Azul,2020-09-05,160,1,0,0
Céu Azul,Céu Azul,2020-09-06,160,0,0,0
Céu Azul,Céu Azul,2020-09-07,161,1,0,0
Céu Azul,Céu Azul,2020-09-08,163,2,0,0
Céu Azul,Céu Azul,2020-09-09,166,3,0,0
Céu Azul,Céu Azul,2020-09-10,166,0,0,0
Céu Azul,Céu Azul,2020-09-11,169,3,0,0
Céu Azul,Céu Azul,2020-09-12,172,3,0,0
Céu Azul,Céu Azul,2020-09-13,173,1,0,0
Céu Azul,Céu Azul,2020-09-14,173,0,0,0
Céu Azul,Céu Azul,2020-09-15,173,0,0,0
Céu Azul,Céu Azul,2020-09-16,175,2,0,0
Céu Azul,Céu Azul,2020-09-17,180,5,0,0
Céu Azul,Céu Azul,2020-09-18,180,0,0,0
Céu Azul,Céu Azul,2020-09-19,181,1,0,0
Céu Azul,Céu Azul,2020-09-20,184,3,0,0
Céu Azul,Céu Azul,2020-09-21,184,0,0,0
Céu Azul,Céu Azul,2020-09-22,187,3,0,0
Céu Azul,Céu Azul,2020-09-23,187,0,0,0
Céu Azul,Céu Azul,2020-09-24,188,1,0,0
Céu Azul,Céu Azul,2020-09-25,189,1,0,0
Céu Azul,Céu Azul,2020-09-26,190,1,0,0
Céu Azul,Céu Azul,2020-09-27,190,0,0,0
Céu Azul,Céu Azul,2020-09-28,192,2,0,0
Céu Azul,Céu Azul,2020-09-29,193,1,0,0
Céu Azul,Céu Azul,2020-09-30,194,1,0,0
Céu Azul,Céu Azul,2020-10-01,195,1,0,0
Céu Azul,Céu Azul,2020-10-02,201,6,0,0
Céu Azul,Céu Azul,2020-10-03,201,0,0,0
Céu Azul,Céu Azul,2020-10-04,203,2,0,0
Céu Azul,Céu Azul,2020-10-05,203,0,0,0
Céu Azul,Céu Azul,2020-10-06,204,1,0,0
Céu Azul,Céu Azul,2020-10-07,204,0,0,0
Céu Azul,Céu Azul,2020-10-08,204,0,0,0
Céu Azul,Céu Azul,2020-10-09,204,0,0,0
Céu Azul,Céu Azul,2020-10-10,204,0,0,0
Céu Azul,Céu Azul,2020-10-11,204,0,0,0
Céu Azul,Céu Azul,2020-10-12,204,0,0,0
Céu Azul,Céu Azul,2020-10-13,205,1,0,0
Céu Azul,Céu Azul,2020-10-14,205,0,0,0
Céu Azul,Céu Azul,2020-10-15,205,0,0,0
Céu Azul,Céu Azul,2020-10-16,205,0,1,1
Céu Azul,Céu Azul,2020-10-17,205,0,1,0
Céu Azul,Céu Azul,2020-10-18,205,0,1,0
Céu Azul,Céu Azul,2020-10-19,205,0,1,0
Céu Azul,Céu Azul,2020-10-20,205,0,1,0
Céu Azul,Céu Azul,2020-10-21,205,0,1,0
Céu Azul,Céu Azul,2020-10-22,205,0,1,0
Céu Azul,Céu Azul,2020-10-23,205,0,1,0
Céu Azul,Céu Azul,2020-10-24,205,0,1,0
Céu Azul,Céu Azul,2020-10-25,206,1,1,0
Céu Azul,Céu Azul,2020-10-26,206,0,1,0
Céu Azul,Céu Azul,2020-10-27,207,1,1,0
Céu Azul,Céu Azul,2020-10-28,208,1,1,0
Céu Azul,Céu Azul,2020-10-29,208,0,1,0
Céu Azul,Céu Azul,2020-10-30,209,1,1,0
Céu Azul,Céu Azul,2020-10-31,209,0,1,0
Céu Azul,Céu Azul,2020-11-01,209,0,1,0
Céu Azul,Céu Azul,2020-11-02,209,0,1,0
Céu Azul,Céu Azul,2020-11-03,209,0,1,0
Céu Azul,Céu Azul,2020-11-04,209,0,1,0
Céu Azul,Céu Azul,2020-11-05,210,1,1,0
Céu Azul,Céu Azul,2020-11-06,212,2,1,0
Céu Azul,Céu Azul,2020-11-07,217,5,1,0
Céu Azul,Céu Azul,2020-11-08,217,0,1,0
Céu Azul,Céu Azul,2020-11-09,217,0,1,0
Céu Azul,Céu Azul,2020-11-10,217,0,1,0
Céu Azul,Céu Azul,2020-11-11,233,16,1,0
Céu Azul,Céu Azul,2020-11-12,233,0,1,0
Céu Azul,Céu Azul,2020-11-13,233,0,1,0
Céu Azul,Céu Azul,2020-11-14,239,6,1,0
Céu Azul,Céu Azul,2020-11-15,239,0,1,0
Céu Azul,Céu Azul,2020-11-16,239,0,1,0
Céu Azul,Céu Azul,2020-11-17,239,0,1,0
Céu Azul,Céu Azul,2020-11-18,249,10,1,0
Céu Azul,Céu Azul,2020-11-19,249,0,1,0
Céu Azul,Céu Azul,2020-11-20,250,1,1,0
Céu Azul,Céu Azul,2020-11-21,251,1,1,0
Céu Azul,Céu Azul,2020-11-22,251,0,1,0
Céu Azul,Céu Azul,2020-11-23,251,0,1,0
Céu Azul,Céu Azul,2020-11-24,251,0,1,0
Céu Azul,Céu Azul,2020-11-25,254,3,1,0
Céu Azul,Céu Azul,2020-11-26,267,13,1,0
Céu Azul,Céu Azul,2020-11-27,267,0,1,0
Céu Azul,Céu Azul,2020-11-28,268,1,1,0
Céu Azul,Céu Azul,2020-11-29,268,0,1,0
Céu Azul,Céu Azul,2020-11-30,268,0,1,0
Céu Azul,Céu Azul,2020-12-01,271,3,1,0
Céu Azul,Céu Azul,2020-12-02,273,2,1,0
Céu Azul,Céu Azul,2020-12-03,273,0,1,0
Céu Azul,Céu Azul,2020-12-04,273,0,1,0
Céu Azul,Céu Azul,2020-12-05,273,0,1,0
Céu Azul,Céu Azul,2020-12-06,275,2,1,0
Céu Azul,Céu Azul,2020-12-07,275,0,1,0
Céu Azul,Céu Azul,2020-12-08,275,0,1,0
Céu Azul,Céu Azul,2020-12-09,276,1,1,0
Céu Azul,Céu Azul,2020-12-10,276,0,1,0
Céu Azul,Céu Azul,2020-12-11,277,1,2,1
Céu Azul,Céu Azul,2020-12-12,278,1,2,0
Céu Azul,Céu Azul,2020-12-13,278,0,2,0
Céu Azul,Céu Azul,2020-12-14,278,0,2,0
Céu Azul,Céu Azul,2020-12-15,279,1,2,0
Céu Azul,Céu Azul,2020-12-16,285,6,2,0
Céu Azul,Céu Azul,2020-12-17,285,0,2,0
Céu Azul,Céu Azul,2020-12-18,286,1,2,0
Céu Azul,Céu Azul,2020-12-19,287,1,2,0
Céu Azul,Céu Azul,2020-12-20,287,0,2,0
Céu Azul,Céu Azul,2020-12-21,287,0,2,0
Céu Azul,Céu Azul,2020-12-22,287,0,3,1
Céu Azul,Céu Azul,2020-12-23,288,1,3,0
Céu Azul,Céu Azul,2020-12-24,288,0,3,0
Céu Azul,Céu Azul,2020-12-25,288,0,3,0
Céu Azul,Céu Azul,2020-12-26,288,0,3,0
Céu Azul,Céu Azul,2020-12-27,288,0,3,0
Céu Azul,Céu Azul,2020-12-28,292,4,3,0
Céu Azul,Céu Azul,2020-12-29,305,13,3,0
Céu Azul,Céu Azul,2020-12-30,325,20,3,0
Céu Azul,Céu Azul,2020-12-31,329,4,3,0
Céu Azul,Céu Azul,2021-01-01,329,0,3,0
Céu Azul,Céu Azul,2021-01-02,329,0,3,0
Céu Azul,Céu Azul,2021-01-03,329,0,3,0
Céu Azul,Céu Azul,2021-01-04,329,0,3,0
Céu Azul,Céu Azul,2021-01-05,330,1,3,0
Céu Azul,Céu Azul,2021-01-06,331,1,3,0
Céu Azul,Céu Azul,2021-01-07,382,51,4,1
Céu Azul,Céu Azul,2021-01-08,382,0,4,0
Céu Azul,Céu Azul,2021-01-09,384,2,4,0
Céu Azul,Céu Azul,2021-01-10,384,0,4,0
Céu Azul,Céu Azul,2021-01-11,384,0,4,0
Céu Azul,Céu Azul,2021-01-12,401,17,5,1
Céu Azul,Céu Azul,2021-01-13,401,0,5,0
Céu Azul,Céu Azul,2021-01-14,409,8,5,0
Céu Azul,Céu Azul,2021-01-15,414,5,4,-1
Céu Azul,Céu Azul,2021-01-16,415,1,4,0
Céu Azul,Céu Azul,2021-01-17,415,0,4,0
Céu Azul,Céu Azul,2021-01-18,415,0,4,0
Céu Azul,Céu Azul,2021-01-19,415,0,4,0
Céu Azul,Céu Azul,2021-01-20,422,7,4,0
Céu Azul,Céu Azul,2021-01-21,430,8,4,0
Céu Azul,Céu Azul,2021-01-22,430,0,4,0
Céu Azul,Céu Azul,2021-01-23,430,0,4,0
Céu Azul,Céu Azul,2021-01-24,446,16,5,1
Céu Azul,Céu Azul,2021-01-25,446,0,5,0
Céu Azul,Céu Azul,2021-01-26,458,12,5,0
Céu Azul,Céu Azul,2021-01-27,463,5,5,0
Céu Azul,Céu Azul,2021-01-28,471,8,5,0
Céu Azul,Céu Azul,2021-01-29,472,1,5,0
Céu Azul,Céu Azul,2021-01-30,480,8,6,1
Céu Azul,Céu Azul,2021-01-31,486,6,6,0
Céu Azul,Céu Azul,2021-02-01,488,2,6,0
Céu Azul,Céu Azul,2021-02-02,494,6,6,0
Céu Azul,Céu Azul,2021-02-03,499,5,6,0
Céu Azul,Céu Azul,2021-02-04,510,11,6,0
Céu Azul,Céu Azul,2021-02-05,511,1,6,0
Céu Azul,Céu Azul,2021-02-06,514,3,6,0
Céu Azul,Céu Azul,2021-02-07,514,0,6,0
Céu Azul,Céu Azul,2021-02-08,519,5,6,0
