city,city,date,cases,daily cases,deaths,daily deaths
Davinópolis,Davinópolis,2020-03-27,0,0,0,0
Davinópolis,Davinópolis,2020-03-28,0,0,0,0
Davinópolis,Davinópolis,2020-03-29,0,0,0,0
Davinópolis,Davinópolis,2020-03-30,0,0,0,0
Davinópolis,Davinópolis,2020-03-31,0,0,0,0
Davinópolis,Davinópolis,2020-04-01,0,0,0,0
Davinópolis,Davinópolis,2020-04-02,0,0,0,0
Davinópolis,Davinópolis,2020-04-03,0,0,0,0
Davinópolis,Davinópolis,2020-04-04,0,0,0,0
Davinópolis,Davinópolis,2020-04-05,0,0,0,0
Davinópolis,Davinópolis,2020-04-06,0,0,0,0
Davinópolis,Davinópolis,2020-04-07,0,0,0,0
Davinópolis,Davinópolis,2020-04-08,0,0,0,0
Davinópolis,Davinópolis,2020-04-09,0,0,0,0
Davinópolis,Davinópolis,2020-04-10,0,0,0,0
Davinópolis,Davinópolis,2020-04-11,0,0,0,0
Davinópolis,Davinópolis,2020-04-12,0,0,0,0
Davinópolis,Davinópolis,2020-04-13,0,0,0,0
Davinópolis,Davinópolis,2020-04-14,0,0,0,0
Davinópolis,Davinópolis,2020-04-15,0,0,0,0
Davinópolis,Davinópolis,2020-04-16,1,1,0,0
Davinópolis,Davinópolis,2020-04-17,1,0,0,0
Davinópolis,Davinópolis,2020-04-18,1,0,0,0
Davinópolis,Davinópolis,2020-04-19,1,0,0,0
Davinópolis,Davinópolis,2020-04-20,1,0,0,0
Davinópolis,Davinópolis,2020-04-21,1,0,0,0
Davinópolis,Davinópolis,2020-04-22,1,0,0,0
Davinópolis,Davinópolis,2020-04-23,1,0,0,0
Davinópolis,Davinópolis,2020-04-24,1,0,0,0
Davinópolis,Davinópolis,2020-04-25,1,0,0,0
Davinópolis,Davinópolis,2020-04-26,2,1,1,1
Davinópolis,Davinópolis,2020-04-27,2,0,1,0
Davinópolis,Davinópolis,2020-04-28,2,0,1,0
Davinópolis,Davinópolis,2020-04-29,2,0,1,0
Davinópolis,Davinópolis,2020-04-30,2,0,1,0
Davinópolis,Davinópolis,2020-05-01,2,0,1,0
Davinópolis,Davinópolis,2020-05-02,2,0,1,0
Davinópolis,Davinópolis,2020-05-03,3,1,1,0
Davinópolis,Davinópolis,2020-05-04,4,1,1,0
Davinópolis,Davinópolis,2020-05-05,4,0,1,0
Davinópolis,Davinópolis,2020-05-06,4,0,1,0
Davinópolis,Davinópolis,2020-05-07,4,0,1,0
Davinópolis,Davinópolis,2020-05-08,4,0,1,0
Davinópolis,Davinópolis,2020-05-09,5,1,1,0
Davinópolis,Davinópolis,2020-05-10,5,0,1,0
Davinópolis,Davinópolis,2020-05-11,5,0,1,0
Davinópolis,Davinópolis,2020-05-12,9,4,1,0
Davinópolis,Davinópolis,2020-05-13,10,1,2,1
Davinópolis,Davinópolis,2020-05-14,10,0,2,0
Davinópolis,Davinópolis,2020-05-15,13,3,2,0
Davinópolis,Davinópolis,2020-05-16,14,1,2,0
Davinópolis,Davinópolis,2020-05-17,17,3,2,0
Davinópolis,Davinópolis,2020-05-18,17,0,2,0
Davinópolis,Davinópolis,2020-05-19,17,0,2,0
Davinópolis,Davinópolis,2020-05-20,30,13,2,0
Davinópolis,Davinópolis,2020-05-21,30,0,2,0
Davinópolis,Davinópolis,2020-05-22,30,0,2,0
Davinópolis,Davinópolis,2020-05-23,30,0,2,0
Davinópolis,Davinópolis,2020-05-24,37,7,2,0
Davinópolis,Davinópolis,2020-05-25,39,2,2,0
Davinópolis,Davinópolis,2020-05-26,39,0,2,0
Davinópolis,Davinópolis,2020-05-27,39,0,2,0
Davinópolis,Davinópolis,2020-05-28,56,17,3,1
Davinópolis,Davinópolis,2020-05-29,65,9,3,0
Davinópolis,Davinópolis,2020-05-30,69,4,3,0
Davinópolis,Davinópolis,2020-05-31,72,3,3,0
Davinópolis,Davinópolis,2020-06-01,72,0,3,0
Davinópolis,Davinópolis,2020-06-02,74,2,3,0
Davinópolis,Davinópolis,2020-06-03,91,17,3,0
Davinópolis,Davinópolis,2020-06-04,100,9,3,0
Davinópolis,Davinópolis,2020-06-05,103,3,3,0
Davinópolis,Davinópolis,2020-06-06,107,4,3,0
Davinópolis,Davinópolis,2020-06-07,107,0,3,0
Davinópolis,Davinópolis,2020-06-08,112,5,3,0
Davinópolis,Davinópolis,2020-06-09,112,0,3,0
Davinópolis,Davinópolis,2020-06-10,114,2,4,1
Davinópolis,Davinópolis,2020-06-11,114,0,4,0
Davinópolis,Davinópolis,2020-06-12,270,156,4,0
Davinópolis,Davinópolis,2020-06-13,128,-142,4,0
Davinópolis,Davinópolis,2020-06-14,136,8,4,0
Davinópolis,Davinópolis,2020-06-15,139,3,5,1
Davinópolis,Davinópolis,2020-06-16,156,17,5,0
Davinópolis,Davinópolis,2020-06-17,164,8,6,1
Davinópolis,Davinópolis,2020-06-18,172,8,6,0
Davinópolis,Davinópolis,2020-06-19,173,1,6,0
Davinópolis,Davinópolis,2020-06-20,173,0,6,0
Davinópolis,Davinópolis,2020-06-21,173,0,6,0
Davinópolis,Davinópolis,2020-06-22,173,0,6,0
Davinópolis,Davinópolis,2020-06-23,174,1,6,0
Davinópolis,Davinópolis,2020-06-24,172,-2,6,0
Davinópolis,Davinópolis,2020-06-25,172,0,6,0
Davinópolis,Davinópolis,2020-06-26,185,13,6,0
Davinópolis,Davinópolis,2020-06-27,187,2,6,0
Davinópolis,Davinópolis,2020-06-28,193,6,6,0
Davinópolis,Davinópolis,2020-06-29,193,0,6,0
Davinópolis,Davinópolis,2020-06-30,194,1,6,0
Davinópolis,Davinópolis,2020-07-01,194,0,6,0
Davinópolis,Davinópolis,2020-07-02,195,1,6,0
Davinópolis,Davinópolis,2020-07-03,196,1,6,0
Davinópolis,Davinópolis,2020-07-04,198,2,6,0
Davinópolis,Davinópolis,2020-07-05,198,0,6,0
Davinópolis,Davinópolis,2020-07-06,199,1,6,0
Davinópolis,Davinópolis,2020-07-07,199,0,6,0
Davinópolis,Davinópolis,2020-07-08,199,0,6,0
Davinópolis,Davinópolis,2020-07-09,199,0,6,0
Davinópolis,Davinópolis,2020-07-10,199,0,6,0
Davinópolis,Davinópolis,2020-07-11,200,1,6,0
Davinópolis,Davinópolis,2020-07-12,201,1,6,0
Davinópolis,Davinópolis,2020-07-13,201,0,7,1
Davinópolis,Davinópolis,2020-07-14,201,0,7,0
Davinópolis,Davinópolis,2020-07-15,200,-1,7,0
Davinópolis,Davinópolis,2020-07-16,201,1,7,0
Davinópolis,Davinópolis,2020-07-17,202,1,7,0
Davinópolis,Davinópolis,2020-07-18,202,0,7,0
Davinópolis,Davinópolis,2020-07-19,205,3,7,0
Davinópolis,Davinópolis,2020-07-20,206,1,7,0
Davinópolis,Davinópolis,2020-07-21,207,1,7,0
Davinópolis,Davinópolis,2020-07-22,209,2,7,0
Davinópolis,Davinópolis,2020-07-23,209,0,7,0
Davinópolis,Davinópolis,2020-07-24,209,0,7,0
Davinópolis,Davinópolis,2020-07-25,211,2,7,0
Davinópolis,Davinópolis,2020-07-26,218,7,7,0
Davinópolis,Davinópolis,2020-07-27,219,1,7,0
Davinópolis,Davinópolis,2020-07-28,219,0,7,0
Davinópolis,Davinópolis,2020-07-29,221,2,7,0
Davinópolis,Davinópolis,2020-07-30,221,0,7,0
Davinópolis,Davinópolis,2020-07-31,223,2,7,0
Davinópolis,Davinópolis,2020-08-01,223,0,7,0
Davinópolis,Davinópolis,2020-08-02,223,0,7,0
Davinópolis,Davinópolis,2020-08-03,224,1,7,0
Davinópolis,Davinópolis,2020-08-04,225,1,7,0
Davinópolis,Davinópolis,2020-08-05,226,1,7,0
Davinópolis,Davinópolis,2020-08-06,229,3,7,0
Davinópolis,Davinópolis,2020-08-07,234,5,7,0
Davinópolis,Davinópolis,2020-08-08,235,1,7,0
Davinópolis,Davinópolis,2020-08-09,236,1,7,0
Davinópolis,Davinópolis,2020-08-10,236,0,7,0
Davinópolis,Davinópolis,2020-08-11,239,3,7,0
Davinópolis,Davinópolis,2020-08-12,240,1,7,0
Davinópolis,Davinópolis,2020-08-13,248,8,7,0
Davinópolis,Davinópolis,2020-08-14,249,1,7,0
Davinópolis,Davinópolis,2020-08-15,250,1,7,0
Davinópolis,Davinópolis,2020-08-16,250,0,7,0
Davinópolis,Davinópolis,2020-08-17,250,0,7,0
Davinópolis,Davinópolis,2020-08-18,252,2,7,0
Davinópolis,Davinópolis,2020-08-19,254,2,7,0
Davinópolis,Davinópolis,2020-08-20,254,0,7,0
Davinópolis,Davinópolis,2020-08-21,257,3,7,0
Davinópolis,Davinópolis,2020-08-22,257,0,7,0
Davinópolis,Davinópolis,2020-08-23,257,0,7,0
Davinópolis,Davinópolis,2020-08-24,258,1,7,0
Davinópolis,Davinópolis,2020-08-25,258,0,7,0
Davinópolis,Davinópolis,2020-08-26,259,1,7,0
Davinópolis,Davinópolis,2020-08-27,259,0,7,0
Davinópolis,Davinópolis,2020-08-28,264,5,7,0
Davinópolis,Davinópolis,2020-08-29,264,0,7,0
Davinópolis,Davinópolis,2020-08-30,264,0,7,0
Davinópolis,Davinópolis,2020-08-31,264,0,7,0
Davinópolis,Davinópolis,2020-09-01,264,0,7,0
Davinópolis,Davinópolis,2020-09-02,264,0,7,0
Davinópolis,Davinópolis,2020-09-03,264,0,7,0
Davinópolis,Davinópolis,2020-09-04,270,6,7,0
Davinópolis,Davinópolis,2020-09-05,270,0,7,0
Davinópolis,Davinópolis,2020-09-06,270,0,7,0
Davinópolis,Davinópolis,2020-09-07,271,1,7,0
Davinópolis,Davinópolis,2020-09-08,271,0,7,0
Davinópolis,Davinópolis,2020-09-09,271,0,7,0
Davinópolis,Davinópolis,2020-09-10,271,0,7,0
Davinópolis,Davinópolis,2020-09-11,277,6,7,0
Davinópolis,Davinópolis,2020-09-12,277,0,7,0
Davinópolis,Davinópolis,2020-09-13,277,0,7,0
Davinópolis,Davinópolis,2020-09-14,277,0,7,0
Davinópolis,Davinópolis,2020-09-15,277,0,7,0
Davinópolis,Davinópolis,2020-09-16,278,1,7,0
Davinópolis,Davinópolis,2020-09-17,279,1,7,0
Davinópolis,Davinópolis,2020-09-18,280,1,7,0
Davinópolis,Davinópolis,2020-09-19,280,0,7,0
Davinópolis,Davinópolis,2020-09-20,281,1,7,0
Davinópolis,Davinópolis,2020-09-21,281,0,7,0
Davinópolis,Davinópolis,2020-09-22,281,0,7,0
Davinópolis,Davinópolis,2020-09-23,281,0,7,0
Davinópolis,Davinópolis,2020-09-24,281,0,7,0
Davinópolis,Davinópolis,2020-09-25,283,2,7,0
Davinópolis,Davinópolis,2020-09-26,283,0,9,2
Davinópolis,Davinópolis,2020-09-27,283,0,9,0
Davinópolis,Davinópolis,2020-09-28,283,0,9,0
Davinópolis,Davinópolis,2020-09-29,283,0,9,0
Davinópolis,Davinópolis,2020-09-30,284,1,9,0
Davinópolis,Davinópolis,2020-10-01,285,1,9,0
Davinópolis,Davinópolis,2020-10-02,285,0,9,0
Davinópolis,Davinópolis,2020-10-03,285,0,9,0
Davinópolis,Davinópolis,2020-10-04,285,0,9,0
Davinópolis,Davinópolis,2020-10-05,285,0,9,0
Davinópolis,Davinópolis,2020-10-06,285,0,9,0
Davinópolis,Davinópolis,2020-10-07,285,0,9,0
Davinópolis,Davinópolis,2020-10-08,287,2,9,0
Davinópolis,Davinópolis,2020-10-09,287,0,9,0
Davinópolis,Davinópolis,2020-10-10,287,0,9,0
Davinópolis,Davinópolis,2020-10-11,287,0,9,0
Davinópolis,Davinópolis,2020-10-12,287,0,9,0
Davinópolis,Davinópolis,2020-10-13,287,0,9,0
Davinópolis,Davinópolis,2020-10-14,288,1,9,0
Davinópolis,Davinópolis,2020-10-15,290,2,9,0
Davinópolis,Davinópolis,2020-10-16,290,0,9,0
Davinópolis,Davinópolis,2020-10-17,292,2,9,0
Davinópolis,Davinópolis,2020-10-18,292,0,9,0
Davinópolis,Davinópolis,2020-10-19,293,1,10,1
Davinópolis,Davinópolis,2020-10-20,295,2,11,1
Davinópolis,Davinópolis,2020-10-21,294,-1,11,0
Davinópolis,Davinópolis,2020-10-22,294,0,11,0
Davinópolis,Davinópolis,2020-10-23,297,3,11,0
Davinópolis,Davinópolis,2020-10-24,297,0,11,0
Davinópolis,Davinópolis,2020-10-25,297,0,11,0
Davinópolis,Davinópolis,2020-10-26,297,0,11,0
Davinópolis,Davinópolis,2020-10-27,297,0,11,0
Davinópolis,Davinópolis,2020-10-28,297,0,11,0
Davinópolis,Davinópolis,2020-10-29,297,0,11,0
Davinópolis,Davinópolis,2020-10-30,297,0,11,0
Davinópolis,Davinópolis,2020-10-31,297,0,11,0
Davinópolis,Davinópolis,2020-11-01,297,0,11,0
Davinópolis,Davinópolis,2020-11-02,297,0,11,0
Davinópolis,Davinópolis,2020-11-03,297,0,11,0
Davinópolis,Davinópolis,2020-11-04,297,0,11,0
Davinópolis,Davinópolis,2020-11-05,297,0,11,0
Davinópolis,Davinópolis,2020-11-06,300,3,11,0
Davinópolis,Davinópolis,2020-11-07,300,0,11,0
Davinópolis,Davinópolis,2020-11-08,300,0,11,0
Davinópolis,Davinópolis,2020-11-09,300,0,11,0
Davinópolis,Davinópolis,2020-11-10,300,0,11,0
Davinópolis,Davinópolis,2020-11-11,301,1,11,0
Davinópolis,Davinópolis,2020-11-12,301,0,11,0
Davinópolis,Davinópolis,2020-11-13,303,2,11,0
Davinópolis,Davinópolis,2020-11-14,303,0,11,0
Davinópolis,Davinópolis,2020-11-15,303,0,11,0
Davinópolis,Davinópolis,2020-11-16,303,0,11,0
Davinópolis,Davinópolis,2020-11-17,303,0,11,0
Davinópolis,Davinópolis,2020-11-18,303,0,11,0
Davinópolis,Davinópolis,2020-11-19,304,1,11,0
Davinópolis,Davinópolis,2020-11-20,304,0,11,0
Davinópolis,Davinópolis,2020-11-21,304,0,11,0
Davinópolis,Davinópolis,2020-11-22,304,0,11,0
Davinópolis,Davinópolis,2020-11-23,304,0,11,0
Davinópolis,Davinópolis,2020-11-24,304,0,11,0
Davinópolis,Davinópolis,2020-11-25,304,0,11,0
Davinópolis,Davinópolis,2020-11-26,304,0,11,0
Davinópolis,Davinópolis,2020-11-27,306,2,11,0
Davinópolis,Davinópolis,2020-11-28,307,1,11,0
Davinópolis,Davinópolis,2020-11-29,307,0,11,0
Davinópolis,Davinópolis,2020-11-30,307,0,12,1
Davinópolis,Davinópolis,2020-12-01,307,0,12,0
Davinópolis,Davinópolis,2020-12-02,307,0,12,0
Davinópolis,Davinópolis,2020-12-03,307,0,12,0
Davinópolis,Davinópolis,2020-12-04,307,0,12,0
Davinópolis,Davinópolis,2020-12-05,307,0,12,0
Davinópolis,Davinópolis,2020-12-06,307,0,12,0
Davinópolis,Davinópolis,2020-12-07,308,1,12,0
Davinópolis,Davinópolis,2020-12-08,308,0,12,0
Davinópolis,Davinópolis,2020-12-09,308,0,12,0
Davinópolis,Davinópolis,2020-12-10,308,0,12,0
Davinópolis,Davinópolis,2020-12-11,308,0,12,0
Davinópolis,Davinópolis,2020-12-12,308,0,12,0
Davinópolis,Davinópolis,2020-12-13,308,0,12,0
Davinópolis,Davinópolis,2020-12-14,308,0,12,0
Davinópolis,Davinópolis,2020-12-15,309,1,12,0
Davinópolis,Davinópolis,2020-12-16,311,2,12,0
Davinópolis,Davinópolis,2020-12-17,311,0,12,0
Davinópolis,Davinópolis,2020-12-18,311,0,12,0
Davinópolis,Davinópolis,2020-12-19,311,0,12,0
Davinópolis,Davinópolis,2020-12-20,311,0,12,0
Davinópolis,Davinópolis,2020-12-21,311,0,12,0
Davinópolis,Davinópolis,2020-12-22,312,1,12,0
Davinópolis,Davinópolis,2020-12-23,312,0,12,0
Davinópolis,Davinópolis,2020-12-24,313,1,12,0
Davinópolis,Davinópolis,2020-12-25,313,0,12,0
Davinópolis,Davinópolis,2020-12-26,313,0,12,0
Davinópolis,Davinópolis,2020-12-27,313,0,12,0
Davinópolis,Davinópolis,2020-12-28,313,0,12,0
Davinópolis,Davinópolis,2020-12-29,314,1,13,1
Davinópolis,Davinópolis,2020-12-30,314,0,13,0
Davinópolis,Davinópolis,2020-12-31,314,0,13,0
Davinópolis,Davinópolis,2021-01-01,314,0,13,0
Davinópolis,Davinópolis,2021-01-02,314,0,13,0
Davinópolis,Davinópolis,2021-01-03,314,0,13,0
Davinópolis,Davinópolis,2021-01-04,314,0,13,0
Davinópolis,Davinópolis,2021-01-05,315,1,13,0
Davinópolis,Davinópolis,2021-01-06,315,0,13,0
Davinópolis,Davinópolis,2021-01-07,316,1,13,0
Davinópolis,Davinópolis,2021-01-08,316,0,13,0
Davinópolis,Davinópolis,2021-01-09,316,0,13,0
Davinópolis,Davinópolis,2021-01-10,316,0,13,0
Davinópolis,Davinópolis,2021-01-11,316,0,13,0
Davinópolis,Davinópolis,2021-01-12,317,1,13,0
Davinópolis,Davinópolis,2021-01-13,317,0,13,0
Davinópolis,Davinópolis,2021-01-14,317,0,13,0
Davinópolis,Davinópolis,2021-01-15,317,0,13,0
Davinópolis,Davinópolis,2021-01-16,317,0,13,0
Davinópolis,Davinópolis,2021-01-17,317,0,13,0
Davinópolis,Davinópolis,2021-01-18,317,0,13,0
Davinópolis,Davinópolis,2021-01-19,317,0,13,0
Davinópolis,Davinópolis,2021-01-20,317,0,13,0
Davinópolis,Davinópolis,2021-01-21,317,0,13,0
Davinópolis,Davinópolis,2021-01-22,317,0,13,0
Davinópolis,Davinópolis,2021-01-23,317,0,13,0
Davinópolis,Davinópolis,2021-01-24,317,0,13,0
Davinópolis,Davinópolis,2021-01-25,317,0,13,0
Davinópolis,Davinópolis,2021-01-26,317,0,13,0
Davinópolis,Davinópolis,2021-01-27,317,0,13,0
Davinópolis,Davinópolis,2021-01-28,317,0,13,0
Davinópolis,Davinópolis,2021-01-29,321,4,13,0
Davinópolis,Davinópolis,2021-01-30,323,2,13,0
Davinópolis,Davinópolis,2021-01-31,323,0,13,0
Davinópolis,Davinópolis,2021-02-01,323,0,13,0
Davinópolis,Davinópolis,2021-02-02,323,0,13,0
Davinópolis,Davinópolis,2021-02-03,324,1,13,0
Davinópolis,Davinópolis,2021-02-04,324,0,13,0
Davinópolis,Davinópolis,2021-02-05,324,0,13,0
Davinópolis,Davinópolis,2021-02-06,324,0,13,0
Davinópolis,Davinópolis,2021-02-07,324,0,13,0
Davinópolis,Davinópolis,2021-02-08,324,0,13,0
