city,city,date,cases,daily cases,deaths,daily deaths
Dourados,Dourados,2020-03-27,0,0,0,0
Dourados,Dourados,2020-03-28,2,2,0,0
Dourados,Dourados,2020-03-29,2,0,0,0
Dourados,Dourados,2020-03-30,2,0,0,0
Dourados,Dourados,2020-03-31,2,0,0,0
Dourados,Dourados,2020-04-01,3,1,0,0
Dourados,Dourados,2020-04-02,4,1,0,0
Dourados,Dourados,2020-04-03,6,2,0,0
Dourados,Dourados,2020-04-04,6,0,0,0
Dourados,Dourados,2020-04-05,6,0,0,0
Dourados,Dourados,2020-04-06,6,0,0,0
Dourados,Dourados,2020-04-07,6,0,0,0
Dourados,Dourados,2020-04-08,6,0,0,0
Dourados,Dourados,2020-04-09,7,1,0,0
Dourados,Dourados,2020-04-10,7,0,0,0
Dourados,Dourados,2020-04-11,7,0,0,0
Dourados,Dourados,2020-04-12,7,0,0,0
Dourados,Dourados,2020-04-13,7,0,0,0
Dourados,Dourados,2020-04-14,9,2,0,0
Dourados,Dourados,2020-04-15,9,0,0,0
Dourados,Dourados,2020-04-16,10,1,0,0
Dourados,Dourados,2020-04-17,11,1,0,0
Dourados,Dourados,2020-04-18,11,0,0,0
Dourados,Dourados,2020-04-19,11,0,0,0
Dourados,Dourados,2020-04-20,11,0,0,0
Dourados,Dourados,2020-04-21,11,0,0,0
Dourados,Dourados,2020-04-22,11,0,0,0
Dourados,Dourados,2020-04-23,11,0,0,0
Dourados,Dourados,2020-04-24,11,0,0,0
Dourados,Dourados,2020-04-25,11,0,0,0
Dourados,Dourados,2020-04-26,11,0,0,0
Dourados,Dourados,2020-04-27,12,1,1,1
Dourados,Dourados,2020-04-28,12,0,1,0
Dourados,Dourados,2020-04-29,12,0,1,0
Dourados,Dourados,2020-04-30,13,1,1,0
Dourados,Dourados,2020-05-01,13,0,1,0
Dourados,Dourados,2020-05-02,13,0,1,0
Dourados,Dourados,2020-05-03,13,0,1,0
Dourados,Dourados,2020-05-04,13,0,1,0
Dourados,Dourados,2020-05-05,15,2,1,0
Dourados,Dourados,2020-05-06,16,1,1,0
Dourados,Dourados,2020-05-07,16,0,1,0
Dourados,Dourados,2020-05-08,17,1,1,0
Dourados,Dourados,2020-05-09,17,0,1,0
Dourados,Dourados,2020-05-10,17,0,1,0
Dourados,Dourados,2020-05-11,19,2,1,0
Dourados,Dourados,2020-05-12,19,0,1,0
Dourados,Dourados,2020-05-13,21,2,1,0
Dourados,Dourados,2020-05-14,24,3,1,0
Dourados,Dourados,2020-05-15,28,4,1,0
Dourados,Dourados,2020-05-16,41,13,1,0
Dourados,Dourados,2020-05-17,42,1,1,0
Dourados,Dourados,2020-05-18,64,22,1,0
Dourados,Dourados,2020-05-19,67,3,1,0
Dourados,Dourados,2020-05-20,72,5,1,0
Dourados,Dourados,2020-05-21,84,12,1,0
Dourados,Dourados,2020-05-22,93,9,1,0
Dourados,Dourados,2020-05-23,102,9,1,0
Dourados,Dourados,2020-05-24,127,25,1,0
Dourados,Dourados,2020-05-25,152,25,1,0
Dourados,Dourados,2020-05-26,180,28,1,0
Dourados,Dourados,2020-05-27,197,17,1,0
Dourados,Dourados,2020-05-28,220,23,1,0
Dourados,Dourados,2020-05-29,236,16,1,0
Dourados,Dourados,2020-05-30,260,24,2,1
Dourados,Dourados,2020-05-31,279,19,2,0
Dourados,Dourados,2020-06-01,306,27,2,0
Dourados,Dourados,2020-06-02,339,33,2,0
Dourados,Dourados,2020-06-03,378,39,2,0
Dourados,Dourados,2020-06-04,419,41,2,0
Dourados,Dourados,2020-06-05,446,27,2,0
Dourados,Dourados,2020-06-06,493,47,2,0
Dourados,Dourados,2020-06-07,571,78,2,0
Dourados,Dourados,2020-06-08,613,42,2,0
Dourados,Dourados,2020-06-09,674,61,2,0
Dourados,Dourados,2020-06-10,756,82,2,0
Dourados,Dourados,2020-06-11,849,93,2,0
Dourados,Dourados,2020-06-12,899,50,2,0
Dourados,Dourados,2020-06-13,1034,135,2,0
Dourados,Dourados,2020-06-14,1138,104,4,2
Dourados,Dourados,2020-06-15,1197,59,5,1
Dourados,Dourados,2020-06-16,1292,95,5,0
Dourados,Dourados,2020-06-17,1421,129,5,0
Dourados,Dourados,2020-06-18,1472,51,7,2
Dourados,Dourados,2020-06-19,1630,158,8,1
Dourados,Dourados,2020-06-20,1721,91,10,2
Dourados,Dourados,2020-06-21,1807,86,10,0
Dourados,Dourados,2020-06-22,1829,22,11,1
Dourados,Dourados,2020-06-23,1964,135,13,2
Dourados,Dourados,2020-06-24,2150,186,13,0
Dourados,Dourados,2020-06-25,2247,97,16,3
Dourados,Dourados,2020-06-26,2335,88,19,3
Dourados,Dourados,2020-06-27,2397,62,20,1
Dourados,Dourados,2020-06-28,2454,57,21,1
Dourados,Dourados,2020-06-29,2487,33,22,1
Dourados,Dourados,2020-06-30,2536,49,22,0
Dourados,Dourados,2020-07-01,2670,134,24,2
Dourados,Dourados,2020-07-02,2811,141,26,2
Dourados,Dourados,2020-07-03,2869,58,29,3
Dourados,Dourados,2020-07-04,2948,79,32,3
Dourados,Dourados,2020-07-05,2995,47,32,0
Dourados,Dourados,2020-07-06,3020,25,34,2
Dourados,Dourados,2020-07-07,3095,75,36,2
Dourados,Dourados,2020-07-08,3135,40,38,2
Dourados,Dourados,2020-07-09,3220,85,38,0
Dourados,Dourados,2020-07-10,3280,60,42,4
Dourados,Dourados,2020-07-11,3379,99,43,1
Dourados,Dourados,2020-07-12,3399,20,43,0
Dourados,Dourados,2020-07-13,3446,47,46,3
Dourados,Dourados,2020-07-14,3481,35,46,0
Dourados,Dourados,2020-07-15,3529,48,46,0
Dourados,Dourados,2020-07-16,3649,120,46,0
Dourados,Dourados,2020-07-17,3719,70,46,0
Dourados,Dourados,2020-07-18,3716,-3,48,2
Dourados,Dourados,2020-07-19,3727,11,49,1
Dourados,Dourados,2020-07-20,3729,2,49,0
Dourados,Dourados,2020-07-21,3834,105,51,2
Dourados,Dourados,2020-07-22,3915,81,51,0
Dourados,Dourados,2020-07-23,3984,69,51,0
Dourados,Dourados,2020-07-24,4017,33,51,0
Dourados,Dourados,2020-07-25,4115,98,51,0
Dourados,Dourados,2020-07-26,4131,16,51,0
Dourados,Dourados,2020-07-27,4158,27,52,1
Dourados,Dourados,2020-07-28,4179,21,53,1
Dourados,Dourados,2020-07-29,4235,56,53,0
Dourados,Dourados,2020-07-30,4277,42,54,1
Dourados,Dourados,2020-07-31,4291,14,55,1
Dourados,Dourados,2020-08-01,4325,34,55,0
Dourados,Dourados,2020-08-02,4357,32,56,1
Dourados,Dourados,2020-08-03,4379,22,57,1
Dourados,Dourados,2020-08-04,4402,23,57,0
Dourados,Dourados,2020-08-05,4432,30,58,1
Dourados,Dourados,2020-08-06,4487,55,59,1
Dourados,Dourados,2020-08-07,4528,41,61,2
Dourados,Dourados,2020-08-08,4566,38,61,0
Dourados,Dourados,2020-08-09,4578,12,63,2
Dourados,Dourados,2020-08-10,4618,40,63,0
Dourados,Dourados,2020-08-11,4635,17,63,0
Dourados,Dourados,2020-08-12,4666,31,64,1
Dourados,Dourados,2020-08-13,4704,38,64,0
Dourados,Dourados,2020-08-14,4714,10,65,1
Dourados,Dourados,2020-08-15,4789,75,65,0
Dourados,Dourados,2020-08-16,4806,17,66,1
Dourados,Dourados,2020-08-17,4835,29,66,0
Dourados,Dourados,2020-08-18,4863,28,66,0
Dourados,Dourados,2020-08-19,4924,61,66,0
Dourados,Dourados,2020-08-20,4975,51,67,1
Dourados,Dourados,2020-08-21,5009,34,67,0
Dourados,Dourados,2020-08-22,5102,93,69,2
Dourados,Dourados,2020-08-23,5131,29,70,1
Dourados,Dourados,2020-08-24,5165,34,70,0
Dourados,Dourados,2020-08-25,5201,36,71,1
Dourados,Dourados,2020-08-26,5286,85,72,1
Dourados,Dourados,2020-08-27,5351,65,72,0
Dourados,Dourados,2020-08-28,5382,31,73,1
Dourados,Dourados,2020-08-29,5448,66,73,0
Dourados,Dourados,2020-08-30,5504,56,73,0
Dourados,Dourados,2020-08-31,5532,28,73,0
Dourados,Dourados,2020-09-01,5584,52,74,1
Dourados,Dourados,2020-09-02,5644,60,76,2
Dourados,Dourados,2020-09-03,5762,118,76,0
Dourados,Dourados,2020-09-04,5896,134,81,5
Dourados,Dourados,2020-09-05,5982,86,81,0
Dourados,Dourados,2020-09-06,6008,26,82,1
Dourados,Dourados,2020-09-07,6058,50,82,0
Dourados,Dourados,2020-09-08,6077,19,83,1
Dourados,Dourados,2020-09-09,6157,80,84,1
Dourados,Dourados,2020-09-10,6228,71,84,0
Dourados,Dourados,2020-09-11,6283,55,85,1
Dourados,Dourados,2020-09-12,6317,34,86,1
Dourados,Dourados,2020-09-13,6368,51,88,2
Dourados,Dourados,2020-09-14,6403,35,90,2
Dourados,Dourados,2020-09-15,6461,58,90,0
Dourados,Dourados,2020-09-16,6532,71,90,0
Dourados,Dourados,2020-09-17,6611,79,90,0
Dourados,Dourados,2020-09-18,6662,51,90,0
Dourados,Dourados,2020-09-19,6694,32,92,2
Dourados,Dourados,2020-09-20,6743,49,92,0
Dourados,Dourados,2020-09-21,6788,45,92,0
Dourados,Dourados,2020-09-22,6882,94,92,0
Dourados,Dourados,2020-09-23,6940,58,92,0
Dourados,Dourados,2020-09-24,7016,76,92,0
Dourados,Dourados,2020-09-25,7054,38,92,0
Dourados,Dourados,2020-09-26,7126,72,93,1
Dourados,Dourados,2020-09-27,7142,16,93,0
Dourados,Dourados,2020-09-28,7159,17,94,1
Dourados,Dourados,2020-09-29,7208,49,95,1
Dourados,Dourados,2020-09-30,7292,84,96,1
Dourados,Dourados,2020-10-01,7363,71,96,0
Dourados,Dourados,2020-10-02,7402,39,96,0
Dourados,Dourados,2020-10-03,7496,94,96,0
Dourados,Dourados,2020-10-04,7504,8,97,1
Dourados,Dourados,2020-10-05,7531,27,97,0
Dourados,Dourados,2020-10-06,7595,64,98,1
Dourados,Dourados,2020-10-07,7638,43,99,1
Dourados,Dourados,2020-10-08,7686,48,99,0
Dourados,Dourados,2020-10-09,7740,54,99,0
Dourados,Dourados,2020-10-10,7780,40,100,1
Dourados,Dourados,2020-10-11,7782,2,101,1
Dourados,Dourados,2020-10-12,7785,3,101,0
Dourados,Dourados,2020-10-13,7797,12,102,1
Dourados,Dourados,2020-10-14,7825,28,102,0
Dourados,Dourados,2020-10-15,7851,26,102,0
Dourados,Dourados,2020-10-16,7908,57,103,1
Dourados,Dourados,2020-10-17,7971,63,103,0
Dourados,Dourados,2020-10-18,7977,6,103,0
Dourados,Dourados,2020-10-19,7993,16,103,0
Dourados,Dourados,2020-10-20,8057,64,104,1
Dourados,Dourados,2020-10-21,8086,29,106,2
Dourados,Dourados,2020-10-22,8110,24,106,0
Dourados,Dourados,2020-10-23,8134,24,106,0
Dourados,Dourados,2020-10-24,8175,41,107,1
Dourados,Dourados,2020-10-25,8186,11,107,0
Dourados,Dourados,2020-10-26,8204,18,107,0
Dourados,Dourados,2020-10-27,8283,79,107,0
Dourados,Dourados,2020-10-28,8368,85,107,0
Dourados,Dourados,2020-10-29,8427,59,107,0
Dourados,Dourados,2020-10-30,8496,69,107,0
Dourados,Dourados,2020-10-31,8537,41,107,0
Dourados,Dourados,2020-11-01,8549,12,109,2
Dourados,Dourados,2020-11-02,8554,5,110,1
Dourados,Dourados,2020-11-03,8559,5,110,0
Dourados,Dourados,2020-11-04,8595,36,111,1
Dourados,Dourados,2020-11-05,8609,14,111,0
Dourados,Dourados,2020-11-06,8717,108,111,0
Dourados,Dourados,2020-11-07,8787,70,111,0
Dourados,Dourados,2020-11-08,8794,7,111,0
Dourados,Dourados,2020-11-09,8809,15,111,0
Dourados,Dourados,2020-11-10,8875,66,111,0
Dourados,Dourados,2020-11-11,8958,83,115,4
Dourados,Dourados,2020-11-12,9012,54,115,0
Dourados,Dourados,2020-11-13,9099,87,115,0
Dourados,Dourados,2020-11-14,9168,69,115,0
Dourados,Dourados,2020-11-15,9189,21,116,1
Dourados,Dourados,2020-11-16,9200,11,116,0
Dourados,Dourados,2020-11-17,9300,100,116,0
Dourados,Dourados,2020-11-18,9321,21,116,0
Dourados,Dourados,2020-11-19,9347,26,116,0
Dourados,Dourados,2020-11-20,9404,57,117,1
Dourados,Dourados,2020-11-21,9464,60,117,0
Dourados,Dourados,2020-11-22,9509,45,117,0
Dourados,Dourados,2020-11-23,9537,28,118,1
Dourados,Dourados,2020-11-24,9576,39,118,0
Dourados,Dourados,2020-11-25,9649,73,118,0
Dourados,Dourados,2020-11-26,9686,37,118,0
Dourados,Dourados,2020-11-27,9712,26,118,0
Dourados,Dourados,2020-11-28,9830,118,118,0
Dourados,Dourados,2020-11-29,9913,83,118,0
Dourados,Dourados,2020-11-30,9953,40,119,1
Dourados,Dourados,2020-12-01,10073,120,120,1
Dourados,Dourados,2020-12-02,10140,67,120,0
Dourados,Dourados,2020-12-03,10238,98,121,1
Dourados,Dourados,2020-12-04,10312,74,124,3
Dourados,Dourados,2020-12-05,10435,123,125,1
Dourados,Dourados,2020-12-06,10499,64,125,0
Dourados,Dourados,2020-12-07,10502,3,127,2
Dourados,Dourados,2020-12-08,10671,169,127,0
Dourados,Dourados,2020-12-09,10837,166,129,2
Dourados,Dourados,2020-12-10,10929,92,130,1
Dourados,Dourados,2020-12-11,11090,161,130,0
Dourados,Dourados,2020-12-12,11283,193,132,2
Dourados,Dourados,2020-12-13,11294,11,133,1
Dourados,Dourados,2020-12-14,11383,89,133,0
Dourados,Dourados,2020-12-15,11453,70,134,1
Dourados,Dourados,2020-12-16,11724,271,134,0
Dourados,Dourados,2020-12-17,11877,153,134,0
Dourados,Dourados,2020-12-18,11969,92,134,0
Dourados,Dourados,2020-12-19,12070,101,135,1
Dourados,Dourados,2020-12-20,12234,164,138,3
Dourados,Dourados,2020-12-21,12308,74,142,4
Dourados,Dourados,2020-12-22,12535,227,144,2
Dourados,Dourados,2020-12-23,12763,228,146,2
Dourados,Dourados,2020-12-24,12861,98,146,0
Dourados,Dourados,2020-12-25,13073,212,147,1
Dourados,Dourados,2020-12-26,13098,25,148,1
Dourados,Dourados,2020-12-27,13179,81,152,4
Dourados,Dourados,2020-12-28,13183,4,152,0
Dourados,Dourados,2020-12-29,13444,261,153,1
Dourados,Dourados,2020-12-30,13727,283,155,2
Dourados,Dourados,2020-12-31,13859,132,156,1
Dourados,Dourados,2021-01-01,14106,247,157,1
Dourados,Dourados,2021-01-02,14114,8,158,1
Dourados,Dourados,2021-01-03,14193,79,159,1
Dourados,Dourados,2021-01-04,14252,59,162,3
Dourados,Dourados,2021-01-05,14422,170,165,3
Dourados,Dourados,2021-01-06,14721,299,166,1
Dourados,Dourados,2021-01-07,14939,218,170,4
Dourados,Dourados,2021-01-08,15129,190,175,5
Dourados,Dourados,2021-01-09,15336,207,177,2
Dourados,Dourados,2021-01-10,15490,154,180,3
Dourados,Dourados,2021-01-11,15596,106,181,1
Dourados,Dourados,2021-01-12,15723,127,183,2
Dourados,Dourados,2021-01-13,15925,202,186,3
Dourados,Dourados,2021-01-14,16166,241,187,1
Dourados,Dourados,2021-01-15,16300,134,193,6
Dourados,Dourados,2021-01-16,16483,183,195,2
Dourados,Dourados,2021-01-17,16631,148,196,1
Dourados,Dourados,2021-01-18,16773,142,197,1
Dourados,Dourados,2021-01-19,16941,168,200,3
Dourados,Dourados,2021-01-20,17101,160,202,2
Dourados,Dourados,2021-01-21,17255,154,206,4
Dourados,Dourados,2021-01-22,17395,140,208,2
Dourados,Dourados,2021-01-23,17519,124,210,2
Dourados,Dourados,2021-01-24,17646,127,212,2
Dourados,Dourados,2021-01-25,17706,60,213,1
Dourados,Dourados,2021-01-26,17811,105,213,0
Dourados,Dourados,2021-01-27,17889,78,215,2
Dourados,Dourados,2021-01-28,17982,93,215,0
Dourados,Dourados,2021-01-29,18050,68,217,2
Dourados,Dourados,2021-01-30,18110,60,221,4
Dourados,Dourados,2021-01-31,18191,81,221,0
Dourados,Dourados,2021-02-01,18245,54,221,0
Dourados,Dourados,2021-02-02,18348,103,222,1
Dourados,Dourados,2021-02-03,18446,98,223,1
Dourados,Dourados,2021-02-04,18496,50,226,3
Dourados,Dourados,2021-02-05,18593,97,229,3
Dourados,Dourados,2021-02-06,18685,92,230,1
Dourados,Dourados,2021-02-07,18722,37,230,0
Dourados,Dourados,2021-02-08,18788,66,230,0
