city,city,date,cases,daily cases,deaths,daily deaths
Elesbão Veloso,Elesbão Veloso,2020-03-27,0,0,0,0
Elesbão Veloso,Elesbão Veloso,2020-03-28,0,0,0,0
Elesbão Veloso,Elesbão Veloso,2020-03-29,0,0,0,0
Elesbão Veloso,Elesbão Veloso,2020-03-30,0,0,0,0
Elesbão Veloso,Elesbão Veloso,2020-03-31,0,0,0,0
Elesbão Veloso,Elesbão Veloso,2020-04-01,0,0,0,0
Elesbão Veloso,Elesbão Veloso,2020-04-02,0,0,0,0
Elesbão Veloso,Elesbão Veloso,2020-04-03,0,0,0,0
Elesbão Veloso,Elesbão Veloso,2020-04-04,0,0,0,0
Elesbão Veloso,Elesbão Veloso,2020-04-05,0,0,0,0
Elesbão Veloso,Elesbão Veloso,2020-04-06,0,0,0,0
Elesbão Veloso,Elesbão Veloso,2020-04-07,0,0,0,0
Elesbão Veloso,Elesbão Veloso,2020-04-08,0,0,0,0
Elesbão Veloso,Elesbão Veloso,2020-04-09,0,0,0,0
Elesbão Veloso,Elesbão Veloso,2020-04-10,0,0,0,0
Elesbão Veloso,Elesbão Veloso,2020-04-11,0,0,0,0
Elesbão Veloso,Elesbão Veloso,2020-04-12,0,0,0,0
Elesbão Veloso,Elesbão Veloso,2020-04-13,0,0,0,0
Elesbão Veloso,Elesbão Veloso,2020-04-14,0,0,0,0
Elesbão Veloso,Elesbão Veloso,2020-04-15,0,0,0,0
Elesbão Veloso,Elesbão Veloso,2020-04-16,0,0,0,0
Elesbão Veloso,Elesbão Veloso,2020-04-17,0,0,0,0
Elesbão Veloso,Elesbão Veloso,2020-04-18,0,0,0,0
Elesbão Veloso,Elesbão Veloso,2020-04-19,0,0,0,0
Elesbão Veloso,Elesbão Veloso,2020-04-20,0,0,0,0
Elesbão Veloso,Elesbão Veloso,2020-04-21,0,0,0,0
Elesbão Veloso,Elesbão Veloso,2020-04-22,0,0,0,0
Elesbão Veloso,Elesbão Veloso,2020-04-23,0,0,0,0
Elesbão Veloso,Elesbão Veloso,2020-04-24,0,0,0,0
Elesbão Veloso,Elesbão Veloso,2020-04-25,0,0,0,0
Elesbão Veloso,Elesbão Veloso,2020-04-26,0,0,0,0
Elesbão Veloso,Elesbão Veloso,2020-04-27,1,1,0,0
Elesbão Veloso,Elesbão Veloso,2020-04-28,1,0,0,0
Elesbão Veloso,Elesbão Veloso,2020-04-29,1,0,0,0
Elesbão Veloso,Elesbão Veloso,2020-04-30,1,0,0,0
Elesbão Veloso,Elesbão Veloso,2020-05-01,1,0,0,0
Elesbão Veloso,Elesbão Veloso,2020-05-02,1,0,0,0
Elesbão Veloso,Elesbão Veloso,2020-05-03,1,0,0,0
Elesbão Veloso,Elesbão Veloso,2020-05-04,1,0,0,0
Elesbão Veloso,Elesbão Veloso,2020-05-05,2,1,0,0
Elesbão Veloso,Elesbão Veloso,2020-05-06,3,1,0,0
Elesbão Veloso,Elesbão Veloso,2020-05-07,3,0,0,0
Elesbão Veloso,Elesbão Veloso,2020-05-08,3,0,0,0
Elesbão Veloso,Elesbão Veloso,2020-05-09,3,0,0,0
Elesbão Veloso,Elesbão Veloso,2020-05-10,4,1,0,0
Elesbão Veloso,Elesbão Veloso,2020-05-11,4,0,0,0
Elesbão Veloso,Elesbão Veloso,2020-05-12,4,0,0,0
Elesbão Veloso,Elesbão Veloso,2020-05-13,4,0,1,1
Elesbão Veloso,Elesbão Veloso,2020-05-14,4,0,1,0
Elesbão Veloso,Elesbão Veloso,2020-05-15,4,0,1,0
Elesbão Veloso,Elesbão Veloso,2020-05-16,8,4,1,0
Elesbão Veloso,Elesbão Veloso,2020-05-17,12,4,1,0
Elesbão Veloso,Elesbão Veloso,2020-05-18,12,0,1,0
Elesbão Veloso,Elesbão Veloso,2020-05-19,11,-1,1,0
Elesbão Veloso,Elesbão Veloso,2020-05-20,14,3,1,0
Elesbão Veloso,Elesbão Veloso,2020-05-21,15,1,1,0
Elesbão Veloso,Elesbão Veloso,2020-05-22,15,0,1,0
Elesbão Veloso,Elesbão Veloso,2020-05-23,16,1,1,0
Elesbão Veloso,Elesbão Veloso,2020-05-24,17,1,1,0
Elesbão Veloso,Elesbão Veloso,2020-05-25,17,0,1,0
Elesbão Veloso,Elesbão Veloso,2020-05-26,18,1,1,0
Elesbão Veloso,Elesbão Veloso,2020-05-27,18,0,1,0
Elesbão Veloso,Elesbão Veloso,2020-05-28,23,5,1,0
Elesbão Veloso,Elesbão Veloso,2020-05-29,23,0,1,0
Elesbão Veloso,Elesbão Veloso,2020-05-30,22,-1,1,0
Elesbão Veloso,Elesbão Veloso,2020-05-31,27,5,1,0
Elesbão Veloso,Elesbão Veloso,2020-06-01,27,0,1,0
Elesbão Veloso,Elesbão Veloso,2020-06-02,28,1,1,0
Elesbão Veloso,Elesbão Veloso,2020-06-03,28,0,1,0
Elesbão Veloso,Elesbão Veloso,2020-06-04,28,0,1,0
Elesbão Veloso,Elesbão Veloso,2020-06-05,30,2,1,0
Elesbão Veloso,Elesbão Veloso,2020-06-06,30,0,1,0
Elesbão Veloso,Elesbão Veloso,2020-06-07,30,0,2,1
Elesbão Veloso,Elesbão Veloso,2020-06-08,30,0,2,0
Elesbão Veloso,Elesbão Veloso,2020-06-09,30,0,2,0
Elesbão Veloso,Elesbão Veloso,2020-06-10,30,0,2,0
Elesbão Veloso,Elesbão Veloso,2020-06-11,30,0,2,0
Elesbão Veloso,Elesbão Veloso,2020-06-12,31,1,2,0
Elesbão Veloso,Elesbão Veloso,2020-06-13,31,0,2,0
Elesbão Veloso,Elesbão Veloso,2020-06-14,31,0,2,0
Elesbão Veloso,Elesbão Veloso,2020-06-15,31,0,2,0
Elesbão Veloso,Elesbão Veloso,2020-06-16,32,1,2,0
Elesbão Veloso,Elesbão Veloso,2020-06-17,31,-1,2,0
Elesbão Veloso,Elesbão Veloso,2020-06-18,33,2,2,0
Elesbão Veloso,Elesbão Veloso,2020-06-19,33,0,2,0
Elesbão Veloso,Elesbão Veloso,2020-06-20,33,0,2,0
Elesbão Veloso,Elesbão Veloso,2020-06-21,36,3,2,0
Elesbão Veloso,Elesbão Veloso,2020-06-22,36,0,2,0
Elesbão Veloso,Elesbão Veloso,2020-06-23,40,4,2,0
Elesbão Veloso,Elesbão Veloso,2020-06-24,52,12,3,1
Elesbão Veloso,Elesbão Veloso,2020-06-25,52,0,3,0
Elesbão Veloso,Elesbão Veloso,2020-06-26,54,2,3,0
Elesbão Veloso,Elesbão Veloso,2020-06-27,55,1,3,0
Elesbão Veloso,Elesbão Veloso,2020-06-28,55,0,3,0
Elesbão Veloso,Elesbão Veloso,2020-06-29,55,0,3,0
Elesbão Veloso,Elesbão Veloso,2020-06-30,55,0,3,0
Elesbão Veloso,Elesbão Veloso,2020-07-01,61,6,3,0
Elesbão Veloso,Elesbão Veloso,2020-07-02,62,1,3,0
Elesbão Veloso,Elesbão Veloso,2020-07-03,62,0,3,0
Elesbão Veloso,Elesbão Veloso,2020-07-04,65,3,3,0
Elesbão Veloso,Elesbão Veloso,2020-07-05,65,0,3,0
Elesbão Veloso,Elesbão Veloso,2020-07-06,65,0,3,0
Elesbão Veloso,Elesbão Veloso,2020-07-07,67,2,3,0
Elesbão Veloso,Elesbão Veloso,2020-07-08,67,0,3,0
Elesbão Veloso,Elesbão Veloso,2020-07-09,67,0,3,0
Elesbão Veloso,Elesbão Veloso,2020-07-10,71,4,3,0
Elesbão Veloso,Elesbão Veloso,2020-07-11,71,0,3,0
Elesbão Veloso,Elesbão Veloso,2020-07-12,71,0,3,0
Elesbão Veloso,Elesbão Veloso,2020-07-13,71,0,3,0
Elesbão Veloso,Elesbão Veloso,2020-07-14,75,4,3,0
Elesbão Veloso,Elesbão Veloso,2020-07-15,75,0,4,1
Elesbão Veloso,Elesbão Veloso,2020-07-16,77,2,4,0
Elesbão Veloso,Elesbão Veloso,2020-07-17,77,0,4,0
Elesbão Veloso,Elesbão Veloso,2020-07-18,90,13,4,0
Elesbão Veloso,Elesbão Veloso,2020-07-19,90,0,4,0
Elesbão Veloso,Elesbão Veloso,2020-07-20,90,0,4,0
Elesbão Veloso,Elesbão Veloso,2020-07-21,90,0,4,0
Elesbão Veloso,Elesbão Veloso,2020-07-22,90,0,4,0
Elesbão Veloso,Elesbão Veloso,2020-07-23,91,1,4,0
Elesbão Veloso,Elesbão Veloso,2020-07-24,93,2,4,0
Elesbão Veloso,Elesbão Veloso,2020-07-25,119,26,4,0
Elesbão Veloso,Elesbão Veloso,2020-07-26,123,4,4,0
Elesbão Veloso,Elesbão Veloso,2020-07-27,123,0,4,0
Elesbão Veloso,Elesbão Veloso,2020-07-28,134,11,4,0
Elesbão Veloso,Elesbão Veloso,2020-07-29,137,3,4,0
Elesbão Veloso,Elesbão Veloso,2020-07-30,150,13,4,0
Elesbão Veloso,Elesbão Veloso,2020-07-31,157,7,5,1
Elesbão Veloso,Elesbão Veloso,2020-08-01,164,7,5,0
Elesbão Veloso,Elesbão Veloso,2020-08-02,164,0,5,0
Elesbão Veloso,Elesbão Veloso,2020-08-03,164,0,5,0
Elesbão Veloso,Elesbão Veloso,2020-08-04,167,3,5,0
Elesbão Veloso,Elesbão Veloso,2020-08-05,176,9,5,0
Elesbão Veloso,Elesbão Veloso,2020-08-06,183,7,5,0
Elesbão Veloso,Elesbão Veloso,2020-08-07,197,14,5,0
Elesbão Veloso,Elesbão Veloso,2020-08-08,199,2,5,0
Elesbão Veloso,Elesbão Veloso,2020-08-09,199,0,5,0
Elesbão Veloso,Elesbão Veloso,2020-08-10,199,0,5,0
Elesbão Veloso,Elesbão Veloso,2020-08-11,208,9,5,0
Elesbão Veloso,Elesbão Veloso,2020-08-12,212,4,6,1
Elesbão Veloso,Elesbão Veloso,2020-08-13,217,5,6,0
Elesbão Veloso,Elesbão Veloso,2020-08-14,218,1,6,0
Elesbão Veloso,Elesbão Veloso,2020-08-15,221,3,6,0
Elesbão Veloso,Elesbão Veloso,2020-08-16,223,2,6,0
Elesbão Veloso,Elesbão Veloso,2020-08-17,225,2,6,0
Elesbão Veloso,Elesbão Veloso,2020-08-18,233,8,6,0
Elesbão Veloso,Elesbão Veloso,2020-08-19,237,4,7,1
Elesbão Veloso,Elesbão Veloso,2020-08-20,237,0,7,0
Elesbão Veloso,Elesbão Veloso,2020-08-21,237,0,7,0
Elesbão Veloso,Elesbão Veloso,2020-08-22,239,2,7,0
Elesbão Veloso,Elesbão Veloso,2020-08-23,240,1,7,0
Elesbão Veloso,Elesbão Veloso,2020-08-24,240,0,7,0
Elesbão Veloso,Elesbão Veloso,2020-08-25,244,4,7,0
Elesbão Veloso,Elesbão Veloso,2020-08-26,254,10,7,0
Elesbão Veloso,Elesbão Veloso,2020-08-27,256,2,7,0
Elesbão Veloso,Elesbão Veloso,2020-08-28,256,0,7,0
Elesbão Veloso,Elesbão Veloso,2020-08-29,259,3,7,0
Elesbão Veloso,Elesbão Veloso,2020-08-30,259,0,7,0
Elesbão Veloso,Elesbão Veloso,2020-08-31,259,0,7,0
Elesbão Veloso,Elesbão Veloso,2020-09-01,268,9,7,0
Elesbão Veloso,Elesbão Veloso,2020-09-02,279,11,7,0
Elesbão Veloso,Elesbão Veloso,2020-09-03,279,0,7,0
Elesbão Veloso,Elesbão Veloso,2020-09-04,279,0,7,0
Elesbão Veloso,Elesbão Veloso,2020-09-05,283,4,8,1
Elesbão Veloso,Elesbão Veloso,2020-09-06,285,2,8,0
Elesbão Veloso,Elesbão Veloso,2020-09-07,286,1,8,0
Elesbão Veloso,Elesbão Veloso,2020-09-08,289,3,8,0
Elesbão Veloso,Elesbão Veloso,2020-09-09,289,0,8,0
Elesbão Veloso,Elesbão Veloso,2020-09-10,290,1,8,0
Elesbão Veloso,Elesbão Veloso,2020-09-11,292,2,8,0
Elesbão Veloso,Elesbão Veloso,2020-09-12,293,1,8,0
Elesbão Veloso,Elesbão Veloso,2020-09-13,293,0,8,0
Elesbão Veloso,Elesbão Veloso,2020-09-14,294,1,8,0
Elesbão Veloso,Elesbão Veloso,2020-09-15,294,0,8,0
Elesbão Veloso,Elesbão Veloso,2020-09-16,294,0,8,0
Elesbão Veloso,Elesbão Veloso,2020-09-17,294,0,8,0
Elesbão Veloso,Elesbão Veloso,2020-09-18,296,2,8,0
Elesbão Veloso,Elesbão Veloso,2020-09-19,298,2,8,0
Elesbão Veloso,Elesbão Veloso,2020-09-20,298,0,8,0
Elesbão Veloso,Elesbão Veloso,2020-09-21,299,1,8,0
Elesbão Veloso,Elesbão Veloso,2020-09-22,300,1,8,0
Elesbão Veloso,Elesbão Veloso,2020-09-23,300,0,8,0
Elesbão Veloso,Elesbão Veloso,2020-09-24,300,0,8,0
Elesbão Veloso,Elesbão Veloso,2020-09-25,300,0,8,0
Elesbão Veloso,Elesbão Veloso,2020-09-26,303,3,8,0
Elesbão Veloso,Elesbão Veloso,2020-09-27,305,2,8,0
Elesbão Veloso,Elesbão Veloso,2020-09-28,313,8,8,0
Elesbão Veloso,Elesbão Veloso,2020-09-29,316,3,8,0
Elesbão Veloso,Elesbão Veloso,2020-09-30,321,5,8,0
Elesbão Veloso,Elesbão Veloso,2020-10-01,323,2,8,0
Elesbão Veloso,Elesbão Veloso,2020-10-02,323,0,8,0
Elesbão Veloso,Elesbão Veloso,2020-10-03,325,2,8,0
Elesbão Veloso,Elesbão Veloso,2020-10-04,326,1,8,0
Elesbão Veloso,Elesbão Veloso,2020-10-05,327,1,8,0
Elesbão Veloso,Elesbão Veloso,2020-10-06,330,3,8,0
Elesbão Veloso,Elesbão Veloso,2020-10-07,332,2,8,0
Elesbão Veloso,Elesbão Veloso,2020-10-08,338,6,8,0
Elesbão Veloso,Elesbão Veloso,2020-10-09,338,0,8,0
Elesbão Veloso,Elesbão Veloso,2020-10-10,357,19,8,0
Elesbão Veloso,Elesbão Veloso,2020-10-11,361,4,8,0
Elesbão Veloso,Elesbão Veloso,2020-10-12,365,4,8,0
Elesbão Veloso,Elesbão Veloso,2020-10-13,365,0,8,0
Elesbão Veloso,Elesbão Veloso,2020-10-14,372,7,8,0
Elesbão Veloso,Elesbão Veloso,2020-10-15,385,13,8,0
Elesbão Veloso,Elesbão Veloso,2020-10-16,391,6,8,0
Elesbão Veloso,Elesbão Veloso,2020-10-17,399,8,8,0
Elesbão Veloso,Elesbão Veloso,2020-10-18,400,1,8,0
Elesbão Veloso,Elesbão Veloso,2020-10-19,400,0,8,0
Elesbão Veloso,Elesbão Veloso,2020-10-20,409,9,8,0
Elesbão Veloso,Elesbão Veloso,2020-10-21,415,6,9,1
Elesbão Veloso,Elesbão Veloso,2020-10-22,421,6,11,2
Elesbão Veloso,Elesbão Veloso,2020-10-23,421,0,11,0
Elesbão Veloso,Elesbão Veloso,2020-10-24,430,9,11,0
Elesbão Veloso,Elesbão Veloso,2020-10-25,433,3,12,1
Elesbão Veloso,Elesbão Veloso,2020-10-26,439,6,13,1
Elesbão Veloso,Elesbão Veloso,2020-10-27,446,7,13,0
Elesbão Veloso,Elesbão Veloso,2020-10-28,453,7,14,1
Elesbão Veloso,Elesbão Veloso,2020-10-29,456,3,14,0
Elesbão Veloso,Elesbão Veloso,2020-10-30,467,11,14,0
Elesbão Veloso,Elesbão Veloso,2020-10-31,470,3,14,0
Elesbão Veloso,Elesbão Veloso,2020-11-01,472,2,14,0
Elesbão Veloso,Elesbão Veloso,2020-11-02,473,1,14,0
Elesbão Veloso,Elesbão Veloso,2020-11-03,476,3,14,0
Elesbão Veloso,Elesbão Veloso,2020-11-04,484,8,14,0
Elesbão Veloso,Elesbão Veloso,2020-11-05,490,6,14,0
Elesbão Veloso,Elesbão Veloso,2020-11-06,491,1,14,0
Elesbão Veloso,Elesbão Veloso,2020-11-07,491,0,14,0
Elesbão Veloso,Elesbão Veloso,2020-11-08,492,1,14,0
Elesbão Veloso,Elesbão Veloso,2020-11-09,493,1,14,0
Elesbão Veloso,Elesbão Veloso,2020-11-10,496,3,14,0
Elesbão Veloso,Elesbão Veloso,2020-11-11,499,3,14,0
Elesbão Veloso,Elesbão Veloso,2020-11-12,501,2,14,0
Elesbão Veloso,Elesbão Veloso,2020-11-13,502,1,14,0
Elesbão Veloso,Elesbão Veloso,2020-11-14,504,2,14,0
Elesbão Veloso,Elesbão Veloso,2020-11-15,506,2,14,0
Elesbão Veloso,Elesbão Veloso,2020-11-16,506,0,14,0
Elesbão Veloso,Elesbão Veloso,2020-11-17,507,1,15,1
Elesbão Veloso,Elesbão Veloso,2020-11-18,507,0,15,0
Elesbão Veloso,Elesbão Veloso,2020-11-19,510,3,15,0
Elesbão Veloso,Elesbão Veloso,2020-11-20,517,7,16,1
Elesbão Veloso,Elesbão Veloso,2020-11-21,519,2,16,0
Elesbão Veloso,Elesbão Veloso,2020-11-22,519,0,16,0
Elesbão Veloso,Elesbão Veloso,2020-11-23,522,3,16,0
Elesbão Veloso,Elesbão Veloso,2020-11-24,522,0,17,1
Elesbão Veloso,Elesbão Veloso,2020-11-25,533,11,17,0
Elesbão Veloso,Elesbão Veloso,2020-11-26,533,0,17,0
Elesbão Veloso,Elesbão Veloso,2020-11-27,535,2,17,0
Elesbão Veloso,Elesbão Veloso,2020-11-28,536,1,17,0
Elesbão Veloso,Elesbão Veloso,2020-11-29,537,1,17,0
Elesbão Veloso,Elesbão Veloso,2020-11-30,538,1,18,1
Elesbão Veloso,Elesbão Veloso,2020-12-01,543,5,18,0
Elesbão Veloso,Elesbão Veloso,2020-12-02,543,0,18,0
Elesbão Veloso,Elesbão Veloso,2020-12-03,548,5,18,0
Elesbão Veloso,Elesbão Veloso,2020-12-04,549,1,18,0
Elesbão Veloso,Elesbão Veloso,2020-12-05,549,0,18,0
Elesbão Veloso,Elesbão Veloso,2020-12-06,550,1,18,0
Elesbão Veloso,Elesbão Veloso,2020-12-07,551,1,18,0
Elesbão Veloso,Elesbão Veloso,2020-12-08,557,6,18,0
Elesbão Veloso,Elesbão Veloso,2020-12-09,564,7,18,0
Elesbão Veloso,Elesbão Veloso,2020-12-10,564,0,18,0
Elesbão Veloso,Elesbão Veloso,2020-12-11,564,0,18,0
Elesbão Veloso,Elesbão Veloso,2020-12-12,565,1,18,0
Elesbão Veloso,Elesbão Veloso,2020-12-13,565,0,18,0
Elesbão Veloso,Elesbão Veloso,2020-12-14,565,0,18,0
Elesbão Veloso,Elesbão Veloso,2020-12-15,567,2,19,1
Elesbão Veloso,Elesbão Veloso,2020-12-16,568,1,19,0
Elesbão Veloso,Elesbão Veloso,2020-12-17,569,1,19,0
Elesbão Veloso,Elesbão Veloso,2020-12-18,571,2,19,0
Elesbão Veloso,Elesbão Veloso,2020-12-19,572,1,19,0
Elesbão Veloso,Elesbão Veloso,2020-12-20,572,0,19,0
Elesbão Veloso,Elesbão Veloso,2020-12-21,572,0,19,0
Elesbão Veloso,Elesbão Veloso,2020-12-22,572,0,19,0
Elesbão Veloso,Elesbão Veloso,2020-12-23,572,0,19,0
Elesbão Veloso,Elesbão Veloso,2020-12-24,572,0,19,0
Elesbão Veloso,Elesbão Veloso,2020-12-25,572,0,19,0
Elesbão Veloso,Elesbão Veloso,2020-12-26,572,0,19,0
Elesbão Veloso,Elesbão Veloso,2020-12-27,572,0,19,0
Elesbão Veloso,Elesbão Veloso,2020-12-28,573,1,19,0
Elesbão Veloso,Elesbão Veloso,2020-12-29,573,0,19,0
Elesbão Veloso,Elesbão Veloso,2020-12-30,574,1,19,0
Elesbão Veloso,Elesbão Veloso,2020-12-31,574,0,19,0
Elesbão Veloso,Elesbão Veloso,2021-01-01,575,1,19,0
Elesbão Veloso,Elesbão Veloso,2021-01-02,575,0,19,0
Elesbão Veloso,Elesbão Veloso,2021-01-03,575,0,19,0
Elesbão Veloso,Elesbão Veloso,2021-01-04,575,0,19,0
Elesbão Veloso,Elesbão Veloso,2021-01-05,576,1,19,0
Elesbão Veloso,Elesbão Veloso,2021-01-06,576,0,19,0
Elesbão Veloso,Elesbão Veloso,2021-01-07,576,0,19,0
Elesbão Veloso,Elesbão Veloso,2021-01-08,576,0,19,0
Elesbão Veloso,Elesbão Veloso,2021-01-09,577,1,19,0
Elesbão Veloso,Elesbão Veloso,2021-01-10,577,0,19,0
Elesbão Veloso,Elesbão Veloso,2021-01-11,577,0,19,0
Elesbão Veloso,Elesbão Veloso,2021-01-12,577,0,19,0
Elesbão Veloso,Elesbão Veloso,2021-01-13,577,0,19,0
Elesbão Veloso,Elesbão Veloso,2021-01-14,579,2,19,0
Elesbão Veloso,Elesbão Veloso,2021-01-15,577,-2,19,0
Elesbão Veloso,Elesbão Veloso,2021-01-16,577,0,19,0
Elesbão Veloso,Elesbão Veloso,2021-01-17,578,1,19,0
Elesbão Veloso,Elesbão Veloso,2021-01-18,578,0,19,0
Elesbão Veloso,Elesbão Veloso,2021-01-19,578,0,19,0
Elesbão Veloso,Elesbão Veloso,2021-01-20,578,0,19,0
Elesbão Veloso,Elesbão Veloso,2021-01-21,578,0,19,0
Elesbão Veloso,Elesbão Veloso,2021-01-22,578,0,19,0
Elesbão Veloso,Elesbão Veloso,2021-01-23,578,0,19,0
Elesbão Veloso,Elesbão Veloso,2021-01-24,578,0,19,0
Elesbão Veloso,Elesbão Veloso,2021-01-25,578,0,19,0
Elesbão Veloso,Elesbão Veloso,2021-01-26,578,0,19,0
Elesbão Veloso,Elesbão Veloso,2021-01-27,579,1,19,0
Elesbão Veloso,Elesbão Veloso,2021-01-28,580,1,19,0
Elesbão Veloso,Elesbão Veloso,2021-01-29,581,1,19,0
Elesbão Veloso,Elesbão Veloso,2021-01-30,581,0,19,0
Elesbão Veloso,Elesbão Veloso,2021-01-31,581,0,19,0
Elesbão Veloso,Elesbão Veloso,2021-02-01,581,0,19,0
Elesbão Veloso,Elesbão Veloso,2021-02-02,584,3,19,0
Elesbão Veloso,Elesbão Veloso,2021-02-03,584,0,19,0
Elesbão Veloso,Elesbão Veloso,2021-02-04,584,0,19,0
Elesbão Veloso,Elesbão Veloso,2021-02-05,584,0,19,0
Elesbão Veloso,Elesbão Veloso,2021-02-06,584,0,19,0
Elesbão Veloso,Elesbão Veloso,2021-02-07,585,1,19,0
Elesbão Veloso,Elesbão Veloso,2021-02-08,585,0,19,0
