city,city,date,cases,daily cases,deaths,daily deaths
Escada,Escada,2020-03-27,0,0,0,0
Escada,Escada,2020-03-28,0,0,0,0
Escada,Escada,2020-03-29,0,0,0,0
Escada,Escada,2020-03-30,0,0,0,0
Escada,Escada,2020-03-31,0,0,0,0
Escada,Escada,2020-04-01,0,0,0,0
Escada,Escada,2020-04-02,0,0,0,0
Escada,Escada,2020-04-03,0,0,0,0
Escada,Escada,2020-04-04,0,0,0,0
Escada,Escada,2020-04-05,0,0,0,0
Escada,Escada,2020-04-06,0,0,0,0
Escada,Escada,2020-04-07,0,0,0,0
Escada,Escada,2020-04-08,0,0,0,0
Escada,Escada,2020-04-09,0,0,0,0
Escada,Escada,2020-04-10,0,0,0,0
Escada,Escada,2020-04-11,0,0,0,0
Escada,Escada,2020-04-12,0,0,0,0
Escada,Escada,2020-04-13,0,0,0,0
Escada,Escada,2020-04-14,0,0,0,0
Escada,Escada,2020-04-15,0,0,0,0
Escada,Escada,2020-04-16,1,1,0,0
Escada,Escada,2020-04-17,2,1,0,0
Escada,Escada,2020-04-18,2,0,0,0
Escada,Escada,2020-04-19,2,0,0,0
Escada,Escada,2020-04-20,3,1,0,0
Escada,Escada,2020-04-21,4,1,0,0
Escada,Escada,2020-04-22,4,0,0,0
Escada,Escada,2020-04-23,4,0,0,0
Escada,Escada,2020-04-24,4,0,0,0
Escada,Escada,2020-04-25,5,1,0,0
Escada,Escada,2020-04-26,5,0,0,0
Escada,Escada,2020-04-27,5,0,0,0
Escada,Escada,2020-04-28,6,1,0,0
Escada,Escada,2020-04-29,7,1,0,0
Escada,Escada,2020-04-30,7,0,0,0
Escada,Escada,2020-05-01,8,1,0,0
Escada,Escada,2020-05-02,9,1,1,1
Escada,Escada,2020-05-03,11,2,1,0
Escada,Escada,2020-05-04,12,1,1,0
Escada,Escada,2020-05-05,14,2,1,0
Escada,Escada,2020-05-06,15,1,1,0
Escada,Escada,2020-05-07,20,5,1,0
Escada,Escada,2020-05-08,21,1,1,0
Escada,Escada,2020-05-09,25,4,2,1
Escada,Escada,2020-05-10,27,2,2,0
Escada,Escada,2020-05-11,32,5,4,2
Escada,Escada,2020-05-12,36,4,4,0
Escada,Escada,2020-05-13,39,3,5,1
Escada,Escada,2020-05-14,42,3,5,0
Escada,Escada,2020-05-15,46,4,6,1
Escada,Escada,2020-05-16,60,14,7,1
Escada,Escada,2020-05-17,68,8,8,1
Escada,Escada,2020-05-18,70,2,9,1
Escada,Escada,2020-05-19,74,4,9,0
Escada,Escada,2020-05-20,79,5,9,0
Escada,Escada,2020-05-21,88,9,9,0
Escada,Escada,2020-05-22,95,7,11,2
Escada,Escada,2020-05-23,96,1,11,0
Escada,Escada,2020-05-24,103,7,11,0
Escada,Escada,2020-05-25,109,6,11,0
Escada,Escada,2020-05-26,113,4,11,0
Escada,Escada,2020-05-27,114,1,15,4
Escada,Escada,2020-05-28,115,1,15,0
Escada,Escada,2020-05-29,131,16,15,0
Escada,Escada,2020-05-30,132,1,15,0
Escada,Escada,2020-05-31,135,3,15,0
Escada,Escada,2020-06-01,138,3,15,0
Escada,Escada,2020-06-02,139,1,15,0
Escada,Escada,2020-06-03,140,1,17,2
Escada,Escada,2020-06-04,147,7,17,0
Escada,Escada,2020-06-05,148,1,17,0
Escada,Escada,2020-06-06,156,8,17,0
Escada,Escada,2020-06-07,159,3,17,0
Escada,Escada,2020-06-08,159,0,17,0
Escada,Escada,2020-06-09,159,0,17,0
Escada,Escada,2020-06-10,165,6,17,0
Escada,Escada,2020-06-11,169,4,17,0
Escada,Escada,2020-06-12,186,17,17,0
Escada,Escada,2020-06-13,191,5,19,2
Escada,Escada,2020-06-14,192,1,20,1
Escada,Escada,2020-06-15,193,1,20,0
Escada,Escada,2020-06-16,197,4,21,1
Escada,Escada,2020-06-17,197,0,20,-1
Escada,Escada,2020-06-18,200,3,20,0
Escada,Escada,2020-06-19,201,1,20,0
Escada,Escada,2020-06-20,201,0,21,1
Escada,Escada,2020-06-21,201,0,21,0
Escada,Escada,2020-06-22,202,1,21,0
Escada,Escada,2020-06-23,205,3,22,1
Escada,Escada,2020-06-24,206,1,22,0
Escada,Escada,2020-06-25,207,1,22,0
Escada,Escada,2020-06-26,209,2,26,4
Escada,Escada,2020-06-27,214,5,32,6
Escada,Escada,2020-06-28,216,2,32,0
Escada,Escada,2020-06-29,218,2,32,0
Escada,Escada,2020-06-30,218,0,32,0
Escada,Escada,2020-07-01,220,2,31,-1
Escada,Escada,2020-07-02,222,2,31,0
Escada,Escada,2020-07-03,225,3,31,0
Escada,Escada,2020-07-04,227,2,31,0
Escada,Escada,2020-07-05,228,1,31,0
Escada,Escada,2020-07-06,229,1,31,0
Escada,Escada,2020-07-07,231,2,31,0
Escada,Escada,2020-07-08,237,6,34,3
Escada,Escada,2020-07-09,238,1,35,1
Escada,Escada,2020-07-10,240,2,35,0
Escada,Escada,2020-07-11,241,1,35,0
Escada,Escada,2020-07-12,253,12,35,0
Escada,Escada,2020-07-13,253,0,35,0
Escada,Escada,2020-07-14,257,4,37,2
Escada,Escada,2020-07-15,266,9,39,2
Escada,Escada,2020-07-16,269,3,39,0
Escada,Escada,2020-07-17,270,1,39,0
Escada,Escada,2020-07-18,276,6,39,0
Escada,Escada,2020-07-19,284,8,39,0
Escada,Escada,2020-07-20,286,2,39,0
Escada,Escada,2020-07-21,286,0,39,0
Escada,Escada,2020-07-22,288,2,39,0
Escada,Escada,2020-07-23,288,0,39,0
Escada,Escada,2020-07-24,290,2,39,0
Escada,Escada,2020-07-25,291,1,39,0
Escada,Escada,2020-07-26,292,1,39,0
Escada,Escada,2020-07-27,293,1,39,0
Escada,Escada,2020-07-28,293,0,39,0
Escada,Escada,2020-07-29,303,10,39,0
Escada,Escada,2020-07-30,311,8,39,0
Escada,Escada,2020-07-31,318,7,39,0
Escada,Escada,2020-08-01,332,14,39,0
Escada,Escada,2020-08-02,334,2,39,0
Escada,Escada,2020-08-03,334,0,39,0
Escada,Escada,2020-08-04,334,0,40,1
Escada,Escada,2020-08-05,336,2,40,0
Escada,Escada,2020-08-06,337,1,40,0
Escada,Escada,2020-08-07,337,0,40,0
Escada,Escada,2020-08-08,339,2,41,1
Escada,Escada,2020-08-09,341,2,41,0
Escada,Escada,2020-08-10,342,1,41,0
Escada,Escada,2020-08-11,343,1,41,0
Escada,Escada,2020-08-12,350,7,41,0
Escada,Escada,2020-08-13,369,19,41,0
Escada,Escada,2020-08-14,372,3,41,0
Escada,Escada,2020-08-15,377,5,41,0
Escada,Escada,2020-08-16,378,1,41,0
Escada,Escada,2020-08-17,379,1,41,0
Escada,Escada,2020-08-18,379,0,42,1
Escada,Escada,2020-08-19,379,0,42,0
Escada,Escada,2020-08-20,380,1,42,0
Escada,Escada,2020-08-21,381,1,42,0
Escada,Escada,2020-08-22,383,2,42,0
Escada,Escada,2020-08-23,385,2,42,0
Escada,Escada,2020-08-24,385,0,42,0
Escada,Escada,2020-08-25,388,3,42,0
Escada,Escada,2020-08-26,390,2,42,0
Escada,Escada,2020-08-27,390,0,42,0
Escada,Escada,2020-08-28,391,1,42,0
Escada,Escada,2020-08-29,394,3,42,0
Escada,Escada,2020-08-30,394,0,43,1
Escada,Escada,2020-08-31,394,0,43,0
Escada,Escada,2020-09-01,405,11,43,0
Escada,Escada,2020-09-02,407,2,44,1
Escada,Escada,2020-09-03,408,1,44,0
Escada,Escada,2020-09-04,412,4,44,0
Escada,Escada,2020-09-05,414,2,45,1
Escada,Escada,2020-09-06,415,1,45,0
Escada,Escada,2020-09-07,415,0,45,0
Escada,Escada,2020-09-08,415,0,45,0
Escada,Escada,2020-09-09,419,4,45,0
Escada,Escada,2020-09-10,419,0,45,0
Escada,Escada,2020-09-11,420,1,45,0
Escada,Escada,2020-09-12,420,0,45,0
Escada,Escada,2020-09-13,420,0,45,0
Escada,Escada,2020-09-14,420,0,45,0
Escada,Escada,2020-09-15,421,1,45,0
Escada,Escada,2020-09-16,422,1,45,0
Escada,Escada,2020-09-17,422,0,45,0
Escada,Escada,2020-09-18,425,3,45,0
Escada,Escada,2020-09-19,425,0,45,0
Escada,Escada,2020-09-20,425,0,46,1
Escada,Escada,2020-09-21,425,0,46,0
Escada,Escada,2020-09-22,425,0,46,0
Escada,Escada,2020-09-23,427,2,46,0
Escada,Escada,2020-09-24,427,0,46,0
Escada,Escada,2020-09-25,429,2,53,7
Escada,Escada,2020-09-26,429,0,53,0
Escada,Escada,2020-09-27,430,1,53,0
Escada,Escada,2020-09-28,430,0,53,0
Escada,Escada,2020-09-29,431,1,53,0
Escada,Escada,2020-09-30,431,0,53,0
Escada,Escada,2020-10-01,431,0,53,0
Escada,Escada,2020-10-02,431,0,53,0
Escada,Escada,2020-10-03,432,1,53,0
Escada,Escada,2020-10-04,432,0,53,0
Escada,Escada,2020-10-05,432,0,53,0
Escada,Escada,2020-10-06,432,0,53,0
Escada,Escada,2020-10-07,432,0,53,0
Escada,Escada,2020-10-08,432,0,53,0
Escada,Escada,2020-10-09,435,3,53,0
Escada,Escada,2020-10-10,435,0,53,0
Escada,Escada,2020-10-11,435,0,53,0
Escada,Escada,2020-10-12,435,0,53,0
Escada,Escada,2020-10-13,435,0,53,0
Escada,Escada,2020-10-14,435,0,56,3
Escada,Escada,2020-10-15,435,0,56,0
Escada,Escada,2020-10-16,436,1,56,0
Escada,Escada,2020-10-17,436,0,56,0
Escada,Escada,2020-10-18,436,0,56,0
Escada,Escada,2020-10-19,437,1,56,0
Escada,Escada,2020-10-20,437,0,56,0
Escada,Escada,2020-10-21,439,2,56,0
Escada,Escada,2020-10-22,440,1,56,0
Escada,Escada,2020-10-23,443,3,56,0
Escada,Escada,2020-10-24,444,1,56,0
Escada,Escada,2020-10-25,448,4,56,0
Escada,Escada,2020-10-26,448,0,56,0
Escada,Escada,2020-10-27,448,0,56,0
Escada,Escada,2020-10-28,449,1,56,0
Escada,Escada,2020-10-29,450,1,56,0
Escada,Escada,2020-10-30,451,1,56,0
Escada,Escada,2020-10-31,451,0,56,0
Escada,Escada,2020-11-01,451,0,56,0
Escada,Escada,2020-11-02,452,1,56,0
Escada,Escada,2020-11-03,453,1,56,0
Escada,Escada,2020-11-04,453,0,56,0
Escada,Escada,2020-11-05,453,0,56,0
Escada,Escada,2020-11-06,453,0,56,0
Escada,Escada,2020-11-07,454,1,56,0
Escada,Escada,2020-11-08,454,0,56,0
Escada,Escada,2020-11-09,454,0,56,0
Escada,Escada,2020-11-10,454,0,57,1
Escada,Escada,2020-11-11,456,2,57,0
Escada,Escada,2020-11-12,456,0,57,0
Escada,Escada,2020-11-13,457,1,57,0
Escada,Escada,2020-11-14,457,0,57,0
Escada,Escada,2020-11-15,457,0,57,0
Escada,Escada,2020-11-16,457,0,57,0
Escada,Escada,2020-11-17,457,0,57,0
Escada,Escada,2020-11-18,458,1,57,0
Escada,Escada,2020-11-19,459,1,57,0
Escada,Escada,2020-11-20,459,0,57,0
Escada,Escada,2020-11-21,459,0,57,0
Escada,Escada,2020-11-22,461,2,57,0
Escada,Escada,2020-11-23,461,0,57,0
Escada,Escada,2020-11-24,461,0,57,0
Escada,Escada,2020-11-25,461,0,57,0
Escada,Escada,2020-11-26,461,0,57,0
Escada,Escada,2020-11-27,461,0,57,0
Escada,Escada,2020-11-28,461,0,57,0
Escada,Escada,2020-11-29,461,0,57,0
Escada,Escada,2020-11-30,461,0,57,0
Escada,Escada,2020-12-01,461,0,57,0
Escada,Escada,2020-12-02,461,0,57,0
Escada,Escada,2020-12-03,463,2,57,0
Escada,Escada,2020-12-04,463,0,57,0
Escada,Escada,2020-12-05,463,0,57,0
Escada,Escada,2020-12-06,463,0,57,0
Escada,Escada,2020-12-07,464,1,57,0
Escada,Escada,2020-12-08,465,1,57,0
Escada,Escada,2020-12-09,468,3,57,0
Escada,Escada,2020-12-10,469,1,57,0
Escada,Escada,2020-12-11,471,2,57,0
Escada,Escada,2020-12-12,476,5,57,0
Escada,Escada,2020-12-13,476,0,57,0
Escada,Escada,2020-12-14,476,0,57,0
Escada,Escada,2020-12-15,476,0,57,0
Escada,Escada,2020-12-16,477,1,57,0
Escada,Escada,2020-12-17,479,2,57,0
Escada,Escada,2020-12-18,481,2,57,0
Escada,Escada,2020-12-19,481,0,57,0
Escada,Escada,2020-12-20,482,1,57,0
Escada,Escada,2020-12-21,482,0,57,0
Escada,Escada,2020-12-22,483,1,57,0
Escada,Escada,2020-12-23,483,0,57,0
Escada,Escada,2020-12-24,486,3,57,0
Escada,Escada,2020-12-25,486,0,57,0
Escada,Escada,2020-12-26,486,0,57,0
Escada,Escada,2020-12-27,489,3,57,0
Escada,Escada,2020-12-28,490,1,58,1
Escada,Escada,2020-12-29,490,0,58,0
Escada,Escada,2020-12-30,490,0,58,0
Escada,Escada,2020-12-31,490,0,58,0
Escada,Escada,2021-01-01,491,1,58,0
Escada,Escada,2021-01-02,491,0,58,0
Escada,Escada,2021-01-03,492,1,58,0
Escada,Escada,2021-01-04,492,0,58,0
Escada,Escada,2021-01-05,496,4,58,0
Escada,Escada,2021-01-06,498,2,58,0
Escada,Escada,2021-01-07,502,4,58,0
Escada,Escada,2021-01-08,502,0,58,0
Escada,Escada,2021-01-09,502,0,58,0
Escada,Escada,2021-01-10,503,1,58,0
Escada,Escada,2021-01-11,503,0,58,0
Escada,Escada,2021-01-12,505,2,58,0
Escada,Escada,2021-01-13,506,1,58,0
Escada,Escada,2021-01-14,508,2,60,2
Escada,Escada,2021-01-15,508,0,60,0
Escada,Escada,2021-01-16,511,3,60,0
Escada,Escada,2021-01-17,511,0,60,0
Escada,Escada,2021-01-18,511,0,60,0
Escada,Escada,2021-01-19,512,1,60,0
Escada,Escada,2021-01-20,513,1,61,1
Escada,Escada,2021-01-21,514,1,61,0
Escada,Escada,2021-01-22,514,0,61,0
Escada,Escada,2021-01-23,516,2,61,0
Escada,Escada,2021-01-24,516,0,61,0
Escada,Escada,2021-01-25,516,0,61,0
Escada,Escada,2021-01-26,517,1,61,0
Escada,Escada,2021-01-27,518,1,61,0
Escada,Escada,2021-01-28,520,2,61,0
Escada,Escada,2021-01-29,521,1,61,0
Escada,Escada,2021-01-30,522,1,61,0
Escada,Escada,2021-01-31,522,0,61,0
Escada,Escada,2021-02-01,522,0,62,1
Escada,Escada,2021-02-02,522,0,62,0
Escada,Escada,2021-02-03,523,1,63,1
Escada,Escada,2021-02-04,524,1,63,0
Escada,Escada,2021-02-05,525,1,64,1
Escada,Escada,2021-02-06,527,2,64,0
Escada,Escada,2021-02-07,527,0,64,0
Escada,Escada,2021-02-08,531,4,64,0
