city,city,date,cases,daily cases,deaths,daily deaths
Eunápolis,Eunápolis,2020-03-27,0,0,0,0
Eunápolis,Eunápolis,2020-03-28,0,0,0,0
Eunápolis,Eunápolis,2020-03-29,0,0,0,0
Eunápolis,Eunápolis,2020-03-30,0,0,0,0
Eunápolis,Eunápolis,2020-03-31,0,0,0,0
Eunápolis,Eunápolis,2020-04-01,0,0,0,0
Eunápolis,Eunápolis,2020-04-02,0,0,0,0
Eunápolis,Eunápolis,2020-04-03,0,0,0,0
Eunápolis,Eunápolis,2020-04-04,0,0,0,0
Eunápolis,Eunápolis,2020-04-05,0,0,0,0
Eunápolis,Eunápolis,2020-04-06,0,0,0,0
Eunápolis,Eunápolis,2020-04-07,0,0,0,0
Eunápolis,Eunápolis,2020-04-08,0,0,0,0
Eunápolis,Eunápolis,2020-04-09,0,0,0,0
Eunápolis,Eunápolis,2020-04-10,0,0,0,0
Eunápolis,Eunápolis,2020-04-11,0,0,0,0
Eunápolis,Eunápolis,2020-04-12,0,0,0,0
Eunápolis,Eunápolis,2020-04-13,0,0,0,0
Eunápolis,Eunápolis,2020-04-14,0,0,0,0
Eunápolis,Eunápolis,2020-04-15,2,2,0,0
Eunápolis,Eunápolis,2020-04-16,4,2,0,0
Eunápolis,Eunápolis,2020-04-17,4,0,0,0
Eunápolis,Eunápolis,2020-04-18,4,0,0,0
Eunápolis,Eunápolis,2020-04-19,9,5,0,0
Eunápolis,Eunápolis,2020-04-20,13,4,0,0
Eunápolis,Eunápolis,2020-04-21,13,0,0,0
Eunápolis,Eunápolis,2020-04-22,13,0,0,0
Eunápolis,Eunápolis,2020-04-23,16,3,0,0
Eunápolis,Eunápolis,2020-04-24,16,0,0,0
Eunápolis,Eunápolis,2020-04-25,16,0,0,0
Eunápolis,Eunápolis,2020-04-26,16,0,0,0
Eunápolis,Eunápolis,2020-04-27,16,0,0,0
Eunápolis,Eunápolis,2020-04-28,19,3,0,0
Eunápolis,Eunápolis,2020-04-29,19,0,0,0
Eunápolis,Eunápolis,2020-04-30,19,0,0,0
Eunápolis,Eunápolis,2020-05-01,20,1,0,0
Eunápolis,Eunápolis,2020-05-02,20,0,0,0
Eunápolis,Eunápolis,2020-05-03,21,1,0,0
Eunápolis,Eunápolis,2020-05-04,21,0,0,0
Eunápolis,Eunápolis,2020-05-05,21,0,0,0
Eunápolis,Eunápolis,2020-05-06,29,8,0,0
Eunápolis,Eunápolis,2020-05-07,29,0,0,0
Eunápolis,Eunápolis,2020-05-08,30,1,0,0
Eunápolis,Eunápolis,2020-05-09,30,0,0,0
Eunápolis,Eunápolis,2020-05-10,31,1,0,0
Eunápolis,Eunápolis,2020-05-11,32,1,0,0
Eunápolis,Eunápolis,2020-05-12,32,0,0,0
Eunápolis,Eunápolis,2020-05-13,32,0,0,0
Eunápolis,Eunápolis,2020-05-14,32,0,0,0
Eunápolis,Eunápolis,2020-05-15,46,14,0,0
Eunápolis,Eunápolis,2020-05-16,47,1,0,0
Eunápolis,Eunápolis,2020-05-17,44,-3,0,0
Eunápolis,Eunápolis,2020-05-18,48,4,0,0
Eunápolis,Eunápolis,2020-05-19,53,5,0,0
Eunápolis,Eunápolis,2020-05-20,51,-2,0,0
Eunápolis,Eunápolis,2020-05-21,53,2,0,0
Eunápolis,Eunápolis,2020-05-22,68,15,0,0
Eunápolis,Eunápolis,2020-05-23,79,11,0,0
Eunápolis,Eunápolis,2020-05-24,80,1,0,0
Eunápolis,Eunápolis,2020-05-25,81,1,0,0
Eunápolis,Eunápolis,2020-05-26,80,-1,0,0
Eunápolis,Eunápolis,2020-05-27,86,6,0,0
Eunápolis,Eunápolis,2020-05-28,94,8,0,0
Eunápolis,Eunápolis,2020-05-29,117,23,0,0
Eunápolis,Eunápolis,2020-05-30,137,20,0,0
Eunápolis,Eunápolis,2020-05-31,139,2,1,1
Eunápolis,Eunápolis,2020-06-01,139,0,2,1
Eunápolis,Eunápolis,2020-06-02,153,14,2,0
Eunápolis,Eunápolis,2020-06-03,167,14,2,0
Eunápolis,Eunápolis,2020-06-04,178,11,2,0
Eunápolis,Eunápolis,2020-06-05,197,19,2,0
Eunápolis,Eunápolis,2020-06-06,212,15,2,0
Eunápolis,Eunápolis,2020-06-07,209,-3,2,0
Eunápolis,Eunápolis,2020-06-08,210,1,2,0
Eunápolis,Eunápolis,2020-06-09,221,11,2,0
Eunápolis,Eunápolis,2020-06-10,262,41,2,0
Eunápolis,Eunápolis,2020-06-11,277,15,2,0
Eunápolis,Eunápolis,2020-06-12,279,2,2,0
Eunápolis,Eunápolis,2020-06-13,296,17,2,0
Eunápolis,Eunápolis,2020-06-14,300,4,4,2
Eunápolis,Eunápolis,2020-06-15,331,31,4,0
Eunápolis,Eunápolis,2020-06-16,367,36,4,0
Eunápolis,Eunápolis,2020-06-17,383,16,5,1
Eunápolis,Eunápolis,2020-06-18,384,1,5,0
Eunápolis,Eunápolis,2020-06-19,444,60,5,0
Eunápolis,Eunápolis,2020-06-20,459,15,5,0
Eunápolis,Eunápolis,2020-06-21,473,14,5,0
Eunápolis,Eunápolis,2020-06-22,475,2,6,1
Eunápolis,Eunápolis,2020-06-23,501,26,6,0
Eunápolis,Eunápolis,2020-06-24,526,25,6,0
Eunápolis,Eunápolis,2020-06-25,528,2,7,1
Eunápolis,Eunápolis,2020-06-26,545,17,7,0
Eunápolis,Eunápolis,2020-06-27,573,28,8,1
Eunápolis,Eunápolis,2020-06-28,593,20,8,0
Eunápolis,Eunápolis,2020-06-29,598,5,9,1
Eunápolis,Eunápolis,2020-06-30,646,48,10,1
Eunápolis,Eunápolis,2020-07-01,671,25,12,2
Eunápolis,Eunápolis,2020-07-02,726,55,12,0
Eunápolis,Eunápolis,2020-07-03,727,1,13,1
Eunápolis,Eunápolis,2020-07-04,768,41,14,1
Eunápolis,Eunápolis,2020-07-05,771,3,14,0
Eunápolis,Eunápolis,2020-07-06,771,0,14,0
Eunápolis,Eunápolis,2020-07-07,810,39,15,1
Eunápolis,Eunápolis,2020-07-08,870,60,16,1
Eunápolis,Eunápolis,2020-07-09,908,38,17,1
Eunápolis,Eunápolis,2020-07-10,930,22,18,1
Eunápolis,Eunápolis,2020-07-11,992,62,19,1
Eunápolis,Eunápolis,2020-07-12,1010,18,19,0
Eunápolis,Eunápolis,2020-07-13,1014,4,19,0
Eunápolis,Eunápolis,2020-07-14,1066,52,19,0
Eunápolis,Eunápolis,2020-07-15,1096,30,19,0
Eunápolis,Eunápolis,2020-07-16,1165,69,19,0
Eunápolis,Eunápolis,2020-07-17,1188,23,19,0
Eunápolis,Eunápolis,2020-07-18,1198,10,19,0
Eunápolis,Eunápolis,2020-07-19,1206,8,19,0
Eunápolis,Eunápolis,2020-07-20,1214,8,20,1
Eunápolis,Eunápolis,2020-07-21,1281,67,21,1
Eunápolis,Eunápolis,2020-07-22,1388,107,21,0
Eunápolis,Eunápolis,2020-07-23,1444,56,21,0
Eunápolis,Eunápolis,2020-07-24,1547,103,21,0
Eunápolis,Eunápolis,2020-07-25,1577,30,21,0
Eunápolis,Eunápolis,2020-07-26,1626,49,21,0
Eunápolis,Eunápolis,2020-07-27,1631,5,21,0
Eunápolis,Eunápolis,2020-07-28,1666,35,21,0
Eunápolis,Eunápolis,2020-07-29,1730,64,21,0
Eunápolis,Eunápolis,2020-07-30,1785,55,21,0
Eunápolis,Eunápolis,2020-07-31,1864,79,21,0
Eunápolis,Eunápolis,2020-08-01,1902,38,21,0
Eunápolis,Eunápolis,2020-08-02,1923,21,21,0
Eunápolis,Eunápolis,2020-08-03,1928,5,21,0
Eunápolis,Eunápolis,2020-08-04,1997,69,21,0
Eunápolis,Eunápolis,2020-08-05,2047,50,21,0
Eunápolis,Eunápolis,2020-08-06,2083,36,21,0
Eunápolis,Eunápolis,2020-08-07,2100,17,21,0
Eunápolis,Eunápolis,2020-08-08,2137,37,21,0
Eunápolis,Eunápolis,2020-08-09,2168,31,21,0
Eunápolis,Eunápolis,2020-08-10,2175,7,21,0
Eunápolis,Eunápolis,2020-08-11,2212,37,21,0
Eunápolis,Eunápolis,2020-08-12,2233,21,21,0
Eunápolis,Eunápolis,2020-08-13,2256,23,21,0
Eunápolis,Eunápolis,2020-08-14,2290,34,21,0
Eunápolis,Eunápolis,2020-08-15,2298,8,22,1
Eunápolis,Eunápolis,2020-08-16,2334,36,22,0
Eunápolis,Eunápolis,2020-08-17,2338,4,22,0
Eunápolis,Eunápolis,2020-08-18,2369,31,23,1
Eunápolis,Eunápolis,2020-08-19,2381,12,23,0
Eunápolis,Eunápolis,2020-08-20,2409,28,23,0
Eunápolis,Eunápolis,2020-08-21,2423,14,23,0
Eunápolis,Eunápolis,2020-08-22,2459,36,24,1
Eunápolis,Eunápolis,2020-08-23,2489,30,25,1
Eunápolis,Eunápolis,2020-08-24,2492,3,26,1
Eunápolis,Eunápolis,2020-08-25,2531,39,26,0
Eunápolis,Eunápolis,2020-08-26,2549,18,26,0
Eunápolis,Eunápolis,2020-08-27,2570,21,26,0
Eunápolis,Eunápolis,2020-08-28,2599,29,26,0
Eunápolis,Eunápolis,2020-08-29,2627,28,26,0
Eunápolis,Eunápolis,2020-08-30,2647,20,26,0
Eunápolis,Eunápolis,2020-08-31,2647,0,26,0
Eunápolis,Eunápolis,2020-09-01,2676,29,27,1
Eunápolis,Eunápolis,2020-09-02,2687,11,27,0
Eunápolis,Eunápolis,2020-09-03,2720,33,29,2
Eunápolis,Eunápolis,2020-09-04,2743,23,29,0
Eunápolis,Eunápolis,2020-09-05,2763,20,30,1
Eunápolis,Eunápolis,2020-09-06,2772,9,31,1
Eunápolis,Eunápolis,2020-09-07,2777,5,31,0
Eunápolis,Eunápolis,2020-09-08,2792,15,38,7
Eunápolis,Eunápolis,2020-09-09,2800,8,53,15
Eunápolis,Eunápolis,2020-09-10,2806,6,53,0
Eunápolis,Eunápolis,2020-09-11,2812,6,53,0
Eunápolis,Eunápolis,2020-09-12,2838,26,54,1
Eunápolis,Eunápolis,2020-09-13,2848,10,54,0
Eunápolis,Eunápolis,2020-09-14,2862,14,55,1
Eunápolis,Eunápolis,2020-09-15,2874,12,55,0
Eunápolis,Eunápolis,2020-09-16,2889,15,55,0
Eunápolis,Eunápolis,2020-09-17,2895,6,56,1
Eunápolis,Eunápolis,2020-09-18,2924,29,56,0
Eunápolis,Eunápolis,2020-09-19,2927,3,56,0
Eunápolis,Eunápolis,2020-09-20,2938,11,56,0
Eunápolis,Eunápolis,2020-09-21,2971,33,56,0
Eunápolis,Eunápolis,2020-09-22,2981,10,56,0
Eunápolis,Eunápolis,2020-09-23,2988,7,56,0
Eunápolis,Eunápolis,2020-09-24,2994,6,56,0
Eunápolis,Eunápolis,2020-09-25,2997,3,56,0
Eunápolis,Eunápolis,2020-09-26,3017,20,59,3
Eunápolis,Eunápolis,2020-09-27,3053,36,63,4
Eunápolis,Eunápolis,2020-09-28,3054,1,64,1
Eunápolis,Eunápolis,2020-09-29,3066,12,64,0
Eunápolis,Eunápolis,2020-09-30,3091,25,66,2
Eunápolis,Eunápolis,2020-10-01,3107,16,67,1
Eunápolis,Eunápolis,2020-10-02,3115,8,67,0
Eunápolis,Eunápolis,2020-10-03,3126,11,67,0
Eunápolis,Eunápolis,2020-10-04,3149,23,67,0
Eunápolis,Eunápolis,2020-10-05,3149,0,67,0
Eunápolis,Eunápolis,2020-10-06,3162,13,68,1
Eunápolis,Eunápolis,2020-10-07,3169,7,69,1
Eunápolis,Eunápolis,2020-10-08,3175,6,69,0
Eunápolis,Eunápolis,2020-10-09,3184,9,69,0
Eunápolis,Eunápolis,2020-10-10,3201,17,69,0
Eunápolis,Eunápolis,2020-10-11,3203,2,69,0
Eunápolis,Eunápolis,2020-10-12,3213,10,69,0
Eunápolis,Eunápolis,2020-10-13,3213,0,70,1
Eunápolis,Eunápolis,2020-10-14,3223,10,70,0
Eunápolis,Eunápolis,2020-10-15,3234,11,70,0
Eunápolis,Eunápolis,2020-10-16,3241,7,70,0
Eunápolis,Eunápolis,2020-10-17,3252,11,70,0
Eunápolis,Eunápolis,2020-10-18,3252,0,71,1
Eunápolis,Eunápolis,2020-10-19,3254,2,71,0
Eunápolis,Eunápolis,2020-10-20,3271,17,71,0
Eunápolis,Eunápolis,2020-10-21,3272,1,72,1
Eunápolis,Eunápolis,2020-10-22,3278,6,72,0
Eunápolis,Eunápolis,2020-10-23,3282,4,72,0
Eunápolis,Eunápolis,2020-10-24,3293,11,72,0
Eunápolis,Eunápolis,2020-10-25,3297,4,72,0
Eunápolis,Eunápolis,2020-10-26,3302,5,72,0
Eunápolis,Eunápolis,2020-10-27,3313,11,72,0
Eunápolis,Eunápolis,2020-10-28,3326,13,72,0
Eunápolis,Eunápolis,2020-10-29,3344,18,73,1
Eunápolis,Eunápolis,2020-10-30,3353,9,73,0
Eunápolis,Eunápolis,2020-10-31,3353,0,73,0
Eunápolis,Eunápolis,2020-11-01,3364,11,73,0
Eunápolis,Eunápolis,2020-11-02,3365,1,73,0
Eunápolis,Eunápolis,2020-11-03,3368,3,73,0
Eunápolis,Eunápolis,2020-11-04,3371,3,73,0
Eunápolis,Eunápolis,2020-11-05,3381,10,73,0
Eunápolis,Eunápolis,2020-11-06,3405,24,73,0
Eunápolis,Eunápolis,2020-11-07,3409,4,73,0
Eunápolis,Eunápolis,2020-11-08,3410,1,73,0
Eunápolis,Eunápolis,2020-11-09,3410,0,73,0
Eunápolis,Eunápolis,2020-11-10,3422,12,73,0
Eunápolis,Eunápolis,2020-11-11,3435,13,73,0
Eunápolis,Eunápolis,2020-11-12,3448,13,73,0
Eunápolis,Eunápolis,2020-11-13,3461,13,73,0
Eunápolis,Eunápolis,2020-11-14,3483,22,73,0
Eunápolis,Eunápolis,2020-11-15,3493,10,73,0
Eunápolis,Eunápolis,2020-11-16,3498,5,73,0
Eunápolis,Eunápolis,2020-11-17,3501,3,73,0
Eunápolis,Eunápolis,2020-11-18,3517,16,74,1
Eunápolis,Eunápolis,2020-11-19,3534,17,74,0
Eunápolis,Eunápolis,2020-11-20,3574,40,74,0
Eunápolis,Eunápolis,2020-11-21,3589,15,74,0
Eunápolis,Eunápolis,2020-11-22,3589,0,74,0
Eunápolis,Eunápolis,2020-11-23,3619,30,74,0
Eunápolis,Eunápolis,2020-11-24,3629,10,74,0
Eunápolis,Eunápolis,2020-11-25,3637,8,74,0
Eunápolis,Eunápolis,2020-11-26,3655,18,74,0
Eunápolis,Eunápolis,2020-11-27,3672,17,75,1
Eunápolis,Eunápolis,2020-11-28,3683,11,75,0
Eunápolis,Eunápolis,2020-11-29,3695,12,75,0
Eunápolis,Eunápolis,2020-11-30,3700,5,75,0
Eunápolis,Eunápolis,2020-12-01,3717,17,75,0
Eunápolis,Eunápolis,2020-12-02,3784,67,75,0
Eunápolis,Eunápolis,2020-12-03,3802,18,75,0
Eunápolis,Eunápolis,2020-12-04,3852,50,75,0
Eunápolis,Eunápolis,2020-12-05,3866,14,75,0
Eunápolis,Eunápolis,2020-12-06,3893,27,75,0
Eunápolis,Eunápolis,2020-12-07,3934,41,75,0
Eunápolis,Eunápolis,2020-12-08,3952,18,75,0
Eunápolis,Eunápolis,2020-12-09,3965,13,74,-1
Eunápolis,Eunápolis,2020-12-10,3991,26,74,0
Eunápolis,Eunápolis,2020-12-11,4015,24,74,0
Eunápolis,Eunápolis,2020-12-12,4047,32,74,0
Eunápolis,Eunápolis,2020-12-13,4051,4,74,0
Eunápolis,Eunápolis,2020-12-14,4078,27,74,0
Eunápolis,Eunápolis,2020-12-15,4107,29,74,0
Eunápolis,Eunápolis,2020-12-16,4123,16,74,0
Eunápolis,Eunápolis,2020-12-17,4134,11,74,0
Eunápolis,Eunápolis,2020-12-18,4172,38,74,0
Eunápolis,Eunápolis,2020-12-19,4179,7,74,0
Eunápolis,Eunápolis,2020-12-20,4186,7,74,0
Eunápolis,Eunápolis,2020-12-21,4192,6,74,0
Eunápolis,Eunápolis,2020-12-22,4201,9,74,0
Eunápolis,Eunápolis,2020-12-23,4239,38,74,0
Eunápolis,Eunápolis,2020-12-24,4289,50,74,0
Eunápolis,Eunápolis,2020-12-25,4296,7,74,0
Eunápolis,Eunápolis,2020-12-26,4321,25,74,0
Eunápolis,Eunápolis,2020-12-27,4339,18,74,0
Eunápolis,Eunápolis,2020-12-28,4347,8,74,0
Eunápolis,Eunápolis,2020-12-29,4375,28,74,0
Eunápolis,Eunápolis,2020-12-30,4423,48,74,0
Eunápolis,Eunápolis,2020-12-31,4455,32,74,0
Eunápolis,Eunápolis,2021-01-01,4464,9,75,1
Eunápolis,Eunápolis,2021-01-02,4466,2,75,0
Eunápolis,Eunápolis,2021-01-03,4466,0,75,0
Eunápolis,Eunápolis,2021-01-04,4474,8,75,0
Eunápolis,Eunápolis,2021-01-05,4492,18,76,1
Eunápolis,Eunápolis,2021-01-06,4506,14,77,1
Eunápolis,Eunápolis,2021-01-07,4548,42,79,2
Eunápolis,Eunápolis,2021-01-08,4570,22,79,0
Eunápolis,Eunápolis,2021-01-09,4585,15,80,1
Eunápolis,Eunápolis,2021-01-10,4588,3,80,0
Eunápolis,Eunápolis,2021-01-11,4593,5,80,0
Eunápolis,Eunápolis,2021-01-12,4600,7,80,0
Eunápolis,Eunápolis,2021-01-13,4652,52,80,0
Eunápolis,Eunápolis,2021-01-14,4672,20,80,0
Eunápolis,Eunápolis,2021-01-15,4705,33,80,0
Eunápolis,Eunápolis,2021-01-16,4729,24,81,1
Eunápolis,Eunápolis,2021-01-17,4753,24,82,1
Eunápolis,Eunápolis,2021-01-18,4770,17,82,0
Eunápolis,Eunápolis,2021-01-19,4782,12,82,0
Eunápolis,Eunápolis,2021-01-20,4825,43,82,0
Eunápolis,Eunápolis,2021-01-21,4865,40,82,0
Eunápolis,Eunápolis,2021-01-22,4895,30,83,1
Eunápolis,Eunápolis,2021-01-23,4911,16,83,0
Eunápolis,Eunápolis,2021-01-24,4933,22,83,0
Eunápolis,Eunápolis,2021-01-25,4967,34,84,1
Eunápolis,Eunápolis,2021-01-26,4974,7,84,0
Eunápolis,Eunápolis,2021-01-27,4999,25,84,0
Eunápolis,Eunápolis,2021-01-28,5009,10,84,0
Eunápolis,Eunápolis,2021-01-29,5035,26,84,0
Eunápolis,Eunápolis,2021-01-30,5073,38,84,0
Eunápolis,Eunápolis,2021-01-31,5104,31,84,0
Eunápolis,Eunápolis,2021-02-01,5105,1,85,1
Eunápolis,Eunápolis,2021-02-02,5133,28,85,0
Eunápolis,Eunápolis,2021-02-03,5149,16,85,0
Eunápolis,Eunápolis,2021-02-04,5206,57,85,0
Eunápolis,Eunápolis,2021-02-05,5250,44,85,0
Eunápolis,Eunápolis,2021-02-06,5265,15,85,0
Eunápolis,Eunápolis,2021-02-07,5290,25,85,0
Eunápolis,Eunápolis,2021-02-08,5300,10,86,1
