city,city,date,cases,daily cases,deaths,daily deaths
Extrema,Extrema,2020-03-27,0,0,0,0
Extrema,Extrema,2020-03-28,0,0,0,0
Extrema,Extrema,2020-03-29,1,1,0,0
Extrema,Extrema,2020-03-30,1,0,0,0
Extrema,Extrema,2020-03-31,1,0,0,0
Extrema,Extrema,2020-04-01,1,0,0,0
Extrema,Extrema,2020-04-02,1,0,0,0
Extrema,Extrema,2020-04-03,1,0,0,0
Extrema,Extrema,2020-04-04,1,0,0,0
Extrema,Extrema,2020-04-05,1,0,0,0
Extrema,Extrema,2020-04-06,1,0,0,0
Extrema,Extrema,2020-04-07,1,0,0,0
Extrema,Extrema,2020-04-08,2,1,0,0
Extrema,Extrema,2020-04-09,2,0,0,0
Extrema,Extrema,2020-04-10,2,0,0,0
Extrema,Extrema,2020-04-11,2,0,0,0
Extrema,Extrema,2020-04-12,5,3,0,0
Extrema,Extrema,2020-04-13,5,0,0,0
Extrema,Extrema,2020-04-14,5,0,0,0
Extrema,Extrema,2020-04-15,5,0,0,0
Extrema,Extrema,2020-04-16,10,5,0,0
Extrema,Extrema,2020-04-17,10,0,0,0
Extrema,Extrema,2020-04-18,12,2,0,0
Extrema,Extrema,2020-04-19,13,1,0,0
Extrema,Extrema,2020-04-20,16,3,1,1
Extrema,Extrema,2020-04-21,19,3,1,0
Extrema,Extrema,2020-04-22,20,1,1,0
Extrema,Extrema,2020-04-23,20,0,1,0
Extrema,Extrema,2020-04-24,21,1,1,0
Extrema,Extrema,2020-04-25,20,-1,1,0
Extrema,Extrema,2020-04-26,21,1,1,0
Extrema,Extrema,2020-04-27,21,0,1,0
Extrema,Extrema,2020-04-28,22,1,1,0
Extrema,Extrema,2020-04-29,27,5,1,0
Extrema,Extrema,2020-04-30,27,0,1,0
Extrema,Extrema,2020-05-01,27,0,1,0
Extrema,Extrema,2020-05-02,36,9,1,0
Extrema,Extrema,2020-05-03,36,0,1,0
Extrema,Extrema,2020-05-04,41,5,1,0
Extrema,Extrema,2020-05-05,42,1,1,0
Extrema,Extrema,2020-05-06,41,-1,2,1
Extrema,Extrema,2020-05-07,41,0,3,1
Extrema,Extrema,2020-05-08,41,0,3,0
Extrema,Extrema,2020-05-09,44,3,3,0
Extrema,Extrema,2020-05-10,46,2,3,0
Extrema,Extrema,2020-05-11,48,2,3,0
Extrema,Extrema,2020-05-12,48,0,3,0
Extrema,Extrema,2020-05-13,49,1,3,0
Extrema,Extrema,2020-05-14,56,7,3,0
Extrema,Extrema,2020-05-15,56,0,3,0
Extrema,Extrema,2020-05-16,57,1,3,0
Extrema,Extrema,2020-05-17,57,0,3,0
Extrema,Extrema,2020-05-18,57,0,3,0
Extrema,Extrema,2020-05-19,60,3,3,0
Extrema,Extrema,2020-05-20,62,2,3,0
Extrema,Extrema,2020-05-21,63,1,3,0
Extrema,Extrema,2020-05-22,68,5,3,0
Extrema,Extrema,2020-05-23,69,1,3,0
Extrema,Extrema,2020-05-24,70,1,3,0
Extrema,Extrema,2020-05-25,70,0,3,0
Extrema,Extrema,2020-05-26,77,7,3,0
Extrema,Extrema,2020-05-27,77,0,3,0
Extrema,Extrema,2020-05-28,79,2,3,0
Extrema,Extrema,2020-05-29,80,1,3,0
Extrema,Extrema,2020-05-30,84,4,3,0
Extrema,Extrema,2020-05-31,86,2,3,0
Extrema,Extrema,2020-06-01,86,0,3,0
Extrema,Extrema,2020-06-02,89,3,3,0
Extrema,Extrema,2020-06-03,102,13,3,0
Extrema,Extrema,2020-06-04,102,0,3,0
Extrema,Extrema,2020-06-05,115,13,3,0
Extrema,Extrema,2020-06-06,115,0,3,0
Extrema,Extrema,2020-06-07,163,48,4,1
Extrema,Extrema,2020-06-08,163,0,4,0
Extrema,Extrema,2020-06-09,182,19,4,0
Extrema,Extrema,2020-06-10,200,18,4,0
Extrema,Extrema,2020-06-11,206,6,4,0
Extrema,Extrema,2020-06-12,222,16,4,0
Extrema,Extrema,2020-06-13,224,2,4,0
Extrema,Extrema,2020-06-14,224,0,4,0
Extrema,Extrema,2020-06-15,224,0,4,0
Extrema,Extrema,2020-06-16,238,14,4,0
Extrema,Extrema,2020-06-17,238,0,4,0
Extrema,Extrema,2020-06-18,263,25,4,0
Extrema,Extrema,2020-06-19,263,0,4,0
Extrema,Extrema,2020-06-20,282,19,4,0
Extrema,Extrema,2020-06-21,282,0,4,0
Extrema,Extrema,2020-06-22,282,0,4,0
Extrema,Extrema,2020-06-23,290,8,4,0
Extrema,Extrema,2020-06-24,290,0,5,1
Extrema,Extrema,2020-06-25,290,0,5,0
Extrema,Extrema,2020-06-26,303,13,5,0
Extrema,Extrema,2020-06-27,310,7,5,0
Extrema,Extrema,2020-06-28,311,1,5,0
Extrema,Extrema,2020-06-29,313,2,5,0
Extrema,Extrema,2020-06-30,319,6,5,0
Extrema,Extrema,2020-07-01,338,19,5,0
Extrema,Extrema,2020-07-02,351,13,5,0
Extrema,Extrema,2020-07-03,393,42,5,0
Extrema,Extrema,2020-07-04,419,26,6,1
Extrema,Extrema,2020-07-05,419,0,6,0
Extrema,Extrema,2020-07-06,444,25,6,0
Extrema,Extrema,2020-07-07,453,9,6,0
Extrema,Extrema,2020-07-08,467,14,7,1
Extrema,Extrema,2020-07-09,475,8,7,0
Extrema,Extrema,2020-07-10,477,2,7,0
Extrema,Extrema,2020-07-11,480,3,7,0
Extrema,Extrema,2020-07-12,491,11,7,0
Extrema,Extrema,2020-07-13,492,1,7,0
Extrema,Extrema,2020-07-14,493,1,7,0
Extrema,Extrema,2020-07-15,517,24,7,0
Extrema,Extrema,2020-07-16,526,9,7,0
Extrema,Extrema,2020-07-17,551,25,7,0
Extrema,Extrema,2020-07-18,585,34,7,0
Extrema,Extrema,2020-07-19,615,30,7,0
Extrema,Extrema,2020-07-20,620,5,7,0
Extrema,Extrema,2020-07-21,649,29,7,0
Extrema,Extrema,2020-07-22,668,19,7,0
Extrema,Extrema,2020-07-23,719,51,8,1
Extrema,Extrema,2020-07-24,741,22,8,0
Extrema,Extrema,2020-07-25,766,25,8,0
Extrema,Extrema,2020-07-26,783,17,8,0
Extrema,Extrema,2020-07-27,784,1,8,0
Extrema,Extrema,2020-07-28,803,19,8,0
Extrema,Extrema,2020-07-29,826,23,8,0
Extrema,Extrema,2020-07-30,826,0,8,0
Extrema,Extrema,2020-07-31,880,54,8,0
Extrema,Extrema,2020-08-01,934,54,8,0
Extrema,Extrema,2020-08-02,956,22,8,0
Extrema,Extrema,2020-08-03,957,1,8,0
Extrema,Extrema,2020-08-04,961,4,8,0
Extrema,Extrema,2020-08-05,1000,39,8,0
Extrema,Extrema,2020-08-06,1011,11,7,-1
Extrema,Extrema,2020-08-07,1027,16,9,2
Extrema,Extrema,2020-08-08,1058,31,8,-1
Extrema,Extrema,2020-08-09,1090,32,8,0
Extrema,Extrema,2020-08-10,1092,2,9,1
Extrema,Extrema,2020-08-11,1116,24,9,0
Extrema,Extrema,2020-08-12,1135,19,9,0
Extrema,Extrema,2020-08-13,1135,0,11,2
Extrema,Extrema,2020-08-14,1198,63,12,1
Extrema,Extrema,2020-08-15,1234,36,12,0
Extrema,Extrema,2020-08-16,1249,15,12,0
Extrema,Extrema,2020-08-17,1266,17,12,0
Extrema,Extrema,2020-08-18,1287,21,12,0
Extrema,Extrema,2020-08-19,1327,40,13,1
Extrema,Extrema,2020-08-20,1375,48,13,0
Extrema,Extrema,2020-08-21,1406,31,13,0
Extrema,Extrema,2020-08-22,1406,0,13,0
Extrema,Extrema,2020-08-23,1464,58,13,0
Extrema,Extrema,2020-08-24,1470,6,13,0
Extrema,Extrema,2020-08-25,1470,0,14,1
Extrema,Extrema,2020-08-26,1500,30,15,1
Extrema,Extrema,2020-08-27,1566,66,15,0
Extrema,Extrema,2020-08-28,1566,0,15,0
Extrema,Extrema,2020-08-29,1637,71,15,0
Extrema,Extrema,2020-08-30,1642,5,15,0
Extrema,Extrema,2020-08-31,1643,1,15,0
Extrema,Extrema,2020-09-01,1657,14,15,0
Extrema,Extrema,2020-09-02,1701,44,19,4
Extrema,Extrema,2020-09-03,1730,29,17,-2
Extrema,Extrema,2020-09-04,1753,23,17,0
Extrema,Extrema,2020-09-05,1788,35,17,0
Extrema,Extrema,2020-09-06,1788,0,17,0
Extrema,Extrema,2020-09-07,1805,17,17,0
Extrema,Extrema,2020-09-08,1811,6,17,0
Extrema,Extrema,2020-09-09,1848,37,17,0
Extrema,Extrema,2020-09-10,1888,40,17,0
Extrema,Extrema,2020-09-11,1916,28,17,0
Extrema,Extrema,2020-09-12,1948,32,17,0
Extrema,Extrema,2020-09-13,1970,22,18,1
Extrema,Extrema,2020-09-14,1977,7,18,0
Extrema,Extrema,2020-09-15,1990,13,18,0
Extrema,Extrema,2020-09-16,2035,45,19,1
Extrema,Extrema,2020-09-17,2088,53,19,0
Extrema,Extrema,2020-09-18,2088,0,19,0
Extrema,Extrema,2020-09-19,2088,0,19,0
Extrema,Extrema,2020-09-20,2124,36,20,1
Extrema,Extrema,2020-09-21,2124,0,20,0
Extrema,Extrema,2020-09-22,2156,32,20,0
Extrema,Extrema,2020-09-23,2165,9,22,2
Extrema,Extrema,2020-09-24,2188,23,22,0
Extrema,Extrema,2020-09-25,2216,28,23,1
Extrema,Extrema,2020-09-26,2228,12,23,0
Extrema,Extrema,2020-09-27,2242,14,23,0
Extrema,Extrema,2020-09-28,2246,4,23,0
Extrema,Extrema,2020-09-29,2255,9,25,2
Extrema,Extrema,2020-09-30,2275,20,25,0
Extrema,Extrema,2020-10-01,2290,15,25,0
Extrema,Extrema,2020-10-02,2307,17,27,2
Extrema,Extrema,2020-10-03,2310,3,27,0
Extrema,Extrema,2020-10-04,2345,35,27,0
Extrema,Extrema,2020-10-05,2356,11,28,1
Extrema,Extrema,2020-10-06,2360,4,28,0
Extrema,Extrema,2020-10-07,2381,21,28,0
Extrema,Extrema,2020-10-08,2381,0,28,0
Extrema,Extrema,2020-10-09,2412,31,28,0
Extrema,Extrema,2020-10-10,2432,20,28,0
Extrema,Extrema,2020-10-11,2461,29,28,0
Extrema,Extrema,2020-10-12,2461,0,28,0
Extrema,Extrema,2020-10-13,2469,8,28,0
Extrema,Extrema,2020-10-14,2475,6,28,0
Extrema,Extrema,2020-10-15,2486,11,28,0
Extrema,Extrema,2020-10-16,2491,5,28,0
Extrema,Extrema,2020-10-17,2500,9,28,0
Extrema,Extrema,2020-10-18,2509,9,28,0
Extrema,Extrema,2020-10-19,2509,0,28,0
Extrema,Extrema,2020-10-20,2511,2,28,0
Extrema,Extrema,2020-10-21,2520,9,28,0
Extrema,Extrema,2020-10-22,2542,22,28,0
Extrema,Extrema,2020-10-23,2552,10,28,0
Extrema,Extrema,2020-10-24,2552,0,28,0
Extrema,Extrema,2020-10-25,2563,11,28,0
Extrema,Extrema,2020-10-26,2568,5,28,0
Extrema,Extrema,2020-10-27,2568,0,28,0
Extrema,Extrema,2020-10-28,2581,13,28,0
Extrema,Extrema,2020-10-29,2584,3,28,0
Extrema,Extrema,2020-10-30,2597,13,28,0
Extrema,Extrema,2020-10-31,2605,8,28,0
Extrema,Extrema,2020-11-01,2608,3,28,0
Extrema,Extrema,2020-11-02,2606,-2,28,0
Extrema,Extrema,2020-11-03,2606,0,28,0
Extrema,Extrema,2020-11-04,2615,9,28,0
Extrema,Extrema,2020-11-05,2640,25,28,0
Extrema,Extrema,2020-11-06,2645,5,28,0
Extrema,Extrema,2020-11-07,2669,24,28,0
Extrema,Extrema,2020-11-08,2686,17,28,0
Extrema,Extrema,2020-11-09,2692,6,28,0
Extrema,Extrema,2020-11-10,2713,21,28,0
Extrema,Extrema,2020-11-11,2745,32,28,0
Extrema,Extrema,2020-11-12,2767,22,28,0
Extrema,Extrema,2020-11-13,2773,6,28,0
Extrema,Extrema,2020-11-14,2781,8,28,0
Extrema,Extrema,2020-11-15,2812,31,28,0
Extrema,Extrema,2020-11-16,2812,0,28,0
Extrema,Extrema,2020-11-17,2812,0,28,0
Extrema,Extrema,2020-11-18,2853,41,28,0
Extrema,Extrema,2020-11-19,2853,0,28,0
Extrema,Extrema,2020-11-20,2893,40,28,0
Extrema,Extrema,2020-11-21,2924,31,28,0
Extrema,Extrema,2020-11-22,2963,39,28,0
Extrema,Extrema,2020-11-23,2973,10,28,0
Extrema,Extrema,2020-11-24,3010,37,28,0
Extrema,Extrema,2020-11-25,3033,23,29,1
Extrema,Extrema,2020-11-26,3052,19,30,1
Extrema,Extrema,2020-11-27,3052,0,30,0
Extrema,Extrema,2020-11-28,3062,10,30,0
Extrema,Extrema,2020-11-29,3078,16,30,0
Extrema,Extrema,2020-11-30,3078,0,30,0
Extrema,Extrema,2020-12-01,3088,10,30,0
Extrema,Extrema,2020-12-02,3109,21,30,0
Extrema,Extrema,2020-12-03,3116,7,30,0
Extrema,Extrema,2020-12-04,3126,10,30,0
Extrema,Extrema,2020-12-05,3140,14,30,0
Extrema,Extrema,2020-12-06,3148,8,30,0
Extrema,Extrema,2020-12-07,3148,0,30,0
Extrema,Extrema,2020-12-08,3158,10,30,0
Extrema,Extrema,2020-12-09,3175,17,30,0
Extrema,Extrema,2020-12-10,3184,9,30,0
Extrema,Extrema,2020-12-11,3190,6,30,0
Extrema,Extrema,2020-12-12,3201,11,30,0
Extrema,Extrema,2020-12-13,3213,12,30,0
Extrema,Extrema,2020-12-14,3220,7,30,0
Extrema,Extrema,2020-12-15,3220,0,30,0
Extrema,Extrema,2020-12-16,3253,33,31,1
Extrema,Extrema,2020-12-17,3269,16,32,1
Extrema,Extrema,2020-12-18,3293,24,33,1
Extrema,Extrema,2020-12-19,3305,12,33,0
Extrema,Extrema,2020-12-20,3323,18,34,1
Extrema,Extrema,2020-12-21,3323,0,34,0
Extrema,Extrema,2020-12-22,3337,14,34,0
Extrema,Extrema,2020-12-23,3337,0,34,0
Extrema,Extrema,2020-12-24,3388,51,34,0
Extrema,Extrema,2020-12-25,3407,19,34,0
Extrema,Extrema,2020-12-26,3415,8,34,0
Extrema,Extrema,2020-12-27,3415,0,34,0
Extrema,Extrema,2020-12-28,3419,4,34,0
Extrema,Extrema,2020-12-29,3419,0,34,0
Extrema,Extrema,2020-12-30,3452,33,34,0
Extrema,Extrema,2020-12-31,3501,49,34,0
Extrema,Extrema,2021-01-01,3526,25,34,0
Extrema,Extrema,2021-01-02,3537,11,34,0
Extrema,Extrema,2021-01-03,3540,3,34,0
Extrema,Extrema,2021-01-04,3540,0,34,0
Extrema,Extrema,2021-01-05,3549,9,34,0
Extrema,Extrema,2021-01-06,3589,40,34,0
Extrema,Extrema,2021-01-07,3589,0,34,0
Extrema,Extrema,2021-01-08,3664,75,34,0
Extrema,Extrema,2021-01-09,3664,0,34,0
Extrema,Extrema,2021-01-10,3700,36,34,0
Extrema,Extrema,2021-01-11,3713,13,34,0
Extrema,Extrema,2021-01-12,3713,0,34,0
Extrema,Extrema,2021-01-13,3727,14,34,0
Extrema,Extrema,2021-01-14,3747,20,34,0
Extrema,Extrema,2021-01-15,3766,19,34,0
Extrema,Extrema,2021-01-16,3813,47,34,0
Extrema,Extrema,2021-01-17,3856,43,34,0
Extrema,Extrema,2021-01-18,3856,0,34,0
Extrema,Extrema,2021-01-19,3873,17,34,0
Extrema,Extrema,2021-01-20,3926,53,34,0
Extrema,Extrema,2021-01-21,3977,51,34,0
Extrema,Extrema,2021-01-22,4005,28,34,0
Extrema,Extrema,2021-01-23,4036,31,34,0
Extrema,Extrema,2021-01-24,4086,50,34,0
Extrema,Extrema,2021-01-25,4106,20,34,0
Extrema,Extrema,2021-01-26,4106,0,34,0
Extrema,Extrema,2021-01-27,4106,0,34,0
Extrema,Extrema,2021-01-28,4186,80,34,0
Extrema,Extrema,2021-01-29,4230,44,36,2
Extrema,Extrema,2021-01-30,4281,51,41,5
Extrema,Extrema,2021-01-31,4307,26,42,1
Extrema,Extrema,2021-02-01,4322,15,42,0
Extrema,Extrema,2021-02-02,4322,0,42,0
Extrema,Extrema,2021-02-03,4374,52,42,0
Extrema,Extrema,2021-02-04,4374,0,42,0
Extrema,Extrema,2021-02-05,4480,106,43,1
Extrema,Extrema,2021-02-06,4516,36,46,3
Extrema,Extrema,2021-02-07,4540,24,46,0
Extrema,Extrema,2021-02-08,4550,10,50,4
