city,city,date,cases,daily cases,deaths,daily deaths
Feira de Santana,Feira de Santana,2020-03-27,0,0,0,0
Feira de Santana,Feira de Santana,2020-03-28,9,9,0,0
Feira de Santana,Feira de Santana,2020-03-29,9,0,0,0
Feira de Santana,Feira de Santana,2020-03-30,12,3,0,0
Feira de Santana,Feira de Santana,2020-03-31,17,5,0,0
Feira de Santana,Feira de Santana,2020-04-01,18,1,0,0
Feira de Santana,Feira de Santana,2020-04-02,21,3,0,0
Feira de Santana,Feira de Santana,2020-04-03,20,-1,0,0
Feira de Santana,Feira de Santana,2020-04-04,21,1,0,0
Feira de Santana,Feira de Santana,2020-04-05,25,4,0,0
Feira de Santana,Feira de Santana,2020-04-06,26,1,0,0
Feira de Santana,Feira de Santana,2020-04-07,32,6,0,0
Feira de Santana,Feira de Santana,2020-04-08,33,1,0,0
Feira de Santana,Feira de Santana,2020-04-09,39,6,0,0
Feira de Santana,Feira de Santana,2020-04-10,41,2,0,0
Feira de Santana,Feira de Santana,2020-04-11,42,1,0,0
Feira de Santana,Feira de Santana,2020-04-12,43,1,0,0
Feira de Santana,Feira de Santana,2020-04-13,45,2,0,0
Feira de Santana,Feira de Santana,2020-04-14,48,3,0,0
Feira de Santana,Feira de Santana,2020-04-15,50,2,0,0
Feira de Santana,Feira de Santana,2020-04-16,51,1,0,0
Feira de Santana,Feira de Santana,2020-04-17,52,1,0,0
Feira de Santana,Feira de Santana,2020-04-18,54,2,1,1
Feira de Santana,Feira de Santana,2020-04-19,54,0,1,0
Feira de Santana,Feira de Santana,2020-04-20,58,4,1,0
Feira de Santana,Feira de Santana,2020-04-21,61,3,1,0
Feira de Santana,Feira de Santana,2020-04-22,61,0,1,0
Feira de Santana,Feira de Santana,2020-04-23,63,2,1,0
Feira de Santana,Feira de Santana,2020-04-24,66,3,1,0
Feira de Santana,Feira de Santana,2020-04-25,66,0,1,0
Feira de Santana,Feira de Santana,2020-04-26,67,1,1,0
Feira de Santana,Feira de Santana,2020-04-27,67,0,1,0
Feira de Santana,Feira de Santana,2020-04-28,67,0,1,0
Feira de Santana,Feira de Santana,2020-04-29,86,19,1,0
Feira de Santana,Feira de Santana,2020-04-30,90,4,1,0
Feira de Santana,Feira de Santana,2020-05-01,87,-3,1,0
Feira de Santana,Feira de Santana,2020-05-02,88,1,1,0
Feira de Santana,Feira de Santana,2020-05-03,96,8,2,1
Feira de Santana,Feira de Santana,2020-05-04,97,1,2,0
Feira de Santana,Feira de Santana,2020-05-05,97,0,2,0
Feira de Santana,Feira de Santana,2020-05-06,102,5,2,0
Feira de Santana,Feira de Santana,2020-05-07,104,2,2,0
Feira de Santana,Feira de Santana,2020-05-08,107,3,2,0
Feira de Santana,Feira de Santana,2020-05-09,112,5,2,0
Feira de Santana,Feira de Santana,2020-05-10,117,5,2,0
Feira de Santana,Feira de Santana,2020-05-11,117,0,2,0
Feira de Santana,Feira de Santana,2020-05-12,129,12,2,0
Feira de Santana,Feira de Santana,2020-05-13,138,9,2,0
Feira de Santana,Feira de Santana,2020-05-14,138,0,2,0
Feira de Santana,Feira de Santana,2020-05-15,195,57,1,-1
Feira de Santana,Feira de Santana,2020-05-16,195,0,2,1
Feira de Santana,Feira de Santana,2020-05-17,207,12,1,-1
Feira de Santana,Feira de Santana,2020-05-18,213,6,1,0
Feira de Santana,Feira de Santana,2020-05-19,230,17,2,1
Feira de Santana,Feira de Santana,2020-05-20,252,22,3,1
Feira de Santana,Feira de Santana,2020-05-21,271,19,3,0
Feira de Santana,Feira de Santana,2020-05-22,311,40,3,0
Feira de Santana,Feira de Santana,2020-05-23,321,10,3,0
Feira de Santana,Feira de Santana,2020-05-24,354,33,3,0
Feira de Santana,Feira de Santana,2020-05-25,377,23,4,1
Feira de Santana,Feira de Santana,2020-05-26,408,31,4,0
Feira de Santana,Feira de Santana,2020-05-27,414,6,4,0
Feira de Santana,Feira de Santana,2020-05-28,427,13,4,0
Feira de Santana,Feira de Santana,2020-05-29,451,24,5,1
Feira de Santana,Feira de Santana,2020-05-30,462,11,5,0
Feira de Santana,Feira de Santana,2020-05-31,483,21,6,1
Feira de Santana,Feira de Santana,2020-06-01,515,32,6,0
Feira de Santana,Feira de Santana,2020-06-02,567,52,6,0
Feira de Santana,Feira de Santana,2020-06-03,613,46,6,0
Feira de Santana,Feira de Santana,2020-06-04,673,60,6,0
Feira de Santana,Feira de Santana,2020-06-05,763,90,6,0
Feira de Santana,Feira de Santana,2020-06-06,790,27,6,0
Feira de Santana,Feira de Santana,2020-06-07,813,23,7,1
Feira de Santana,Feira de Santana,2020-06-08,834,21,8,1
Feira de Santana,Feira de Santana,2020-06-09,867,33,9,1
Feira de Santana,Feira de Santana,2020-06-10,966,99,11,2
Feira de Santana,Feira de Santana,2020-06-11,991,25,11,0
Feira de Santana,Feira de Santana,2020-06-12,1013,22,13,2
Feira de Santana,Feira de Santana,2020-06-13,1013,0,17,4
Feira de Santana,Feira de Santana,2020-06-14,1023,10,19,2
Feira de Santana,Feira de Santana,2020-06-15,1065,42,26,7
Feira de Santana,Feira de Santana,2020-06-16,1177,112,28,2
Feira de Santana,Feira de Santana,2020-06-17,1206,29,28,0
Feira de Santana,Feira de Santana,2020-06-18,1259,53,30,2
Feira de Santana,Feira de Santana,2020-06-19,1276,17,31,1
Feira de Santana,Feira de Santana,2020-06-20,1335,59,31,0
Feira de Santana,Feira de Santana,2020-06-21,1385,50,31,0
Feira de Santana,Feira de Santana,2020-06-22,1471,86,37,6
Feira de Santana,Feira de Santana,2020-06-23,1627,156,37,0
Feira de Santana,Feira de Santana,2020-06-24,1715,88,38,1
Feira de Santana,Feira de Santana,2020-06-25,1781,66,41,3
Feira de Santana,Feira de Santana,2020-06-26,1874,93,44,3
Feira de Santana,Feira de Santana,2020-06-27,2962,1088,45,1
Feira de Santana,Feira de Santana,2020-06-28,3105,143,46,1
Feira de Santana,Feira de Santana,2020-06-29,3159,54,46,0
Feira de Santana,Feira de Santana,2020-06-30,3334,175,48,2
Feira de Santana,Feira de Santana,2020-07-01,3562,228,49,1
Feira de Santana,Feira de Santana,2020-07-02,3886,324,49,0
Feira de Santana,Feira de Santana,2020-07-03,4059,173,49,0
Feira de Santana,Feira de Santana,2020-07-04,4166,107,52,3
Feira de Santana,Feira de Santana,2020-07-05,4232,66,54,2
Feira de Santana,Feira de Santana,2020-07-06,4277,45,54,0
Feira de Santana,Feira de Santana,2020-07-07,4507,230,59,5
Feira de Santana,Feira de Santana,2020-07-08,4720,213,60,1
Feira de Santana,Feira de Santana,2020-07-09,4812,92,60,0
Feira de Santana,Feira de Santana,2020-07-10,4907,95,61,1
Feira de Santana,Feira de Santana,2020-07-11,5021,114,61,0
Feira de Santana,Feira de Santana,2020-07-12,5095,74,64,3
Feira de Santana,Feira de Santana,2020-07-13,5129,34,65,1
Feira de Santana,Feira de Santana,2020-07-14,5309,180,66,1
Feira de Santana,Feira de Santana,2020-07-15,5438,129,66,0
Feira de Santana,Feira de Santana,2020-07-16,5579,141,67,1
Feira de Santana,Feira de Santana,2020-07-17,5725,146,72,5
Feira de Santana,Feira de Santana,2020-07-18,5814,89,72,0
Feira de Santana,Feira de Santana,2020-07-19,6012,198,74,2
Feira de Santana,Feira de Santana,2020-07-20,6051,39,80,6
Feira de Santana,Feira de Santana,2020-07-21,6155,104,80,0
Feira de Santana,Feira de Santana,2020-07-22,6537,382,81,1
Feira de Santana,Feira de Santana,2020-07-23,6729,192,83,2
Feira de Santana,Feira de Santana,2020-07-24,6992,263,85,2
Feira de Santana,Feira de Santana,2020-07-25,7192,200,86,1
Feira de Santana,Feira de Santana,2020-07-26,7279,87,88,2
Feira de Santana,Feira de Santana,2020-07-27,7300,21,89,1
Feira de Santana,Feira de Santana,2020-07-28,7401,101,93,4
Feira de Santana,Feira de Santana,2020-07-29,7514,113,94,1
Feira de Santana,Feira de Santana,2020-07-30,7870,356,94,0
Feira de Santana,Feira de Santana,2020-07-31,8057,187,95,1
Feira de Santana,Feira de Santana,2020-08-01,8147,90,95,0
Feira de Santana,Feira de Santana,2020-08-02,8261,114,95,0
Feira de Santana,Feira de Santana,2020-08-03,8315,54,96,1
Feira de Santana,Feira de Santana,2020-08-04,8503,188,96,0
Feira de Santana,Feira de Santana,2020-08-05,8676,173,96,0
Feira de Santana,Feira de Santana,2020-08-06,8821,145,97,1
Feira de Santana,Feira de Santana,2020-08-07,8960,139,119,22
Feira de Santana,Feira de Santana,2020-08-08,9097,137,137,18
Feira de Santana,Feira de Santana,2020-08-09,9147,50,137,0
Feira de Santana,Feira de Santana,2020-08-10,9251,104,138,1
Feira de Santana,Feira de Santana,2020-08-11,9389,138,140,2
Feira de Santana,Feira de Santana,2020-08-12,9472,83,144,4
Feira de Santana,Feira de Santana,2020-08-13,9603,131,147,3
Feira de Santana,Feira de Santana,2020-08-14,9715,112,150,3
Feira de Santana,Feira de Santana,2020-08-15,9802,87,153,3
Feira de Santana,Feira de Santana,2020-08-16,9892,90,154,1
Feira de Santana,Feira de Santana,2020-08-17,9952,60,164,10
Feira de Santana,Feira de Santana,2020-08-18,10076,124,171,7
Feira de Santana,Feira de Santana,2020-08-19,10183,107,172,1
Feira de Santana,Feira de Santana,2020-08-20,10247,64,173,1
Feira de Santana,Feira de Santana,2020-08-21,10295,48,173,0
Feira de Santana,Feira de Santana,2020-08-22,10438,143,173,0
Feira de Santana,Feira de Santana,2020-08-23,10555,117,179,6
Feira de Santana,Feira de Santana,2020-08-24,10585,30,181,2
Feira de Santana,Feira de Santana,2020-08-25,10690,105,183,2
Feira de Santana,Feira de Santana,2020-08-26,10862,172,183,0
Feira de Santana,Feira de Santana,2020-08-27,10899,37,184,1
Feira de Santana,Feira de Santana,2020-08-28,11077,178,186,2
Feira de Santana,Feira de Santana,2020-08-29,11202,125,186,0
Feira de Santana,Feira de Santana,2020-08-30,11215,13,188,2
Feira de Santana,Feira de Santana,2020-08-31,11252,37,188,0
Feira de Santana,Feira de Santana,2020-09-01,11361,109,189,1
Feira de Santana,Feira de Santana,2020-09-02,11529,168,190,1
Feira de Santana,Feira de Santana,2020-09-03,11645,116,193,3
Feira de Santana,Feira de Santana,2020-09-04,11755,110,193,0
Feira de Santana,Feira de Santana,2020-09-05,11818,63,193,0
Feira de Santana,Feira de Santana,2020-09-06,11904,86,196,3
Feira de Santana,Feira de Santana,2020-09-07,11942,38,197,1
Feira de Santana,Feira de Santana,2020-09-08,11994,52,199,2
Feira de Santana,Feira de Santana,2020-09-09,12077,83,200,1
Feira de Santana,Feira de Santana,2020-09-10,12173,96,202,2
Feira de Santana,Feira de Santana,2020-09-11,12232,59,204,2
Feira de Santana,Feira de Santana,2020-09-12,12318,86,206,2
Feira de Santana,Feira de Santana,2020-09-13,12356,38,209,3
Feira de Santana,Feira de Santana,2020-09-14,12385,29,214,5
Feira de Santana,Feira de Santana,2020-09-15,12521,136,214,0
Feira de Santana,Feira de Santana,2020-09-16,12617,96,216,2
Feira de Santana,Feira de Santana,2020-09-17,12715,98,216,0
Feira de Santana,Feira de Santana,2020-09-18,12806,91,216,0
Feira de Santana,Feira de Santana,2020-09-19,12862,56,219,3
Feira de Santana,Feira de Santana,2020-09-20,12886,24,219,0
Feira de Santana,Feira de Santana,2020-09-21,12912,26,221,2
Feira de Santana,Feira de Santana,2020-09-22,13023,111,222,1
Feira de Santana,Feira de Santana,2020-09-23,13088,65,222,0
Feira de Santana,Feira de Santana,2020-09-24,13184,96,223,1
Feira de Santana,Feira de Santana,2020-09-25,13287,103,223,0
Feira de Santana,Feira de Santana,2020-09-26,13426,139,224,1
Feira de Santana,Feira de Santana,2020-09-27,13445,19,226,2
Feira de Santana,Feira de Santana,2020-09-28,13458,13,227,1
Feira de Santana,Feira de Santana,2020-09-29,13517,59,227,0
Feira de Santana,Feira de Santana,2020-09-30,13611,94,229,2
Feira de Santana,Feira de Santana,2020-10-01,13658,47,231,2
Feira de Santana,Feira de Santana,2020-10-02,13730,72,234,3
Feira de Santana,Feira de Santana,2020-10-03,13787,57,234,0
Feira de Santana,Feira de Santana,2020-10-04,13857,70,234,0
Feira de Santana,Feira de Santana,2020-10-05,13936,79,234,0
Feira de Santana,Feira de Santana,2020-10-06,14030,94,238,4
Feira de Santana,Feira de Santana,2020-10-07,14064,34,241,3
Feira de Santana,Feira de Santana,2020-10-08,14143,79,241,0
Feira de Santana,Feira de Santana,2020-10-09,14197,54,241,0
Feira de Santana,Feira de Santana,2020-10-10,14322,125,241,0
Feira de Santana,Feira de Santana,2020-10-11,14374,52,242,1
Feira de Santana,Feira de Santana,2020-10-12,14438,64,243,1
Feira de Santana,Feira de Santana,2020-10-13,14478,40,243,0
Feira de Santana,Feira de Santana,2020-10-14,14589,111,243,0
Feira de Santana,Feira de Santana,2020-10-15,14623,34,246,3
Feira de Santana,Feira de Santana,2020-10-16,14693,70,248,2
Feira de Santana,Feira de Santana,2020-10-17,14836,143,248,0
Feira de Santana,Feira de Santana,2020-10-18,14872,36,248,0
Feira de Santana,Feira de Santana,2020-10-19,14900,28,251,3
Feira de Santana,Feira de Santana,2020-10-20,15008,108,251,0
Feira de Santana,Feira de Santana,2020-10-21,15072,64,251,0
Feira de Santana,Feira de Santana,2020-10-22,15118,46,253,2
Feira de Santana,Feira de Santana,2020-10-23,15198,80,254,1
Feira de Santana,Feira de Santana,2020-10-24,15297,99,256,2
Feira de Santana,Feira de Santana,2020-10-25,15344,47,256,0
Feira de Santana,Feira de Santana,2020-10-26,15394,50,259,3
Feira de Santana,Feira de Santana,2020-10-27,15466,72,259,0
Feira de Santana,Feira de Santana,2020-10-28,15608,142,260,1
Feira de Santana,Feira de Santana,2020-10-29,15660,52,262,2
Feira de Santana,Feira de Santana,2020-10-30,15725,65,264,2
Feira de Santana,Feira de Santana,2020-10-31,15749,24,266,2
Feira de Santana,Feira de Santana,2020-11-01,15831,82,267,1
Feira de Santana,Feira de Santana,2020-11-02,15887,56,268,1
Feira de Santana,Feira de Santana,2020-11-03,15918,31,271,3
Feira de Santana,Feira de Santana,2020-11-04,16030,112,271,0
Feira de Santana,Feira de Santana,2020-11-05,16211,181,273,2
Feira de Santana,Feira de Santana,2020-11-06,16348,137,273,0
Feira de Santana,Feira de Santana,2020-11-07,16439,91,274,1
Feira de Santana,Feira de Santana,2020-11-08,16462,23,275,1
Feira de Santana,Feira de Santana,2020-11-09,16569,107,276,1
Feira de Santana,Feira de Santana,2020-11-10,16739,170,276,0
Feira de Santana,Feira de Santana,2020-11-11,16830,91,276,0
Feira de Santana,Feira de Santana,2020-11-12,16887,57,277,1
Feira de Santana,Feira de Santana,2020-11-13,17053,166,279,2
Feira de Santana,Feira de Santana,2020-11-14,17161,108,280,1
Feira de Santana,Feira de Santana,2020-11-15,17263,102,284,4
Feira de Santana,Feira de Santana,2020-11-16,17297,34,290,6
Feira de Santana,Feira de Santana,2020-11-17,17412,115,292,2
Feira de Santana,Feira de Santana,2020-11-18,17560,148,294,2
Feira de Santana,Feira de Santana,2020-11-19,17764,204,296,2
Feira de Santana,Feira de Santana,2020-11-20,17896,132,300,4
Feira de Santana,Feira de Santana,2020-11-21,18019,123,301,1
Feira de Santana,Feira de Santana,2020-11-22,18070,51,303,2
Feira de Santana,Feira de Santana,2020-11-23,18141,71,305,2
Feira de Santana,Feira de Santana,2020-11-24,18292,151,306,1
Feira de Santana,Feira de Santana,2020-11-25,18462,170,306,0
Feira de Santana,Feira de Santana,2020-11-26,18537,75,306,0
Feira de Santana,Feira de Santana,2020-11-27,18710,173,309,3
Feira de Santana,Feira de Santana,2020-11-28,18889,179,311,2
Feira de Santana,Feira de Santana,2020-11-29,19050,161,314,3
Feira de Santana,Feira de Santana,2020-11-30,19100,50,316,2
Feira de Santana,Feira de Santana,2020-12-01,19218,118,316,0
Feira de Santana,Feira de Santana,2020-12-02,19393,175,316,0
Feira de Santana,Feira de Santana,2020-12-03,19470,77,319,3
Feira de Santana,Feira de Santana,2020-12-04,19664,194,322,3
Feira de Santana,Feira de Santana,2020-12-05,19699,35,322,0
Feira de Santana,Feira de Santana,2020-12-06,19889,190,323,1
Feira de Santana,Feira de Santana,2020-12-07,20028,139,324,1
Feira de Santana,Feira de Santana,2020-12-08,20180,152,326,2
Feira de Santana,Feira de Santana,2020-12-09,20315,135,326,0
Feira de Santana,Feira de Santana,2020-12-10,20611,296,328,2
Feira de Santana,Feira de Santana,2020-12-11,20846,235,329,1
Feira de Santana,Feira de Santana,2020-12-12,20934,88,330,1
Feira de Santana,Feira de Santana,2020-12-13,21005,71,331,1
Feira de Santana,Feira de Santana,2020-12-14,21088,83,334,3
Feira de Santana,Feira de Santana,2020-12-15,21342,254,338,4
Feira de Santana,Feira de Santana,2020-12-16,21506,164,338,0
Feira de Santana,Feira de Santana,2020-12-17,21684,178,338,0
Feira de Santana,Feira de Santana,2020-12-18,21769,85,343,5
Feira de Santana,Feira de Santana,2020-12-19,21974,205,343,0
Feira de Santana,Feira de Santana,2020-12-20,22100,126,345,2
Feira de Santana,Feira de Santana,2020-12-21,22182,82,347,2
Feira de Santana,Feira de Santana,2020-12-22,22250,68,347,0
Feira de Santana,Feira de Santana,2020-12-23,22324,74,350,3
Feira de Santana,Feira de Santana,2020-12-24,22379,55,350,0
Feira de Santana,Feira de Santana,2020-12-25,22413,34,353,3
Feira de Santana,Feira de Santana,2020-12-26,22441,28,353,0
Feira de Santana,Feira de Santana,2020-12-27,22451,10,353,0
Feira de Santana,Feira de Santana,2020-12-28,22474,23,355,2
Feira de Santana,Feira de Santana,2020-12-29,22546,72,355,0
Feira de Santana,Feira de Santana,2020-12-30,22619,73,356,1
Feira de Santana,Feira de Santana,2020-12-31,22652,33,358,2
Feira de Santana,Feira de Santana,2021-01-01,22702,50,363,5
Feira de Santana,Feira de Santana,2021-01-02,22766,64,363,0
Feira de Santana,Feira de Santana,2021-01-03,22792,26,365,2
Feira de Santana,Feira de Santana,2021-01-04,22828,36,366,1
Feira de Santana,Feira de Santana,2021-01-05,22915,87,368,2
Feira de Santana,Feira de Santana,2021-01-06,22971,56,372,4
Feira de Santana,Feira de Santana,2021-01-07,23051,80,373,1
Feira de Santana,Feira de Santana,2021-01-08,23104,53,383,10
Feira de Santana,Feira de Santana,2021-01-09,23141,37,385,2
Feira de Santana,Feira de Santana,2021-01-10,23212,71,385,0
Feira de Santana,Feira de Santana,2021-01-11,23239,27,385,0
Feira de Santana,Feira de Santana,2021-01-12,23287,48,388,3
Feira de Santana,Feira de Santana,2021-01-13,23331,44,392,4
Feira de Santana,Feira de Santana,2021-01-14,23405,74,394,2
Feira de Santana,Feira de Santana,2021-01-15,23646,241,398,4
Feira de Santana,Feira de Santana,2021-01-16,23797,151,398,0
Feira de Santana,Feira de Santana,2021-01-17,24087,290,398,0
Feira de Santana,Feira de Santana,2021-01-18,24338,251,401,3
Feira de Santana,Feira de Santana,2021-01-19,24724,386,404,3
Feira de Santana,Feira de Santana,2021-01-20,25145,421,408,4
Feira de Santana,Feira de Santana,2021-01-21,25363,218,420,12
Feira de Santana,Feira de Santana,2021-01-22,25612,249,426,6
Feira de Santana,Feira de Santana,2021-01-23,25683,71,431,5
Feira de Santana,Feira de Santana,2021-01-24,25791,108,435,4
Feira de Santana,Feira de Santana,2021-01-25,25878,87,436,1
Feira de Santana,Feira de Santana,2021-01-26,25938,60,437,1
Feira de Santana,Feira de Santana,2021-01-27,26028,90,439,2
Feira de Santana,Feira de Santana,2021-01-28,26105,77,441,2
Feira de Santana,Feira de Santana,2021-01-29,26179,74,442,1
Feira de Santana,Feira de Santana,2021-01-30,26266,87,443,1
Feira de Santana,Feira de Santana,2021-01-31,26362,96,445,2
Feira de Santana,Feira de Santana,2021-02-01,26376,14,447,2
Feira de Santana,Feira de Santana,2021-02-02,26500,124,448,1
Feira de Santana,Feira de Santana,2021-02-03,26586,86,448,0
Feira de Santana,Feira de Santana,2021-02-04,26658,72,448,0
Feira de Santana,Feira de Santana,2021-02-05,26758,100,449,1
Feira de Santana,Feira de Santana,2021-02-06,26813,55,450,1
Feira de Santana,Feira de Santana,2021-02-07,26969,156,457,7
Feira de Santana,Feira de Santana,2021-02-08,27054,85,457,0
