city,city,date,cases,daily cases,deaths,daily deaths
Feliz,Feliz,2020-03-27,0,0,0,0
Feliz,Feliz,2020-03-28,0,0,0,0
Feliz,Feliz,2020-03-29,0,0,0,0
Feliz,Feliz,2020-03-30,0,0,0,0
Feliz,Feliz,2020-03-31,0,0,0,0
Feliz,Feliz,2020-04-01,0,0,0,0
Feliz,Feliz,2020-04-02,0,0,0,0
Feliz,Feliz,2020-04-03,0,0,0,0
Feliz,Feliz,2020-04-04,0,0,0,0
Feliz,Feliz,2020-04-05,0,0,0,0
Feliz,Feliz,2020-04-06,0,0,0,0
Feliz,Feliz,2020-04-07,0,0,0,0
Feliz,Feliz,2020-04-08,0,0,0,0
Feliz,Feliz,2020-04-09,0,0,0,0
Feliz,Feliz,2020-04-10,0,0,0,0
Feliz,Feliz,2020-04-11,0,0,0,0
Feliz,Feliz,2020-04-12,0,0,0,0
Feliz,Feliz,2020-04-13,0,0,0,0
Feliz,Feliz,2020-04-14,0,0,0,0
Feliz,Feliz,2020-04-15,0,0,0,0
Feliz,Feliz,2020-04-16,0,0,0,0
Feliz,Feliz,2020-04-17,0,0,0,0
Feliz,Feliz,2020-04-18,0,0,0,0
Feliz,Feliz,2020-04-19,0,0,0,0
Feliz,Feliz,2020-04-20,0,0,0,0
Feliz,Feliz,2020-04-21,0,0,0,0
Feliz,Feliz,2020-04-22,0,0,0,0
Feliz,Feliz,2020-04-23,0,0,0,0
Feliz,Feliz,2020-04-24,0,0,0,0
Feliz,Feliz,2020-04-25,0,0,0,0
Feliz,Feliz,2020-04-26,0,0,0,0
Feliz,Feliz,2020-04-27,0,0,0,0
Feliz,Feliz,2020-04-28,2,2,0,0
Feliz,Feliz,2020-04-29,2,0,0,0
Feliz,Feliz,2020-04-30,2,0,0,0
Feliz,Feliz,2020-05-01,2,0,0,0
Feliz,Feliz,2020-05-02,2,0,0,0
Feliz,Feliz,2020-05-03,2,0,0,0
Feliz,Feliz,2020-05-04,2,0,0,0
Feliz,Feliz,2020-05-05,2,0,0,0
Feliz,Feliz,2020-05-06,2,0,0,0
Feliz,Feliz,2020-05-07,2,0,0,0
Feliz,Feliz,2020-05-08,2,0,0,0
Feliz,Feliz,2020-05-09,2,0,0,0
Feliz,Feliz,2020-05-10,2,0,0,0
Feliz,Feliz,2020-05-11,2,0,0,0
Feliz,Feliz,2020-05-12,3,1,0,0
Feliz,Feliz,2020-05-13,3,0,0,0
Feliz,Feliz,2020-05-14,3,0,0,0
Feliz,Feliz,2020-05-15,5,2,0,0
Feliz,Feliz,2020-05-16,5,0,0,0
Feliz,Feliz,2020-05-17,3,-2,0,0
Feliz,Feliz,2020-05-18,3,0,0,0
Feliz,Feliz,2020-05-19,3,0,0,0
Feliz,Feliz,2020-05-20,4,1,0,0
Feliz,Feliz,2020-05-21,4,0,0,0
Feliz,Feliz,2020-05-22,4,0,0,0
Feliz,Feliz,2020-05-23,5,1,0,0
Feliz,Feliz,2020-05-24,6,1,0,0
Feliz,Feliz,2020-05-25,6,0,0,0
Feliz,Feliz,2020-05-26,6,0,0,0
Feliz,Feliz,2020-05-27,6,0,0,0
Feliz,Feliz,2020-05-28,8,2,0,0
Feliz,Feliz,2020-05-29,8,0,0,0
Feliz,Feliz,2020-05-30,9,1,0,0
Feliz,Feliz,2020-05-31,9,0,0,0
Feliz,Feliz,2020-06-01,9,0,0,0
Feliz,Feliz,2020-06-02,10,1,0,0
Feliz,Feliz,2020-06-03,10,0,0,0
Feliz,Feliz,2020-06-04,12,2,0,0
Feliz,Feliz,2020-06-05,12,0,0,0
Feliz,Feliz,2020-06-06,12,0,0,0
Feliz,Feliz,2020-06-07,12,0,0,0
Feliz,Feliz,2020-06-08,12,0,0,0
Feliz,Feliz,2020-06-09,12,0,0,0
Feliz,Feliz,2020-06-10,12,0,0,0
Feliz,Feliz,2020-06-11,12,0,0,0
Feliz,Feliz,2020-06-12,12,0,0,0
Feliz,Feliz,2020-06-13,12,0,0,0
Feliz,Feliz,2020-06-14,12,0,0,0
Feliz,Feliz,2020-06-15,13,1,0,0
Feliz,Feliz,2020-06-16,13,0,0,0
Feliz,Feliz,2020-06-17,13,0,0,0
Feliz,Feliz,2020-06-18,13,0,0,0
Feliz,Feliz,2020-06-19,14,1,0,0
Feliz,Feliz,2020-06-20,14,0,0,0
Feliz,Feliz,2020-06-21,14,0,0,0
Feliz,Feliz,2020-06-22,14,0,0,0
Feliz,Feliz,2020-06-23,15,1,0,0
Feliz,Feliz,2020-06-24,15,0,0,0
Feliz,Feliz,2020-06-25,16,1,0,0
Feliz,Feliz,2020-06-26,18,2,0,0
Feliz,Feliz,2020-06-27,18,0,0,0
Feliz,Feliz,2020-06-28,18,0,0,0
Feliz,Feliz,2020-06-29,18,0,0,0
Feliz,Feliz,2020-06-30,18,0,0,0
Feliz,Feliz,2020-07-01,21,3,0,0
Feliz,Feliz,2020-07-02,21,0,0,0
Feliz,Feliz,2020-07-03,20,-1,0,0
Feliz,Feliz,2020-07-04,21,1,0,0
Feliz,Feliz,2020-07-05,22,1,0,0
Feliz,Feliz,2020-07-06,22,0,0,0
Feliz,Feliz,2020-07-07,24,2,0,0
Feliz,Feliz,2020-07-08,27,3,0,0
Feliz,Feliz,2020-07-09,27,0,0,0
Feliz,Feliz,2020-07-10,29,2,0,0
Feliz,Feliz,2020-07-11,32,3,0,0
Feliz,Feliz,2020-07-12,32,0,0,0
Feliz,Feliz,2020-07-13,32,0,0,0
Feliz,Feliz,2020-07-14,36,4,0,0
Feliz,Feliz,2020-07-15,39,3,0,0
Feliz,Feliz,2020-07-16,41,2,0,0
Feliz,Feliz,2020-07-17,41,0,0,0
Feliz,Feliz,2020-07-18,41,0,0,0
Feliz,Feliz,2020-07-19,42,1,0,0
Feliz,Feliz,2020-07-20,42,0,0,0
Feliz,Feliz,2020-07-21,51,9,0,0
Feliz,Feliz,2020-07-22,55,4,0,0
Feliz,Feliz,2020-07-23,57,2,0,0
Feliz,Feliz,2020-07-24,59,2,0,0
Feliz,Feliz,2020-07-25,61,2,0,0
Feliz,Feliz,2020-07-26,61,0,0,0
Feliz,Feliz,2020-07-27,61,0,0,0
Feliz,Feliz,2020-07-28,65,4,0,0
Feliz,Feliz,2020-07-29,71,6,0,0
Feliz,Feliz,2020-07-30,75,4,0,0
Feliz,Feliz,2020-07-31,75,0,0,0
Feliz,Feliz,2020-08-01,80,5,0,0
Feliz,Feliz,2020-08-02,80,0,0,0
Feliz,Feliz,2020-08-03,80,0,0,0
Feliz,Feliz,2020-08-04,81,1,0,0
Feliz,Feliz,2020-08-05,88,7,0,0
Feliz,Feliz,2020-08-06,90,2,0,0
Feliz,Feliz,2020-08-07,90,0,0,0
Feliz,Feliz,2020-08-08,95,5,0,0
Feliz,Feliz,2020-08-09,95,0,0,0
Feliz,Feliz,2020-08-10,95,0,0,0
Feliz,Feliz,2020-08-11,99,4,0,0
Feliz,Feliz,2020-08-12,106,7,0,0
Feliz,Feliz,2020-08-13,110,4,0,0
Feliz,Feliz,2020-08-14,120,10,0,0
Feliz,Feliz,2020-08-15,121,1,0,0
Feliz,Feliz,2020-08-16,121,0,0,0
Feliz,Feliz,2020-08-17,121,0,0,0
Feliz,Feliz,2020-08-18,124,3,0,0
Feliz,Feliz,2020-08-19,131,7,0,0
Feliz,Feliz,2020-08-20,132,1,0,0
Feliz,Feliz,2020-08-21,133,1,0,0
Feliz,Feliz,2020-08-22,138,5,0,0
Feliz,Feliz,2020-08-23,142,4,0,0
Feliz,Feliz,2020-08-24,142,0,0,0
Feliz,Feliz,2020-08-25,148,6,0,0
Feliz,Feliz,2020-08-26,161,13,0,0
Feliz,Feliz,2020-08-27,171,10,0,0
Feliz,Feliz,2020-08-28,187,16,0,0
Feliz,Feliz,2020-08-29,193,6,0,0
Feliz,Feliz,2020-08-30,193,0,0,0
Feliz,Feliz,2020-08-31,194,1,0,0
Feliz,Feliz,2020-09-01,203,9,0,0
Feliz,Feliz,2020-09-02,210,7,0,0
Feliz,Feliz,2020-09-03,214,4,0,0
Feliz,Feliz,2020-09-04,225,11,0,0
Feliz,Feliz,2020-09-05,227,2,0,0
Feliz,Feliz,2020-09-06,228,1,0,0
Feliz,Feliz,2020-09-07,228,0,0,0
Feliz,Feliz,2020-09-08,229,1,0,0
Feliz,Feliz,2020-09-09,233,4,1,1
Feliz,Feliz,2020-09-10,237,4,1,0
Feliz,Feliz,2020-09-11,247,10,1,0
Feliz,Feliz,2020-09-12,247,0,1,0
Feliz,Feliz,2020-09-13,247,0,1,0
Feliz,Feliz,2020-09-14,248,1,1,0
Feliz,Feliz,2020-09-15,253,5,2,1
Feliz,Feliz,2020-09-16,256,3,2,0
Feliz,Feliz,2020-09-17,263,7,2,0
Feliz,Feliz,2020-09-18,269,6,2,0
Feliz,Feliz,2020-09-19,269,0,2,0
Feliz,Feliz,2020-09-20,269,0,2,0
Feliz,Feliz,2020-09-21,269,0,3,1
Feliz,Feliz,2020-09-22,274,5,3,0
Feliz,Feliz,2020-09-23,274,0,3,0
Feliz,Feliz,2020-09-24,274,0,3,0
Feliz,Feliz,2020-09-25,277,3,3,0
Feliz,Feliz,2020-09-26,281,4,3,0
Feliz,Feliz,2020-09-27,281,0,3,0
Feliz,Feliz,2020-09-28,281,0,3,0
Feliz,Feliz,2020-09-29,286,5,4,1
Feliz,Feliz,2020-09-30,288,2,4,0
Feliz,Feliz,2020-10-01,289,1,4,0
Feliz,Feliz,2020-10-02,293,4,4,0
Feliz,Feliz,2020-10-03,296,3,4,0
Feliz,Feliz,2020-10-04,296,0,4,0
Feliz,Feliz,2020-10-05,296,0,5,1
Feliz,Feliz,2020-10-06,300,4,5,0
Feliz,Feliz,2020-10-07,300,0,5,0
Feliz,Feliz,2020-10-08,302,2,5,0
Feliz,Feliz,2020-10-09,304,2,5,0
Feliz,Feliz,2020-10-10,308,4,5,0
Feliz,Feliz,2020-10-11,309,1,5,0
Feliz,Feliz,2020-10-12,309,0,5,0
Feliz,Feliz,2020-10-13,309,0,5,0
Feliz,Feliz,2020-10-14,314,5,5,0
Feliz,Feliz,2020-10-15,316,2,5,0
Feliz,Feliz,2020-10-16,325,9,5,0
Feliz,Feliz,2020-10-17,332,7,5,0
Feliz,Feliz,2020-10-18,332,0,5,0
Feliz,Feliz,2020-10-19,332,0,5,0
Feliz,Feliz,2020-10-20,337,5,5,0
Feliz,Feliz,2020-10-21,340,3,5,0
Feliz,Feliz,2020-10-22,343,3,5,0
Feliz,Feliz,2020-10-23,355,12,5,0
Feliz,Feliz,2020-10-24,357,2,5,0
Feliz,Feliz,2020-10-25,357,0,5,0
Feliz,Feliz,2020-10-26,359,2,5,0
Feliz,Feliz,2020-10-27,361,2,5,0
Feliz,Feliz,2020-10-28,363,2,5,0
Feliz,Feliz,2020-10-29,367,4,5,0
Feliz,Feliz,2020-10-30,367,0,5,0
Feliz,Feliz,2020-10-31,375,8,5,0
Feliz,Feliz,2020-11-01,375,0,5,0
Feliz,Feliz,2020-11-02,375,0,5,0
Feliz,Feliz,2020-11-03,375,0,5,0
Feliz,Feliz,2020-11-04,378,3,5,0
Feliz,Feliz,2020-11-05,379,1,5,0
Feliz,Feliz,2020-11-06,380,1,5,0
Feliz,Feliz,2020-11-07,382,2,5,0
Feliz,Feliz,2020-11-08,382,0,5,0
Feliz,Feliz,2020-11-09,382,0,5,0
Feliz,Feliz,2020-11-10,390,8,5,0
Feliz,Feliz,2020-11-11,393,3,5,0
Feliz,Feliz,2020-11-12,396,3,5,0
Feliz,Feliz,2020-11-13,396,0,5,0
Feliz,Feliz,2020-11-14,401,5,5,0
Feliz,Feliz,2020-11-15,401,0,5,0
Feliz,Feliz,2020-11-16,401,0,5,0
Feliz,Feliz,2020-11-17,406,5,5,0
Feliz,Feliz,2020-11-18,410,4,5,0
Feliz,Feliz,2020-11-19,412,2,5,0
Feliz,Feliz,2020-11-20,413,1,5,0
Feliz,Feliz,2020-11-21,422,9,5,0
Feliz,Feliz,2020-11-22,425,3,5,0
Feliz,Feliz,2020-11-23,425,0,5,0
Feliz,Feliz,2020-11-24,428,3,5,0
Feliz,Feliz,2020-11-25,433,5,5,0
Feliz,Feliz,2020-11-26,434,1,5,0
Feliz,Feliz,2020-11-27,435,1,5,0
Feliz,Feliz,2020-11-28,451,16,5,0
Feliz,Feliz,2020-11-29,458,7,5,0
Feliz,Feliz,2020-11-30,458,0,5,0
Feliz,Feliz,2020-12-01,463,5,5,0
Feliz,Feliz,2020-12-02,477,14,5,0
Feliz,Feliz,2020-12-03,489,12,5,0
Feliz,Feliz,2020-12-04,498,9,5,0
Feliz,Feliz,2020-12-05,516,18,5,0
Feliz,Feliz,2020-12-06,523,7,5,0
Feliz,Feliz,2020-12-07,529,6,5,0
Feliz,Feliz,2020-12-08,537,8,5,0
Feliz,Feliz,2020-12-09,554,17,5,0
Feliz,Feliz,2020-12-10,563,9,5,0
Feliz,Feliz,2020-12-11,574,11,5,0
Feliz,Feliz,2020-12-12,580,6,5,0
Feliz,Feliz,2020-12-13,579,-1,5,0
Feliz,Feliz,2020-12-14,579,0,5,0
Feliz,Feliz,2020-12-15,582,3,6,1
Feliz,Feliz,2020-12-16,590,8,6,0
Feliz,Feliz,2020-12-17,596,6,6,0
Feliz,Feliz,2020-12-18,613,17,6,0
Feliz,Feliz,2020-12-19,628,15,6,0
Feliz,Feliz,2020-12-20,628,0,6,0
Feliz,Feliz,2020-12-21,630,2,6,0
Feliz,Feliz,2020-12-22,642,12,6,0
Feliz,Feliz,2020-12-23,642,0,6,0
Feliz,Feliz,2020-12-24,659,17,6,0
Feliz,Feliz,2020-12-25,659,0,6,0
Feliz,Feliz,2020-12-26,659,0,6,0
Feliz,Feliz,2020-12-27,665,6,6,0
Feliz,Feliz,2020-12-28,665,0,6,0
Feliz,Feliz,2020-12-29,669,4,6,0
Feliz,Feliz,2020-12-30,676,7,6,0
Feliz,Feliz,2020-12-31,676,0,6,0
Feliz,Feliz,2021-01-01,676,0,6,0
Feliz,Feliz,2021-01-02,676,0,6,0
Feliz,Feliz,2021-01-03,676,0,6,0
Feliz,Feliz,2021-01-04,676,0,6,0
Feliz,Feliz,2021-01-05,682,6,6,0
Feliz,Feliz,2021-01-06,684,2,6,0
Feliz,Feliz,2021-01-07,690,6,6,0
Feliz,Feliz,2021-01-08,692,2,6,0
Feliz,Feliz,2021-01-09,695,3,6,0
Feliz,Feliz,2021-01-10,698,3,6,0
Feliz,Feliz,2021-01-11,699,1,6,0
Feliz,Feliz,2021-01-12,703,4,6,0
Feliz,Feliz,2021-01-13,710,7,6,0
Feliz,Feliz,2021-01-14,715,5,6,0
Feliz,Feliz,2021-01-15,719,4,6,0
Feliz,Feliz,2021-01-16,720,1,6,0
Feliz,Feliz,2021-01-17,720,0,6,0
Feliz,Feliz,2021-01-18,720,0,6,0
Feliz,Feliz,2021-01-19,723,3,6,0
Feliz,Feliz,2021-01-20,724,1,6,0
Feliz,Feliz,2021-01-21,729,5,6,0
Feliz,Feliz,2021-01-22,732,3,6,0
Feliz,Feliz,2021-01-23,735,3,7,1
Feliz,Feliz,2021-01-24,735,0,7,0
Feliz,Feliz,2021-01-25,735,0,7,0
Feliz,Feliz,2021-01-26,744,9,7,0
Feliz,Feliz,2021-01-27,765,21,7,0
Feliz,Feliz,2021-01-28,771,6,7,0
Feliz,Feliz,2021-01-29,775,4,7,0
Feliz,Feliz,2021-01-30,781,6,7,0
Feliz,Feliz,2021-01-31,781,0,7,0
Feliz,Feliz,2021-02-01,783,2,7,0
Feliz,Feliz,2021-02-02,798,15,7,0
Feliz,Feliz,2021-02-03,811,13,7,0
Feliz,Feliz,2021-02-04,824,13,7,0
Feliz,Feliz,2021-02-05,835,11,7,0
Feliz,Feliz,2021-02-06,845,10,7,0
Feliz,Feliz,2021-02-07,845,0,7,0
Feliz,Feliz,2021-02-08,845,0,7,0
