city,city,date,cases,daily cases,deaths,daily deaths
Ferreira Gomes,Ferreira Gomes,2020-03-27,0,0,0,0
Ferreira Gomes,Ferreira Gomes,2020-03-28,0,0,0,0
Ferreira Gomes,Ferreira Gomes,2020-03-29,0,0,0,0
Ferreira Gomes,Ferreira Gomes,2020-03-30,0,0,0,0
Ferreira Gomes,Ferreira Gomes,2020-03-31,0,0,0,0
Ferreira Gomes,Ferreira Gomes,2020-04-01,0,0,0,0
Ferreira Gomes,Ferreira Gomes,2020-04-02,0,0,0,0
Ferreira Gomes,Ferreira Gomes,2020-04-03,0,0,0,0
Ferreira Gomes,Ferreira Gomes,2020-04-04,0,0,0,0
Ferreira Gomes,Ferreira Gomes,2020-04-05,0,0,0,0
Ferreira Gomes,Ferreira Gomes,2020-04-06,0,0,0,0
Ferreira Gomes,Ferreira Gomes,2020-04-07,0,0,0,0
Ferreira Gomes,Ferreira Gomes,2020-04-08,0,0,0,0
Ferreira Gomes,Ferreira Gomes,2020-04-09,0,0,0,0
Ferreira Gomes,Ferreira Gomes,2020-04-10,0,0,0,0
Ferreira Gomes,Ferreira Gomes,2020-04-11,0,0,0,0
Ferreira Gomes,Ferreira Gomes,2020-04-12,0,0,0,0
Ferreira Gomes,Ferreira Gomes,2020-04-13,0,0,0,0
Ferreira Gomes,Ferreira Gomes,2020-04-14,0,0,0,0
Ferreira Gomes,Ferreira Gomes,2020-04-15,0,0,0,0
Ferreira Gomes,Ferreira Gomes,2020-04-16,0,0,0,0
Ferreira Gomes,Ferreira Gomes,2020-04-17,0,0,0,0
Ferreira Gomes,Ferreira Gomes,2020-04-18,0,0,0,0
Ferreira Gomes,Ferreira Gomes,2020-04-19,0,0,0,0
Ferreira Gomes,Ferreira Gomes,2020-04-20,0,0,0,0
Ferreira Gomes,Ferreira Gomes,2020-04-21,0,0,0,0
Ferreira Gomes,Ferreira Gomes,2020-04-22,0,0,0,0
Ferreira Gomes,Ferreira Gomes,2020-04-23,0,0,0,0
Ferreira Gomes,Ferreira Gomes,2020-04-24,0,0,0,0
Ferreira Gomes,Ferreira Gomes,2020-04-25,0,0,0,0
Ferreira Gomes,Ferreira Gomes,2020-04-26,0,0,0,0
Ferreira Gomes,Ferreira Gomes,2020-04-27,0,0,0,0
Ferreira Gomes,Ferreira Gomes,2020-04-28,0,0,0,0
Ferreira Gomes,Ferreira Gomes,2020-04-29,0,0,0,0
Ferreira Gomes,Ferreira Gomes,2020-04-30,0,0,0,0
Ferreira Gomes,Ferreira Gomes,2020-05-01,0,0,0,0
Ferreira Gomes,Ferreira Gomes,2020-05-02,1,1,0,0
Ferreira Gomes,Ferreira Gomes,2020-05-03,1,0,0,0
Ferreira Gomes,Ferreira Gomes,2020-05-04,1,0,0,0
Ferreira Gomes,Ferreira Gomes,2020-05-05,1,0,0,0
Ferreira Gomes,Ferreira Gomes,2020-05-06,2,1,0,0
Ferreira Gomes,Ferreira Gomes,2020-05-07,3,1,1,1
Ferreira Gomes,Ferreira Gomes,2020-05-08,3,0,1,0
Ferreira Gomes,Ferreira Gomes,2020-05-09,4,1,1,0
Ferreira Gomes,Ferreira Gomes,2020-05-10,4,0,1,0
Ferreira Gomes,Ferreira Gomes,2020-05-11,4,0,1,0
Ferreira Gomes,Ferreira Gomes,2020-05-12,6,2,1,0
Ferreira Gomes,Ferreira Gomes,2020-05-13,10,4,1,0
Ferreira Gomes,Ferreira Gomes,2020-05-14,11,1,1,0
Ferreira Gomes,Ferreira Gomes,2020-05-15,14,3,1,0
Ferreira Gomes,Ferreira Gomes,2020-05-16,18,4,1,0
Ferreira Gomes,Ferreira Gomes,2020-05-17,18,0,1,0
Ferreira Gomes,Ferreira Gomes,2020-05-18,18,0,1,0
Ferreira Gomes,Ferreira Gomes,2020-05-19,18,0,1,0
Ferreira Gomes,Ferreira Gomes,2020-05-20,40,22,2,1
Ferreira Gomes,Ferreira Gomes,2020-05-21,40,0,2,0
Ferreira Gomes,Ferreira Gomes,2020-05-22,49,9,2,0
Ferreira Gomes,Ferreira Gomes,2020-05-23,54,5,2,0
Ferreira Gomes,Ferreira Gomes,2020-05-24,54,0,2,0
Ferreira Gomes,Ferreira Gomes,2020-05-25,54,0,2,0
Ferreira Gomes,Ferreira Gomes,2020-05-26,66,12,2,0
Ferreira Gomes,Ferreira Gomes,2020-05-27,69,3,2,0
Ferreira Gomes,Ferreira Gomes,2020-05-28,75,6,2,0
Ferreira Gomes,Ferreira Gomes,2020-05-29,85,10,2,0
Ferreira Gomes,Ferreira Gomes,2020-05-30,85,0,2,0
Ferreira Gomes,Ferreira Gomes,2020-05-31,85,0,2,0
Ferreira Gomes,Ferreira Gomes,2020-06-01,93,8,2,0
Ferreira Gomes,Ferreira Gomes,2020-06-02,110,17,2,0
Ferreira Gomes,Ferreira Gomes,2020-06-03,115,5,2,0
Ferreira Gomes,Ferreira Gomes,2020-06-04,123,8,2,0
Ferreira Gomes,Ferreira Gomes,2020-06-05,141,18,2,0
Ferreira Gomes,Ferreira Gomes,2020-06-06,142,1,2,0
Ferreira Gomes,Ferreira Gomes,2020-06-07,143,1,2,0
Ferreira Gomes,Ferreira Gomes,2020-06-08,149,6,2,0
Ferreira Gomes,Ferreira Gomes,2020-06-09,161,12,2,0
Ferreira Gomes,Ferreira Gomes,2020-06-10,166,5,2,0
Ferreira Gomes,Ferreira Gomes,2020-06-11,175,9,2,0
Ferreira Gomes,Ferreira Gomes,2020-06-12,176,1,2,0
Ferreira Gomes,Ferreira Gomes,2020-06-13,178,2,2,0
Ferreira Gomes,Ferreira Gomes,2020-06-14,178,0,2,0
Ferreira Gomes,Ferreira Gomes,2020-06-15,189,11,2,0
Ferreira Gomes,Ferreira Gomes,2020-06-16,190,1,2,0
Ferreira Gomes,Ferreira Gomes,2020-06-17,191,1,2,0
Ferreira Gomes,Ferreira Gomes,2020-06-18,204,13,2,0
Ferreira Gomes,Ferreira Gomes,2020-06-19,265,61,2,0
Ferreira Gomes,Ferreira Gomes,2020-06-20,271,6,2,0
Ferreira Gomes,Ferreira Gomes,2020-06-21,273,2,2,0
Ferreira Gomes,Ferreira Gomes,2020-06-22,275,2,2,0
Ferreira Gomes,Ferreira Gomes,2020-06-23,275,0,2,0
Ferreira Gomes,Ferreira Gomes,2020-06-24,281,6,2,0
Ferreira Gomes,Ferreira Gomes,2020-06-25,281,0,2,0
Ferreira Gomes,Ferreira Gomes,2020-06-26,283,2,2,0
Ferreira Gomes,Ferreira Gomes,2020-06-27,283,0,2,0
Ferreira Gomes,Ferreira Gomes,2020-06-28,283,0,2,0
Ferreira Gomes,Ferreira Gomes,2020-06-29,285,2,2,0
Ferreira Gomes,Ferreira Gomes,2020-06-30,288,3,2,0
Ferreira Gomes,Ferreira Gomes,2020-07-01,295,7,2,0
Ferreira Gomes,Ferreira Gomes,2020-07-02,303,8,2,0
Ferreira Gomes,Ferreira Gomes,2020-07-03,312,9,2,0
Ferreira Gomes,Ferreira Gomes,2020-07-04,315,3,2,0
Ferreira Gomes,Ferreira Gomes,2020-07-05,315,0,2,0
Ferreira Gomes,Ferreira Gomes,2020-07-06,318,3,2,0
Ferreira Gomes,Ferreira Gomes,2020-07-07,335,17,2,0
Ferreira Gomes,Ferreira Gomes,2020-07-08,347,12,2,0
Ferreira Gomes,Ferreira Gomes,2020-07-09,361,14,2,0
Ferreira Gomes,Ferreira Gomes,2020-07-10,374,13,2,0
Ferreira Gomes,Ferreira Gomes,2020-07-11,385,11,2,0
Ferreira Gomes,Ferreira Gomes,2020-07-12,385,0,2,0
Ferreira Gomes,Ferreira Gomes,2020-07-13,388,3,2,0
Ferreira Gomes,Ferreira Gomes,2020-07-14,393,5,2,0
Ferreira Gomes,Ferreira Gomes,2020-07-15,403,10,2,0
Ferreira Gomes,Ferreira Gomes,2020-07-16,414,11,2,0
Ferreira Gomes,Ferreira Gomes,2020-07-17,426,12,2,0
Ferreira Gomes,Ferreira Gomes,2020-07-18,428,2,2,0
Ferreira Gomes,Ferreira Gomes,2020-07-19,428,0,2,0
Ferreira Gomes,Ferreira Gomes,2020-07-20,453,25,2,0
Ferreira Gomes,Ferreira Gomes,2020-07-21,465,12,2,0
Ferreira Gomes,Ferreira Gomes,2020-07-22,477,12,2,0
Ferreira Gomes,Ferreira Gomes,2020-07-23,485,8,2,0
Ferreira Gomes,Ferreira Gomes,2020-07-24,490,5,2,0
Ferreira Gomes,Ferreira Gomes,2020-07-25,492,2,2,0
Ferreira Gomes,Ferreira Gomes,2020-07-26,492,0,2,0
Ferreira Gomes,Ferreira Gomes,2020-07-27,494,2,2,0
Ferreira Gomes,Ferreira Gomes,2020-07-28,500,6,2,0
Ferreira Gomes,Ferreira Gomes,2020-07-29,509,9,2,0
Ferreira Gomes,Ferreira Gomes,2020-07-30,509,0,2,0
Ferreira Gomes,Ferreira Gomes,2020-07-31,509,0,2,0
Ferreira Gomes,Ferreira Gomes,2020-08-01,509,0,2,0
Ferreira Gomes,Ferreira Gomes,2020-08-02,509,0,2,0
Ferreira Gomes,Ferreira Gomes,2020-08-03,512,3,2,0
Ferreira Gomes,Ferreira Gomes,2020-08-04,513,1,2,0
Ferreira Gomes,Ferreira Gomes,2020-08-05,516,3,3,1
Ferreira Gomes,Ferreira Gomes,2020-08-06,516,0,3,0
Ferreira Gomes,Ferreira Gomes,2020-08-07,517,1,3,0
Ferreira Gomes,Ferreira Gomes,2020-08-08,517,0,3,0
Ferreira Gomes,Ferreira Gomes,2020-08-09,517,0,3,0
Ferreira Gomes,Ferreira Gomes,2020-08-10,518,1,3,0
Ferreira Gomes,Ferreira Gomes,2020-08-11,520,2,3,0
Ferreira Gomes,Ferreira Gomes,2020-08-12,526,6,3,0
Ferreira Gomes,Ferreira Gomes,2020-08-13,529,3,3,0
Ferreira Gomes,Ferreira Gomes,2020-08-14,529,0,3,0
Ferreira Gomes,Ferreira Gomes,2020-08-15,529,0,3,0
Ferreira Gomes,Ferreira Gomes,2020-08-16,529,0,3,0
Ferreira Gomes,Ferreira Gomes,2020-08-17,531,2,3,0
Ferreira Gomes,Ferreira Gomes,2020-08-18,532,1,3,0
Ferreira Gomes,Ferreira Gomes,2020-08-19,533,1,3,0
Ferreira Gomes,Ferreira Gomes,2020-08-20,535,2,3,0
Ferreira Gomes,Ferreira Gomes,2020-08-21,535,0,3,0
Ferreira Gomes,Ferreira Gomes,2020-08-22,535,0,3,0
Ferreira Gomes,Ferreira Gomes,2020-08-23,535,0,3,0
Ferreira Gomes,Ferreira Gomes,2020-08-24,535,0,3,0
Ferreira Gomes,Ferreira Gomes,2020-08-25,535,0,3,0
Ferreira Gomes,Ferreira Gomes,2020-08-26,537,2,3,0
Ferreira Gomes,Ferreira Gomes,2020-08-27,538,1,3,0
Ferreira Gomes,Ferreira Gomes,2020-08-28,539,1,3,0
Ferreira Gomes,Ferreira Gomes,2020-08-29,539,0,3,0
Ferreira Gomes,Ferreira Gomes,2020-08-30,539,0,3,0
Ferreira Gomes,Ferreira Gomes,2020-08-31,539,0,3,0
Ferreira Gomes,Ferreira Gomes,2020-09-01,540,1,3,0
Ferreira Gomes,Ferreira Gomes,2020-09-02,540,0,3,0
Ferreira Gomes,Ferreira Gomes,2020-09-03,543,3,3,0
Ferreira Gomes,Ferreira Gomes,2020-09-04,545,2,3,0
Ferreira Gomes,Ferreira Gomes,2020-09-05,546,1,3,0
Ferreira Gomes,Ferreira Gomes,2020-09-06,546,0,3,0
Ferreira Gomes,Ferreira Gomes,2020-09-07,546,0,3,0
Ferreira Gomes,Ferreira Gomes,2020-09-08,547,1,3,0
Ferreira Gomes,Ferreira Gomes,2020-09-09,547,0,3,0
Ferreira Gomes,Ferreira Gomes,2020-09-10,549,2,3,0
Ferreira Gomes,Ferreira Gomes,2020-09-11,549,0,3,0
Ferreira Gomes,Ferreira Gomes,2020-09-12,549,0,3,0
Ferreira Gomes,Ferreira Gomes,2020-09-13,549,0,3,0
Ferreira Gomes,Ferreira Gomes,2020-09-14,549,0,3,0
Ferreira Gomes,Ferreira Gomes,2020-09-15,551,2,3,0
Ferreira Gomes,Ferreira Gomes,2020-09-16,551,0,3,0
Ferreira Gomes,Ferreira Gomes,2020-09-17,553,2,3,0
Ferreira Gomes,Ferreira Gomes,2020-09-18,553,0,3,0
Ferreira Gomes,Ferreira Gomes,2020-09-19,553,0,3,0
Ferreira Gomes,Ferreira Gomes,2020-09-20,553,0,3,0
Ferreira Gomes,Ferreira Gomes,2020-09-21,553,0,3,0
Ferreira Gomes,Ferreira Gomes,2020-09-22,553,0,3,0
Ferreira Gomes,Ferreira Gomes,2020-09-23,553,0,3,0
Ferreira Gomes,Ferreira Gomes,2020-09-24,553,0,3,0
Ferreira Gomes,Ferreira Gomes,2020-09-25,553,0,3,0
Ferreira Gomes,Ferreira Gomes,2020-09-26,553,0,3,0
Ferreira Gomes,Ferreira Gomes,2020-09-27,553,0,3,0
Ferreira Gomes,Ferreira Gomes,2020-09-28,554,1,3,0
Ferreira Gomes,Ferreira Gomes,2020-09-29,555,1,3,0
Ferreira Gomes,Ferreira Gomes,2020-09-30,557,2,3,0
Ferreira Gomes,Ferreira Gomes,2020-10-01,557,0,3,0
Ferreira Gomes,Ferreira Gomes,2020-10-02,558,1,3,0
Ferreira Gomes,Ferreira Gomes,2020-10-03,558,0,3,0
Ferreira Gomes,Ferreira Gomes,2020-10-04,558,0,3,0
Ferreira Gomes,Ferreira Gomes,2020-10-05,558,0,3,0
Ferreira Gomes,Ferreira Gomes,2020-10-06,562,4,3,0
Ferreira Gomes,Ferreira Gomes,2020-10-07,564,2,3,0
Ferreira Gomes,Ferreira Gomes,2020-10-08,564,0,3,0
Ferreira Gomes,Ferreira Gomes,2020-10-09,571,7,3,0
Ferreira Gomes,Ferreira Gomes,2020-10-10,571,0,3,0
Ferreira Gomes,Ferreira Gomes,2020-10-11,571,0,3,0
Ferreira Gomes,Ferreira Gomes,2020-10-12,571,0,3,0
Ferreira Gomes,Ferreira Gomes,2020-10-13,571,0,3,0
Ferreira Gomes,Ferreira Gomes,2020-10-14,571,0,3,0
Ferreira Gomes,Ferreira Gomes,2020-10-15,571,0,3,0
Ferreira Gomes,Ferreira Gomes,2020-10-16,573,2,3,0
Ferreira Gomes,Ferreira Gomes,2020-10-17,573,0,3,0
Ferreira Gomes,Ferreira Gomes,2020-10-18,573,0,3,0
Ferreira Gomes,Ferreira Gomes,2020-10-19,581,8,3,0
Ferreira Gomes,Ferreira Gomes,2020-10-20,581,0,3,0
Ferreira Gomes,Ferreira Gomes,2020-10-21,584,3,3,0
Ferreira Gomes,Ferreira Gomes,2020-10-22,584,0,3,0
Ferreira Gomes,Ferreira Gomes,2020-10-23,584,0,3,0
Ferreira Gomes,Ferreira Gomes,2020-10-24,584,0,3,0
Ferreira Gomes,Ferreira Gomes,2020-10-25,584,0,3,0
Ferreira Gomes,Ferreira Gomes,2020-10-26,585,1,3,0
Ferreira Gomes,Ferreira Gomes,2020-10-27,586,1,3,0
Ferreira Gomes,Ferreira Gomes,2020-10-28,586,0,3,0
Ferreira Gomes,Ferreira Gomes,2020-10-29,590,4,3,0
Ferreira Gomes,Ferreira Gomes,2020-10-30,590,0,3,0
Ferreira Gomes,Ferreira Gomes,2020-10-31,590,0,3,0
Ferreira Gomes,Ferreira Gomes,2020-11-01,590,0,3,0
Ferreira Gomes,Ferreira Gomes,2020-11-02,590,0,3,0
Ferreira Gomes,Ferreira Gomes,2020-11-03,590,0,3,0
Ferreira Gomes,Ferreira Gomes,2020-11-04,590,0,3,0
Ferreira Gomes,Ferreira Gomes,2020-11-05,590,0,3,0
Ferreira Gomes,Ferreira Gomes,2020-11-06,590,0,3,0
Ferreira Gomes,Ferreira Gomes,2020-11-07,590,0,3,0
Ferreira Gomes,Ferreira Gomes,2020-11-08,590,0,3,0
Ferreira Gomes,Ferreira Gomes,2020-11-09,599,9,3,0
Ferreira Gomes,Ferreira Gomes,2020-11-10,605,6,3,0
Ferreira Gomes,Ferreira Gomes,2020-11-11,607,2,3,0
Ferreira Gomes,Ferreira Gomes,2020-11-12,608,1,3,0
Ferreira Gomes,Ferreira Gomes,2020-11-13,608,0,3,0
Ferreira Gomes,Ferreira Gomes,2020-11-14,608,0,3,0
Ferreira Gomes,Ferreira Gomes,2020-11-15,608,0,3,0
Ferreira Gomes,Ferreira Gomes,2020-11-16,610,2,3,0
Ferreira Gomes,Ferreira Gomes,2020-11-17,610,0,3,0
Ferreira Gomes,Ferreira Gomes,2020-11-18,610,0,3,0
Ferreira Gomes,Ferreira Gomes,2020-11-19,613,3,3,0
Ferreira Gomes,Ferreira Gomes,2020-11-20,621,8,3,0
Ferreira Gomes,Ferreira Gomes,2020-11-21,621,0,3,0
Ferreira Gomes,Ferreira Gomes,2020-11-22,621,0,3,0
Ferreira Gomes,Ferreira Gomes,2020-11-23,622,1,3,0
Ferreira Gomes,Ferreira Gomes,2020-11-24,629,7,3,0
Ferreira Gomes,Ferreira Gomes,2020-11-25,646,17,3,0
Ferreira Gomes,Ferreira Gomes,2020-11-26,665,19,3,0
Ferreira Gomes,Ferreira Gomes,2020-11-27,675,10,3,0
Ferreira Gomes,Ferreira Gomes,2020-11-28,675,0,3,0
Ferreira Gomes,Ferreira Gomes,2020-11-29,675,0,3,0
Ferreira Gomes,Ferreira Gomes,2020-11-30,690,15,3,0
Ferreira Gomes,Ferreira Gomes,2020-12-01,705,15,3,0
Ferreira Gomes,Ferreira Gomes,2020-12-02,724,19,3,0
Ferreira Gomes,Ferreira Gomes,2020-12-03,738,14,3,0
Ferreira Gomes,Ferreira Gomes,2020-12-04,745,7,3,0
Ferreira Gomes,Ferreira Gomes,2020-12-05,745,0,3,0
Ferreira Gomes,Ferreira Gomes,2020-12-06,759,14,4,1
Ferreira Gomes,Ferreira Gomes,2020-12-07,773,14,4,0
Ferreira Gomes,Ferreira Gomes,2020-12-08,779,6,4,0
Ferreira Gomes,Ferreira Gomes,2020-12-09,795,16,4,0
Ferreira Gomes,Ferreira Gomes,2020-12-10,800,5,4,0
Ferreira Gomes,Ferreira Gomes,2020-12-11,804,4,4,0
Ferreira Gomes,Ferreira Gomes,2020-12-12,809,5,4,0
Ferreira Gomes,Ferreira Gomes,2020-12-13,813,4,4,0
Ferreira Gomes,Ferreira Gomes,2020-12-14,816,3,4,0
Ferreira Gomes,Ferreira Gomes,2020-12-15,816,0,4,0
Ferreira Gomes,Ferreira Gomes,2020-12-16,836,20,4,0
Ferreira Gomes,Ferreira Gomes,2020-12-17,853,17,4,0
Ferreira Gomes,Ferreira Gomes,2020-12-18,853,0,4,0
Ferreira Gomes,Ferreira Gomes,2020-12-19,854,1,4,0
Ferreira Gomes,Ferreira Gomes,2020-12-20,854,0,4,0
Ferreira Gomes,Ferreira Gomes,2020-12-21,863,9,4,0
Ferreira Gomes,Ferreira Gomes,2020-12-22,875,12,4,0
Ferreira Gomes,Ferreira Gomes,2020-12-23,886,11,4,0
Ferreira Gomes,Ferreira Gomes,2020-12-24,900,14,4,0
Ferreira Gomes,Ferreira Gomes,2020-12-25,907,7,5,1
Ferreira Gomes,Ferreira Gomes,2020-12-26,917,10,5,0
Ferreira Gomes,Ferreira Gomes,2020-12-27,924,7,5,0
Ferreira Gomes,Ferreira Gomes,2020-12-28,930,6,5,0
Ferreira Gomes,Ferreira Gomes,2020-12-29,930,0,5,0
Ferreira Gomes,Ferreira Gomes,2020-12-30,953,23,5,0
Ferreira Gomes,Ferreira Gomes,2020-12-31,968,15,5,0
Ferreira Gomes,Ferreira Gomes,2021-01-01,983,15,5,0
Ferreira Gomes,Ferreira Gomes,2021-01-02,990,7,5,0
Ferreira Gomes,Ferreira Gomes,2021-01-03,996,6,5,0
Ferreira Gomes,Ferreira Gomes,2021-01-04,998,2,5,0
Ferreira Gomes,Ferreira Gomes,2021-01-05,1016,18,5,0
Ferreira Gomes,Ferreira Gomes,2021-01-06,1025,9,5,0
Ferreira Gomes,Ferreira Gomes,2021-01-07,1027,2,5,0
Ferreira Gomes,Ferreira Gomes,2021-01-08,1034,7,5,0
Ferreira Gomes,Ferreira Gomes,2021-01-09,1036,2,5,0
Ferreira Gomes,Ferreira Gomes,2021-01-10,1038,2,5,0
Ferreira Gomes,Ferreira Gomes,2021-01-11,1042,4,5,0
Ferreira Gomes,Ferreira Gomes,2021-01-12,1046,4,6,1
Ferreira Gomes,Ferreira Gomes,2021-01-13,1051,5,6,0
Ferreira Gomes,Ferreira Gomes,2021-01-14,1055,4,6,0
Ferreira Gomes,Ferreira Gomes,2021-01-15,1057,2,6,0
Ferreira Gomes,Ferreira Gomes,2021-01-16,1058,1,6,0
Ferreira Gomes,Ferreira Gomes,2021-01-17,1059,1,6,0
Ferreira Gomes,Ferreira Gomes,2021-01-18,1061,2,6,0
Ferreira Gomes,Ferreira Gomes,2021-01-19,1073,12,6,0
Ferreira Gomes,Ferreira Gomes,2021-01-20,1074,1,6,0
Ferreira Gomes,Ferreira Gomes,2021-01-21,1075,1,6,0
Ferreira Gomes,Ferreira Gomes,2021-01-22,1078,3,6,0
Ferreira Gomes,Ferreira Gomes,2021-01-23,1080,2,6,0
Ferreira Gomes,Ferreira Gomes,2021-01-24,1081,1,6,0
Ferreira Gomes,Ferreira Gomes,2021-01-25,1084,3,6,0
Ferreira Gomes,Ferreira Gomes,2021-01-26,1094,10,6,0
Ferreira Gomes,Ferreira Gomes,2021-01-27,1097,3,6,0
Ferreira Gomes,Ferreira Gomes,2021-01-28,1102,5,6,0
Ferreira Gomes,Ferreira Gomes,2021-01-29,1108,6,6,0
Ferreira Gomes,Ferreira Gomes,2021-01-30,1109,1,6,0
Ferreira Gomes,Ferreira Gomes,2021-01-31,1112,3,6,0
Ferreira Gomes,Ferreira Gomes,2021-02-01,1114,2,6,0
Ferreira Gomes,Ferreira Gomes,2021-02-02,1116,2,6,0
Ferreira Gomes,Ferreira Gomes,2021-02-03,1120,4,6,0
Ferreira Gomes,Ferreira Gomes,2021-02-04,1123,3,6,0
Ferreira Gomes,Ferreira Gomes,2021-02-05,1125,2,6,0
Ferreira Gomes,Ferreira Gomes,2021-02-06,1126,1,6,0
Ferreira Gomes,Ferreira Gomes,2021-02-07,1126,0,6,0
Ferreira Gomes,Ferreira Gomes,2021-02-08,1126,0,6,0
