city,city,date,cases,daily cases,deaths,daily deaths
Filadélfia,Filadélfia,2020-03-27,0,0,0,0
Filadélfia,Filadélfia,2020-03-28,0,0,0,0
Filadélfia,Filadélfia,2020-03-29,0,0,0,0
Filadélfia,Filadélfia,2020-03-30,0,0,0,0
Filadélfia,Filadélfia,2020-03-31,0,0,0,0
Filadélfia,Filadélfia,2020-04-01,0,0,0,0
Filadélfia,Filadélfia,2020-04-02,0,0,0,0
Filadélfia,Filadélfia,2020-04-03,0,0,0,0
Filadélfia,Filadélfia,2020-04-04,0,0,0,0
Filadélfia,Filadélfia,2020-04-05,0,0,0,0
Filadélfia,Filadélfia,2020-04-06,0,0,0,0
Filadélfia,Filadélfia,2020-04-07,0,0,0,0
Filadélfia,Filadélfia,2020-04-08,0,0,0,0
Filadélfia,Filadélfia,2020-04-09,0,0,0,0
Filadélfia,Filadélfia,2020-04-10,0,0,0,0
Filadélfia,Filadélfia,2020-04-11,0,0,0,0
Filadélfia,Filadélfia,2020-04-12,0,0,0,0
Filadélfia,Filadélfia,2020-04-13,0,0,0,0
Filadélfia,Filadélfia,2020-04-14,0,0,0,0
Filadélfia,Filadélfia,2020-04-15,0,0,0,0
Filadélfia,Filadélfia,2020-04-16,0,0,0,0
Filadélfia,Filadélfia,2020-04-17,0,0,0,0
Filadélfia,Filadélfia,2020-04-18,0,0,0,0
Filadélfia,Filadélfia,2020-04-19,0,0,0,0
Filadélfia,Filadélfia,2020-04-20,0,0,0,0
Filadélfia,Filadélfia,2020-04-21,0,0,0,0
Filadélfia,Filadélfia,2020-04-22,0,0,0,0
Filadélfia,Filadélfia,2020-04-23,0,0,0,0
Filadélfia,Filadélfia,2020-04-24,0,0,0,0
Filadélfia,Filadélfia,2020-04-25,0,0,0,0
Filadélfia,Filadélfia,2020-04-26,0,0,0,0
Filadélfia,Filadélfia,2020-04-27,0,0,0,0
Filadélfia,Filadélfia,2020-04-28,0,0,0,0
Filadélfia,Filadélfia,2020-04-29,0,0,0,0
Filadélfia,Filadélfia,2020-04-30,0,0,0,0
Filadélfia,Filadélfia,2020-05-01,0,0,0,0
Filadélfia,Filadélfia,2020-05-02,0,0,0,0
Filadélfia,Filadélfia,2020-05-03,0,0,0,0
Filadélfia,Filadélfia,2020-05-04,0,0,0,0
Filadélfia,Filadélfia,2020-05-05,0,0,0,0
Filadélfia,Filadélfia,2020-05-06,1,1,0,0
Filadélfia,Filadélfia,2020-05-07,1,0,0,0
Filadélfia,Filadélfia,2020-05-08,0,-1,0,0
Filadélfia,Filadélfia,2020-05-09,0,0,0,0
Filadélfia,Filadélfia,2020-05-10,0,0,0,0
Filadélfia,Filadélfia,2020-05-11,0,0,0,0
Filadélfia,Filadélfia,2020-05-12,0,0,0,0
Filadélfia,Filadélfia,2020-05-13,0,0,0,0
Filadélfia,Filadélfia,2020-05-14,0,0,0,0
Filadélfia,Filadélfia,2020-05-15,0,0,0,0
Filadélfia,Filadélfia,2020-05-16,0,0,0,0
Filadélfia,Filadélfia,2020-05-17,0,0,0,0
Filadélfia,Filadélfia,2020-05-18,0,0,0,0
Filadélfia,Filadélfia,2020-05-19,1,1,0,0
Filadélfia,Filadélfia,2020-05-20,2,1,0,0
Filadélfia,Filadélfia,2020-05-21,1,-1,0,0
Filadélfia,Filadélfia,2020-05-22,1,0,0,0
Filadélfia,Filadélfia,2020-05-23,3,2,0,0
Filadélfia,Filadélfia,2020-05-24,3,0,0,0
Filadélfia,Filadélfia,2020-05-25,6,3,0,0
Filadélfia,Filadélfia,2020-05-26,6,0,0,0
Filadélfia,Filadélfia,2020-05-27,6,0,0,0
Filadélfia,Filadélfia,2020-05-28,6,0,0,0
Filadélfia,Filadélfia,2020-05-29,15,9,0,0
Filadélfia,Filadélfia,2020-05-30,15,0,0,0
Filadélfia,Filadélfia,2020-05-31,20,5,1,1
Filadélfia,Filadélfia,2020-06-01,20,0,1,0
Filadélfia,Filadélfia,2020-06-02,20,0,1,0
Filadélfia,Filadélfia,2020-06-03,20,0,1,0
Filadélfia,Filadélfia,2020-06-04,23,3,1,0
Filadélfia,Filadélfia,2020-06-05,26,3,1,0
Filadélfia,Filadélfia,2020-06-06,26,0,1,0
Filadélfia,Filadélfia,2020-06-07,29,3,1,0
Filadélfia,Filadélfia,2020-06-08,31,2,1,0
Filadélfia,Filadélfia,2020-06-09,36,5,1,0
Filadélfia,Filadélfia,2020-06-10,40,4,1,0
Filadélfia,Filadélfia,2020-06-11,39,-1,1,0
Filadélfia,Filadélfia,2020-06-12,44,5,1,0
Filadélfia,Filadélfia,2020-06-13,47,3,1,0
Filadélfia,Filadélfia,2020-06-14,47,0,1,0
Filadélfia,Filadélfia,2020-06-15,48,1,1,0
Filadélfia,Filadélfia,2020-06-16,50,2,1,0
Filadélfia,Filadélfia,2020-06-17,49,-1,1,0
Filadélfia,Filadélfia,2020-06-18,48,-1,1,0
Filadélfia,Filadélfia,2020-06-19,49,1,2,1
Filadélfia,Filadélfia,2020-06-20,51,2,2,0
Filadélfia,Filadélfia,2020-06-21,51,0,2,0
Filadélfia,Filadélfia,2020-06-22,52,1,2,0
Filadélfia,Filadélfia,2020-06-23,65,13,2,0
Filadélfia,Filadélfia,2020-06-24,77,12,2,0
Filadélfia,Filadélfia,2020-06-25,85,8,2,0
Filadélfia,Filadélfia,2020-06-26,91,6,2,0
Filadélfia,Filadélfia,2020-06-27,95,4,2,0
Filadélfia,Filadélfia,2020-06-28,108,13,2,0
Filadélfia,Filadélfia,2020-06-29,112,4,3,1
Filadélfia,Filadélfia,2020-06-30,125,13,3,0
Filadélfia,Filadélfia,2020-07-01,130,5,3,0
Filadélfia,Filadélfia,2020-07-02,134,4,3,0
Filadélfia,Filadélfia,2020-07-03,133,-1,3,0
Filadélfia,Filadélfia,2020-07-04,153,20,3,0
Filadélfia,Filadélfia,2020-07-05,154,1,3,0
Filadélfia,Filadélfia,2020-07-06,159,5,3,0
Filadélfia,Filadélfia,2020-07-07,165,6,4,1
Filadélfia,Filadélfia,2020-07-08,170,5,4,0
Filadélfia,Filadélfia,2020-07-09,178,8,5,1
Filadélfia,Filadélfia,2020-07-10,184,6,5,0
Filadélfia,Filadélfia,2020-07-11,185,1,5,0
Filadélfia,Filadélfia,2020-07-12,192,7,4,-1
Filadélfia,Filadélfia,2020-07-13,193,1,4,0
Filadélfia,Filadélfia,2020-07-14,200,7,4,0
Filadélfia,Filadélfia,2020-07-15,204,4,4,0
Filadélfia,Filadélfia,2020-07-16,207,3,4,0
Filadélfia,Filadélfia,2020-07-17,207,0,4,0
Filadélfia,Filadélfia,2020-07-18,211,4,4,0
Filadélfia,Filadélfia,2020-07-19,221,10,4,0
Filadélfia,Filadélfia,2020-07-20,223,2,5,1
Filadélfia,Filadélfia,2020-07-21,226,3,5,0
Filadélfia,Filadélfia,2020-07-22,266,40,5,0
Filadélfia,Filadélfia,2020-07-23,278,12,5,0
Filadélfia,Filadélfia,2020-07-24,278,0,5,0
Filadélfia,Filadélfia,2020-07-25,281,3,5,0
Filadélfia,Filadélfia,2020-07-26,302,21,5,0
Filadélfia,Filadélfia,2020-07-27,302,0,5,0
Filadélfia,Filadélfia,2020-07-28,315,13,5,0
Filadélfia,Filadélfia,2020-07-29,337,22,5,0
Filadélfia,Filadélfia,2020-07-30,346,9,5,0
Filadélfia,Filadélfia,2020-07-31,349,3,5,0
Filadélfia,Filadélfia,2020-08-01,350,1,5,0
Filadélfia,Filadélfia,2020-08-02,358,8,5,0
Filadélfia,Filadélfia,2020-08-03,358,0,5,0
Filadélfia,Filadélfia,2020-08-04,360,2,5,0
Filadélfia,Filadélfia,2020-08-05,362,2,5,0
Filadélfia,Filadélfia,2020-08-06,368,6,5,0
Filadélfia,Filadélfia,2020-08-07,373,5,5,0
Filadélfia,Filadélfia,2020-08-08,376,3,5,0
Filadélfia,Filadélfia,2020-08-09,382,6,5,0
Filadélfia,Filadélfia,2020-08-10,389,7,5,0
Filadélfia,Filadélfia,2020-08-11,398,9,5,0
Filadélfia,Filadélfia,2020-08-12,400,2,5,0
Filadélfia,Filadélfia,2020-08-13,411,11,5,0
Filadélfia,Filadélfia,2020-08-14,421,10,5,0
Filadélfia,Filadélfia,2020-08-15,423,2,6,1
Filadélfia,Filadélfia,2020-08-16,435,12,6,0
Filadélfia,Filadélfia,2020-08-17,435,0,6,0
Filadélfia,Filadélfia,2020-08-18,440,5,7,1
Filadélfia,Filadélfia,2020-08-19,452,12,7,0
Filadélfia,Filadélfia,2020-08-20,456,4,7,0
Filadélfia,Filadélfia,2020-08-21,459,3,7,0
Filadélfia,Filadélfia,2020-08-22,463,4,7,0
Filadélfia,Filadélfia,2020-08-23,465,2,7,0
Filadélfia,Filadélfia,2020-08-24,465,0,8,1
Filadélfia,Filadélfia,2020-08-25,476,11,8,0
Filadélfia,Filadélfia,2020-08-26,479,3,8,0
Filadélfia,Filadélfia,2020-08-27,485,6,8,0
Filadélfia,Filadélfia,2020-08-28,492,7,8,0
Filadélfia,Filadélfia,2020-08-29,502,10,8,0
Filadélfia,Filadélfia,2020-08-30,503,1,8,0
Filadélfia,Filadélfia,2020-08-31,503,0,8,0
Filadélfia,Filadélfia,2020-09-01,515,12,8,0
Filadélfia,Filadélfia,2020-09-02,518,3,8,0
Filadélfia,Filadélfia,2020-09-03,524,6,8,0
Filadélfia,Filadélfia,2020-09-04,524,0,8,0
Filadélfia,Filadélfia,2020-09-05,527,3,8,0
Filadélfia,Filadélfia,2020-09-06,527,0,8,0
Filadélfia,Filadélfia,2020-09-07,527,0,8,0
Filadélfia,Filadélfia,2020-09-08,529,2,8,0
Filadélfia,Filadélfia,2020-09-09,529,0,8,0
Filadélfia,Filadélfia,2020-09-10,538,9,8,0
Filadélfia,Filadélfia,2020-09-11,539,1,8,0
Filadélfia,Filadélfia,2020-09-12,540,1,8,0
Filadélfia,Filadélfia,2020-09-13,542,2,8,0
Filadélfia,Filadélfia,2020-09-14,542,0,8,0
Filadélfia,Filadélfia,2020-09-15,546,4,8,0
Filadélfia,Filadélfia,2020-09-16,547,1,8,0
Filadélfia,Filadélfia,2020-09-17,548,1,8,0
Filadélfia,Filadélfia,2020-09-18,553,5,8,0
Filadélfia,Filadélfia,2020-09-19,568,15,8,0
Filadélfia,Filadélfia,2020-09-20,572,4,8,0
Filadélfia,Filadélfia,2020-09-21,575,3,8,0
Filadélfia,Filadélfia,2020-09-22,576,1,8,0
Filadélfia,Filadélfia,2020-09-23,581,5,8,0
Filadélfia,Filadélfia,2020-09-24,584,3,8,0
Filadélfia,Filadélfia,2020-09-25,584,0,8,0
Filadélfia,Filadélfia,2020-09-26,593,9,8,0
Filadélfia,Filadélfia,2020-09-27,595,2,8,0
Filadélfia,Filadélfia,2020-09-28,596,1,8,0
Filadélfia,Filadélfia,2020-09-29,600,4,8,0
Filadélfia,Filadélfia,2020-09-30,601,1,9,1
Filadélfia,Filadélfia,2020-10-01,604,3,9,0
Filadélfia,Filadélfia,2020-10-02,622,18,10,1
Filadélfia,Filadélfia,2020-10-03,623,1,10,0
Filadélfia,Filadélfia,2020-10-04,625,2,10,0
Filadélfia,Filadélfia,2020-10-05,625,0,10,0
Filadélfia,Filadélfia,2020-10-06,632,7,11,1
Filadélfia,Filadélfia,2020-10-07,644,12,11,0
Filadélfia,Filadélfia,2020-10-08,654,10,11,0
Filadélfia,Filadélfia,2020-10-09,657,3,11,0
Filadélfia,Filadélfia,2020-10-10,658,1,11,0
Filadélfia,Filadélfia,2020-10-11,658,0,11,0
Filadélfia,Filadélfia,2020-10-12,662,4,11,0
Filadélfia,Filadélfia,2020-10-13,663,1,11,0
Filadélfia,Filadélfia,2020-10-14,678,15,11,0
Filadélfia,Filadélfia,2020-10-15,680,2,11,0
Filadélfia,Filadélfia,2020-10-16,680,0,11,0
Filadélfia,Filadélfia,2020-10-17,684,4,11,0
Filadélfia,Filadélfia,2020-10-18,684,0,11,0
Filadélfia,Filadélfia,2020-10-19,701,17,11,0
Filadélfia,Filadélfia,2020-10-20,703,2,11,0
Filadélfia,Filadélfia,2020-10-21,704,1,11,0
Filadélfia,Filadélfia,2020-10-22,708,4,11,0
Filadélfia,Filadélfia,2020-10-23,708,0,11,0
Filadélfia,Filadélfia,2020-10-24,726,18,12,1
Filadélfia,Filadélfia,2020-10-25,726,0,12,0
Filadélfia,Filadélfia,2020-10-26,728,2,12,0
Filadélfia,Filadélfia,2020-10-27,729,1,12,0
Filadélfia,Filadélfia,2020-10-28,745,16,12,0
Filadélfia,Filadélfia,2020-10-29,751,6,12,0
Filadélfia,Filadélfia,2020-10-30,755,4,12,0
Filadélfia,Filadélfia,2020-10-31,755,0,12,0
Filadélfia,Filadélfia,2020-11-01,764,9,13,1
Filadélfia,Filadélfia,2020-11-02,764,0,14,1
Filadélfia,Filadélfia,2020-11-03,764,0,15,1
Filadélfia,Filadélfia,2020-11-04,782,18,15,0
Filadélfia,Filadélfia,2020-11-05,782,0,15,0
Filadélfia,Filadélfia,2020-11-06,791,9,15,0
Filadélfia,Filadélfia,2020-11-07,799,8,14,-1
Filadélfia,Filadélfia,2020-11-08,807,8,14,0
Filadélfia,Filadélfia,2020-11-09,809,2,14,0
Filadélfia,Filadélfia,2020-11-10,816,7,14,0
Filadélfia,Filadélfia,2020-11-11,819,3,14,0
Filadélfia,Filadélfia,2020-11-12,829,10,15,1
Filadélfia,Filadélfia,2020-11-13,830,1,15,0
Filadélfia,Filadélfia,2020-11-14,839,9,15,0
Filadélfia,Filadélfia,2020-11-15,839,0,15,0
Filadélfia,Filadélfia,2020-11-16,839,0,15,0
Filadélfia,Filadélfia,2020-11-17,841,2,15,0
Filadélfia,Filadélfia,2020-11-18,860,19,15,0
Filadélfia,Filadélfia,2020-11-19,865,5,15,0
Filadélfia,Filadélfia,2020-11-20,872,7,15,0
Filadélfia,Filadélfia,2020-11-21,877,5,15,0
Filadélfia,Filadélfia,2020-11-22,878,1,15,0
Filadélfia,Filadélfia,2020-11-23,878,0,16,1
Filadélfia,Filadélfia,2020-11-24,906,28,16,0
Filadélfia,Filadélfia,2020-11-25,914,8,16,0
Filadélfia,Filadélfia,2020-11-26,924,10,17,1
Filadélfia,Filadélfia,2020-11-27,924,0,17,0
Filadélfia,Filadélfia,2020-11-28,931,7,17,0
Filadélfia,Filadélfia,2020-11-29,931,0,17,0
Filadélfia,Filadélfia,2020-11-30,966,35,17,0
Filadélfia,Filadélfia,2020-12-01,970,4,17,0
Filadélfia,Filadélfia,2020-12-02,974,4,17,0
Filadélfia,Filadélfia,2020-12-03,1007,33,17,0
Filadélfia,Filadélfia,2020-12-04,1030,23,17,0
Filadélfia,Filadélfia,2020-12-05,1030,0,20,3
Filadélfia,Filadélfia,2020-12-06,1032,2,20,0
Filadélfia,Filadélfia,2020-12-07,1032,0,20,0
Filadélfia,Filadélfia,2020-12-08,1039,7,20,0
Filadélfia,Filadélfia,2020-12-09,1061,22,21,1
Filadélfia,Filadélfia,2020-12-10,1063,2,21,0
Filadélfia,Filadélfia,2020-12-11,1070,7,21,0
Filadélfia,Filadélfia,2020-12-12,1072,2,21,0
Filadélfia,Filadélfia,2020-12-13,1072,0,21,0
Filadélfia,Filadélfia,2020-12-14,1073,1,21,0
Filadélfia,Filadélfia,2020-12-15,1096,23,21,0
Filadélfia,Filadélfia,2020-12-16,1099,3,21,0
Filadélfia,Filadélfia,2020-12-17,1099,0,21,0
Filadélfia,Filadélfia,2020-12-18,1107,8,21,0
Filadélfia,Filadélfia,2020-12-19,1117,10,21,0
Filadélfia,Filadélfia,2020-12-20,1119,2,21,0
Filadélfia,Filadélfia,2020-12-21,1120,1,21,0
Filadélfia,Filadélfia,2020-12-22,1121,1,21,0
Filadélfia,Filadélfia,2020-12-23,1121,0,21,0
Filadélfia,Filadélfia,2020-12-24,1121,0,21,0
Filadélfia,Filadélfia,2020-12-25,1121,0,21,0
Filadélfia,Filadélfia,2020-12-26,1123,2,21,0
Filadélfia,Filadélfia,2020-12-27,1123,0,21,0
Filadélfia,Filadélfia,2020-12-28,1123,0,21,0
Filadélfia,Filadélfia,2020-12-29,1123,0,21,0
Filadélfia,Filadélfia,2020-12-30,1123,0,21,0
Filadélfia,Filadélfia,2020-12-31,1127,4,21,0
Filadélfia,Filadélfia,2021-01-01,1127,0,21,0
Filadélfia,Filadélfia,2021-01-02,1127,0,21,0
Filadélfia,Filadélfia,2021-01-03,1127,0,21,0
Filadélfia,Filadélfia,2021-01-04,1128,1,21,0
Filadélfia,Filadélfia,2021-01-05,1128,0,21,0
Filadélfia,Filadélfia,2021-01-06,1135,7,21,0
Filadélfia,Filadélfia,2021-01-07,1136,1,21,0
Filadélfia,Filadélfia,2021-01-08,1145,9,21,0
Filadélfia,Filadélfia,2021-01-09,1148,3,21,0
Filadélfia,Filadélfia,2021-01-10,1149,1,21,0
Filadélfia,Filadélfia,2021-01-11,1149,0,21,0
Filadélfia,Filadélfia,2021-01-12,1149,0,21,0
Filadélfia,Filadélfia,2021-01-13,1153,4,21,0
Filadélfia,Filadélfia,2021-01-14,1155,2,21,0
Filadélfia,Filadélfia,2021-01-15,1159,4,21,0
Filadélfia,Filadélfia,2021-01-16,1160,1,21,0
Filadélfia,Filadélfia,2021-01-17,1161,1,21,0
Filadélfia,Filadélfia,2021-01-18,1164,3,21,0
Filadélfia,Filadélfia,2021-01-19,1171,7,22,1
Filadélfia,Filadélfia,2021-01-20,1176,5,22,0
Filadélfia,Filadélfia,2021-01-21,1179,3,22,0
Filadélfia,Filadélfia,2021-01-22,1182,3,22,0
Filadélfia,Filadélfia,2021-01-23,1185,3,22,0
Filadélfia,Filadélfia,2021-01-24,1185,0,22,0
Filadélfia,Filadélfia,2021-01-25,1185,0,22,0
Filadélfia,Filadélfia,2021-01-26,1185,0,22,0
Filadélfia,Filadélfia,2021-01-27,1187,2,22,0
Filadélfia,Filadélfia,2021-01-28,1187,0,22,0
Filadélfia,Filadélfia,2021-01-29,1189,2,22,0
Filadélfia,Filadélfia,2021-01-30,1193,4,22,0
Filadélfia,Filadélfia,2021-01-31,1195,2,22,0
Filadélfia,Filadélfia,2021-02-01,1195,0,22,0
Filadélfia,Filadélfia,2021-02-02,1196,1,22,0
Filadélfia,Filadélfia,2021-02-03,1204,8,22,0
Filadélfia,Filadélfia,2021-02-04,1204,0,22,0
Filadélfia,Filadélfia,2021-02-05,1205,1,22,0
Filadélfia,Filadélfia,2021-02-06,1206,1,22,0
Filadélfia,Filadélfia,2021-02-07,1207,1,22,0
Filadélfia,Filadélfia,2021-02-08,1207,0,22,0
