city,city,date,cases,daily cases,deaths,daily deaths
Gameleira,Gameleira,2020-03-27,0,0,0,0
Gameleira,Gameleira,2020-03-28,0,0,0,0
Gameleira,Gameleira,2020-03-29,0,0,0,0
Gameleira,Gameleira,2020-03-30,0,0,0,0
Gameleira,Gameleira,2020-03-31,0,0,0,0
Gameleira,Gameleira,2020-04-01,0,0,0,0
Gameleira,Gameleira,2020-04-02,0,0,0,0
Gameleira,Gameleira,2020-04-03,0,0,0,0
Gameleira,Gameleira,2020-04-04,0,0,0,0
Gameleira,Gameleira,2020-04-05,0,0,0,0
Gameleira,Gameleira,2020-04-06,0,0,0,0
Gameleira,Gameleira,2020-04-07,0,0,0,0
Gameleira,Gameleira,2020-04-08,0,0,0,0
Gameleira,Gameleira,2020-04-09,0,0,0,0
Gameleira,Gameleira,2020-04-10,0,0,0,0
Gameleira,Gameleira,2020-04-11,1,1,1,1
Gameleira,Gameleira,2020-04-12,1,0,1,0
Gameleira,Gameleira,2020-04-13,1,0,1,0
Gameleira,Gameleira,2020-04-14,1,0,1,0
Gameleira,Gameleira,2020-04-15,1,0,1,0
Gameleira,Gameleira,2020-04-16,1,0,1,0
Gameleira,Gameleira,2020-04-17,1,0,1,0
Gameleira,Gameleira,2020-04-18,1,0,1,0
Gameleira,Gameleira,2020-04-19,1,0,1,0
Gameleira,Gameleira,2020-04-20,1,0,1,0
Gameleira,Gameleira,2020-04-21,1,0,1,0
Gameleira,Gameleira,2020-04-22,1,0,1,0
Gameleira,Gameleira,2020-04-23,1,0,1,0
Gameleira,Gameleira,2020-04-24,1,0,1,0
Gameleira,Gameleira,2020-04-25,1,0,1,0
Gameleira,Gameleira,2020-04-26,1,0,1,0
Gameleira,Gameleira,2020-04-27,1,0,1,0
Gameleira,Gameleira,2020-04-28,1,0,1,0
Gameleira,Gameleira,2020-04-29,1,0,1,0
Gameleira,Gameleira,2020-04-30,1,0,1,0
Gameleira,Gameleira,2020-05-01,1,0,1,0
Gameleira,Gameleira,2020-05-02,1,0,1,0
Gameleira,Gameleira,2020-05-03,1,0,1,0
Gameleira,Gameleira,2020-05-04,1,0,1,0
Gameleira,Gameleira,2020-05-05,1,0,1,0
Gameleira,Gameleira,2020-05-06,3,2,1,0
Gameleira,Gameleira,2020-05-07,3,0,1,0
Gameleira,Gameleira,2020-05-08,3,0,1,0
Gameleira,Gameleira,2020-05-09,4,1,2,1
Gameleira,Gameleira,2020-05-10,4,0,2,0
Gameleira,Gameleira,2020-05-11,4,0,2,0
Gameleira,Gameleira,2020-05-12,7,3,2,0
Gameleira,Gameleira,2020-05-13,8,1,2,0
Gameleira,Gameleira,2020-05-14,8,0,2,0
Gameleira,Gameleira,2020-05-15,9,1,3,1
Gameleira,Gameleira,2020-05-16,9,0,3,0
Gameleira,Gameleira,2020-05-17,9,0,3,0
Gameleira,Gameleira,2020-05-18,9,0,3,0
Gameleira,Gameleira,2020-05-19,9,0,3,0
Gameleira,Gameleira,2020-05-20,13,4,3,0
Gameleira,Gameleira,2020-05-21,14,1,3,0
Gameleira,Gameleira,2020-05-22,16,2,3,0
Gameleira,Gameleira,2020-05-23,21,5,3,0
Gameleira,Gameleira,2020-05-24,21,0,3,0
Gameleira,Gameleira,2020-05-25,21,0,3,0
Gameleira,Gameleira,2020-05-26,27,6,3,0
Gameleira,Gameleira,2020-05-27,29,2,3,0
Gameleira,Gameleira,2020-05-28,31,2,3,0
Gameleira,Gameleira,2020-05-29,32,1,3,0
Gameleira,Gameleira,2020-05-30,43,11,3,0
Gameleira,Gameleira,2020-05-31,43,0,3,0
Gameleira,Gameleira,2020-06-01,46,3,3,0
Gameleira,Gameleira,2020-06-02,48,2,3,0
Gameleira,Gameleira,2020-06-03,51,3,3,0
Gameleira,Gameleira,2020-06-04,59,8,7,4
Gameleira,Gameleira,2020-06-05,63,4,7,0
Gameleira,Gameleira,2020-06-06,70,7,7,0
Gameleira,Gameleira,2020-06-07,71,1,7,0
Gameleira,Gameleira,2020-06-08,75,4,8,1
Gameleira,Gameleira,2020-06-09,76,1,8,0
Gameleira,Gameleira,2020-06-10,80,4,8,0
Gameleira,Gameleira,2020-06-11,84,4,9,1
Gameleira,Gameleira,2020-06-12,89,5,9,0
Gameleira,Gameleira,2020-06-13,90,1,9,0
Gameleira,Gameleira,2020-06-14,94,4,9,0
Gameleira,Gameleira,2020-06-15,94,0,9,0
Gameleira,Gameleira,2020-06-16,98,4,9,0
Gameleira,Gameleira,2020-06-17,98,0,9,0
Gameleira,Gameleira,2020-06-18,98,0,11,2
Gameleira,Gameleira,2020-06-19,104,6,11,0
Gameleira,Gameleira,2020-06-20,106,2,11,0
Gameleira,Gameleira,2020-06-21,108,2,11,0
Gameleira,Gameleira,2020-06-22,110,2,11,0
Gameleira,Gameleira,2020-06-23,112,2,11,0
Gameleira,Gameleira,2020-06-24,114,2,11,0
Gameleira,Gameleira,2020-06-25,114,0,11,0
Gameleira,Gameleira,2020-06-26,114,0,11,0
Gameleira,Gameleira,2020-06-27,121,7,13,2
Gameleira,Gameleira,2020-06-28,123,2,13,0
Gameleira,Gameleira,2020-06-29,126,3,13,0
Gameleira,Gameleira,2020-06-30,130,4,13,0
Gameleira,Gameleira,2020-07-01,130,0,13,0
Gameleira,Gameleira,2020-07-02,133,3,13,0
Gameleira,Gameleira,2020-07-03,135,2,13,0
Gameleira,Gameleira,2020-07-04,136,1,13,0
Gameleira,Gameleira,2020-07-05,138,2,13,0
Gameleira,Gameleira,2020-07-06,140,2,13,0
Gameleira,Gameleira,2020-07-07,140,0,13,0
Gameleira,Gameleira,2020-07-08,148,8,14,1
Gameleira,Gameleira,2020-07-09,150,2,14,0
Gameleira,Gameleira,2020-07-10,153,3,14,0
Gameleira,Gameleira,2020-07-11,155,2,14,0
Gameleira,Gameleira,2020-07-12,156,1,14,0
Gameleira,Gameleira,2020-07-13,161,5,14,0
Gameleira,Gameleira,2020-07-14,162,1,14,0
Gameleira,Gameleira,2020-07-15,166,4,14,0
Gameleira,Gameleira,2020-07-16,168,2,14,0
Gameleira,Gameleira,2020-07-17,172,4,14,0
Gameleira,Gameleira,2020-07-18,172,0,14,0
Gameleira,Gameleira,2020-07-19,172,0,14,0
Gameleira,Gameleira,2020-07-20,173,1,14,0
Gameleira,Gameleira,2020-07-21,173,0,14,0
Gameleira,Gameleira,2020-07-22,176,3,14,0
Gameleira,Gameleira,2020-07-23,177,1,14,0
Gameleira,Gameleira,2020-07-24,178,1,14,0
Gameleira,Gameleira,2020-07-25,178,0,14,0
Gameleira,Gameleira,2020-07-26,179,1,14,0
Gameleira,Gameleira,2020-07-27,179,0,14,0
Gameleira,Gameleira,2020-07-28,180,1,14,0
Gameleira,Gameleira,2020-07-29,183,3,14,0
Gameleira,Gameleira,2020-07-30,184,1,14,0
Gameleira,Gameleira,2020-07-31,184,0,14,0
Gameleira,Gameleira,2020-08-01,186,2,14,0
Gameleira,Gameleira,2020-08-02,187,1,14,0
Gameleira,Gameleira,2020-08-03,187,0,14,0
Gameleira,Gameleira,2020-08-04,187,0,14,0
Gameleira,Gameleira,2020-08-05,187,0,14,0
Gameleira,Gameleira,2020-08-06,187,0,14,0
Gameleira,Gameleira,2020-08-07,189,2,14,0
Gameleira,Gameleira,2020-08-08,189,0,14,0
Gameleira,Gameleira,2020-08-09,189,0,14,0
Gameleira,Gameleira,2020-08-10,189,0,14,0
Gameleira,Gameleira,2020-08-11,192,3,14,0
Gameleira,Gameleira,2020-08-12,192,0,14,0
Gameleira,Gameleira,2020-08-13,193,1,14,0
Gameleira,Gameleira,2020-08-14,194,1,14,0
Gameleira,Gameleira,2020-08-15,196,2,14,0
Gameleira,Gameleira,2020-08-16,197,1,14,0
Gameleira,Gameleira,2020-08-17,197,0,14,0
Gameleira,Gameleira,2020-08-18,197,0,14,0
Gameleira,Gameleira,2020-08-19,197,0,14,0
Gameleira,Gameleira,2020-08-20,197,0,14,0
Gameleira,Gameleira,2020-08-21,197,0,15,1
Gameleira,Gameleira,2020-08-22,197,0,15,0
Gameleira,Gameleira,2020-08-23,199,2,15,0
Gameleira,Gameleira,2020-08-24,199,0,15,0
Gameleira,Gameleira,2020-08-25,199,0,15,0
Gameleira,Gameleira,2020-08-26,199,0,15,0
Gameleira,Gameleira,2020-08-27,201,2,15,0
Gameleira,Gameleira,2020-08-28,202,1,15,0
Gameleira,Gameleira,2020-08-29,204,2,15,0
Gameleira,Gameleira,2020-08-30,204,0,15,0
Gameleira,Gameleira,2020-08-31,204,0,16,1
Gameleira,Gameleira,2020-09-01,210,6,16,0
Gameleira,Gameleira,2020-09-02,211,1,16,0
Gameleira,Gameleira,2020-09-03,211,0,16,0
Gameleira,Gameleira,2020-09-04,214,3,16,0
Gameleira,Gameleira,2020-09-05,215,1,16,0
Gameleira,Gameleira,2020-09-06,215,0,16,0
Gameleira,Gameleira,2020-09-07,216,1,16,0
Gameleira,Gameleira,2020-09-08,216,0,16,0
Gameleira,Gameleira,2020-09-09,217,1,16,0
Gameleira,Gameleira,2020-09-10,217,0,16,0
Gameleira,Gameleira,2020-09-11,217,0,16,0
Gameleira,Gameleira,2020-09-12,218,1,16,0
Gameleira,Gameleira,2020-09-13,218,0,16,0
Gameleira,Gameleira,2020-09-14,218,0,16,0
Gameleira,Gameleira,2020-09-15,220,2,16,0
Gameleira,Gameleira,2020-09-16,222,2,16,0
Gameleira,Gameleira,2020-09-17,222,0,16,0
Gameleira,Gameleira,2020-09-18,223,1,16,0
Gameleira,Gameleira,2020-09-19,223,0,17,1
Gameleira,Gameleira,2020-09-20,223,0,17,0
Gameleira,Gameleira,2020-09-21,223,0,17,0
Gameleira,Gameleira,2020-09-22,223,0,17,0
Gameleira,Gameleira,2020-09-23,223,0,17,0
Gameleira,Gameleira,2020-09-24,223,0,17,0
Gameleira,Gameleira,2020-09-25,223,0,17,0
Gameleira,Gameleira,2020-09-26,225,2,17,0
Gameleira,Gameleira,2020-09-27,225,0,17,0
Gameleira,Gameleira,2020-09-28,225,0,17,0
Gameleira,Gameleira,2020-09-29,227,2,17,0
Gameleira,Gameleira,2020-09-30,230,3,17,0
Gameleira,Gameleira,2020-10-01,230,0,17,0
Gameleira,Gameleira,2020-10-02,232,2,17,0
Gameleira,Gameleira,2020-10-03,232,0,17,0
Gameleira,Gameleira,2020-10-04,232,0,17,0
Gameleira,Gameleira,2020-10-05,232,0,17,0
Gameleira,Gameleira,2020-10-06,233,1,17,0
Gameleira,Gameleira,2020-10-07,235,2,17,0
Gameleira,Gameleira,2020-10-08,235,0,17,0
Gameleira,Gameleira,2020-10-09,236,1,17,0
Gameleira,Gameleira,2020-10-10,236,0,17,0
Gameleira,Gameleira,2020-10-11,236,0,17,0
Gameleira,Gameleira,2020-10-12,236,0,17,0
Gameleira,Gameleira,2020-10-13,236,0,17,0
Gameleira,Gameleira,2020-10-14,240,4,17,0
Gameleira,Gameleira,2020-10-15,240,0,17,0
Gameleira,Gameleira,2020-10-16,241,1,18,1
Gameleira,Gameleira,2020-10-17,241,0,18,0
Gameleira,Gameleira,2020-10-18,241,0,18,0
Gameleira,Gameleira,2020-10-19,242,1,18,0
Gameleira,Gameleira,2020-10-20,244,2,18,0
Gameleira,Gameleira,2020-10-21,248,4,18,0
Gameleira,Gameleira,2020-10-22,251,3,18,0
Gameleira,Gameleira,2020-10-23,251,0,18,0
Gameleira,Gameleira,2020-10-24,252,1,18,0
Gameleira,Gameleira,2020-10-25,252,0,18,0
Gameleira,Gameleira,2020-10-26,252,0,18,0
Gameleira,Gameleira,2020-10-27,252,0,18,0
Gameleira,Gameleira,2020-10-28,252,0,18,0
Gameleira,Gameleira,2020-10-29,252,0,18,0
Gameleira,Gameleira,2020-10-30,252,0,18,0
Gameleira,Gameleira,2020-10-31,253,1,18,0
Gameleira,Gameleira,2020-11-01,253,0,18,0
Gameleira,Gameleira,2020-11-02,253,0,18,0
Gameleira,Gameleira,2020-11-03,253,0,18,0
Gameleira,Gameleira,2020-11-04,253,0,18,0
Gameleira,Gameleira,2020-11-05,252,-1,19,1
Gameleira,Gameleira,2020-11-06,252,0,19,0
Gameleira,Gameleira,2020-11-07,252,0,19,0
Gameleira,Gameleira,2020-11-08,252,0,19,0
Gameleira,Gameleira,2020-11-09,252,0,19,0
Gameleira,Gameleira,2020-11-10,252,0,19,0
Gameleira,Gameleira,2020-11-11,253,1,19,0
Gameleira,Gameleira,2020-11-12,256,3,19,0
Gameleira,Gameleira,2020-11-13,256,0,19,0
Gameleira,Gameleira,2020-11-14,256,0,19,0
Gameleira,Gameleira,2020-11-15,256,0,19,0
Gameleira,Gameleira,2020-11-16,256,0,19,0
Gameleira,Gameleira,2020-11-17,256,0,19,0
Gameleira,Gameleira,2020-11-18,256,0,19,0
Gameleira,Gameleira,2020-11-19,256,0,19,0
Gameleira,Gameleira,2020-11-20,258,2,19,0
Gameleira,Gameleira,2020-11-21,258,0,19,0
Gameleira,Gameleira,2020-11-22,258,0,19,0
Gameleira,Gameleira,2020-11-23,258,0,19,0
Gameleira,Gameleira,2020-11-24,258,0,19,0
Gameleira,Gameleira,2020-11-25,258,0,19,0
Gameleira,Gameleira,2020-11-26,258,0,19,0
Gameleira,Gameleira,2020-11-27,261,3,19,0
Gameleira,Gameleira,2020-11-28,262,1,19,0
Gameleira,Gameleira,2020-11-29,262,0,19,0
Gameleira,Gameleira,2020-11-30,262,0,19,0
Gameleira,Gameleira,2020-12-01,262,0,19,0
Gameleira,Gameleira,2020-12-02,265,3,19,0
Gameleira,Gameleira,2020-12-03,265,0,19,0
Gameleira,Gameleira,2020-12-04,265,0,19,0
Gameleira,Gameleira,2020-12-05,267,2,19,0
Gameleira,Gameleira,2020-12-06,267,0,19,0
Gameleira,Gameleira,2020-12-07,267,0,19,0
Gameleira,Gameleira,2020-12-08,268,1,19,0
Gameleira,Gameleira,2020-12-09,268,0,19,0
Gameleira,Gameleira,2020-12-10,268,0,19,0
Gameleira,Gameleira,2020-12-11,269,1,19,0
Gameleira,Gameleira,2020-12-12,274,5,19,0
Gameleira,Gameleira,2020-12-13,274,0,19,0
Gameleira,Gameleira,2020-12-14,274,0,19,0
Gameleira,Gameleira,2020-12-15,274,0,19,0
Gameleira,Gameleira,2020-12-16,274,0,19,0
Gameleira,Gameleira,2020-12-17,274,0,19,0
Gameleira,Gameleira,2020-12-18,275,1,19,0
Gameleira,Gameleira,2020-12-19,275,0,19,0
Gameleira,Gameleira,2020-12-20,275,0,19,0
Gameleira,Gameleira,2020-12-21,275,0,19,0
Gameleira,Gameleira,2020-12-22,275,0,19,0
Gameleira,Gameleira,2020-12-23,275,0,19,0
Gameleira,Gameleira,2020-12-24,278,3,19,0
Gameleira,Gameleira,2020-12-25,278,0,19,0
Gameleira,Gameleira,2020-12-26,278,0,19,0
Gameleira,Gameleira,2020-12-27,278,0,19,0
Gameleira,Gameleira,2020-12-28,278,0,19,0
Gameleira,Gameleira,2020-12-29,284,6,19,0
Gameleira,Gameleira,2020-12-30,288,4,19,0
Gameleira,Gameleira,2020-12-31,289,1,19,0
Gameleira,Gameleira,2021-01-01,289,0,19,0
Gameleira,Gameleira,2021-01-02,289,0,19,0
Gameleira,Gameleira,2021-01-03,289,0,19,0
Gameleira,Gameleira,2021-01-04,289,0,19,0
Gameleira,Gameleira,2021-01-05,289,0,19,0
Gameleira,Gameleira,2021-01-06,289,0,19,0
Gameleira,Gameleira,2021-01-07,289,0,19,0
Gameleira,Gameleira,2021-01-08,289,0,19,0
Gameleira,Gameleira,2021-01-09,289,0,19,0
Gameleira,Gameleira,2021-01-10,289,0,19,0
Gameleira,Gameleira,2021-01-11,289,0,19,0
Gameleira,Gameleira,2021-01-12,289,0,19,0
Gameleira,Gameleira,2021-01-13,289,0,19,0
Gameleira,Gameleira,2021-01-14,289,0,19,0
Gameleira,Gameleira,2021-01-15,292,3,19,0
Gameleira,Gameleira,2021-01-16,292,0,19,0
Gameleira,Gameleira,2021-01-17,292,0,19,0
Gameleira,Gameleira,2021-01-18,292,0,19,0
Gameleira,Gameleira,2021-01-19,292,0,19,0
Gameleira,Gameleira,2021-01-20,292,0,19,0
Gameleira,Gameleira,2021-01-21,294,2,19,0
Gameleira,Gameleira,2021-01-22,295,1,19,0
Gameleira,Gameleira,2021-01-23,297,2,20,1
Gameleira,Gameleira,2021-01-24,297,0,20,0
Gameleira,Gameleira,2021-01-25,297,0,20,0
Gameleira,Gameleira,2021-01-26,297,0,20,0
Gameleira,Gameleira,2021-01-27,297,0,20,0
Gameleira,Gameleira,2021-01-28,297,0,20,0
Gameleira,Gameleira,2021-01-29,297,0,20,0
Gameleira,Gameleira,2021-01-30,297,0,20,0
Gameleira,Gameleira,2021-01-31,297,0,20,0
Gameleira,Gameleira,2021-02-01,297,0,20,0
Gameleira,Gameleira,2021-02-02,297,0,20,0
Gameleira,Gameleira,2021-02-03,297,0,20,0
Gameleira,Gameleira,2021-02-04,298,1,20,0
Gameleira,Gameleira,2021-02-05,298,0,20,0
Gameleira,Gameleira,2021-02-06,298,0,20,0
Gameleira,Gameleira,2021-02-07,298,0,20,0
Gameleira,Gameleira,2021-02-08,298,0,20,0
