city,city,date,cases,daily cases,deaths,daily deaths
Garrafão do Norte,Garrafão do Norte,2020-03-27,0,0,0,0
Garrafão do Norte,Garrafão do Norte,2020-03-28,0,0,0,0
Garrafão do Norte,Garrafão do Norte,2020-03-29,0,0,0,0
Garrafão do Norte,Garrafão do Norte,2020-03-30,0,0,0,0
Garrafão do Norte,Garrafão do Norte,2020-03-31,0,0,0,0
Garrafão do Norte,Garrafão do Norte,2020-04-01,0,0,0,0
Garrafão do Norte,Garrafão do Norte,2020-04-02,0,0,0,0
Garrafão do Norte,Garrafão do Norte,2020-04-03,0,0,0,0
Garrafão do Norte,Garrafão do Norte,2020-04-04,0,0,0,0
Garrafão do Norte,Garrafão do Norte,2020-04-05,0,0,0,0
Garrafão do Norte,Garrafão do Norte,2020-04-06,0,0,0,0
Garrafão do Norte,Garrafão do Norte,2020-04-07,0,0,0,0
Garrafão do Norte,Garrafão do Norte,2020-04-08,0,0,0,0
Garrafão do Norte,Garrafão do Norte,2020-04-09,0,0,0,0
Garrafão do Norte,Garrafão do Norte,2020-04-10,0,0,0,0
Garrafão do Norte,Garrafão do Norte,2020-04-11,0,0,0,0
Garrafão do Norte,Garrafão do Norte,2020-04-12,0,0,0,0
Garrafão do Norte,Garrafão do Norte,2020-04-13,0,0,0,0
Garrafão do Norte,Garrafão do Norte,2020-04-14,0,0,0,0
Garrafão do Norte,Garrafão do Norte,2020-04-15,0,0,0,0
Garrafão do Norte,Garrafão do Norte,2020-04-16,0,0,0,0
Garrafão do Norte,Garrafão do Norte,2020-04-17,0,0,0,0
Garrafão do Norte,Garrafão do Norte,2020-04-18,0,0,0,0
Garrafão do Norte,Garrafão do Norte,2020-04-19,0,0,0,0
Garrafão do Norte,Garrafão do Norte,2020-04-20,0,0,0,0
Garrafão do Norte,Garrafão do Norte,2020-04-21,0,0,0,0
Garrafão do Norte,Garrafão do Norte,2020-04-22,1,1,0,0
Garrafão do Norte,Garrafão do Norte,2020-04-23,1,0,0,0
Garrafão do Norte,Garrafão do Norte,2020-04-24,1,0,0,0
Garrafão do Norte,Garrafão do Norte,2020-04-25,1,0,0,0
Garrafão do Norte,Garrafão do Norte,2020-04-26,1,0,0,0
Garrafão do Norte,Garrafão do Norte,2020-04-27,2,1,0,0
Garrafão do Norte,Garrafão do Norte,2020-04-28,4,2,0,0
Garrafão do Norte,Garrafão do Norte,2020-04-29,4,0,0,0
Garrafão do Norte,Garrafão do Norte,2020-04-30,4,0,0,0
Garrafão do Norte,Garrafão do Norte,2020-05-01,4,0,0,0
Garrafão do Norte,Garrafão do Norte,2020-05-02,4,0,0,0
Garrafão do Norte,Garrafão do Norte,2020-05-03,5,1,0,0
Garrafão do Norte,Garrafão do Norte,2020-05-04,8,3,0,0
Garrafão do Norte,Garrafão do Norte,2020-05-05,11,3,0,0
Garrafão do Norte,Garrafão do Norte,2020-05-06,11,0,0,0
Garrafão do Norte,Garrafão do Norte,2020-05-07,11,0,0,0
Garrafão do Norte,Garrafão do Norte,2020-05-08,14,3,0,0
Garrafão do Norte,Garrafão do Norte,2020-05-09,16,2,0,0
Garrafão do Norte,Garrafão do Norte,2020-05-10,18,2,0,0
Garrafão do Norte,Garrafão do Norte,2020-05-11,18,0,0,0
Garrafão do Norte,Garrafão do Norte,2020-05-12,30,12,1,1
Garrafão do Norte,Garrafão do Norte,2020-05-13,30,0,1,0
Garrafão do Norte,Garrafão do Norte,2020-05-14,30,0,1,0
Garrafão do Norte,Garrafão do Norte,2020-05-15,34,4,1,0
Garrafão do Norte,Garrafão do Norte,2020-05-16,35,1,1,0
Garrafão do Norte,Garrafão do Norte,2020-05-17,40,5,1,0
Garrafão do Norte,Garrafão do Norte,2020-05-18,40,0,1,0
Garrafão do Norte,Garrafão do Norte,2020-05-19,41,1,1,0
Garrafão do Norte,Garrafão do Norte,2020-05-20,41,0,1,0
Garrafão do Norte,Garrafão do Norte,2020-05-21,41,0,1,0
Garrafão do Norte,Garrafão do Norte,2020-05-22,44,3,1,0
Garrafão do Norte,Garrafão do Norte,2020-05-23,46,2,1,0
Garrafão do Norte,Garrafão do Norte,2020-05-24,98,52,1,0
Garrafão do Norte,Garrafão do Norte,2020-05-25,105,7,2,1
Garrafão do Norte,Garrafão do Norte,2020-05-26,110,5,3,1
Garrafão do Norte,Garrafão do Norte,2020-05-27,118,8,3,0
Garrafão do Norte,Garrafão do Norte,2020-05-28,130,12,3,0
Garrafão do Norte,Garrafão do Norte,2020-05-29,139,9,3,0
Garrafão do Norte,Garrafão do Norte,2020-05-30,139,0,3,0
Garrafão do Norte,Garrafão do Norte,2020-05-31,139,0,3,0
Garrafão do Norte,Garrafão do Norte,2020-06-01,140,1,3,0
Garrafão do Norte,Garrafão do Norte,2020-06-02,149,9,5,2
Garrafão do Norte,Garrafão do Norte,2020-06-03,166,17,5,0
Garrafão do Norte,Garrafão do Norte,2020-06-04,181,15,5,0
Garrafão do Norte,Garrafão do Norte,2020-06-05,183,2,5,0
Garrafão do Norte,Garrafão do Norte,2020-06-06,183,0,5,0
Garrafão do Norte,Garrafão do Norte,2020-06-07,189,6,5,0
Garrafão do Norte,Garrafão do Norte,2020-06-08,188,-1,5,0
Garrafão do Norte,Garrafão do Norte,2020-06-09,209,21,5,0
Garrafão do Norte,Garrafão do Norte,2020-06-10,228,19,5,0
Garrafão do Norte,Garrafão do Norte,2020-06-11,238,10,5,0
Garrafão do Norte,Garrafão do Norte,2020-06-12,241,3,5,0
Garrafão do Norte,Garrafão do Norte,2020-06-13,242,1,5,0
Garrafão do Norte,Garrafão do Norte,2020-06-14,242,0,5,0
Garrafão do Norte,Garrafão do Norte,2020-06-15,241,-1,5,0
Garrafão do Norte,Garrafão do Norte,2020-06-16,256,15,5,0
Garrafão do Norte,Garrafão do Norte,2020-06-17,262,6,5,0
Garrafão do Norte,Garrafão do Norte,2020-06-18,262,0,5,0
Garrafão do Norte,Garrafão do Norte,2020-06-19,276,14,5,0
Garrafão do Norte,Garrafão do Norte,2020-06-20,277,1,5,0
Garrafão do Norte,Garrafão do Norte,2020-06-21,279,2,5,0
Garrafão do Norte,Garrafão do Norte,2020-06-22,281,2,5,0
Garrafão do Norte,Garrafão do Norte,2020-06-23,307,26,5,0
Garrafão do Norte,Garrafão do Norte,2020-06-24,309,2,5,0
Garrafão do Norte,Garrafão do Norte,2020-06-25,319,10,5,0
Garrafão do Norte,Garrafão do Norte,2020-06-26,335,16,5,0
Garrafão do Norte,Garrafão do Norte,2020-06-27,360,25,5,0
Garrafão do Norte,Garrafão do Norte,2020-06-28,365,5,5,0
Garrafão do Norte,Garrafão do Norte,2020-06-29,377,12,5,0
Garrafão do Norte,Garrafão do Norte,2020-06-30,392,15,5,0
Garrafão do Norte,Garrafão do Norte,2020-07-01,399,7,5,0
Garrafão do Norte,Garrafão do Norte,2020-07-02,412,13,5,0
Garrafão do Norte,Garrafão do Norte,2020-07-03,414,2,5,0
Garrafão do Norte,Garrafão do Norte,2020-07-04,445,31,5,0
Garrafão do Norte,Garrafão do Norte,2020-07-05,448,3,5,0
Garrafão do Norte,Garrafão do Norte,2020-07-06,453,5,5,0
Garrafão do Norte,Garrafão do Norte,2020-07-07,458,5,5,0
Garrafão do Norte,Garrafão do Norte,2020-07-08,462,4,5,0
Garrafão do Norte,Garrafão do Norte,2020-07-09,462,0,5,0
Garrafão do Norte,Garrafão do Norte,2020-07-10,462,0,5,0
Garrafão do Norte,Garrafão do Norte,2020-07-11,466,4,6,1
Garrafão do Norte,Garrafão do Norte,2020-07-12,466,0,6,0
Garrafão do Norte,Garrafão do Norte,2020-07-13,466,0,6,0
Garrafão do Norte,Garrafão do Norte,2020-07-14,469,3,6,0
Garrafão do Norte,Garrafão do Norte,2020-07-15,469,0,6,0
Garrafão do Norte,Garrafão do Norte,2020-07-16,510,41,6,0
Garrafão do Norte,Garrafão do Norte,2020-07-17,520,10,6,0
Garrafão do Norte,Garrafão do Norte,2020-07-18,526,6,6,0
Garrafão do Norte,Garrafão do Norte,2020-07-19,526,0,6,0
Garrafão do Norte,Garrafão do Norte,2020-07-20,526,0,6,0
Garrafão do Norte,Garrafão do Norte,2020-07-21,529,3,6,0
Garrafão do Norte,Garrafão do Norte,2020-07-22,533,4,6,0
Garrafão do Norte,Garrafão do Norte,2020-07-23,533,0,6,0
Garrafão do Norte,Garrafão do Norte,2020-07-24,533,0,6,0
Garrafão do Norte,Garrafão do Norte,2020-07-25,533,0,6,0
Garrafão do Norte,Garrafão do Norte,2020-07-26,533,0,6,0
Garrafão do Norte,Garrafão do Norte,2020-07-27,533,0,6,0
Garrafão do Norte,Garrafão do Norte,2020-07-28,553,20,6,0
Garrafão do Norte,Garrafão do Norte,2020-07-29,562,9,6,0
Garrafão do Norte,Garrafão do Norte,2020-07-30,569,7,6,0
Garrafão do Norte,Garrafão do Norte,2020-07-31,569,0,6,0
Garrafão do Norte,Garrafão do Norte,2020-08-01,574,5,6,0
Garrafão do Norte,Garrafão do Norte,2020-08-02,574,0,6,0
Garrafão do Norte,Garrafão do Norte,2020-08-03,574,0,6,0
Garrafão do Norte,Garrafão do Norte,2020-08-04,574,0,6,0
Garrafão do Norte,Garrafão do Norte,2020-08-05,578,4,6,0
Garrafão do Norte,Garrafão do Norte,2020-08-06,580,2,6,0
Garrafão do Norte,Garrafão do Norte,2020-08-07,580,0,6,0
Garrafão do Norte,Garrafão do Norte,2020-08-08,631,51,6,0
Garrafão do Norte,Garrafão do Norte,2020-08-09,631,0,6,0
Garrafão do Norte,Garrafão do Norte,2020-08-10,631,0,6,0
Garrafão do Norte,Garrafão do Norte,2020-08-11,631,0,6,0
Garrafão do Norte,Garrafão do Norte,2020-08-12,646,15,6,0
Garrafão do Norte,Garrafão do Norte,2020-08-13,646,0,6,0
Garrafão do Norte,Garrafão do Norte,2020-08-14,646,0,6,0
Garrafão do Norte,Garrafão do Norte,2020-08-15,646,0,6,0
Garrafão do Norte,Garrafão do Norte,2020-08-16,646,0,6,0
Garrafão do Norte,Garrafão do Norte,2020-08-17,646,0,6,0
Garrafão do Norte,Garrafão do Norte,2020-08-18,646,0,6,0
Garrafão do Norte,Garrafão do Norte,2020-08-19,646,0,6,0
Garrafão do Norte,Garrafão do Norte,2020-08-20,646,0,6,0
Garrafão do Norte,Garrafão do Norte,2020-08-21,646,0,6,0
Garrafão do Norte,Garrafão do Norte,2020-08-22,665,19,6,0
Garrafão do Norte,Garrafão do Norte,2020-08-23,665,0,6,0
Garrafão do Norte,Garrafão do Norte,2020-08-24,665,0,6,0
Garrafão do Norte,Garrafão do Norte,2020-08-25,665,0,6,0
Garrafão do Norte,Garrafão do Norte,2020-08-26,666,1,6,0
Garrafão do Norte,Garrafão do Norte,2020-08-27,666,0,6,0
Garrafão do Norte,Garrafão do Norte,2020-08-28,669,3,6,0
Garrafão do Norte,Garrafão do Norte,2020-08-29,672,3,6,0
Garrafão do Norte,Garrafão do Norte,2020-08-30,672,0,6,0
Garrafão do Norte,Garrafão do Norte,2020-08-31,672,0,6,0
Garrafão do Norte,Garrafão do Norte,2020-09-01,672,0,6,0
Garrafão do Norte,Garrafão do Norte,2020-09-02,672,0,6,0
Garrafão do Norte,Garrafão do Norte,2020-09-03,674,2,6,0
Garrafão do Norte,Garrafão do Norte,2020-09-04,674,0,6,0
Garrafão do Norte,Garrafão do Norte,2020-09-05,674,0,6,0
Garrafão do Norte,Garrafão do Norte,2020-09-06,674,0,6,0
Garrafão do Norte,Garrafão do Norte,2020-09-07,674,0,6,0
Garrafão do Norte,Garrafão do Norte,2020-09-08,674,0,6,0
Garrafão do Norte,Garrafão do Norte,2020-09-09,674,0,6,0
Garrafão do Norte,Garrafão do Norte,2020-09-10,675,1,6,0
Garrafão do Norte,Garrafão do Norte,2020-09-11,678,3,6,0
Garrafão do Norte,Garrafão do Norte,2020-09-12,679,1,6,0
Garrafão do Norte,Garrafão do Norte,2020-09-13,679,0,6,0
Garrafão do Norte,Garrafão do Norte,2020-09-14,679,0,6,0
Garrafão do Norte,Garrafão do Norte,2020-09-15,679,0,6,0
Garrafão do Norte,Garrafão do Norte,2020-09-16,680,1,6,0
Garrafão do Norte,Garrafão do Norte,2020-09-17,681,1,6,0
Garrafão do Norte,Garrafão do Norte,2020-09-18,681,0,6,0
Garrafão do Norte,Garrafão do Norte,2020-09-19,681,0,6,0
Garrafão do Norte,Garrafão do Norte,2020-09-20,681,0,6,0
Garrafão do Norte,Garrafão do Norte,2020-09-21,681,0,6,0
Garrafão do Norte,Garrafão do Norte,2020-09-22,682,1,6,0
Garrafão do Norte,Garrafão do Norte,2020-09-23,682,0,6,0
Garrafão do Norte,Garrafão do Norte,2020-09-24,682,0,6,0
Garrafão do Norte,Garrafão do Norte,2020-09-25,727,45,6,0
Garrafão do Norte,Garrafão do Norte,2020-09-26,748,21,6,0
Garrafão do Norte,Garrafão do Norte,2020-09-27,749,1,6,0
Garrafão do Norte,Garrafão do Norte,2020-09-28,749,0,6,0
Garrafão do Norte,Garrafão do Norte,2020-09-29,772,23,6,0
Garrafão do Norte,Garrafão do Norte,2020-09-30,772,0,6,0
Garrafão do Norte,Garrafão do Norte,2020-10-01,802,30,6,0
Garrafão do Norte,Garrafão do Norte,2020-10-02,818,16,6,0
Garrafão do Norte,Garrafão do Norte,2020-10-03,818,0,6,0
Garrafão do Norte,Garrafão do Norte,2020-10-04,818,0,6,0
Garrafão do Norte,Garrafão do Norte,2020-10-05,818,0,6,0
Garrafão do Norte,Garrafão do Norte,2020-10-06,818,0,6,0
Garrafão do Norte,Garrafão do Norte,2020-10-07,818,0,6,0
Garrafão do Norte,Garrafão do Norte,2020-10-08,828,10,6,0
Garrafão do Norte,Garrafão do Norte,2020-10-09,828,0,6,0
Garrafão do Norte,Garrafão do Norte,2020-10-10,840,12,6,0
Garrafão do Norte,Garrafão do Norte,2020-10-11,840,0,6,0
Garrafão do Norte,Garrafão do Norte,2020-10-12,840,0,6,0
Garrafão do Norte,Garrafão do Norte,2020-10-13,840,0,6,0
Garrafão do Norte,Garrafão do Norte,2020-10-14,856,16,6,0
Garrafão do Norte,Garrafão do Norte,2020-10-15,856,0,6,0
Garrafão do Norte,Garrafão do Norte,2020-10-16,867,11,6,0
Garrafão do Norte,Garrafão do Norte,2020-10-17,876,9,6,0
Garrafão do Norte,Garrafão do Norte,2020-10-18,880,4,6,0
Garrafão do Norte,Garrafão do Norte,2020-10-19,880,0,6,0
Garrafão do Norte,Garrafão do Norte,2020-10-20,887,7,6,0
Garrafão do Norte,Garrafão do Norte,2020-10-21,887,0,6,0
Garrafão do Norte,Garrafão do Norte,2020-10-22,892,5,6,0
Garrafão do Norte,Garrafão do Norte,2020-10-23,892,0,6,0
Garrafão do Norte,Garrafão do Norte,2020-10-24,892,0,6,0
Garrafão do Norte,Garrafão do Norte,2020-10-25,894,2,6,0
Garrafão do Norte,Garrafão do Norte,2020-10-26,894,0,6,0
Garrafão do Norte,Garrafão do Norte,2020-10-27,899,5,6,0
Garrafão do Norte,Garrafão do Norte,2020-10-28,899,0,6,0
Garrafão do Norte,Garrafão do Norte,2020-10-29,899,0,6,0
Garrafão do Norte,Garrafão do Norte,2020-10-30,899,0,6,0
Garrafão do Norte,Garrafão do Norte,2020-10-31,899,0,6,0
Garrafão do Norte,Garrafão do Norte,2020-11-01,899,0,6,0
Garrafão do Norte,Garrafão do Norte,2020-11-02,899,0,6,0
Garrafão do Norte,Garrafão do Norte,2020-11-03,899,0,6,0
Garrafão do Norte,Garrafão do Norte,2020-11-04,911,12,6,0
Garrafão do Norte,Garrafão do Norte,2020-11-05,919,8,6,0
Garrafão do Norte,Garrafão do Norte,2020-11-06,923,4,6,0
Garrafão do Norte,Garrafão do Norte,2020-11-07,923,0,6,0
Garrafão do Norte,Garrafão do Norte,2020-11-08,923,0,6,0
Garrafão do Norte,Garrafão do Norte,2020-11-09,923,0,6,0
Garrafão do Norte,Garrafão do Norte,2020-11-10,927,4,6,0
Garrafão do Norte,Garrafão do Norte,2020-11-11,927,0,6,0
Garrafão do Norte,Garrafão do Norte,2020-11-12,927,0,6,0
Garrafão do Norte,Garrafão do Norte,2020-11-13,927,0,6,0
Garrafão do Norte,Garrafão do Norte,2020-11-14,927,0,6,0
Garrafão do Norte,Garrafão do Norte,2020-11-15,927,0,6,0
Garrafão do Norte,Garrafão do Norte,2020-11-16,927,0,6,0
Garrafão do Norte,Garrafão do Norte,2020-11-17,927,0,6,0
Garrafão do Norte,Garrafão do Norte,2020-11-18,928,1,6,0
Garrafão do Norte,Garrafão do Norte,2020-11-19,933,5,6,0
Garrafão do Norte,Garrafão do Norte,2020-11-20,934,1,6,0
Garrafão do Norte,Garrafão do Norte,2020-11-21,938,4,6,0
Garrafão do Norte,Garrafão do Norte,2020-11-22,938,0,6,0
Garrafão do Norte,Garrafão do Norte,2020-11-23,938,0,6,0
Garrafão do Norte,Garrafão do Norte,2020-11-24,938,0,6,0
Garrafão do Norte,Garrafão do Norte,2020-11-25,939,1,6,0
Garrafão do Norte,Garrafão do Norte,2020-11-26,940,1,6,0
Garrafão do Norte,Garrafão do Norte,2020-11-27,940,0,6,0
Garrafão do Norte,Garrafão do Norte,2020-11-28,940,0,6,0
Garrafão do Norte,Garrafão do Norte,2020-11-29,940,0,6,0
Garrafão do Norte,Garrafão do Norte,2020-11-30,940,0,6,0
Garrafão do Norte,Garrafão do Norte,2020-12-01,940,0,6,0
Garrafão do Norte,Garrafão do Norte,2020-12-02,940,0,6,0
Garrafão do Norte,Garrafão do Norte,2020-12-03,940,0,6,0
Garrafão do Norte,Garrafão do Norte,2020-12-04,941,1,6,0
Garrafão do Norte,Garrafão do Norte,2020-12-05,941,0,6,0
Garrafão do Norte,Garrafão do Norte,2020-12-06,941,0,6,0
Garrafão do Norte,Garrafão do Norte,2020-12-07,941,0,6,0
Garrafão do Norte,Garrafão do Norte,2020-12-08,945,4,6,0
Garrafão do Norte,Garrafão do Norte,2020-12-09,945,0,6,0
Garrafão do Norte,Garrafão do Norte,2020-12-10,950,5,6,0
Garrafão do Norte,Garrafão do Norte,2020-12-11,951,1,6,0
Garrafão do Norte,Garrafão do Norte,2020-12-12,951,0,6,0
Garrafão do Norte,Garrafão do Norte,2020-12-13,951,0,6,0
Garrafão do Norte,Garrafão do Norte,2020-12-14,951,0,6,0
Garrafão do Norte,Garrafão do Norte,2020-12-15,956,5,6,0
Garrafão do Norte,Garrafão do Norte,2020-12-16,956,0,6,0
Garrafão do Norte,Garrafão do Norte,2020-12-17,961,5,6,0
Garrafão do Norte,Garrafão do Norte,2020-12-18,961,0,6,0
Garrafão do Norte,Garrafão do Norte,2020-12-19,961,0,6,0
Garrafão do Norte,Garrafão do Norte,2020-12-20,961,0,6,0
Garrafão do Norte,Garrafão do Norte,2020-12-21,961,0,6,0
Garrafão do Norte,Garrafão do Norte,2020-12-22,961,0,6,0
Garrafão do Norte,Garrafão do Norte,2020-12-23,961,0,6,0
Garrafão do Norte,Garrafão do Norte,2020-12-24,961,0,6,0
Garrafão do Norte,Garrafão do Norte,2020-12-25,961,0,6,0
Garrafão do Norte,Garrafão do Norte,2020-12-26,961,0,6,0
Garrafão do Norte,Garrafão do Norte,2020-12-27,961,0,6,0
Garrafão do Norte,Garrafão do Norte,2020-12-28,961,0,6,0
Garrafão do Norte,Garrafão do Norte,2020-12-29,961,0,6,0
Garrafão do Norte,Garrafão do Norte,2020-12-30,961,0,6,0
Garrafão do Norte,Garrafão do Norte,2020-12-31,961,0,6,0
Garrafão do Norte,Garrafão do Norte,2021-01-01,961,0,6,0
Garrafão do Norte,Garrafão do Norte,2021-01-02,961,0,6,0
Garrafão do Norte,Garrafão do Norte,2021-01-03,961,0,6,0
Garrafão do Norte,Garrafão do Norte,2021-01-04,961,0,6,0
Garrafão do Norte,Garrafão do Norte,2021-01-05,967,6,6,0
Garrafão do Norte,Garrafão do Norte,2021-01-06,982,15,6,0
Garrafão do Norte,Garrafão do Norte,2021-01-07,986,4,6,0
Garrafão do Norte,Garrafão do Norte,2021-01-08,986,0,6,0
Garrafão do Norte,Garrafão do Norte,2021-01-09,996,10,6,0
Garrafão do Norte,Garrafão do Norte,2021-01-10,996,0,6,0
Garrafão do Norte,Garrafão do Norte,2021-01-11,996,0,6,0
Garrafão do Norte,Garrafão do Norte,2021-01-12,1006,10,6,0
Garrafão do Norte,Garrafão do Norte,2021-01-13,1008,2,6,0
Garrafão do Norte,Garrafão do Norte,2021-01-14,1008,0,6,0
Garrafão do Norte,Garrafão do Norte,2021-01-15,1021,13,6,0
Garrafão do Norte,Garrafão do Norte,2021-01-16,1026,5,6,0
Garrafão do Norte,Garrafão do Norte,2021-01-17,1026,0,6,0
Garrafão do Norte,Garrafão do Norte,2021-01-18,1026,0,6,0
Garrafão do Norte,Garrafão do Norte,2021-01-19,1043,17,6,0
Garrafão do Norte,Garrafão do Norte,2021-01-20,1045,2,6,0
Garrafão do Norte,Garrafão do Norte,2021-01-21,1046,1,6,0
Garrafão do Norte,Garrafão do Norte,2021-01-22,1047,1,6,0
Garrafão do Norte,Garrafão do Norte,2021-01-23,1047,0,6,0
Garrafão do Norte,Garrafão do Norte,2021-01-24,1047,0,6,0
Garrafão do Norte,Garrafão do Norte,2021-01-25,1047,0,6,0
Garrafão do Norte,Garrafão do Norte,2021-01-26,1064,17,6,0
Garrafão do Norte,Garrafão do Norte,2021-01-27,1070,6,6,0
Garrafão do Norte,Garrafão do Norte,2021-01-28,1078,8,6,0
Garrafão do Norte,Garrafão do Norte,2021-01-29,1078,0,6,0
Garrafão do Norte,Garrafão do Norte,2021-01-30,1078,0,6,0
Garrafão do Norte,Garrafão do Norte,2021-01-31,1078,0,6,0
Garrafão do Norte,Garrafão do Norte,2021-02-01,1078,0,6,0
Garrafão do Norte,Garrafão do Norte,2021-02-02,1108,30,6,0
Garrafão do Norte,Garrafão do Norte,2021-02-03,1108,0,6,0
Garrafão do Norte,Garrafão do Norte,2021-02-04,1111,3,6,0
Garrafão do Norte,Garrafão do Norte,2021-02-05,1120,9,6,0
Garrafão do Norte,Garrafão do Norte,2021-02-06,1120,0,6,0
Garrafão do Norte,Garrafão do Norte,2021-02-07,1120,0,6,0
Garrafão do Norte,Garrafão do Norte,2021-02-08,1120,0,6,0
