city,city,date,cases,daily cases,deaths,daily deaths
General Carneiro,General Carneiro,2020-03-27,0,0,0,0
General Carneiro,General Carneiro,2020-03-28,0,0,0,0
General Carneiro,General Carneiro,2020-03-29,0,0,0,0
General Carneiro,General Carneiro,2020-03-30,0,0,0,0
General Carneiro,General Carneiro,2020-03-31,0,0,0,0
General Carneiro,General Carneiro,2020-04-01,0,0,0,0
General Carneiro,General Carneiro,2020-04-02,0,0,0,0
General Carneiro,General Carneiro,2020-04-03,0,0,0,0
General Carneiro,General Carneiro,2020-04-04,0,0,0,0
General Carneiro,General Carneiro,2020-04-05,0,0,0,0
General Carneiro,General Carneiro,2020-04-06,0,0,0,0
General Carneiro,General Carneiro,2020-04-07,0,0,0,0
General Carneiro,General Carneiro,2020-04-08,0,0,0,0
General Carneiro,General Carneiro,2020-04-09,0,0,0,0
General Carneiro,General Carneiro,2020-04-10,0,0,0,0
General Carneiro,General Carneiro,2020-04-11,0,0,0,0
General Carneiro,General Carneiro,2020-04-12,0,0,0,0
General Carneiro,General Carneiro,2020-04-13,0,0,0,0
General Carneiro,General Carneiro,2020-04-14,0,0,0,0
General Carneiro,General Carneiro,2020-04-15,0,0,0,0
General Carneiro,General Carneiro,2020-04-16,0,0,0,0
General Carneiro,General Carneiro,2020-04-17,0,0,0,0
General Carneiro,General Carneiro,2020-04-18,0,0,0,0
General Carneiro,General Carneiro,2020-04-19,0,0,0,0
General Carneiro,General Carneiro,2020-04-20,0,0,0,0
General Carneiro,General Carneiro,2020-04-21,0,0,0,0
General Carneiro,General Carneiro,2020-04-22,0,0,0,0
General Carneiro,General Carneiro,2020-04-23,0,0,0,0
General Carneiro,General Carneiro,2020-04-24,0,0,0,0
General Carneiro,General Carneiro,2020-04-25,0,0,0,0
General Carneiro,General Carneiro,2020-04-26,0,0,0,0
General Carneiro,General Carneiro,2020-04-27,0,0,0,0
General Carneiro,General Carneiro,2020-04-28,0,0,0,0
General Carneiro,General Carneiro,2020-04-29,0,0,0,0
General Carneiro,General Carneiro,2020-04-30,0,0,0,0
General Carneiro,General Carneiro,2020-05-01,0,0,0,0
General Carneiro,General Carneiro,2020-05-02,0,0,0,0
General Carneiro,General Carneiro,2020-05-03,0,0,0,0
General Carneiro,General Carneiro,2020-05-04,0,0,0,0
General Carneiro,General Carneiro,2020-05-05,0,0,0,0
General Carneiro,General Carneiro,2020-05-06,0,0,0,0
General Carneiro,General Carneiro,2020-05-07,0,0,0,0
General Carneiro,General Carneiro,2020-05-08,0,0,0,0
General Carneiro,General Carneiro,2020-05-09,1,1,0,0
General Carneiro,General Carneiro,2020-05-10,1,0,0,0
General Carneiro,General Carneiro,2020-05-11,1,0,0,0
General Carneiro,General Carneiro,2020-05-12,1,0,0,0
General Carneiro,General Carneiro,2020-05-13,1,0,0,0
General Carneiro,General Carneiro,2020-05-14,2,1,0,0
General Carneiro,General Carneiro,2020-05-15,2,0,0,0
General Carneiro,General Carneiro,2020-05-16,2,0,0,0
General Carneiro,General Carneiro,2020-05-17,2,0,0,0
General Carneiro,General Carneiro,2020-05-18,2,0,0,0
General Carneiro,General Carneiro,2020-05-19,2,0,0,0
General Carneiro,General Carneiro,2020-05-20,2,0,0,0
General Carneiro,General Carneiro,2020-05-21,2,0,0,0
General Carneiro,General Carneiro,2020-05-22,2,0,0,0
General Carneiro,General Carneiro,2020-05-23,2,0,0,0
General Carneiro,General Carneiro,2020-05-24,2,0,0,0
General Carneiro,General Carneiro,2020-05-25,2,0,0,0
General Carneiro,General Carneiro,2020-05-26,2,0,0,0
General Carneiro,General Carneiro,2020-05-27,2,0,0,0
General Carneiro,General Carneiro,2020-05-28,2,0,0,0
General Carneiro,General Carneiro,2020-05-29,2,0,0,0
General Carneiro,General Carneiro,2020-05-30,3,1,0,0
General Carneiro,General Carneiro,2020-05-31,3,0,0,0
General Carneiro,General Carneiro,2020-06-01,3,0,0,0
General Carneiro,General Carneiro,2020-06-02,3,0,0,0
General Carneiro,General Carneiro,2020-06-03,3,0,0,0
General Carneiro,General Carneiro,2020-06-04,3,0,0,0
General Carneiro,General Carneiro,2020-06-05,3,0,0,0
General Carneiro,General Carneiro,2020-06-06,3,0,0,0
General Carneiro,General Carneiro,2020-06-07,3,0,0,0
General Carneiro,General Carneiro,2020-06-08,3,0,0,0
General Carneiro,General Carneiro,2020-06-09,3,0,0,0
General Carneiro,General Carneiro,2020-06-10,3,0,0,0
General Carneiro,General Carneiro,2020-06-11,3,0,0,0
General Carneiro,General Carneiro,2020-06-12,3,0,0,0
General Carneiro,General Carneiro,2020-06-13,3,0,0,0
General Carneiro,General Carneiro,2020-06-14,4,1,0,0
General Carneiro,General Carneiro,2020-06-15,4,0,0,0
General Carneiro,General Carneiro,2020-06-16,5,1,0,0
General Carneiro,General Carneiro,2020-06-17,9,4,0,0
General Carneiro,General Carneiro,2020-06-18,10,1,0,0
General Carneiro,General Carneiro,2020-06-19,15,5,0,0
General Carneiro,General Carneiro,2020-06-20,19,4,0,0
General Carneiro,General Carneiro,2020-06-21,19,0,0,0
General Carneiro,General Carneiro,2020-06-22,20,1,0,0
General Carneiro,General Carneiro,2020-06-23,20,0,0,0
General Carneiro,General Carneiro,2020-06-24,24,4,1,1
General Carneiro,General Carneiro,2020-06-25,27,3,1,0
General Carneiro,General Carneiro,2020-06-26,29,2,1,0
General Carneiro,General Carneiro,2020-06-27,39,10,2,1
General Carneiro,General Carneiro,2020-06-28,41,2,2,0
General Carneiro,General Carneiro,2020-06-29,39,-2,3,1
General Carneiro,General Carneiro,2020-06-30,40,1,3,0
General Carneiro,General Carneiro,2020-07-01,40,0,3,0
General Carneiro,General Carneiro,2020-07-02,63,23,3,0
General Carneiro,General Carneiro,2020-07-03,63,0,3,0
General Carneiro,General Carneiro,2020-07-04,68,5,3,0
General Carneiro,General Carneiro,2020-07-05,67,-1,0,-3
General Carneiro,General Carneiro,2020-07-06,67,0,4,4
General Carneiro,General Carneiro,2020-07-07,84,17,6,2
General Carneiro,General Carneiro,2020-07-08,109,25,6,0
General Carneiro,General Carneiro,2020-07-09,108,-1,7,1
General Carneiro,General Carneiro,2020-07-10,113,5,7,0
General Carneiro,General Carneiro,2020-07-11,120,7,7,0
General Carneiro,General Carneiro,2020-07-12,121,1,9,2
General Carneiro,General Carneiro,2020-07-13,126,5,10,1
General Carneiro,General Carneiro,2020-07-14,127,1,10,0
General Carneiro,General Carneiro,2020-07-15,127,0,10,0
General Carneiro,General Carneiro,2020-07-16,123,-4,10,0
General Carneiro,General Carneiro,2020-07-17,128,5,8,-2
General Carneiro,General Carneiro,2020-07-18,128,0,8,0
General Carneiro,General Carneiro,2020-07-19,138,10,8,0
General Carneiro,General Carneiro,2020-07-20,144,6,8,0
General Carneiro,General Carneiro,2020-07-21,167,23,8,0
General Carneiro,General Carneiro,2020-07-22,171,4,8,0
General Carneiro,General Carneiro,2020-07-23,172,1,8,0
General Carneiro,General Carneiro,2020-07-24,173,1,8,0
General Carneiro,General Carneiro,2020-07-25,169,-4,8,0
General Carneiro,General Carneiro,2020-07-26,170,1,8,0
General Carneiro,General Carneiro,2020-07-27,170,0,8,0
General Carneiro,General Carneiro,2020-07-28,169,-1,8,0
General Carneiro,General Carneiro,2020-07-29,173,4,8,0
General Carneiro,General Carneiro,2020-07-30,177,4,9,1
General Carneiro,General Carneiro,2020-07-31,179,2,9,0
General Carneiro,General Carneiro,2020-08-01,180,1,9,0
General Carneiro,General Carneiro,2020-08-02,185,5,10,1
General Carneiro,General Carneiro,2020-08-03,184,-1,9,-1
General Carneiro,General Carneiro,2020-08-04,186,2,9,0
General Carneiro,General Carneiro,2020-08-05,188,2,9,0
General Carneiro,General Carneiro,2020-08-06,189,1,9,0
General Carneiro,General Carneiro,2020-08-07,190,1,9,0
General Carneiro,General Carneiro,2020-08-08,192,2,9,0
General Carneiro,General Carneiro,2020-08-09,189,-3,9,0
General Carneiro,General Carneiro,2020-08-10,207,18,9,0
General Carneiro,General Carneiro,2020-08-11,209,2,9,0
General Carneiro,General Carneiro,2020-08-12,209,0,10,1
General Carneiro,General Carneiro,2020-08-13,237,28,10,0
General Carneiro,General Carneiro,2020-08-14,238,1,10,0
General Carneiro,General Carneiro,2020-08-15,239,1,10,0
General Carneiro,General Carneiro,2020-08-16,239,0,10,0
General Carneiro,General Carneiro,2020-08-17,246,7,10,0
General Carneiro,General Carneiro,2020-08-18,226,-20,9,-1
General Carneiro,General Carneiro,2020-08-19,227,1,9,0
General Carneiro,General Carneiro,2020-08-20,231,4,10,1
General Carneiro,General Carneiro,2020-08-21,231,0,10,0
General Carneiro,General Carneiro,2020-08-22,237,6,10,0
General Carneiro,General Carneiro,2020-08-23,237,0,10,0
General Carneiro,General Carneiro,2020-08-24,239,2,10,0
General Carneiro,General Carneiro,2020-08-25,247,8,10,0
General Carneiro,General Carneiro,2020-08-26,249,2,10,0
General Carneiro,General Carneiro,2020-08-27,277,28,10,0
General Carneiro,General Carneiro,2020-08-28,279,2,10,0
General Carneiro,General Carneiro,2020-08-29,284,5,10,0
General Carneiro,General Carneiro,2020-08-30,284,0,10,0
General Carneiro,General Carneiro,2020-08-31,289,5,10,0
General Carneiro,General Carneiro,2020-09-01,290,1,10,0
General Carneiro,General Carneiro,2020-09-02,290,0,10,0
General Carneiro,General Carneiro,2020-09-03,291,1,10,0
General Carneiro,General Carneiro,2020-09-04,291,0,10,0
General Carneiro,General Carneiro,2020-09-05,291,0,10,0
General Carneiro,General Carneiro,2020-09-06,324,33,10,0
General Carneiro,General Carneiro,2020-09-07,324,0,10,0
General Carneiro,General Carneiro,2020-09-08,326,2,10,0
General Carneiro,General Carneiro,2020-09-09,352,26,11,1
General Carneiro,General Carneiro,2020-09-10,352,0,11,0
General Carneiro,General Carneiro,2020-09-11,355,3,11,0
General Carneiro,General Carneiro,2020-09-12,355,0,11,0
General Carneiro,General Carneiro,2020-09-13,355,0,11,0
General Carneiro,General Carneiro,2020-09-14,364,9,11,0
General Carneiro,General Carneiro,2020-09-15,365,1,11,0
General Carneiro,General Carneiro,2020-09-16,368,3,11,0
General Carneiro,General Carneiro,2020-09-17,368,0,11,0
General Carneiro,General Carneiro,2020-09-18,374,6,11,0
General Carneiro,General Carneiro,2020-09-19,381,7,11,0
General Carneiro,General Carneiro,2020-09-20,381,0,11,0
General Carneiro,General Carneiro,2020-09-21,385,4,11,0
General Carneiro,General Carneiro,2020-09-22,385,0,11,0
General Carneiro,General Carneiro,2020-09-23,384,-1,11,0
General Carneiro,General Carneiro,2020-09-24,389,5,11,0
General Carneiro,General Carneiro,2020-09-25,392,3,11,0
General Carneiro,General Carneiro,2020-09-26,392,0,12,1
General Carneiro,General Carneiro,2020-09-27,394,2,12,0
General Carneiro,General Carneiro,2020-09-28,396,2,12,0
General Carneiro,General Carneiro,2020-09-29,396,0,12,0
General Carneiro,General Carneiro,2020-09-30,396,0,12,0
General Carneiro,General Carneiro,2020-10-01,396,0,12,0
General Carneiro,General Carneiro,2020-10-02,396,0,12,0
General Carneiro,General Carneiro,2020-10-03,396,0,12,0
General Carneiro,General Carneiro,2020-10-04,396,0,12,0
General Carneiro,General Carneiro,2020-10-05,396,0,12,0
General Carneiro,General Carneiro,2020-10-06,397,1,12,0
General Carneiro,General Carneiro,2020-10-07,398,1,12,0
General Carneiro,General Carneiro,2020-10-08,401,3,12,0
General Carneiro,General Carneiro,2020-10-09,402,1,12,0
General Carneiro,General Carneiro,2020-10-10,402,0,12,0
General Carneiro,General Carneiro,2020-10-11,407,5,12,0
General Carneiro,General Carneiro,2020-10-12,407,0,12,0
General Carneiro,General Carneiro,2020-10-13,414,7,14,2
General Carneiro,General Carneiro,2020-10-14,430,16,14,0
General Carneiro,General Carneiro,2020-10-15,430,0,14,0
General Carneiro,General Carneiro,2020-10-16,430,0,14,0
General Carneiro,General Carneiro,2020-10-17,430,0,14,0
General Carneiro,General Carneiro,2020-10-18,430,0,14,0
General Carneiro,General Carneiro,2020-10-19,431,1,14,0
General Carneiro,General Carneiro,2020-10-20,433,2,14,0
General Carneiro,General Carneiro,2020-10-21,434,1,14,0
General Carneiro,General Carneiro,2020-10-22,435,1,14,0
General Carneiro,General Carneiro,2020-10-23,436,1,14,0
General Carneiro,General Carneiro,2020-10-24,438,2,14,0
General Carneiro,General Carneiro,2020-10-25,438,0,14,0
General Carneiro,General Carneiro,2020-10-26,443,5,14,0
General Carneiro,General Carneiro,2020-10-27,443,0,14,0
General Carneiro,General Carneiro,2020-10-28,443,0,14,0
General Carneiro,General Carneiro,2020-10-29,444,1,14,0
General Carneiro,General Carneiro,2020-10-30,444,0,14,0
General Carneiro,General Carneiro,2020-10-31,444,0,14,0
General Carneiro,General Carneiro,2020-11-01,445,1,14,0
General Carneiro,General Carneiro,2020-11-02,445,0,14,0
General Carneiro,General Carneiro,2020-11-03,445,0,14,0
General Carneiro,General Carneiro,2020-11-04,445,0,14,0
General Carneiro,General Carneiro,2020-11-05,446,1,14,0
General Carneiro,General Carneiro,2020-11-06,446,0,14,0
General Carneiro,General Carneiro,2020-11-07,447,1,14,0
General Carneiro,General Carneiro,2020-11-08,447,0,14,0
General Carneiro,General Carneiro,2020-11-09,449,2,14,0
General Carneiro,General Carneiro,2020-11-10,449,0,14,0
General Carneiro,General Carneiro,2020-11-11,449,0,14,0
General Carneiro,General Carneiro,2020-11-12,470,21,15,1
General Carneiro,General Carneiro,2020-11-13,470,0,15,0
General Carneiro,General Carneiro,2020-11-14,480,10,15,0
General Carneiro,General Carneiro,2020-11-15,480,0,15,0
General Carneiro,General Carneiro,2020-11-16,480,0,15,0
General Carneiro,General Carneiro,2020-11-17,481,1,15,0
General Carneiro,General Carneiro,2020-11-18,482,1,15,0
General Carneiro,General Carneiro,2020-11-19,485,3,15,0
General Carneiro,General Carneiro,2020-11-20,485,0,15,0
General Carneiro,General Carneiro,2020-11-21,488,3,15,0
General Carneiro,General Carneiro,2020-11-22,488,0,15,0
General Carneiro,General Carneiro,2020-11-23,488,0,15,0
General Carneiro,General Carneiro,2020-11-24,491,3,15,0
General Carneiro,General Carneiro,2020-11-25,491,0,15,0
General Carneiro,General Carneiro,2020-11-26,495,4,15,0
General Carneiro,General Carneiro,2020-11-27,496,1,15,0
General Carneiro,General Carneiro,2020-11-28,496,0,15,0
General Carneiro,General Carneiro,2020-11-29,496,0,15,0
General Carneiro,General Carneiro,2020-11-30,502,6,15,0
General Carneiro,General Carneiro,2020-12-01,503,1,17,2
General Carneiro,General Carneiro,2020-12-02,505,2,18,1
General Carneiro,General Carneiro,2020-12-03,505,0,18,0
General Carneiro,General Carneiro,2020-12-04,508,3,18,0
General Carneiro,General Carneiro,2020-12-05,508,0,18,0
General Carneiro,General Carneiro,2020-12-06,508,0,18,0
General Carneiro,General Carneiro,2020-12-07,509,1,18,0
General Carneiro,General Carneiro,2020-12-08,509,0,18,0
General Carneiro,General Carneiro,2020-12-09,512,3,18,0
General Carneiro,General Carneiro,2020-12-10,514,2,18,0
General Carneiro,General Carneiro,2020-12-11,515,1,18,0
General Carneiro,General Carneiro,2020-12-12,516,1,18,0
General Carneiro,General Carneiro,2020-12-13,516,0,18,0
General Carneiro,General Carneiro,2020-12-14,516,0,18,0
General Carneiro,General Carneiro,2020-12-15,517,1,18,0
General Carneiro,General Carneiro,2020-12-16,518,1,18,0
General Carneiro,General Carneiro,2020-12-17,522,4,18,0
General Carneiro,General Carneiro,2020-12-18,528,6,18,0
General Carneiro,General Carneiro,2020-12-19,529,1,18,0
General Carneiro,General Carneiro,2020-12-20,529,0,18,0
General Carneiro,General Carneiro,2020-12-21,532,3,18,0
General Carneiro,General Carneiro,2020-12-22,534,2,18,0
General Carneiro,General Carneiro,2020-12-23,536,2,18,0
General Carneiro,General Carneiro,2020-12-24,536,0,18,0
General Carneiro,General Carneiro,2020-12-25,536,0,18,0
General Carneiro,General Carneiro,2020-12-26,536,0,18,0
General Carneiro,General Carneiro,2020-12-27,536,0,18,0
General Carneiro,General Carneiro,2020-12-28,536,0,18,0
General Carneiro,General Carneiro,2020-12-29,536,0,18,0
General Carneiro,General Carneiro,2020-12-30,537,1,18,0
General Carneiro,General Carneiro,2020-12-31,538,1,18,0
General Carneiro,General Carneiro,2021-01-01,539,1,18,0
General Carneiro,General Carneiro,2021-01-02,539,0,18,0
General Carneiro,General Carneiro,2021-01-03,539,0,18,0
General Carneiro,General Carneiro,2021-01-04,540,1,18,0
General Carneiro,General Carneiro,2021-01-05,545,5,18,0
General Carneiro,General Carneiro,2021-01-06,547,2,18,0
General Carneiro,General Carneiro,2021-01-07,560,13,19,1
General Carneiro,General Carneiro,2021-01-08,564,4,19,0
General Carneiro,General Carneiro,2021-01-09,567,3,19,0
General Carneiro,General Carneiro,2021-01-10,567,0,19,0
General Carneiro,General Carneiro,2021-01-11,571,4,19,0
General Carneiro,General Carneiro,2021-01-12,582,11,19,0
General Carneiro,General Carneiro,2021-01-13,583,1,19,0
General Carneiro,General Carneiro,2021-01-14,587,4,19,0
General Carneiro,General Carneiro,2021-01-15,587,0,19,0
General Carneiro,General Carneiro,2021-01-16,588,1,19,0
General Carneiro,General Carneiro,2021-01-17,589,1,19,0
General Carneiro,General Carneiro,2021-01-18,589,0,19,0
General Carneiro,General Carneiro,2021-01-19,589,0,19,0
General Carneiro,General Carneiro,2021-01-20,592,3,19,0
General Carneiro,General Carneiro,2021-01-21,592,0,19,0
General Carneiro,General Carneiro,2021-01-22,594,2,19,0
General Carneiro,General Carneiro,2021-01-23,594,0,19,0
General Carneiro,General Carneiro,2021-01-24,594,0,19,0
General Carneiro,General Carneiro,2021-01-25,594,0,19,0
General Carneiro,General Carneiro,2021-01-26,594,0,19,0
General Carneiro,General Carneiro,2021-01-27,595,1,19,0
General Carneiro,General Carneiro,2021-01-28,595,0,19,0
General Carneiro,General Carneiro,2021-01-29,595,0,19,0
General Carneiro,General Carneiro,2021-01-30,596,1,19,0
General Carneiro,General Carneiro,2021-01-31,596,0,19,0
General Carneiro,General Carneiro,2021-02-01,596,0,19,0
General Carneiro,General Carneiro,2021-02-02,598,2,19,0
General Carneiro,General Carneiro,2021-02-03,600,2,19,0
General Carneiro,General Carneiro,2021-02-04,600,0,19,0
General Carneiro,General Carneiro,2021-02-05,600,0,19,0
General Carneiro,General Carneiro,2021-02-06,603,3,19,0
General Carneiro,General Carneiro,2021-02-07,603,0,19,0
General Carneiro,General Carneiro,2021-02-08,606,3,19,0
