city,city,date,cases,daily cases,deaths,daily deaths
General Salgado,General Salgado,2020-03-27,0,0,0,0
General Salgado,General Salgado,2020-03-28,0,0,0,0
General Salgado,General Salgado,2020-03-29,0,0,0,0
General Salgado,General Salgado,2020-03-30,0,0,0,0
General Salgado,General Salgado,2020-03-31,0,0,0,0
General Salgado,General Salgado,2020-04-01,0,0,0,0
General Salgado,General Salgado,2020-04-02,0,0,0,0
General Salgado,General Salgado,2020-04-03,0,0,0,0
General Salgado,General Salgado,2020-04-04,0,0,0,0
General Salgado,General Salgado,2020-04-05,0,0,0,0
General Salgado,General Salgado,2020-04-06,0,0,0,0
General Salgado,General Salgado,2020-04-07,0,0,0,0
General Salgado,General Salgado,2020-04-08,0,0,0,0
General Salgado,General Salgado,2020-04-09,0,0,0,0
General Salgado,General Salgado,2020-04-10,0,0,0,0
General Salgado,General Salgado,2020-04-11,0,0,0,0
General Salgado,General Salgado,2020-04-12,0,0,0,0
General Salgado,General Salgado,2020-04-13,0,0,0,0
General Salgado,General Salgado,2020-04-14,0,0,0,0
General Salgado,General Salgado,2020-04-15,0,0,0,0
General Salgado,General Salgado,2020-04-16,0,0,0,0
General Salgado,General Salgado,2020-04-17,0,0,0,0
General Salgado,General Salgado,2020-04-18,0,0,0,0
General Salgado,General Salgado,2020-04-19,0,0,0,0
General Salgado,General Salgado,2020-04-20,0,0,0,0
General Salgado,General Salgado,2020-04-21,0,0,0,0
General Salgado,General Salgado,2020-04-22,0,0,0,0
General Salgado,General Salgado,2020-04-23,0,0,0,0
General Salgado,General Salgado,2020-04-24,0,0,0,0
General Salgado,General Salgado,2020-04-25,0,0,0,0
General Salgado,General Salgado,2020-04-26,0,0,0,0
General Salgado,General Salgado,2020-04-27,0,0,0,0
General Salgado,General Salgado,2020-04-28,0,0,0,0
General Salgado,General Salgado,2020-04-29,0,0,0,0
General Salgado,General Salgado,2020-04-30,0,0,0,0
General Salgado,General Salgado,2020-05-01,0,0,0,0
General Salgado,General Salgado,2020-05-02,0,0,0,0
General Salgado,General Salgado,2020-05-03,0,0,0,0
General Salgado,General Salgado,2020-05-04,0,0,0,0
General Salgado,General Salgado,2020-05-05,0,0,0,0
General Salgado,General Salgado,2020-05-06,0,0,0,0
General Salgado,General Salgado,2020-05-07,0,0,0,0
General Salgado,General Salgado,2020-05-08,0,0,0,0
General Salgado,General Salgado,2020-05-09,0,0,0,0
General Salgado,General Salgado,2020-05-10,0,0,0,0
General Salgado,General Salgado,2020-05-11,0,0,0,0
General Salgado,General Salgado,2020-05-12,1,1,0,0
General Salgado,General Salgado,2020-05-13,2,1,0,0
General Salgado,General Salgado,2020-05-14,2,0,0,0
General Salgado,General Salgado,2020-05-15,2,0,0,0
General Salgado,General Salgado,2020-05-16,2,0,0,0
General Salgado,General Salgado,2020-05-17,2,0,0,0
General Salgado,General Salgado,2020-05-18,2,0,0,0
General Salgado,General Salgado,2020-05-19,2,0,0,0
General Salgado,General Salgado,2020-05-20,2,0,0,0
General Salgado,General Salgado,2020-05-21,2,0,0,0
General Salgado,General Salgado,2020-05-22,2,0,0,0
General Salgado,General Salgado,2020-05-23,2,0,0,0
General Salgado,General Salgado,2020-05-24,2,0,0,0
General Salgado,General Salgado,2020-05-25,2,0,0,0
General Salgado,General Salgado,2020-05-26,2,0,0,0
General Salgado,General Salgado,2020-05-27,2,0,0,0
General Salgado,General Salgado,2020-05-28,2,0,0,0
General Salgado,General Salgado,2020-05-29,2,0,0,0
General Salgado,General Salgado,2020-05-30,3,1,0,0
General Salgado,General Salgado,2020-05-31,3,0,0,0
General Salgado,General Salgado,2020-06-01,3,0,0,0
General Salgado,General Salgado,2020-06-02,4,1,0,0
General Salgado,General Salgado,2020-06-03,6,2,0,0
General Salgado,General Salgado,2020-06-04,8,2,0,0
General Salgado,General Salgado,2020-06-05,14,6,0,0
General Salgado,General Salgado,2020-06-06,15,1,0,0
General Salgado,General Salgado,2020-06-07,18,3,0,0
General Salgado,General Salgado,2020-06-08,18,0,0,0
General Salgado,General Salgado,2020-06-09,21,3,0,0
General Salgado,General Salgado,2020-06-10,21,0,0,0
General Salgado,General Salgado,2020-06-11,24,3,0,0
General Salgado,General Salgado,2020-06-12,26,2,0,0
General Salgado,General Salgado,2020-06-13,30,4,0,0
General Salgado,General Salgado,2020-06-14,31,1,0,0
General Salgado,General Salgado,2020-06-15,31,0,0,0
General Salgado,General Salgado,2020-06-16,30,-1,0,0
General Salgado,General Salgado,2020-06-17,30,0,0,0
General Salgado,General Salgado,2020-06-18,30,0,0,0
General Salgado,General Salgado,2020-06-19,38,8,0,0
General Salgado,General Salgado,2020-06-20,39,1,0,0
General Salgado,General Salgado,2020-06-21,39,0,0,0
General Salgado,General Salgado,2020-06-22,39,0,0,0
General Salgado,General Salgado,2020-06-23,41,2,0,0
General Salgado,General Salgado,2020-06-24,42,1,0,0
General Salgado,General Salgado,2020-06-25,42,0,0,0
General Salgado,General Salgado,2020-06-26,42,0,0,0
General Salgado,General Salgado,2020-06-27,47,5,0,0
General Salgado,General Salgado,2020-06-28,47,0,0,0
General Salgado,General Salgado,2020-06-29,47,0,0,0
General Salgado,General Salgado,2020-06-30,49,2,0,0
General Salgado,General Salgado,2020-07-01,50,1,0,0
General Salgado,General Salgado,2020-07-02,52,2,0,0
General Salgado,General Salgado,2020-07-03,52,0,0,0
General Salgado,General Salgado,2020-07-04,52,0,0,0
General Salgado,General Salgado,2020-07-05,53,1,0,0
General Salgado,General Salgado,2020-07-06,53,0,0,0
General Salgado,General Salgado,2020-07-07,54,1,0,0
General Salgado,General Salgado,2020-07-08,55,1,0,0
General Salgado,General Salgado,2020-07-09,59,4,0,0
General Salgado,General Salgado,2020-07-10,61,2,0,0
General Salgado,General Salgado,2020-07-11,64,3,0,0
General Salgado,General Salgado,2020-07-12,66,2,0,0
General Salgado,General Salgado,2020-07-13,67,1,0,0
General Salgado,General Salgado,2020-07-14,72,5,0,0
General Salgado,General Salgado,2020-07-15,73,1,0,0
General Salgado,General Salgado,2020-07-16,77,4,0,0
General Salgado,General Salgado,2020-07-17,77,0,0,0
General Salgado,General Salgado,2020-07-18,78,1,0,0
General Salgado,General Salgado,2020-07-19,78,0,0,0
General Salgado,General Salgado,2020-07-20,78,0,0,0
General Salgado,General Salgado,2020-07-21,89,11,0,0
General Salgado,General Salgado,2020-07-22,89,0,0,0
General Salgado,General Salgado,2020-07-23,98,9,0,0
General Salgado,General Salgado,2020-07-24,102,4,0,0
General Salgado,General Salgado,2020-07-25,104,2,0,0
General Salgado,General Salgado,2020-07-26,105,1,0,0
General Salgado,General Salgado,2020-07-27,105,0,0,0
General Salgado,General Salgado,2020-07-28,105,0,0,0
General Salgado,General Salgado,2020-07-29,112,7,1,1
General Salgado,General Salgado,2020-07-30,115,3,2,1
General Salgado,General Salgado,2020-07-31,117,2,2,0
General Salgado,General Salgado,2020-08-01,120,3,2,0
General Salgado,General Salgado,2020-08-02,123,3,2,0
General Salgado,General Salgado,2020-08-03,125,2,2,0
General Salgado,General Salgado,2020-08-04,129,4,2,0
General Salgado,General Salgado,2020-08-05,129,0,2,0
General Salgado,General Salgado,2020-08-06,132,3,2,0
General Salgado,General Salgado,2020-08-07,135,3,2,0
General Salgado,General Salgado,2020-08-08,136,1,2,0
General Salgado,General Salgado,2020-08-09,137,1,2,0
General Salgado,General Salgado,2020-08-10,138,1,2,0
General Salgado,General Salgado,2020-08-11,139,1,2,0
General Salgado,General Salgado,2020-08-12,139,0,2,0
General Salgado,General Salgado,2020-08-13,141,2,2,0
General Salgado,General Salgado,2020-08-14,141,0,2,0
General Salgado,General Salgado,2020-08-15,147,6,2,0
General Salgado,General Salgado,2020-08-16,147,0,2,0
General Salgado,General Salgado,2020-08-17,149,2,2,0
General Salgado,General Salgado,2020-08-18,151,2,2,0
General Salgado,General Salgado,2020-08-19,154,3,2,0
General Salgado,General Salgado,2020-08-20,157,3,2,0
General Salgado,General Salgado,2020-08-21,157,0,2,0
General Salgado,General Salgado,2020-08-22,162,5,2,0
General Salgado,General Salgado,2020-08-23,163,1,2,0
General Salgado,General Salgado,2020-08-24,165,2,2,0
General Salgado,General Salgado,2020-08-25,165,0,2,0
General Salgado,General Salgado,2020-08-26,169,4,2,0
General Salgado,General Salgado,2020-08-27,171,2,2,0
General Salgado,General Salgado,2020-08-28,176,5,2,0
General Salgado,General Salgado,2020-08-29,177,1,2,0
General Salgado,General Salgado,2020-08-30,177,0,2,0
General Salgado,General Salgado,2020-08-31,177,0,2,0
General Salgado,General Salgado,2020-09-01,177,0,2,0
General Salgado,General Salgado,2020-09-02,182,5,2,0
General Salgado,General Salgado,2020-09-03,183,1,2,0
General Salgado,General Salgado,2020-09-04,183,0,2,0
General Salgado,General Salgado,2020-09-05,183,0,2,0
General Salgado,General Salgado,2020-09-06,183,0,2,0
General Salgado,General Salgado,2020-09-07,183,0,2,0
General Salgado,General Salgado,2020-09-08,183,0,2,0
General Salgado,General Salgado,2020-09-09,183,0,2,0
General Salgado,General Salgado,2020-09-10,183,0,2,0
General Salgado,General Salgado,2020-09-11,184,1,2,0
General Salgado,General Salgado,2020-09-12,184,0,2,0
General Salgado,General Salgado,2020-09-13,186,2,2,0
General Salgado,General Salgado,2020-09-14,186,0,2,0
General Salgado,General Salgado,2020-09-15,185,-1,2,0
General Salgado,General Salgado,2020-09-16,186,1,2,0
General Salgado,General Salgado,2020-09-17,188,2,2,0
General Salgado,General Salgado,2020-09-18,189,1,2,0
General Salgado,General Salgado,2020-09-19,189,0,2,0
General Salgado,General Salgado,2020-09-20,189,0,2,0
General Salgado,General Salgado,2020-09-21,189,0,2,0
General Salgado,General Salgado,2020-09-22,190,1,2,0
General Salgado,General Salgado,2020-09-23,191,1,2,0
General Salgado,General Salgado,2020-09-24,191,0,2,0
General Salgado,General Salgado,2020-09-25,193,2,2,0
General Salgado,General Salgado,2020-09-26,193,0,2,0
General Salgado,General Salgado,2020-09-27,193,0,2,0
General Salgado,General Salgado,2020-09-28,193,0,2,0
General Salgado,General Salgado,2020-09-29,193,0,2,0
General Salgado,General Salgado,2020-09-30,193,0,2,0
General Salgado,General Salgado,2020-10-01,195,2,2,0
General Salgado,General Salgado,2020-10-02,197,2,2,0
General Salgado,General Salgado,2020-10-03,199,2,2,0
General Salgado,General Salgado,2020-10-04,199,0,2,0
General Salgado,General Salgado,2020-10-05,199,0,2,0
General Salgado,General Salgado,2020-10-06,200,1,2,0
General Salgado,General Salgado,2020-10-07,202,2,2,0
General Salgado,General Salgado,2020-10-08,202,0,2,0
General Salgado,General Salgado,2020-10-09,203,1,2,0
General Salgado,General Salgado,2020-10-10,203,0,2,0
General Salgado,General Salgado,2020-10-11,203,0,2,0
General Salgado,General Salgado,2020-10-12,203,0,2,0
General Salgado,General Salgado,2020-10-13,203,0,2,0
General Salgado,General Salgado,2020-10-14,203,0,2,0
General Salgado,General Salgado,2020-10-15,203,0,2,0
General Salgado,General Salgado,2020-10-16,204,1,2,0
General Salgado,General Salgado,2020-10-17,207,3,2,0
General Salgado,General Salgado,2020-10-18,207,0,2,0
General Salgado,General Salgado,2020-10-19,208,1,2,0
General Salgado,General Salgado,2020-10-20,209,1,2,0
General Salgado,General Salgado,2020-10-21,209,0,2,0
General Salgado,General Salgado,2020-10-22,209,0,2,0
General Salgado,General Salgado,2020-10-23,217,8,2,0
General Salgado,General Salgado,2020-10-24,218,1,2,0
General Salgado,General Salgado,2020-10-25,218,0,2,0
General Salgado,General Salgado,2020-10-26,218,0,2,0
General Salgado,General Salgado,2020-10-27,220,2,2,0
General Salgado,General Salgado,2020-10-28,222,2,2,0
General Salgado,General Salgado,2020-10-29,222,0,2,0
General Salgado,General Salgado,2020-10-30,222,0,2,0
General Salgado,General Salgado,2020-10-31,222,0,2,0
General Salgado,General Salgado,2020-11-01,222,0,2,0
General Salgado,General Salgado,2020-11-02,222,0,2,0
General Salgado,General Salgado,2020-11-03,222,0,2,0
General Salgado,General Salgado,2020-11-04,226,4,2,0
General Salgado,General Salgado,2020-11-05,227,1,2,0
General Salgado,General Salgado,2020-11-06,227,0,2,0
General Salgado,General Salgado,2020-11-07,227,0,2,0
General Salgado,General Salgado,2020-11-08,227,0,2,0
General Salgado,General Salgado,2020-11-09,227,0,2,0
General Salgado,General Salgado,2020-11-10,227,0,2,0
General Salgado,General Salgado,2020-11-11,232,5,2,0
General Salgado,General Salgado,2020-11-12,235,3,2,0
General Salgado,General Salgado,2020-11-13,237,2,2,0
General Salgado,General Salgado,2020-11-14,238,1,2,0
General Salgado,General Salgado,2020-11-15,238,0,2,0
General Salgado,General Salgado,2020-11-16,239,1,2,0
General Salgado,General Salgado,2020-11-17,250,11,2,0
General Salgado,General Salgado,2020-11-18,254,4,2,0
General Salgado,General Salgado,2020-11-19,260,6,2,0
General Salgado,General Salgado,2020-11-20,265,5,2,0
General Salgado,General Salgado,2020-11-21,266,1,2,0
General Salgado,General Salgado,2020-11-22,266,0,2,0
General Salgado,General Salgado,2020-11-23,266,0,2,0
General Salgado,General Salgado,2020-11-24,271,5,2,0
General Salgado,General Salgado,2020-11-25,273,2,2,0
General Salgado,General Salgado,2020-11-26,274,1,2,0
General Salgado,General Salgado,2020-11-27,274,0,2,0
General Salgado,General Salgado,2020-11-28,274,0,2,0
General Salgado,General Salgado,2020-11-29,279,5,2,0
General Salgado,General Salgado,2020-11-30,279,0,2,0
General Salgado,General Salgado,2020-12-01,287,8,2,0
General Salgado,General Salgado,2020-12-02,293,6,2,0
General Salgado,General Salgado,2020-12-03,294,1,2,0
General Salgado,General Salgado,2020-12-04,298,4,2,0
General Salgado,General Salgado,2020-12-05,303,5,2,0
General Salgado,General Salgado,2020-12-06,304,1,2,0
General Salgado,General Salgado,2020-12-07,304,0,2,0
General Salgado,General Salgado,2020-12-08,308,4,3,1
General Salgado,General Salgado,2020-12-09,308,0,3,0
General Salgado,General Salgado,2020-12-10,309,1,3,0
General Salgado,General Salgado,2020-12-11,311,2,3,0
General Salgado,General Salgado,2020-12-12,311,0,3,0
General Salgado,General Salgado,2020-12-13,312,1,3,0
General Salgado,General Salgado,2020-12-14,312,0,3,0
General Salgado,General Salgado,2020-12-15,319,7,3,0
General Salgado,General Salgado,2020-12-16,319,0,3,0
General Salgado,General Salgado,2020-12-17,323,4,3,0
General Salgado,General Salgado,2020-12-18,329,6,3,0
General Salgado,General Salgado,2020-12-19,329,0,3,0
General Salgado,General Salgado,2020-12-20,329,0,3,0
General Salgado,General Salgado,2020-12-21,329,0,3,0
General Salgado,General Salgado,2020-12-22,334,5,3,0
General Salgado,General Salgado,2020-12-23,339,5,3,0
General Salgado,General Salgado,2020-12-24,340,1,3,0
General Salgado,General Salgado,2020-12-25,342,2,3,0
General Salgado,General Salgado,2020-12-26,342,0,3,0
General Salgado,General Salgado,2020-12-27,346,4,3,0
General Salgado,General Salgado,2020-12-28,346,0,3,0
General Salgado,General Salgado,2020-12-29,351,5,3,0
General Salgado,General Salgado,2020-12-30,353,2,3,0
General Salgado,General Salgado,2020-12-31,357,4,3,0
General Salgado,General Salgado,2021-01-01,357,0,3,0
General Salgado,General Salgado,2021-01-02,357,0,3,0
General Salgado,General Salgado,2021-01-03,357,0,3,0
General Salgado,General Salgado,2021-01-04,357,0,3,0
General Salgado,General Salgado,2021-01-05,364,7,3,0
General Salgado,General Salgado,2021-01-06,366,2,3,0
General Salgado,General Salgado,2021-01-07,366,0,3,0
General Salgado,General Salgado,2021-01-08,368,2,3,0
General Salgado,General Salgado,2021-01-09,371,3,3,0
General Salgado,General Salgado,2021-01-10,372,1,3,0
General Salgado,General Salgado,2021-01-11,372,0,3,0
General Salgado,General Salgado,2021-01-12,374,2,3,0
General Salgado,General Salgado,2021-01-13,377,3,3,0
General Salgado,General Salgado,2021-01-14,381,4,3,0
General Salgado,General Salgado,2021-01-15,386,5,3,0
General Salgado,General Salgado,2021-01-16,391,5,3,0
General Salgado,General Salgado,2021-01-17,390,-1,3,0
General Salgado,General Salgado,2021-01-18,391,1,3,0
General Salgado,General Salgado,2021-01-19,403,12,3,0
General Salgado,General Salgado,2021-01-20,408,5,3,0
General Salgado,General Salgado,2021-01-21,411,3,3,0
General Salgado,General Salgado,2021-01-22,413,2,3,0
General Salgado,General Salgado,2021-01-23,426,13,3,0
General Salgado,General Salgado,2021-01-24,426,0,3,0
General Salgado,General Salgado,2021-01-25,426,0,3,0
General Salgado,General Salgado,2021-01-26,430,4,4,1
General Salgado,General Salgado,2021-01-27,431,1,4,0
General Salgado,General Salgado,2021-01-28,434,3,4,0
General Salgado,General Salgado,2021-01-29,437,3,4,0
General Salgado,General Salgado,2021-01-30,438,1,4,0
General Salgado,General Salgado,2021-01-31,439,1,4,0
General Salgado,General Salgado,2021-02-01,439,0,4,0
General Salgado,General Salgado,2021-02-02,443,4,4,0
General Salgado,General Salgado,2021-02-03,443,0,4,0
General Salgado,General Salgado,2021-02-04,443,0,4,0
General Salgado,General Salgado,2021-02-05,447,4,4,0
General Salgado,General Salgado,2021-02-06,446,-1,4,0
General Salgado,General Salgado,2021-02-07,446,0,4,0
General Salgado,General Salgado,2021-02-08,446,0,4,0
