city,city,date,cases,daily cases,deaths,daily deaths
Grão Pará,Grão Pará,2020-03-27,0,0,0,0
Grão Pará,Grão Pará,2020-03-28,0,0,0,0
Grão Pará,Grão Pará,2020-03-29,0,0,0,0
Grão Pará,Grão Pará,2020-03-30,0,0,0,0
Grão Pará,Grão Pará,2020-03-31,0,0,0,0
Grão Pará,Grão Pará,2020-04-01,0,0,0,0
Grão Pará,Grão Pará,2020-04-02,0,0,0,0
Grão Pará,Grão Pará,2020-04-03,0,0,0,0
Grão Pará,Grão Pará,2020-04-04,0,0,0,0
Grão Pará,Grão Pará,2020-04-05,0,0,0,0
Grão Pará,Grão Pará,2020-04-06,0,0,0,0
Grão Pará,Grão Pará,2020-04-07,0,0,0,0
Grão Pará,Grão Pará,2020-04-08,0,0,0,0
Grão Pará,Grão Pará,2020-04-09,0,0,0,0
Grão Pará,Grão Pará,2020-04-10,0,0,0,0
Grão Pará,Grão Pará,2020-04-11,0,0,0,0
Grão Pará,Grão Pará,2020-04-12,0,0,0,0
Grão Pará,Grão Pará,2020-04-13,0,0,0,0
Grão Pará,Grão Pará,2020-04-14,0,0,0,0
Grão Pará,Grão Pará,2020-04-15,0,0,0,0
Grão Pará,Grão Pará,2020-04-16,0,0,0,0
Grão Pará,Grão Pará,2020-04-17,0,0,0,0
Grão Pará,Grão Pará,2020-04-18,0,0,0,0
Grão Pará,Grão Pará,2020-04-19,0,0,0,0
Grão Pará,Grão Pará,2020-04-20,0,0,0,0
Grão Pará,Grão Pará,2020-04-21,0,0,0,0
Grão Pará,Grão Pará,2020-04-22,0,0,0,0
Grão Pará,Grão Pará,2020-04-23,0,0,0,0
Grão Pará,Grão Pará,2020-04-24,0,0,0,0
Grão Pará,Grão Pará,2020-04-25,0,0,0,0
Grão Pará,Grão Pará,2020-04-26,0,0,0,0
Grão Pará,Grão Pará,2020-04-27,0,0,0,0
Grão Pará,Grão Pará,2020-04-28,0,0,0,0
Grão Pará,Grão Pará,2020-04-29,0,0,0,0
Grão Pará,Grão Pará,2020-04-30,0,0,0,0
Grão Pará,Grão Pará,2020-05-01,0,0,0,0
Grão Pará,Grão Pará,2020-05-02,0,0,0,0
Grão Pará,Grão Pará,2020-05-03,0,0,0,0
Grão Pará,Grão Pará,2020-05-04,0,0,0,0
Grão Pará,Grão Pará,2020-05-05,1,1,0,0
Grão Pará,Grão Pará,2020-05-06,1,0,0,0
Grão Pará,Grão Pará,2020-05-07,1,0,0,0
Grão Pará,Grão Pará,2020-05-08,1,0,0,0
Grão Pará,Grão Pará,2020-05-09,1,0,0,0
Grão Pará,Grão Pará,2020-05-10,1,0,0,0
Grão Pará,Grão Pará,2020-05-11,1,0,0,0
Grão Pará,Grão Pará,2020-05-12,1,0,0,0
Grão Pará,Grão Pará,2020-05-13,1,0,0,0
Grão Pará,Grão Pará,2020-05-14,1,0,0,0
Grão Pará,Grão Pará,2020-05-15,1,0,0,0
Grão Pará,Grão Pará,2020-05-16,1,0,0,0
Grão Pará,Grão Pará,2020-05-17,1,0,0,0
Grão Pará,Grão Pará,2020-05-18,2,1,0,0
Grão Pará,Grão Pará,2020-05-19,2,0,0,0
Grão Pará,Grão Pará,2020-05-20,2,0,0,0
Grão Pará,Grão Pará,2020-05-21,2,0,0,0
Grão Pará,Grão Pará,2020-05-22,3,1,0,0
Grão Pará,Grão Pará,2020-05-23,3,0,0,0
Grão Pará,Grão Pará,2020-05-24,3,0,0,0
Grão Pará,Grão Pará,2020-05-25,3,0,0,0
Grão Pará,Grão Pará,2020-05-26,3,0,0,0
Grão Pará,Grão Pará,2020-05-27,3,0,0,0
Grão Pará,Grão Pará,2020-05-28,3,0,0,0
Grão Pará,Grão Pará,2020-05-29,3,0,0,0
Grão Pará,Grão Pará,2020-05-30,3,0,0,0
Grão Pará,Grão Pará,2020-05-31,3,0,0,0
Grão Pará,Grão Pará,2020-06-01,3,0,0,0
Grão Pará,Grão Pará,2020-06-02,3,0,0,0
Grão Pará,Grão Pará,2020-06-03,3,0,1,1
Grão Pará,Grão Pará,2020-06-04,3,0,1,0
Grão Pará,Grão Pará,2020-06-05,3,0,1,0
Grão Pará,Grão Pará,2020-06-06,3,0,1,0
Grão Pará,Grão Pará,2020-06-07,3,0,1,0
Grão Pará,Grão Pará,2020-06-08,3,0,1,0
Grão Pará,Grão Pará,2020-06-09,3,0,1,0
Grão Pará,Grão Pará,2020-06-10,3,0,1,0
Grão Pará,Grão Pará,2020-06-11,3,0,1,0
Grão Pará,Grão Pará,2020-06-12,3,0,1,0
Grão Pará,Grão Pará,2020-06-13,3,0,1,0
Grão Pará,Grão Pará,2020-06-14,3,0,1,0
Grão Pará,Grão Pará,2020-06-15,3,0,1,0
Grão Pará,Grão Pará,2020-06-16,3,0,1,0
Grão Pará,Grão Pará,2020-06-17,4,1,1,0
Grão Pará,Grão Pará,2020-06-18,4,0,1,0
Grão Pará,Grão Pará,2020-06-19,4,0,1,0
Grão Pará,Grão Pará,2020-06-20,5,1,1,0
Grão Pará,Grão Pará,2020-06-21,5,0,1,0
Grão Pará,Grão Pará,2020-06-22,5,0,1,0
Grão Pará,Grão Pará,2020-06-23,5,0,1,0
Grão Pará,Grão Pará,2020-06-24,5,0,1,0
Grão Pará,Grão Pará,2020-06-25,5,0,1,0
Grão Pará,Grão Pará,2020-06-26,5,0,1,0
Grão Pará,Grão Pará,2020-06-27,6,1,1,0
Grão Pará,Grão Pará,2020-06-28,6,0,1,0
Grão Pará,Grão Pará,2020-06-29,6,0,1,0
Grão Pará,Grão Pará,2020-06-30,7,1,1,0
Grão Pará,Grão Pará,2020-07-01,7,0,1,0
Grão Pará,Grão Pará,2020-07-02,9,2,1,0
Grão Pará,Grão Pará,2020-07-03,9,0,1,0
Grão Pará,Grão Pará,2020-07-04,10,1,1,0
Grão Pará,Grão Pará,2020-07-05,11,1,1,0
Grão Pará,Grão Pará,2020-07-06,11,0,1,0
Grão Pará,Grão Pará,2020-07-07,12,1,1,0
Grão Pará,Grão Pará,2020-07-08,14,2,1,0
Grão Pará,Grão Pará,2020-07-09,14,0,1,0
Grão Pará,Grão Pará,2020-07-10,15,1,1,0
Grão Pará,Grão Pará,2020-07-11,18,3,1,0
Grão Pará,Grão Pará,2020-07-12,21,3,1,0
Grão Pará,Grão Pará,2020-07-13,21,0,1,0
Grão Pará,Grão Pará,2020-07-14,30,9,1,0
Grão Pará,Grão Pará,2020-07-15,31,1,1,0
Grão Pará,Grão Pará,2020-07-16,35,4,1,0
Grão Pará,Grão Pará,2020-07-17,38,3,1,0
Grão Pará,Grão Pará,2020-07-18,38,0,1,0
Grão Pará,Grão Pará,2020-07-19,38,0,1,0
Grão Pará,Grão Pará,2020-07-20,39,1,1,0
Grão Pará,Grão Pará,2020-07-21,44,5,1,0
Grão Pará,Grão Pará,2020-07-22,51,7,1,0
Grão Pará,Grão Pará,2020-07-23,59,8,1,0
Grão Pará,Grão Pará,2020-07-24,69,10,1,0
Grão Pará,Grão Pará,2020-07-25,70,1,1,0
Grão Pará,Grão Pará,2020-07-26,71,1,1,0
Grão Pará,Grão Pará,2020-07-27,71,0,1,0
Grão Pará,Grão Pará,2020-07-28,74,3,1,0
Grão Pará,Grão Pará,2020-07-29,84,10,1,0
Grão Pará,Grão Pará,2020-07-30,89,5,1,0
Grão Pará,Grão Pará,2020-07-31,90,1,1,0
Grão Pará,Grão Pará,2020-08-01,91,1,1,0
Grão Pará,Grão Pará,2020-08-02,91,0,1,0
Grão Pará,Grão Pará,2020-08-03,95,4,1,0
Grão Pará,Grão Pará,2020-08-04,101,6,1,0
Grão Pará,Grão Pará,2020-08-05,103,2,1,0
Grão Pará,Grão Pará,2020-08-06,109,6,1,0
Grão Pará,Grão Pará,2020-08-07,107,-2,1,0
Grão Pará,Grão Pará,2020-08-08,114,7,1,0
Grão Pará,Grão Pará,2020-08-09,115,1,1,0
Grão Pará,Grão Pará,2020-08-10,114,-1,1,0
Grão Pará,Grão Pará,2020-08-11,121,7,1,0
Grão Pará,Grão Pará,2020-08-12,126,5,1,0
Grão Pará,Grão Pará,2020-08-13,129,3,1,0
Grão Pará,Grão Pará,2020-08-14,133,4,1,0
Grão Pará,Grão Pará,2020-08-15,137,4,1,0
Grão Pará,Grão Pará,2020-08-16,137,0,1,0
Grão Pará,Grão Pará,2020-08-17,137,0,1,0
Grão Pará,Grão Pará,2020-08-18,142,5,1,0
Grão Pará,Grão Pará,2020-08-19,143,1,1,0
Grão Pará,Grão Pará,2020-08-20,145,2,1,0
Grão Pará,Grão Pará,2020-08-21,146,1,1,0
Grão Pará,Grão Pará,2020-08-22,154,8,1,0
Grão Pará,Grão Pará,2020-08-23,154,0,1,0
Grão Pará,Grão Pará,2020-08-24,156,2,1,0
Grão Pará,Grão Pará,2020-08-25,159,3,1,0
Grão Pará,Grão Pará,2020-08-26,160,1,1,0
Grão Pará,Grão Pará,2020-08-27,161,1,2,1
Grão Pará,Grão Pará,2020-08-28,160,-1,2,0
Grão Pará,Grão Pará,2020-08-29,160,0,2,0
Grão Pará,Grão Pará,2020-08-30,160,0,2,0
Grão Pará,Grão Pará,2020-08-31,176,16,2,0
Grão Pará,Grão Pará,2020-09-01,175,-1,2,0
Grão Pará,Grão Pará,2020-09-02,176,1,2,0
Grão Pará,Grão Pará,2020-09-03,179,3,2,0
Grão Pará,Grão Pará,2020-09-04,179,0,2,0
Grão Pará,Grão Pará,2020-09-05,179,0,2,0
Grão Pará,Grão Pará,2020-09-06,179,0,2,0
Grão Pará,Grão Pará,2020-09-07,179,0,2,0
Grão Pará,Grão Pará,2020-09-08,181,2,2,0
Grão Pará,Grão Pará,2020-09-09,183,2,2,0
Grão Pará,Grão Pará,2020-09-10,185,2,2,0
Grão Pará,Grão Pará,2020-09-11,186,1,2,0
Grão Pará,Grão Pará,2020-09-12,188,2,2,0
Grão Pará,Grão Pará,2020-09-13,188,0,2,0
Grão Pará,Grão Pará,2020-09-14,188,0,2,0
Grão Pará,Grão Pará,2020-09-15,190,2,2,0
Grão Pará,Grão Pará,2020-09-16,190,0,2,0
Grão Pará,Grão Pará,2020-09-17,190,0,2,0
Grão Pará,Grão Pará,2020-09-18,194,4,2,0
Grão Pará,Grão Pará,2020-09-19,194,0,2,0
Grão Pará,Grão Pará,2020-09-20,194,0,2,0
Grão Pará,Grão Pará,2020-09-21,195,1,2,0
Grão Pará,Grão Pará,2020-09-22,197,2,2,0
Grão Pará,Grão Pará,2020-09-23,197,0,2,0
Grão Pará,Grão Pará,2020-09-24,199,2,2,0
Grão Pará,Grão Pará,2020-09-25,200,1,2,0
Grão Pará,Grão Pará,2020-09-26,202,2,2,0
Grão Pará,Grão Pará,2020-09-27,202,0,2,0
Grão Pará,Grão Pará,2020-09-28,203,1,2,0
Grão Pará,Grão Pará,2020-09-29,206,3,2,0
Grão Pará,Grão Pará,2020-09-30,208,2,2,0
Grão Pará,Grão Pará,2020-10-01,209,1,2,0
Grão Pará,Grão Pará,2020-10-02,209,0,2,0
Grão Pará,Grão Pará,2020-10-03,209,0,2,0
Grão Pará,Grão Pará,2020-10-04,209,0,2,0
Grão Pará,Grão Pará,2020-10-05,209,0,2,0
Grão Pará,Grão Pará,2020-10-06,210,1,2,0
Grão Pará,Grão Pará,2020-10-07,210,0,2,0
Grão Pará,Grão Pará,2020-10-08,210,0,2,0
Grão Pará,Grão Pará,2020-10-09,211,1,2,0
Grão Pará,Grão Pará,2020-10-10,212,1,2,0
Grão Pará,Grão Pará,2020-10-11,212,0,2,0
Grão Pará,Grão Pará,2020-10-12,212,0,2,0
Grão Pará,Grão Pará,2020-10-13,212,0,2,0
Grão Pará,Grão Pará,2020-10-14,213,1,2,0
Grão Pará,Grão Pará,2020-10-15,213,0,2,0
Grão Pará,Grão Pará,2020-10-16,214,1,2,0
Grão Pará,Grão Pará,2020-10-17,214,0,2,0
Grão Pará,Grão Pará,2020-10-18,214,0,2,0
Grão Pará,Grão Pará,2020-10-19,214,0,2,0
Grão Pará,Grão Pará,2020-10-20,214,0,2,0
Grão Pará,Grão Pará,2020-10-21,214,0,2,0
Grão Pará,Grão Pará,2020-10-22,214,0,2,0
Grão Pará,Grão Pará,2020-10-23,214,0,2,0
Grão Pará,Grão Pará,2020-10-24,214,0,2,0
Grão Pará,Grão Pará,2020-10-25,214,0,2,0
Grão Pará,Grão Pará,2020-10-26,214,0,2,0
Grão Pará,Grão Pará,2020-10-27,215,1,2,0
Grão Pará,Grão Pará,2020-10-28,216,1,2,0
Grão Pará,Grão Pará,2020-10-29,216,0,2,0
Grão Pará,Grão Pará,2020-10-30,216,0,2,0
Grão Pará,Grão Pará,2020-10-31,216,0,2,0
Grão Pará,Grão Pará,2020-11-01,216,0,2,0
Grão Pará,Grão Pará,2020-11-02,216,0,2,0
Grão Pará,Grão Pará,2020-11-03,217,1,2,0
Grão Pará,Grão Pará,2020-11-04,220,3,2,0
Grão Pará,Grão Pará,2020-11-05,220,0,2,0
Grão Pará,Grão Pará,2020-11-06,220,0,2,0
Grão Pará,Grão Pará,2020-11-07,221,1,2,0
Grão Pará,Grão Pará,2020-11-08,221,0,2,0
Grão Pará,Grão Pará,2020-11-09,222,1,2,0
Grão Pará,Grão Pará,2020-11-10,225,3,2,0
Grão Pará,Grão Pará,2020-11-11,223,-2,2,0
Grão Pará,Grão Pará,2020-11-12,223,0,2,0
Grão Pará,Grão Pará,2020-11-13,227,4,2,0
Grão Pará,Grão Pará,2020-11-14,228,1,2,0
Grão Pará,Grão Pará,2020-11-15,229,1,2,0
Grão Pará,Grão Pará,2020-11-16,229,0,2,0
Grão Pará,Grão Pará,2020-11-17,234,5,2,0
Grão Pará,Grão Pará,2020-11-18,237,3,2,0
Grão Pará,Grão Pará,2020-11-19,240,3,2,0
Grão Pará,Grão Pará,2020-11-20,256,16,2,0
Grão Pará,Grão Pará,2020-11-21,261,5,2,0
Grão Pará,Grão Pará,2020-11-22,264,3,2,0
Grão Pará,Grão Pará,2020-11-23,272,8,2,0
Grão Pará,Grão Pará,2020-11-24,272,0,2,0
Grão Pará,Grão Pará,2020-11-25,303,31,2,0
Grão Pará,Grão Pará,2020-11-26,318,15,2,0
Grão Pará,Grão Pará,2020-11-27,320,2,2,0
Grão Pará,Grão Pará,2020-11-28,338,18,2,0
Grão Pará,Grão Pará,2020-11-29,343,5,2,0
Grão Pará,Grão Pará,2020-11-30,393,50,2,0
Grão Pará,Grão Pará,2020-12-01,411,18,2,0
Grão Pará,Grão Pará,2020-12-02,412,1,2,0
Grão Pará,Grão Pará,2020-12-03,462,50,2,0
Grão Pará,Grão Pará,2020-12-04,493,31,2,0
Grão Pará,Grão Pará,2020-12-05,503,10,2,0
Grão Pará,Grão Pará,2020-12-06,503,0,2,0
Grão Pará,Grão Pará,2020-12-07,510,7,2,0
Grão Pará,Grão Pará,2020-12-08,527,17,3,1
Grão Pará,Grão Pará,2020-12-09,545,18,3,0
Grão Pará,Grão Pará,2020-12-10,557,12,3,0
Grão Pará,Grão Pará,2020-12-11,568,11,3,0
Grão Pará,Grão Pará,2020-12-12,571,3,3,0
Grão Pará,Grão Pará,2020-12-13,570,-1,3,0
Grão Pará,Grão Pará,2020-12-14,577,7,3,0
Grão Pará,Grão Pará,2020-12-15,589,12,4,1
Grão Pará,Grão Pará,2020-12-16,617,28,4,0
Grão Pará,Grão Pará,2020-12-17,623,6,4,0
Grão Pará,Grão Pará,2020-12-18,634,11,4,0
Grão Pará,Grão Pará,2020-12-19,637,3,4,0
Grão Pará,Grão Pará,2020-12-20,637,0,4,0
Grão Pará,Grão Pará,2020-12-21,638,1,4,0
Grão Pará,Grão Pará,2020-12-22,640,2,4,0
Grão Pará,Grão Pará,2020-12-23,651,11,4,0
Grão Pará,Grão Pará,2020-12-24,654,3,4,0
Grão Pará,Grão Pará,2020-12-25,655,1,4,0
Grão Pará,Grão Pará,2020-12-26,657,2,4,0
Grão Pará,Grão Pará,2020-12-27,658,1,4,0
Grão Pará,Grão Pará,2020-12-28,663,5,4,0
Grão Pará,Grão Pará,2020-12-29,671,8,4,0
Grão Pará,Grão Pará,2020-12-30,673,2,4,0
Grão Pará,Grão Pará,2020-12-31,672,-1,4,0
Grão Pará,Grão Pará,2021-01-01,672,0,4,0
Grão Pará,Grão Pará,2021-01-02,673,1,4,0
Grão Pará,Grão Pará,2021-01-03,671,-2,4,0
Grão Pará,Grão Pará,2021-01-04,671,0,4,0
Grão Pará,Grão Pará,2021-01-05,671,0,4,0
Grão Pará,Grão Pará,2021-01-06,671,0,4,0
Grão Pará,Grão Pará,2021-01-07,673,2,4,0
Grão Pará,Grão Pará,2021-01-08,675,2,4,0
Grão Pará,Grão Pará,2021-01-09,676,1,5,1
Grão Pará,Grão Pará,2021-01-10,676,0,5,0
Grão Pará,Grão Pará,2021-01-11,676,0,5,0
Grão Pará,Grão Pará,2021-01-12,676,0,5,0
Grão Pará,Grão Pará,2021-01-13,676,0,5,0
Grão Pará,Grão Pará,2021-01-14,677,1,5,0
Grão Pará,Grão Pará,2021-01-15,678,1,5,0
Grão Pará,Grão Pará,2021-01-16,681,3,5,0
Grão Pará,Grão Pará,2021-01-17,681,0,5,0
Grão Pará,Grão Pará,2021-01-18,681,0,5,0
Grão Pará,Grão Pará,2021-01-19,686,5,5,0
Grão Pará,Grão Pará,2021-01-20,687,1,5,0
Grão Pará,Grão Pará,2021-01-21,687,0,5,0
Grão Pará,Grão Pará,2021-01-22,691,4,5,0
Grão Pará,Grão Pará,2021-01-23,691,0,5,0
Grão Pará,Grão Pará,2021-01-24,691,0,5,0
Grão Pará,Grão Pará,2021-01-25,691,0,5,0
Grão Pará,Grão Pará,2021-01-26,691,0,5,0
Grão Pará,Grão Pará,2021-01-27,694,3,5,0
Grão Pará,Grão Pará,2021-01-28,694,0,5,0
Grão Pará,Grão Pará,2021-01-29,698,4,5,0
Grão Pará,Grão Pará,2021-01-30,700,2,5,0
Grão Pará,Grão Pará,2021-01-31,700,0,5,0
Grão Pará,Grão Pará,2021-02-01,701,1,5,0
Grão Pará,Grão Pará,2021-02-02,701,0,5,0
Grão Pará,Grão Pará,2021-02-03,702,1,5,0
Grão Pará,Grão Pará,2021-02-04,703,1,5,0
Grão Pará,Grão Pará,2021-02-05,704,1,5,0
Grão Pará,Grão Pará,2021-02-06,706,2,5,0
Grão Pará,Grão Pará,2021-02-07,709,3,5,0
Grão Pará,Grão Pará,2021-02-08,709,0,5,0
