city,city,date,cases,daily cases,deaths,daily deaths
Guaranésia,Guaranésia,2020-03-27,0,0,0,0
Guaranésia,Guaranésia,2020-03-28,0,0,0,0
Guaranésia,Guaranésia,2020-03-29,0,0,0,0
Guaranésia,Guaranésia,2020-03-30,0,0,0,0
Guaranésia,Guaranésia,2020-03-31,0,0,0,0
Guaranésia,Guaranésia,2020-04-01,0,0,0,0
Guaranésia,Guaranésia,2020-04-02,0,0,0,0
Guaranésia,Guaranésia,2020-04-03,0,0,0,0
Guaranésia,Guaranésia,2020-04-04,0,0,0,0
Guaranésia,Guaranésia,2020-04-05,0,0,0,0
Guaranésia,Guaranésia,2020-04-06,0,0,0,0
Guaranésia,Guaranésia,2020-04-07,0,0,0,0
Guaranésia,Guaranésia,2020-04-08,0,0,0,0
Guaranésia,Guaranésia,2020-04-09,0,0,0,0
Guaranésia,Guaranésia,2020-04-10,0,0,0,0
Guaranésia,Guaranésia,2020-04-11,0,0,0,0
Guaranésia,Guaranésia,2020-04-12,0,0,0,0
Guaranésia,Guaranésia,2020-04-13,0,0,0,0
Guaranésia,Guaranésia,2020-04-14,1,1,0,0
Guaranésia,Guaranésia,2020-04-15,1,0,0,0
Guaranésia,Guaranésia,2020-04-16,1,0,0,0
Guaranésia,Guaranésia,2020-04-17,1,0,0,0
Guaranésia,Guaranésia,2020-04-18,1,0,0,0
Guaranésia,Guaranésia,2020-04-19,1,0,0,0
Guaranésia,Guaranésia,2020-04-20,1,0,0,0
Guaranésia,Guaranésia,2020-04-21,1,0,0,0
Guaranésia,Guaranésia,2020-04-22,1,0,0,0
Guaranésia,Guaranésia,2020-04-23,1,0,0,0
Guaranésia,Guaranésia,2020-04-24,1,0,0,0
Guaranésia,Guaranésia,2020-04-25,1,0,0,0
Guaranésia,Guaranésia,2020-04-26,1,0,0,0
Guaranésia,Guaranésia,2020-04-27,1,0,0,0
Guaranésia,Guaranésia,2020-04-28,1,0,0,0
Guaranésia,Guaranésia,2020-04-29,1,0,0,0
Guaranésia,Guaranésia,2020-04-30,1,0,0,0
Guaranésia,Guaranésia,2020-05-01,1,0,0,0
Guaranésia,Guaranésia,2020-05-02,1,0,0,0
Guaranésia,Guaranésia,2020-05-03,1,0,0,0
Guaranésia,Guaranésia,2020-05-04,1,0,0,0
Guaranésia,Guaranésia,2020-05-05,1,0,0,0
Guaranésia,Guaranésia,2020-05-06,1,0,0,0
Guaranésia,Guaranésia,2020-05-07,1,0,0,0
Guaranésia,Guaranésia,2020-05-08,1,0,0,0
Guaranésia,Guaranésia,2020-05-09,1,0,0,0
Guaranésia,Guaranésia,2020-05-10,1,0,0,0
Guaranésia,Guaranésia,2020-05-11,1,0,0,0
Guaranésia,Guaranésia,2020-05-12,1,0,0,0
Guaranésia,Guaranésia,2020-05-13,1,0,0,0
Guaranésia,Guaranésia,2020-05-14,1,0,0,0
Guaranésia,Guaranésia,2020-05-15,1,0,0,0
Guaranésia,Guaranésia,2020-05-16,1,0,0,0
Guaranésia,Guaranésia,2020-05-17,1,0,0,0
Guaranésia,Guaranésia,2020-05-18,1,0,0,0
Guaranésia,Guaranésia,2020-05-19,1,0,0,0
Guaranésia,Guaranésia,2020-05-20,1,0,0,0
Guaranésia,Guaranésia,2020-05-21,1,0,0,0
Guaranésia,Guaranésia,2020-05-22,1,0,0,0
Guaranésia,Guaranésia,2020-05-23,1,0,0,0
Guaranésia,Guaranésia,2020-05-24,1,0,0,0
Guaranésia,Guaranésia,2020-05-25,1,0,0,0
Guaranésia,Guaranésia,2020-05-26,1,0,0,0
Guaranésia,Guaranésia,2020-05-27,1,0,0,0
Guaranésia,Guaranésia,2020-05-28,1,0,0,0
Guaranésia,Guaranésia,2020-05-29,1,0,0,0
Guaranésia,Guaranésia,2020-05-30,1,0,0,0
Guaranésia,Guaranésia,2020-05-31,1,0,0,0
Guaranésia,Guaranésia,2020-06-01,1,0,0,0
Guaranésia,Guaranésia,2020-06-02,1,0,0,0
Guaranésia,Guaranésia,2020-06-03,1,0,0,0
Guaranésia,Guaranésia,2020-06-04,1,0,0,0
Guaranésia,Guaranésia,2020-06-05,1,0,0,0
Guaranésia,Guaranésia,2020-06-06,1,0,0,0
Guaranésia,Guaranésia,2020-06-07,1,0,0,0
Guaranésia,Guaranésia,2020-06-08,1,0,0,0
Guaranésia,Guaranésia,2020-06-09,1,0,0,0
Guaranésia,Guaranésia,2020-06-10,1,0,0,0
Guaranésia,Guaranésia,2020-06-11,1,0,0,0
Guaranésia,Guaranésia,2020-06-12,1,0,0,0
Guaranésia,Guaranésia,2020-06-13,1,0,0,0
Guaranésia,Guaranésia,2020-06-14,1,0,0,0
Guaranésia,Guaranésia,2020-06-15,1,0,0,0
Guaranésia,Guaranésia,2020-06-16,1,0,0,0
Guaranésia,Guaranésia,2020-06-17,1,0,0,0
Guaranésia,Guaranésia,2020-06-18,1,0,0,0
Guaranésia,Guaranésia,2020-06-19,2,1,1,1
Guaranésia,Guaranésia,2020-06-20,3,1,1,0
Guaranésia,Guaranésia,2020-06-21,3,0,1,0
Guaranésia,Guaranésia,2020-06-22,5,2,1,0
Guaranésia,Guaranésia,2020-06-23,5,0,1,0
Guaranésia,Guaranésia,2020-06-24,6,1,1,0
Guaranésia,Guaranésia,2020-06-25,8,2,1,0
Guaranésia,Guaranésia,2020-06-26,9,1,2,1
Guaranésia,Guaranésia,2020-06-27,13,4,2,0
Guaranésia,Guaranésia,2020-06-28,19,6,3,1
Guaranésia,Guaranésia,2020-06-29,23,4,3,0
Guaranésia,Guaranésia,2020-06-30,28,5,3,0
Guaranésia,Guaranésia,2020-07-01,37,9,3,0
Guaranésia,Guaranésia,2020-07-02,48,11,3,0
Guaranésia,Guaranésia,2020-07-03,63,15,3,0
Guaranésia,Guaranésia,2020-07-04,68,5,3,0
Guaranésia,Guaranésia,2020-07-05,74,6,3,0
Guaranésia,Guaranésia,2020-07-06,77,3,4,1
Guaranésia,Guaranésia,2020-07-07,89,12,4,0
Guaranésia,Guaranésia,2020-07-08,97,8,4,0
Guaranésia,Guaranésia,2020-07-09,97,0,4,0
Guaranésia,Guaranésia,2020-07-10,107,10,4,0
Guaranésia,Guaranésia,2020-07-11,118,11,4,0
Guaranésia,Guaranésia,2020-07-12,121,3,4,0
Guaranésia,Guaranésia,2020-07-13,122,1,4,0
Guaranésia,Guaranésia,2020-07-14,123,1,4,0
Guaranésia,Guaranésia,2020-07-15,128,5,4,0
Guaranésia,Guaranésia,2020-07-16,132,4,5,1
Guaranésia,Guaranésia,2020-07-17,137,5,5,0
Guaranésia,Guaranésia,2020-07-18,145,8,5,0
Guaranésia,Guaranésia,2020-07-19,154,9,5,0
Guaranésia,Guaranésia,2020-07-20,157,3,5,0
Guaranésia,Guaranésia,2020-07-21,158,1,5,0
Guaranésia,Guaranésia,2020-07-22,164,6,5,0
Guaranésia,Guaranésia,2020-07-23,169,5,5,0
Guaranésia,Guaranésia,2020-07-24,170,1,5,0
Guaranésia,Guaranésia,2020-07-25,175,5,5,0
Guaranésia,Guaranésia,2020-07-26,175,0,5,0
Guaranésia,Guaranésia,2020-07-27,177,2,5,0
Guaranésia,Guaranésia,2020-07-28,177,0,5,0
Guaranésia,Guaranésia,2020-07-29,177,0,5,0
Guaranésia,Guaranésia,2020-07-30,177,0,5,0
Guaranésia,Guaranésia,2020-07-31,188,11,5,0
Guaranésia,Guaranésia,2020-08-01,192,4,5,0
Guaranésia,Guaranésia,2020-08-02,197,5,5,0
Guaranésia,Guaranésia,2020-08-03,197,0,5,0
Guaranésia,Guaranésia,2020-08-04,198,1,5,0
Guaranésia,Guaranésia,2020-08-05,203,5,5,0
Guaranésia,Guaranésia,2020-08-06,203,0,5,0
Guaranésia,Guaranésia,2020-08-07,205,2,5,0
Guaranésia,Guaranésia,2020-08-08,207,2,5,0
Guaranésia,Guaranésia,2020-08-09,214,7,5,0
Guaranésia,Guaranésia,2020-08-10,219,5,5,0
Guaranésia,Guaranésia,2020-08-11,219,0,5,0
Guaranésia,Guaranésia,2020-08-12,220,1,5,0
Guaranésia,Guaranésia,2020-08-13,225,5,5,0
Guaranésia,Guaranésia,2020-08-14,239,14,5,0
Guaranésia,Guaranésia,2020-08-15,245,6,5,0
Guaranésia,Guaranésia,2020-08-16,245,0,5,0
Guaranésia,Guaranésia,2020-08-17,245,0,5,0
Guaranésia,Guaranésia,2020-08-18,248,3,5,0
Guaranésia,Guaranésia,2020-08-19,249,1,5,0
Guaranésia,Guaranésia,2020-08-20,253,4,5,0
Guaranésia,Guaranésia,2020-08-21,256,3,5,0
Guaranésia,Guaranésia,2020-08-22,262,6,6,1
Guaranésia,Guaranésia,2020-08-23,264,2,6,0
Guaranésia,Guaranésia,2020-08-24,265,1,6,0
Guaranésia,Guaranésia,2020-08-25,265,0,7,1
Guaranésia,Guaranésia,2020-08-26,266,1,7,0
Guaranésia,Guaranésia,2020-08-27,270,4,7,0
Guaranésia,Guaranésia,2020-08-28,271,1,7,0
Guaranésia,Guaranésia,2020-08-29,272,1,7,0
Guaranésia,Guaranésia,2020-08-30,275,3,7,0
Guaranésia,Guaranésia,2020-08-31,275,0,7,0
Guaranésia,Guaranésia,2020-09-01,275,0,7,0
Guaranésia,Guaranésia,2020-09-02,278,3,7,0
Guaranésia,Guaranésia,2020-09-03,278,0,7,0
Guaranésia,Guaranésia,2020-09-04,279,1,7,0
Guaranésia,Guaranésia,2020-09-05,281,2,7,0
Guaranésia,Guaranésia,2020-09-06,281,0,7,0
Guaranésia,Guaranésia,2020-09-07,281,0,7,0
Guaranésia,Guaranésia,2020-09-08,281,0,7,0
Guaranésia,Guaranésia,2020-09-09,282,1,7,0
Guaranésia,Guaranésia,2020-09-10,282,0,7,0
Guaranésia,Guaranésia,2020-09-11,282,0,7,0
Guaranésia,Guaranésia,2020-09-12,282,0,7,0
Guaranésia,Guaranésia,2020-09-13,282,0,7,0
Guaranésia,Guaranésia,2020-09-14,282,0,7,0
Guaranésia,Guaranésia,2020-09-15,282,0,7,0
Guaranésia,Guaranésia,2020-09-16,282,0,7,0
Guaranésia,Guaranésia,2020-09-17,282,0,7,0
Guaranésia,Guaranésia,2020-09-18,284,2,7,0
Guaranésia,Guaranésia,2020-09-19,284,0,7,0
Guaranésia,Guaranésia,2020-09-20,285,1,7,0
Guaranésia,Guaranésia,2020-09-21,285,0,7,0
Guaranésia,Guaranésia,2020-09-22,285,0,7,0
Guaranésia,Guaranésia,2020-09-23,289,4,7,0
Guaranésia,Guaranésia,2020-09-24,290,1,7,0
Guaranésia,Guaranésia,2020-09-25,291,1,7,0
Guaranésia,Guaranésia,2020-09-26,291,0,7,0
Guaranésia,Guaranésia,2020-09-27,291,0,7,0
Guaranésia,Guaranésia,2020-09-28,291,0,7,0
Guaranésia,Guaranésia,2020-09-29,291,0,7,0
Guaranésia,Guaranésia,2020-09-30,294,3,7,0
Guaranésia,Guaranésia,2020-10-01,294,0,7,0
Guaranésia,Guaranésia,2020-10-02,294,0,7,0
Guaranésia,Guaranésia,2020-10-03,296,2,7,0
Guaranésia,Guaranésia,2020-10-04,296,0,7,0
Guaranésia,Guaranésia,2020-10-05,296,0,7,0
Guaranésia,Guaranésia,2020-10-06,296,0,7,0
Guaranésia,Guaranésia,2020-10-07,297,1,7,0
Guaranésia,Guaranésia,2020-10-08,298,1,7,0
Guaranésia,Guaranésia,2020-10-09,298,0,7,0
Guaranésia,Guaranésia,2020-10-10,299,1,7,0
Guaranésia,Guaranésia,2020-10-11,299,0,7,0
Guaranésia,Guaranésia,2020-10-12,299,0,7,0
Guaranésia,Guaranésia,2020-10-13,299,0,7,0
Guaranésia,Guaranésia,2020-10-14,299,0,7,0
Guaranésia,Guaranésia,2020-10-15,299,0,7,0
Guaranésia,Guaranésia,2020-10-16,299,0,7,0
Guaranésia,Guaranésia,2020-10-17,302,3,7,0
Guaranésia,Guaranésia,2020-10-18,305,3,7,0
Guaranésia,Guaranésia,2020-10-19,305,0,7,0
Guaranésia,Guaranésia,2020-10-20,305,0,7,0
Guaranésia,Guaranésia,2020-10-21,307,2,7,0
Guaranésia,Guaranésia,2020-10-22,307,0,7,0
Guaranésia,Guaranésia,2020-10-23,308,1,7,0
Guaranésia,Guaranésia,2020-10-24,308,0,7,0
Guaranésia,Guaranésia,2020-10-25,308,0,7,0
Guaranésia,Guaranésia,2020-10-26,313,5,7,0
Guaranésia,Guaranésia,2020-10-27,313,0,7,0
Guaranésia,Guaranésia,2020-10-28,316,3,7,0
Guaranésia,Guaranésia,2020-10-29,316,0,7,0
Guaranésia,Guaranésia,2020-10-30,316,0,7,0
Guaranésia,Guaranésia,2020-10-31,316,0,7,0
Guaranésia,Guaranésia,2020-11-01,316,0,7,0
Guaranésia,Guaranésia,2020-11-02,317,1,7,0
Guaranésia,Guaranésia,2020-11-03,317,0,7,0
Guaranésia,Guaranésia,2020-11-04,317,0,7,0
Guaranésia,Guaranésia,2020-11-05,318,1,7,0
Guaranésia,Guaranésia,2020-11-06,319,1,7,0
Guaranésia,Guaranésia,2020-11-07,319,0,7,0
Guaranésia,Guaranésia,2020-11-08,321,2,7,0
Guaranésia,Guaranésia,2020-11-09,321,0,7,0
Guaranésia,Guaranésia,2020-11-10,321,0,7,0
Guaranésia,Guaranésia,2020-11-11,323,2,7,0
Guaranésia,Guaranésia,2020-11-12,325,2,7,0
Guaranésia,Guaranésia,2020-11-13,327,2,7,0
Guaranésia,Guaranésia,2020-11-14,327,0,7,0
Guaranésia,Guaranésia,2020-11-15,329,2,7,0
Guaranésia,Guaranésia,2020-11-16,329,0,7,0
Guaranésia,Guaranésia,2020-11-17,329,0,7,0
Guaranésia,Guaranésia,2020-11-18,330,1,7,0
Guaranésia,Guaranésia,2020-11-19,330,0,7,0
Guaranésia,Guaranésia,2020-11-20,334,4,7,0
Guaranésia,Guaranésia,2020-11-21,337,3,7,0
Guaranésia,Guaranésia,2020-11-22,339,2,7,0
Guaranésia,Guaranésia,2020-11-23,339,0,7,0
Guaranésia,Guaranésia,2020-11-24,339,0,7,0
Guaranésia,Guaranésia,2020-11-25,339,0,7,0
Guaranésia,Guaranésia,2020-11-26,343,4,7,0
Guaranésia,Guaranésia,2020-11-27,345,2,7,0
Guaranésia,Guaranésia,2020-11-28,346,1,7,0
Guaranésia,Guaranésia,2020-11-29,349,3,8,1
Guaranésia,Guaranésia,2020-11-30,349,0,8,0
Guaranésia,Guaranésia,2020-12-01,349,0,8,0
Guaranésia,Guaranésia,2020-12-02,352,3,8,0
Guaranésia,Guaranésia,2020-12-03,353,1,8,0
Guaranésia,Guaranésia,2020-12-04,354,1,8,0
Guaranésia,Guaranésia,2020-12-05,358,4,8,0
Guaranésia,Guaranésia,2020-12-06,358,0,8,0
Guaranésia,Guaranésia,2020-12-07,358,0,8,0
Guaranésia,Guaranésia,2020-12-08,358,0,8,0
Guaranésia,Guaranésia,2020-12-09,358,0,8,0
Guaranésia,Guaranésia,2020-12-10,358,0,8,0
Guaranésia,Guaranésia,2020-12-11,361,3,8,0
Guaranésia,Guaranésia,2020-12-12,361,0,8,0
Guaranésia,Guaranésia,2020-12-13,363,2,8,0
Guaranésia,Guaranésia,2020-12-14,363,0,8,0
Guaranésia,Guaranésia,2020-12-15,363,0,8,0
Guaranésia,Guaranésia,2020-12-16,365,2,8,0
Guaranésia,Guaranésia,2020-12-17,367,2,8,0
Guaranésia,Guaranésia,2020-12-18,367,0,8,0
Guaranésia,Guaranésia,2020-12-19,367,0,8,0
Guaranésia,Guaranésia,2020-12-20,367,0,9,1
Guaranésia,Guaranésia,2020-12-21,374,7,9,0
Guaranésia,Guaranésia,2020-12-22,374,0,9,0
Guaranésia,Guaranésia,2020-12-23,378,4,9,0
Guaranésia,Guaranésia,2020-12-24,378,0,9,0
Guaranésia,Guaranésia,2020-12-25,387,9,9,0
Guaranésia,Guaranésia,2020-12-26,387,0,9,0
Guaranésia,Guaranésia,2020-12-27,387,0,9,0
Guaranésia,Guaranésia,2020-12-28,387,0,9,0
Guaranésia,Guaranésia,2020-12-29,399,12,9,0
Guaranésia,Guaranésia,2020-12-30,401,2,9,0
Guaranésia,Guaranésia,2020-12-31,402,1,9,0
Guaranésia,Guaranésia,2021-01-01,407,5,9,0
Guaranésia,Guaranésia,2021-01-02,410,3,9,0
Guaranésia,Guaranésia,2021-01-03,410,0,9,0
Guaranésia,Guaranésia,2021-01-04,420,10,9,0
Guaranésia,Guaranésia,2021-01-05,420,0,9,0
Guaranésia,Guaranésia,2021-01-06,420,0,9,0
Guaranésia,Guaranésia,2021-01-07,427,7,9,0
Guaranésia,Guaranésia,2021-01-08,427,0,9,0
Guaranésia,Guaranésia,2021-01-09,427,0,9,0
Guaranésia,Guaranésia,2021-01-10,448,21,9,0
Guaranésia,Guaranésia,2021-01-11,453,5,9,0
Guaranésia,Guaranésia,2021-01-12,456,3,9,0
Guaranésia,Guaranésia,2021-01-13,456,0,9,0
Guaranésia,Guaranésia,2021-01-14,471,15,9,0
Guaranésia,Guaranésia,2021-01-15,471,0,9,0
Guaranésia,Guaranésia,2021-01-16,491,20,9,0
Guaranésia,Guaranésia,2021-01-17,507,16,9,0
Guaranésia,Guaranésia,2021-01-18,515,8,9,0
Guaranésia,Guaranésia,2021-01-19,517,2,9,0
Guaranésia,Guaranésia,2021-01-20,517,0,9,0
Guaranésia,Guaranésia,2021-01-21,530,13,10,1
Guaranésia,Guaranésia,2021-01-22,534,4,10,0
Guaranésia,Guaranésia,2021-01-23,534,0,10,0
Guaranésia,Guaranésia,2021-01-24,564,30,10,0
Guaranésia,Guaranésia,2021-01-25,568,4,10,0
Guaranésia,Guaranésia,2021-01-26,572,4,10,0
Guaranésia,Guaranésia,2021-01-27,582,10,10,0
Guaranésia,Guaranésia,2021-01-28,592,10,10,0
Guaranésia,Guaranésia,2021-01-29,600,8,10,0
Guaranésia,Guaranésia,2021-01-30,613,13,10,0
Guaranésia,Guaranésia,2021-01-31,620,7,10,0
Guaranésia,Guaranésia,2021-02-01,630,10,10,0
Guaranésia,Guaranésia,2021-02-02,636,6,10,0
Guaranésia,Guaranésia,2021-02-03,645,9,11,1
Guaranésia,Guaranésia,2021-02-04,650,5,11,0
Guaranésia,Guaranésia,2021-02-05,653,3,11,0
Guaranésia,Guaranésia,2021-02-06,659,6,11,0
Guaranésia,Guaranésia,2021-02-07,671,12,11,0
Guaranésia,Guaranésia,2021-02-08,675,4,11,0
