city,city,date,cases,daily cases,deaths,daily deaths
Guaraí,Guaraí,2020-03-27,0,0,0,0
Guaraí,Guaraí,2020-03-28,0,0,0,0
Guaraí,Guaraí,2020-03-29,0,0,0,0
Guaraí,Guaraí,2020-03-30,0,0,0,0
Guaraí,Guaraí,2020-03-31,0,0,0,0
Guaraí,Guaraí,2020-04-01,0,0,0,0
Guaraí,Guaraí,2020-04-02,0,0,0,0
Guaraí,Guaraí,2020-04-03,0,0,0,0
Guaraí,Guaraí,2020-04-04,0,0,0,0
Guaraí,Guaraí,2020-04-05,0,0,0,0
Guaraí,Guaraí,2020-04-06,0,0,0,0
Guaraí,Guaraí,2020-04-07,0,0,0,0
Guaraí,Guaraí,2020-04-08,0,0,0,0
Guaraí,Guaraí,2020-04-09,0,0,0,0
Guaraí,Guaraí,2020-04-10,0,0,0,0
Guaraí,Guaraí,2020-04-11,0,0,0,0
Guaraí,Guaraí,2020-04-12,0,0,0,0
Guaraí,Guaraí,2020-04-13,0,0,0,0
Guaraí,Guaraí,2020-04-14,0,0,0,0
Guaraí,Guaraí,2020-04-15,0,0,0,0
Guaraí,Guaraí,2020-04-16,0,0,0,0
Guaraí,Guaraí,2020-04-17,0,0,0,0
Guaraí,Guaraí,2020-04-18,0,0,0,0
Guaraí,Guaraí,2020-04-19,0,0,0,0
Guaraí,Guaraí,2020-04-20,0,0,0,0
Guaraí,Guaraí,2020-04-21,0,0,0,0
Guaraí,Guaraí,2020-04-22,0,0,0,0
Guaraí,Guaraí,2020-04-23,0,0,0,0
Guaraí,Guaraí,2020-04-24,0,0,0,0
Guaraí,Guaraí,2020-04-25,0,0,0,0
Guaraí,Guaraí,2020-04-26,0,0,0,0
Guaraí,Guaraí,2020-04-27,3,3,0,0
Guaraí,Guaraí,2020-04-28,3,0,0,0
Guaraí,Guaraí,2020-04-29,7,4,0,0
Guaraí,Guaraí,2020-04-30,7,0,0,0
Guaraí,Guaraí,2020-05-01,7,0,0,0
Guaraí,Guaraí,2020-05-02,7,0,0,0
Guaraí,Guaraí,2020-05-03,7,0,0,0
Guaraí,Guaraí,2020-05-04,10,3,0,0
Guaraí,Guaraí,2020-05-05,10,0,0,0
Guaraí,Guaraí,2020-05-06,10,0,0,0
Guaraí,Guaraí,2020-05-07,10,0,0,0
Guaraí,Guaraí,2020-05-08,10,0,0,0
Guaraí,Guaraí,2020-05-09,10,0,0,0
Guaraí,Guaraí,2020-05-10,11,1,0,0
Guaraí,Guaraí,2020-05-11,10,-1,1,1
Guaraí,Guaraí,2020-05-12,10,0,1,0
Guaraí,Guaraí,2020-05-13,10,0,1,0
Guaraí,Guaraí,2020-05-14,12,2,1,0
Guaraí,Guaraí,2020-05-15,12,0,1,0
Guaraí,Guaraí,2020-05-16,14,2,1,0
Guaraí,Guaraí,2020-05-17,14,0,1,0
Guaraí,Guaraí,2020-05-18,17,3,1,0
Guaraí,Guaraí,2020-05-19,17,0,1,0
Guaraí,Guaraí,2020-05-20,20,3,1,0
Guaraí,Guaraí,2020-05-21,21,1,1,0
Guaraí,Guaraí,2020-05-22,27,6,1,0
Guaraí,Guaraí,2020-05-23,24,-3,1,0
Guaraí,Guaraí,2020-05-24,24,0,1,0
Guaraí,Guaraí,2020-05-25,27,3,1,0
Guaraí,Guaraí,2020-05-26,32,5,1,0
Guaraí,Guaraí,2020-05-27,39,7,1,0
Guaraí,Guaraí,2020-05-28,42,3,2,1
Guaraí,Guaraí,2020-05-29,43,1,2,0
Guaraí,Guaraí,2020-05-30,48,5,2,0
Guaraí,Guaraí,2020-05-31,49,1,2,0
Guaraí,Guaraí,2020-06-01,60,11,3,1
Guaraí,Guaraí,2020-06-02,63,3,3,0
Guaraí,Guaraí,2020-06-03,63,0,3,0
Guaraí,Guaraí,2020-06-04,68,5,3,0
Guaraí,Guaraí,2020-06-05,68,0,3,0
Guaraí,Guaraí,2020-06-06,76,8,4,1
Guaraí,Guaraí,2020-06-07,76,0,4,0
Guaraí,Guaraí,2020-06-08,84,8,4,0
Guaraí,Guaraí,2020-06-09,88,4,4,0
Guaraí,Guaraí,2020-06-10,96,8,4,0
Guaraí,Guaraí,2020-06-11,99,3,4,0
Guaraí,Guaraí,2020-06-12,101,2,4,0
Guaraí,Guaraí,2020-06-13,108,7,4,0
Guaraí,Guaraí,2020-06-14,109,1,4,0
Guaraí,Guaraí,2020-06-15,109,0,4,0
Guaraí,Guaraí,2020-06-16,112,3,4,0
Guaraí,Guaraí,2020-06-17,118,6,4,0
Guaraí,Guaraí,2020-06-18,122,4,4,0
Guaraí,Guaraí,2020-06-19,131,9,4,0
Guaraí,Guaraí,2020-06-20,131,0,4,0
Guaraí,Guaraí,2020-06-21,132,1,5,1
Guaraí,Guaraí,2020-06-22,133,1,5,0
Guaraí,Guaraí,2020-06-23,136,3,5,0
Guaraí,Guaraí,2020-06-24,140,4,5,0
Guaraí,Guaraí,2020-06-25,170,30,5,0
Guaraí,Guaraí,2020-06-26,178,8,5,0
Guaraí,Guaraí,2020-06-27,182,4,6,1
Guaraí,Guaraí,2020-06-28,183,1,6,0
Guaraí,Guaraí,2020-06-29,183,0,6,0
Guaraí,Guaraí,2020-06-30,193,10,6,0
Guaraí,Guaraí,2020-07-01,210,17,6,0
Guaraí,Guaraí,2020-07-02,211,1,7,1
Guaraí,Guaraí,2020-07-03,214,3,7,0
Guaraí,Guaraí,2020-07-04,224,10,7,0
Guaraí,Guaraí,2020-07-05,224,0,7,0
Guaraí,Guaraí,2020-07-06,224,0,8,1
Guaraí,Guaraí,2020-07-07,233,9,8,0
Guaraí,Guaraí,2020-07-08,241,8,8,0
Guaraí,Guaraí,2020-07-09,248,7,8,0
Guaraí,Guaraí,2020-07-10,266,18,8,0
Guaraí,Guaraí,2020-07-11,270,4,8,0
Guaraí,Guaraí,2020-07-12,270,0,8,0
Guaraí,Guaraí,2020-07-13,270,0,8,0
Guaraí,Guaraí,2020-07-14,280,10,8,0
Guaraí,Guaraí,2020-07-15,280,0,8,0
Guaraí,Guaraí,2020-07-16,288,8,8,0
Guaraí,Guaraí,2020-07-17,289,1,8,0
Guaraí,Guaraí,2020-07-18,290,1,9,1
Guaraí,Guaraí,2020-07-19,317,27,9,0
Guaraí,Guaraí,2020-07-20,317,0,9,0
Guaraí,Guaraí,2020-07-21,326,9,9,0
Guaraí,Guaraí,2020-07-22,338,12,9,0
Guaraí,Guaraí,2020-07-23,341,3,10,1
Guaraí,Guaraí,2020-07-24,352,11,10,0
Guaraí,Guaraí,2020-07-25,359,7,10,0
Guaraí,Guaraí,2020-07-26,371,12,10,0
Guaraí,Guaraí,2020-07-27,373,2,10,0
Guaraí,Guaraí,2020-07-28,378,5,10,0
Guaraí,Guaraí,2020-07-29,396,18,10,0
Guaraí,Guaraí,2020-07-30,410,14,10,0
Guaraí,Guaraí,2020-07-31,411,1,10,0
Guaraí,Guaraí,2020-08-01,417,6,10,0
Guaraí,Guaraí,2020-08-02,424,7,10,0
Guaraí,Guaraí,2020-08-03,439,15,10,0
Guaraí,Guaraí,2020-08-04,439,0,10,0
Guaraí,Guaraí,2020-08-05,449,10,10,0
Guaraí,Guaraí,2020-08-06,455,6,10,0
Guaraí,Guaraí,2020-08-07,458,3,10,0
Guaraí,Guaraí,2020-08-08,469,11,10,0
Guaraí,Guaraí,2020-08-09,469,0,10,0
Guaraí,Guaraí,2020-08-10,476,7,10,0
Guaraí,Guaraí,2020-08-11,484,8,10,0
Guaraí,Guaraí,2020-08-12,488,4,10,0
Guaraí,Guaraí,2020-08-13,499,11,10,0
Guaraí,Guaraí,2020-08-14,497,-2,10,0
Guaraí,Guaraí,2020-08-15,500,3,10,0
Guaraí,Guaraí,2020-08-16,500,0,10,0
Guaraí,Guaraí,2020-08-17,500,0,10,0
Guaraí,Guaraí,2020-08-18,528,28,10,0
Guaraí,Guaraí,2020-08-19,529,1,11,1
Guaraí,Guaraí,2020-08-20,548,19,11,0
Guaraí,Guaraí,2020-08-21,558,10,11,0
Guaraí,Guaraí,2020-08-22,563,5,11,0
Guaraí,Guaraí,2020-08-23,563,0,11,0
Guaraí,Guaraí,2020-08-24,571,8,11,0
Guaraí,Guaraí,2020-08-25,608,37,13,2
Guaraí,Guaraí,2020-08-26,613,5,13,0
Guaraí,Guaraí,2020-08-27,637,24,13,0
Guaraí,Guaraí,2020-08-28,649,12,14,1
Guaraí,Guaraí,2020-08-29,673,24,14,0
Guaraí,Guaraí,2020-08-30,674,1,14,0
Guaraí,Guaraí,2020-08-31,677,3,14,0
Guaraí,Guaraí,2020-09-01,706,29,14,0
Guaraí,Guaraí,2020-09-02,713,7,14,0
Guaraí,Guaraí,2020-09-03,716,3,14,0
Guaraí,Guaraí,2020-09-04,724,8,15,1
Guaraí,Guaraí,2020-09-05,725,1,15,0
Guaraí,Guaraí,2020-09-06,727,2,15,0
Guaraí,Guaraí,2020-09-07,727,0,15,0
Guaraí,Guaraí,2020-09-08,727,0,15,0
Guaraí,Guaraí,2020-09-09,727,0,15,0
Guaraí,Guaraí,2020-09-10,790,63,15,0
Guaraí,Guaraí,2020-09-11,792,2,15,0
Guaraí,Guaraí,2020-09-12,818,26,15,0
Guaraí,Guaraí,2020-09-13,833,15,15,0
Guaraí,Guaraí,2020-09-14,833,0,16,1
Guaraí,Guaraí,2020-09-15,839,6,17,1
Guaraí,Guaraí,2020-09-16,847,8,17,0
Guaraí,Guaraí,2020-09-17,869,22,17,0
Guaraí,Guaraí,2020-09-18,900,31,17,0
Guaraí,Guaraí,2020-09-19,936,36,17,0
Guaraí,Guaraí,2020-09-20,936,0,17,0
Guaraí,Guaraí,2020-09-21,936,0,17,0
Guaraí,Guaraí,2020-09-22,944,8,17,0
Guaraí,Guaraí,2020-09-23,978,34,17,0
Guaraí,Guaraí,2020-09-24,1000,22,17,0
Guaraí,Guaraí,2020-09-25,1003,3,18,1
Guaraí,Guaraí,2020-09-26,1022,19,18,0
Guaraí,Guaraí,2020-09-27,1022,0,18,0
Guaraí,Guaraí,2020-09-28,1023,1,18,0
Guaraí,Guaraí,2020-09-29,1053,30,18,0
Guaraí,Guaraí,2020-09-30,1087,34,18,0
Guaraí,Guaraí,2020-10-01,1116,29,19,1
Guaraí,Guaraí,2020-10-02,1128,12,19,0
Guaraí,Guaraí,2020-10-03,1148,20,19,0
Guaraí,Guaraí,2020-10-04,1148,0,19,0
Guaraí,Guaraí,2020-10-05,1148,0,19,0
Guaraí,Guaraí,2020-10-06,1153,5,19,0
Guaraí,Guaraí,2020-10-07,1166,13,19,0
Guaraí,Guaraí,2020-10-08,1185,19,19,0
Guaraí,Guaraí,2020-10-09,1199,14,19,0
Guaraí,Guaraí,2020-10-10,1203,4,19,0
Guaraí,Guaraí,2020-10-11,1203,0,19,0
Guaraí,Guaraí,2020-10-12,1204,1,20,1
Guaraí,Guaraí,2020-10-13,1204,0,20,0
Guaraí,Guaraí,2020-10-14,1221,17,21,1
Guaraí,Guaraí,2020-10-15,1224,3,22,1
Guaraí,Guaraí,2020-10-16,1227,3,22,0
Guaraí,Guaraí,2020-10-17,1227,0,22,0
Guaraí,Guaraí,2020-10-18,1227,0,22,0
Guaraí,Guaraí,2020-10-19,1228,1,22,0
Guaraí,Guaraí,2020-10-20,1234,6,22,0
Guaraí,Guaraí,2020-10-21,1248,14,22,0
Guaraí,Guaraí,2020-10-22,1250,2,22,0
Guaraí,Guaraí,2020-10-23,1252,2,22,0
Guaraí,Guaraí,2020-10-24,1258,6,22,0
Guaraí,Guaraí,2020-10-25,1258,0,22,0
Guaraí,Guaraí,2020-10-26,1258,0,22,0
Guaraí,Guaraí,2020-10-27,1261,3,23,1
Guaraí,Guaraí,2020-10-28,1263,2,23,0
Guaraí,Guaraí,2020-10-29,1272,9,24,1
Guaraí,Guaraí,2020-10-30,1275,3,24,0
Guaraí,Guaraí,2020-10-31,1275,0,24,0
Guaraí,Guaraí,2020-11-01,1275,0,24,0
Guaraí,Guaraí,2020-11-02,1275,0,24,0
Guaraí,Guaraí,2020-11-03,1275,0,24,0
Guaraí,Guaraí,2020-11-04,1280,5,24,0
Guaraí,Guaraí,2020-11-05,1283,3,24,0
Guaraí,Guaraí,2020-11-06,1306,23,24,0
Guaraí,Guaraí,2020-11-07,1318,12,24,0
Guaraí,Guaraí,2020-11-08,1318,0,24,0
Guaraí,Guaraí,2020-11-09,1318,0,24,0
Guaraí,Guaraí,2020-11-10,1323,5,24,0
Guaraí,Guaraí,2020-11-11,1328,5,24,0
Guaraí,Guaraí,2020-11-12,1341,13,24,0
Guaraí,Guaraí,2020-11-13,1365,24,24,0
Guaraí,Guaraí,2020-11-14,1371,6,24,0
Guaraí,Guaraí,2020-11-15,1371,0,24,0
Guaraí,Guaraí,2020-11-16,1371,0,24,0
Guaraí,Guaraí,2020-11-17,1378,7,24,0
Guaraí,Guaraí,2020-11-18,1385,7,24,0
Guaraí,Guaraí,2020-11-19,1386,1,24,0
Guaraí,Guaraí,2020-11-20,1389,3,24,0
Guaraí,Guaraí,2020-11-21,1398,9,24,0
Guaraí,Guaraí,2020-11-22,1398,0,24,0
Guaraí,Guaraí,2020-11-23,1398,0,24,0
Guaraí,Guaraí,2020-11-24,1404,6,24,0
Guaraí,Guaraí,2020-11-25,1427,23,24,0
Guaraí,Guaraí,2020-11-26,1443,16,24,0
Guaraí,Guaraí,2020-11-27,1450,7,24,0
Guaraí,Guaraí,2020-11-28,1462,12,24,0
Guaraí,Guaraí,2020-11-29,1463,1,24,0
Guaraí,Guaraí,2020-11-30,1463,0,24,0
Guaraí,Guaraí,2020-12-01,1470,7,24,0
Guaraí,Guaraí,2020-12-02,1487,17,24,0
Guaraí,Guaraí,2020-12-03,1499,12,24,0
Guaraí,Guaraí,2020-12-04,1501,2,24,0
Guaraí,Guaraí,2020-12-05,1505,4,24,0
Guaraí,Guaraí,2020-12-06,1505,0,24,0
Guaraí,Guaraí,2020-12-07,1505,0,24,0
Guaraí,Guaraí,2020-12-08,1512,7,24,0
Guaraí,Guaraí,2020-12-09,1515,3,24,0
Guaraí,Guaraí,2020-12-10,1522,7,24,0
Guaraí,Guaraí,2020-12-11,1522,0,24,0
Guaraí,Guaraí,2020-12-12,1528,6,24,0
Guaraí,Guaraí,2020-12-13,1532,4,24,0
Guaraí,Guaraí,2020-12-14,1534,2,24,0
Guaraí,Guaraí,2020-12-15,1534,0,24,0
Guaraí,Guaraí,2020-12-16,1545,11,25,1
Guaraí,Guaraí,2020-12-17,1552,7,25,0
Guaraí,Guaraí,2020-12-18,1562,10,25,0
Guaraí,Guaraí,2020-12-19,1568,6,25,0
Guaraí,Guaraí,2020-12-20,1568,0,25,0
Guaraí,Guaraí,2020-12-21,1585,17,25,0
Guaraí,Guaraí,2020-12-22,1613,28,25,0
Guaraí,Guaraí,2020-12-23,1629,16,25,0
Guaraí,Guaraí,2020-12-24,1635,6,25,0
Guaraí,Guaraí,2020-12-25,1635,0,25,0
Guaraí,Guaraí,2020-12-26,1635,0,25,0
Guaraí,Guaraí,2020-12-27,1635,0,25,0
Guaraí,Guaraí,2020-12-28,1635,0,25,0
Guaraí,Guaraí,2020-12-29,1637,2,25,0
Guaraí,Guaraí,2020-12-30,1641,4,25,0
Guaraí,Guaraí,2020-12-31,1643,2,25,0
Guaraí,Guaraí,2021-01-01,1644,1,26,1
Guaraí,Guaraí,2021-01-02,1644,0,26,0
Guaraí,Guaraí,2021-01-03,1644,0,26,0
Guaraí,Guaraí,2021-01-04,1644,0,26,0
Guaraí,Guaraí,2021-01-05,1668,24,27,1
Guaraí,Guaraí,2021-01-06,1671,3,27,0
Guaraí,Guaraí,2021-01-07,1675,4,27,0
Guaraí,Guaraí,2021-01-08,1680,5,27,0
Guaraí,Guaraí,2021-01-09,1680,0,27,0
Guaraí,Guaraí,2021-01-10,1681,1,27,0
Guaraí,Guaraí,2021-01-11,1681,0,27,0
Guaraí,Guaraí,2021-01-12,1681,0,27,0
Guaraí,Guaraí,2021-01-13,1703,22,27,0
Guaraí,Guaraí,2021-01-14,1708,5,28,1
Guaraí,Guaraí,2021-01-15,1716,8,28,0
Guaraí,Guaraí,2021-01-16,1750,34,28,0
Guaraí,Guaraí,2021-01-17,1750,0,28,0
Guaraí,Guaraí,2021-01-18,1750,0,28,0
Guaraí,Guaraí,2021-01-19,1762,12,28,0
Guaraí,Guaraí,2021-01-20,1767,5,28,0
Guaraí,Guaraí,2021-01-21,1774,7,28,0
Guaraí,Guaraí,2021-01-22,1777,3,28,0
Guaraí,Guaraí,2021-01-23,1796,19,28,0
Guaraí,Guaraí,2021-01-24,1797,1,29,1
Guaraí,Guaraí,2021-01-25,1797,0,29,0
Guaraí,Guaraí,2021-01-26,1812,15,29,0
Guaraí,Guaraí,2021-01-27,1822,10,29,0
Guaraí,Guaraí,2021-01-28,1833,11,29,0
Guaraí,Guaraí,2021-01-29,1836,3,30,1
Guaraí,Guaraí,2021-01-30,1852,16,30,0
Guaraí,Guaraí,2021-01-31,1853,1,31,1
Guaraí,Guaraí,2021-02-01,1854,1,31,0
Guaraí,Guaraí,2021-02-02,1862,8,31,0
Guaraí,Guaraí,2021-02-03,1869,7,32,1
Guaraí,Guaraí,2021-02-04,1873,4,32,0
Guaraí,Guaraí,2021-02-05,1878,5,32,0
Guaraí,Guaraí,2021-02-06,1882,4,33,1
Guaraí,Guaraí,2021-02-07,1882,0,33,0
Guaraí,Guaraí,2021-02-08,1882,0,33,0
