city,city,date,cases,daily cases,deaths,daily deaths
Guariba,Guariba,2020-03-27,0,0,0,0
Guariba,Guariba,2020-03-28,0,0,0,0
Guariba,Guariba,2020-03-29,0,0,0,0
Guariba,Guariba,2020-03-30,0,0,0,0
Guariba,Guariba,2020-03-31,0,0,0,0
Guariba,Guariba,2020-04-01,0,0,0,0
Guariba,Guariba,2020-04-02,0,0,0,0
Guariba,Guariba,2020-04-03,0,0,0,0
Guariba,Guariba,2020-04-04,0,0,0,0
Guariba,Guariba,2020-04-05,0,0,0,0
Guariba,Guariba,2020-04-06,0,0,0,0
Guariba,Guariba,2020-04-07,0,0,0,0
Guariba,Guariba,2020-04-08,0,0,0,0
Guariba,Guariba,2020-04-09,0,0,0,0
Guariba,Guariba,2020-04-10,0,0,0,0
Guariba,Guariba,2020-04-11,0,0,0,0
Guariba,Guariba,2020-04-12,0,0,0,0
Guariba,Guariba,2020-04-13,0,0,0,0
Guariba,Guariba,2020-04-14,0,0,0,0
Guariba,Guariba,2020-04-15,0,0,0,0
Guariba,Guariba,2020-04-16,0,0,0,0
Guariba,Guariba,2020-04-17,0,0,0,0
Guariba,Guariba,2020-04-18,0,0,0,0
Guariba,Guariba,2020-04-19,0,0,0,0
Guariba,Guariba,2020-04-20,0,0,0,0
Guariba,Guariba,2020-04-21,0,0,0,0
Guariba,Guariba,2020-04-22,0,0,0,0
Guariba,Guariba,2020-04-23,0,0,0,0
Guariba,Guariba,2020-04-24,0,0,0,0
Guariba,Guariba,2020-04-25,0,0,0,0
Guariba,Guariba,2020-04-26,0,0,0,0
Guariba,Guariba,2020-04-27,0,0,0,0
Guariba,Guariba,2020-04-28,0,0,0,0
Guariba,Guariba,2020-04-29,1,1,0,0
Guariba,Guariba,2020-04-30,1,0,0,0
Guariba,Guariba,2020-05-01,1,0,0,0
Guariba,Guariba,2020-05-02,1,0,0,0
Guariba,Guariba,2020-05-03,1,0,0,0
Guariba,Guariba,2020-05-04,2,1,0,0
Guariba,Guariba,2020-05-05,2,0,0,0
Guariba,Guariba,2020-05-06,2,0,0,0
Guariba,Guariba,2020-05-07,6,4,0,0
Guariba,Guariba,2020-05-08,6,0,0,0
Guariba,Guariba,2020-05-09,6,0,0,0
Guariba,Guariba,2020-05-10,6,0,0,0
Guariba,Guariba,2020-05-11,6,0,0,0
Guariba,Guariba,2020-05-12,6,0,0,0
Guariba,Guariba,2020-05-13,7,1,0,0
Guariba,Guariba,2020-05-14,7,0,0,0
Guariba,Guariba,2020-05-15,7,0,0,0
Guariba,Guariba,2020-05-16,3,-4,0,0
Guariba,Guariba,2020-05-17,3,0,0,0
Guariba,Guariba,2020-05-18,3,0,0,0
Guariba,Guariba,2020-05-19,3,0,0,0
Guariba,Guariba,2020-05-20,3,0,0,0
Guariba,Guariba,2020-05-21,3,0,0,0
Guariba,Guariba,2020-05-22,3,0,0,0
Guariba,Guariba,2020-05-23,3,0,0,0
Guariba,Guariba,2020-05-24,3,0,0,0
Guariba,Guariba,2020-05-25,3,0,0,0
Guariba,Guariba,2020-05-26,3,0,0,0
Guariba,Guariba,2020-05-27,5,2,0,0
Guariba,Guariba,2020-05-28,6,1,0,0
Guariba,Guariba,2020-05-29,7,1,0,0
Guariba,Guariba,2020-05-30,8,1,0,0
Guariba,Guariba,2020-05-31,8,0,0,0
Guariba,Guariba,2020-06-01,8,0,0,0
Guariba,Guariba,2020-06-02,8,0,0,0
Guariba,Guariba,2020-06-03,23,15,0,0
Guariba,Guariba,2020-06-04,23,0,0,0
Guariba,Guariba,2020-06-05,29,6,0,0
Guariba,Guariba,2020-06-06,30,1,1,1
Guariba,Guariba,2020-06-07,31,1,1,0
Guariba,Guariba,2020-06-08,31,0,1,0
Guariba,Guariba,2020-06-09,32,1,1,0
Guariba,Guariba,2020-06-10,38,6,1,0
Guariba,Guariba,2020-06-11,44,6,1,0
Guariba,Guariba,2020-06-12,44,0,1,0
Guariba,Guariba,2020-06-13,55,11,1,0
Guariba,Guariba,2020-06-14,55,0,1,0
Guariba,Guariba,2020-06-15,55,0,1,0
Guariba,Guariba,2020-06-16,55,0,1,0
Guariba,Guariba,2020-06-17,57,2,1,0
Guariba,Guariba,2020-06-18,58,1,1,0
Guariba,Guariba,2020-06-19,80,22,1,0
Guariba,Guariba,2020-06-20,95,15,2,1
Guariba,Guariba,2020-06-21,101,6,2,0
Guariba,Guariba,2020-06-22,101,0,2,0
Guariba,Guariba,2020-06-23,101,0,2,0
Guariba,Guariba,2020-06-24,138,37,2,0
Guariba,Guariba,2020-06-25,151,13,2,0
Guariba,Guariba,2020-06-26,170,19,2,0
Guariba,Guariba,2020-06-27,184,14,2,0
Guariba,Guariba,2020-06-28,187,3,2,0
Guariba,Guariba,2020-06-29,188,1,2,0
Guariba,Guariba,2020-06-30,194,6,3,1
Guariba,Guariba,2020-07-01,201,7,4,1
Guariba,Guariba,2020-07-02,215,14,4,0
Guariba,Guariba,2020-07-03,220,5,4,0
Guariba,Guariba,2020-07-04,220,0,4,0
Guariba,Guariba,2020-07-05,227,7,4,0
Guariba,Guariba,2020-07-06,227,0,4,0
Guariba,Guariba,2020-07-07,250,23,4,0
Guariba,Guariba,2020-07-08,258,8,5,1
Guariba,Guariba,2020-07-09,281,23,6,1
Guariba,Guariba,2020-07-10,308,27,6,0
Guariba,Guariba,2020-07-11,326,18,6,0
Guariba,Guariba,2020-07-12,327,1,6,0
Guariba,Guariba,2020-07-13,327,0,6,0
Guariba,Guariba,2020-07-14,355,28,8,2
Guariba,Guariba,2020-07-15,363,8,8,0
Guariba,Guariba,2020-07-16,385,22,8,0
Guariba,Guariba,2020-07-17,398,13,8,0
Guariba,Guariba,2020-07-18,406,8,9,1
Guariba,Guariba,2020-07-19,406,0,9,0
Guariba,Guariba,2020-07-20,407,1,10,1
Guariba,Guariba,2020-07-21,418,11,13,3
Guariba,Guariba,2020-07-22,448,30,13,0
Guariba,Guariba,2020-07-23,471,23,13,0
Guariba,Guariba,2020-07-24,482,11,15,2
Guariba,Guariba,2020-07-25,521,39,15,0
Guariba,Guariba,2020-07-26,521,0,17,2
Guariba,Guariba,2020-07-27,523,2,17,0
Guariba,Guariba,2020-07-28,523,0,17,0
Guariba,Guariba,2020-07-29,565,42,17,0
Guariba,Guariba,2020-07-30,584,19,17,0
Guariba,Guariba,2020-07-31,603,19,18,1
Guariba,Guariba,2020-08-01,622,19,19,1
Guariba,Guariba,2020-08-02,624,2,19,0
Guariba,Guariba,2020-08-03,624,0,19,0
Guariba,Guariba,2020-08-04,649,25,19,0
Guariba,Guariba,2020-08-05,655,6,20,1
Guariba,Guariba,2020-08-06,674,19,20,0
Guariba,Guariba,2020-08-07,685,11,21,1
Guariba,Guariba,2020-08-08,711,26,21,0
Guariba,Guariba,2020-08-09,712,1,23,2
Guariba,Guariba,2020-08-10,712,0,23,0
Guariba,Guariba,2020-08-11,721,9,23,0
Guariba,Guariba,2020-08-12,752,31,23,0
Guariba,Guariba,2020-08-13,766,14,23,0
Guariba,Guariba,2020-08-14,777,11,24,1
Guariba,Guariba,2020-08-15,786,9,24,0
Guariba,Guariba,2020-08-16,786,0,24,0
Guariba,Guariba,2020-08-17,792,6,24,0
Guariba,Guariba,2020-08-18,799,7,24,0
Guariba,Guariba,2020-08-19,811,12,25,1
Guariba,Guariba,2020-08-20,820,9,25,0
Guariba,Guariba,2020-08-21,824,4,25,0
Guariba,Guariba,2020-08-22,830,6,25,0
Guariba,Guariba,2020-08-23,831,1,26,1
Guariba,Guariba,2020-08-24,835,4,26,0
Guariba,Guariba,2020-08-25,839,4,26,0
Guariba,Guariba,2020-08-26,853,14,26,0
Guariba,Guariba,2020-08-27,859,6,26,0
Guariba,Guariba,2020-08-28,870,11,26,0
Guariba,Guariba,2020-08-29,877,7,27,1
Guariba,Guariba,2020-08-30,879,2,27,0
Guariba,Guariba,2020-08-31,879,0,27,0
Guariba,Guariba,2020-09-01,884,5,27,0
Guariba,Guariba,2020-09-02,903,19,27,0
Guariba,Guariba,2020-09-03,903,0,27,0
Guariba,Guariba,2020-09-04,905,2,27,0
Guariba,Guariba,2020-09-05,914,9,27,0
Guariba,Guariba,2020-09-06,920,6,27,0
Guariba,Guariba,2020-09-07,925,5,27,0
Guariba,Guariba,2020-09-08,925,0,27,0
Guariba,Guariba,2020-09-09,929,4,27,0
Guariba,Guariba,2020-09-10,959,30,27,0
Guariba,Guariba,2020-09-11,963,4,27,0
Guariba,Guariba,2020-09-12,977,14,27,0
Guariba,Guariba,2020-09-13,977,0,27,0
Guariba,Guariba,2020-09-14,977,0,27,0
Guariba,Guariba,2020-09-15,988,11,27,0
Guariba,Guariba,2020-09-16,994,6,28,1
Guariba,Guariba,2020-09-17,1006,12,28,0
Guariba,Guariba,2020-09-18,1025,19,29,1
Guariba,Guariba,2020-09-19,1030,5,29,0
Guariba,Guariba,2020-09-20,1030,0,29,0
Guariba,Guariba,2020-09-21,1030,0,29,0
Guariba,Guariba,2020-09-22,1032,2,30,1
Guariba,Guariba,2020-09-23,1036,4,30,0
Guariba,Guariba,2020-09-24,1066,30,30,0
Guariba,Guariba,2020-09-25,1071,5,30,0
Guariba,Guariba,2020-09-26,1073,2,30,0
Guariba,Guariba,2020-09-27,1075,2,31,1
Guariba,Guariba,2020-09-28,1075,0,31,0
Guariba,Guariba,2020-09-29,1080,5,32,1
Guariba,Guariba,2020-09-30,1097,17,32,0
Guariba,Guariba,2020-10-01,1104,7,32,0
Guariba,Guariba,2020-10-02,1105,1,32,0
Guariba,Guariba,2020-10-03,1104,-1,32,0
Guariba,Guariba,2020-10-04,1104,0,32,0
Guariba,Guariba,2020-10-05,1104,0,32,0
Guariba,Guariba,2020-10-06,1123,19,33,1
Guariba,Guariba,2020-10-07,1127,4,33,0
Guariba,Guariba,2020-10-08,1128,1,33,0
Guariba,Guariba,2020-10-09,1131,3,33,0
Guariba,Guariba,2020-10-10,1132,1,33,0
Guariba,Guariba,2020-10-11,1132,0,33,0
Guariba,Guariba,2020-10-12,1132,0,33,0
Guariba,Guariba,2020-10-13,1132,0,33,0
Guariba,Guariba,2020-10-14,1149,17,33,0
Guariba,Guariba,2020-10-15,1153,4,33,0
Guariba,Guariba,2020-10-16,1158,5,33,0
Guariba,Guariba,2020-10-17,1159,1,33,0
Guariba,Guariba,2020-10-18,1159,0,33,0
Guariba,Guariba,2020-10-19,1159,0,33,0
Guariba,Guariba,2020-10-20,1163,4,33,0
Guariba,Guariba,2020-10-21,1178,15,33,0
Guariba,Guariba,2020-10-22,1179,1,33,0
Guariba,Guariba,2020-10-23,1180,1,33,0
Guariba,Guariba,2020-10-24,1182,2,33,0
Guariba,Guariba,2020-10-25,1182,0,33,0
Guariba,Guariba,2020-10-26,1182,0,33,0
Guariba,Guariba,2020-10-27,1182,0,33,0
Guariba,Guariba,2020-10-28,1183,1,33,0
Guariba,Guariba,2020-10-29,1184,1,33,0
Guariba,Guariba,2020-10-30,1191,7,33,0
Guariba,Guariba,2020-10-31,1191,0,33,0
Guariba,Guariba,2020-11-01,1191,0,33,0
Guariba,Guariba,2020-11-02,1191,0,33,0
Guariba,Guariba,2020-11-03,1191,0,33,0
Guariba,Guariba,2020-11-04,1191,0,33,0
Guariba,Guariba,2020-11-05,1197,6,33,0
Guariba,Guariba,2020-11-06,1197,0,33,0
Guariba,Guariba,2020-11-07,1197,0,33,0
Guariba,Guariba,2020-11-08,1197,0,33,0
Guariba,Guariba,2020-11-09,1197,0,33,0
Guariba,Guariba,2020-11-10,1197,0,33,0
Guariba,Guariba,2020-11-11,1223,26,33,0
Guariba,Guariba,2020-11-12,1223,0,33,0
Guariba,Guariba,2020-11-13,1237,14,33,0
Guariba,Guariba,2020-11-14,1237,0,33,0
Guariba,Guariba,2020-11-15,1237,0,33,0
Guariba,Guariba,2020-11-16,1237,0,33,0
Guariba,Guariba,2020-11-17,1243,6,33,0
Guariba,Guariba,2020-11-18,1247,4,33,0
Guariba,Guariba,2020-11-19,1259,12,34,1
Guariba,Guariba,2020-11-20,1265,6,34,0
Guariba,Guariba,2020-11-21,1267,2,34,0
Guariba,Guariba,2020-11-22,1267,0,34,0
Guariba,Guariba,2020-11-23,1267,0,34,0
Guariba,Guariba,2020-11-24,1269,2,34,0
Guariba,Guariba,2020-11-25,1281,12,34,0
Guariba,Guariba,2020-11-26,1285,4,34,0
Guariba,Guariba,2020-11-27,1293,8,34,0
Guariba,Guariba,2020-11-28,1295,2,34,0
Guariba,Guariba,2020-11-29,1295,0,34,0
Guariba,Guariba,2020-11-30,1295,0,34,0
Guariba,Guariba,2020-12-01,1301,6,34,0
Guariba,Guariba,2020-12-02,1307,6,34,0
Guariba,Guariba,2020-12-03,1308,1,34,0
Guariba,Guariba,2020-12-04,1310,2,35,1
Guariba,Guariba,2020-12-05,1317,7,35,0
Guariba,Guariba,2020-12-06,1317,0,35,0
Guariba,Guariba,2020-12-07,1317,0,35,0
Guariba,Guariba,2020-12-08,1317,0,35,0
Guariba,Guariba,2020-12-09,1320,3,35,0
Guariba,Guariba,2020-12-10,1321,1,35,0
Guariba,Guariba,2020-12-11,1326,5,35,0
Guariba,Guariba,2020-12-12,1335,9,35,0
Guariba,Guariba,2020-12-13,1335,0,35,0
Guariba,Guariba,2020-12-14,1335,0,35,0
Guariba,Guariba,2020-12-15,1341,6,35,0
Guariba,Guariba,2020-12-16,1341,0,35,0
Guariba,Guariba,2020-12-17,1356,15,36,1
Guariba,Guariba,2020-12-18,1358,2,36,0
Guariba,Guariba,2020-12-19,1357,-1,37,1
Guariba,Guariba,2020-12-20,1357,0,37,0
Guariba,Guariba,2020-12-21,1357,0,37,0
Guariba,Guariba,2020-12-22,1360,3,37,0
Guariba,Guariba,2020-12-23,1375,15,37,0
Guariba,Guariba,2020-12-24,1380,5,37,0
Guariba,Guariba,2020-12-25,1380,0,37,0
Guariba,Guariba,2020-12-26,1380,0,37,0
Guariba,Guariba,2020-12-27,1380,0,37,0
Guariba,Guariba,2020-12-28,1381,1,37,0
Guariba,Guariba,2020-12-29,1391,10,37,0
Guariba,Guariba,2020-12-30,1399,8,37,0
Guariba,Guariba,2020-12-31,1413,14,38,1
Guariba,Guariba,2021-01-01,1413,0,38,0
Guariba,Guariba,2021-01-02,1413,0,38,0
Guariba,Guariba,2021-01-03,1413,0,38,0
Guariba,Guariba,2021-01-04,1413,0,38,0
Guariba,Guariba,2021-01-05,1413,0,38,0
Guariba,Guariba,2021-01-06,1412,-1,38,0
Guariba,Guariba,2021-01-07,1414,2,38,0
Guariba,Guariba,2021-01-08,1415,1,38,0
Guariba,Guariba,2021-01-09,1416,1,38,0
Guariba,Guariba,2021-01-10,1416,0,38,0
Guariba,Guariba,2021-01-11,1416,0,38,0
Guariba,Guariba,2021-01-12,1416,0,38,0
Guariba,Guariba,2021-01-13,1443,27,38,0
Guariba,Guariba,2021-01-14,1457,14,38,0
Guariba,Guariba,2021-01-15,1469,12,38,0
Guariba,Guariba,2021-01-16,1469,0,38,0
Guariba,Guariba,2021-01-17,1469,0,38,0
Guariba,Guariba,2021-01-18,1469,0,38,0
Guariba,Guariba,2021-01-19,1472,3,38,0
Guariba,Guariba,2021-01-20,1473,1,38,0
Guariba,Guariba,2021-01-21,1477,4,38,0
Guariba,Guariba,2021-01-22,1505,28,38,0
Guariba,Guariba,2021-01-23,1525,20,38,0
Guariba,Guariba,2021-01-24,1525,0,38,0
Guariba,Guariba,2021-01-25,1525,0,38,0
Guariba,Guariba,2021-01-26,1535,10,40,2
Guariba,Guariba,2021-01-27,1549,14,40,0
Guariba,Guariba,2021-01-28,1552,3,40,0
Guariba,Guariba,2021-01-29,1553,1,40,0
Guariba,Guariba,2021-01-30,1564,11,40,0
Guariba,Guariba,2021-01-31,1564,0,40,0
Guariba,Guariba,2021-02-01,1564,0,40,0
Guariba,Guariba,2021-02-02,1567,3,40,0
Guariba,Guariba,2021-02-03,1587,20,41,1
Guariba,Guariba,2021-02-04,1641,54,41,0
Guariba,Guariba,2021-02-05,1684,43,41,0
Guariba,Guariba,2021-02-06,1701,17,41,0
Guariba,Guariba,2021-02-07,1701,0,41,0
Guariba,Guariba,2021-02-08,1701,0,41,0
