city,city,date,cases,daily cases,deaths,daily deaths
Ibirataia,Ibirataia,2020-03-27,0,0,0,0
Ibirataia,Ibirataia,2020-03-28,0,0,0,0
Ibirataia,Ibirataia,2020-03-29,0,0,0,0
Ibirataia,Ibirataia,2020-03-30,0,0,0,0
Ibirataia,Ibirataia,2020-03-31,0,0,0,0
Ibirataia,Ibirataia,2020-04-01,0,0,0,0
Ibirataia,Ibirataia,2020-04-02,0,0,0,0
Ibirataia,Ibirataia,2020-04-03,0,0,0,0
Ibirataia,Ibirataia,2020-04-04,0,0,0,0
Ibirataia,Ibirataia,2020-04-05,2,2,0,0
Ibirataia,Ibirataia,2020-04-06,2,0,0,0
Ibirataia,Ibirataia,2020-04-07,3,1,0,0
Ibirataia,Ibirataia,2020-04-08,3,0,0,0
Ibirataia,Ibirataia,2020-04-09,3,0,0,0
Ibirataia,Ibirataia,2020-04-10,3,0,0,0
Ibirataia,Ibirataia,2020-04-11,3,0,0,0
Ibirataia,Ibirataia,2020-04-12,3,0,0,0
Ibirataia,Ibirataia,2020-04-13,3,0,0,0
Ibirataia,Ibirataia,2020-04-14,3,0,0,0
Ibirataia,Ibirataia,2020-04-15,3,0,0,0
Ibirataia,Ibirataia,2020-04-16,3,0,0,0
Ibirataia,Ibirataia,2020-04-17,4,1,0,0
Ibirataia,Ibirataia,2020-04-18,4,0,0,0
Ibirataia,Ibirataia,2020-04-19,3,-1,0,0
Ibirataia,Ibirataia,2020-04-20,4,1,0,0
Ibirataia,Ibirataia,2020-04-21,3,-1,0,0
Ibirataia,Ibirataia,2020-04-22,3,0,0,0
Ibirataia,Ibirataia,2020-04-23,3,0,0,0
Ibirataia,Ibirataia,2020-04-24,3,0,0,0
Ibirataia,Ibirataia,2020-04-25,3,0,0,0
Ibirataia,Ibirataia,2020-04-26,3,0,0,0
Ibirataia,Ibirataia,2020-04-27,6,3,0,0
Ibirataia,Ibirataia,2020-04-28,6,0,0,0
Ibirataia,Ibirataia,2020-04-29,6,0,0,0
Ibirataia,Ibirataia,2020-04-30,6,0,0,0
Ibirataia,Ibirataia,2020-05-01,6,0,0,0
Ibirataia,Ibirataia,2020-05-02,6,0,0,0
Ibirataia,Ibirataia,2020-05-03,6,0,0,0
Ibirataia,Ibirataia,2020-05-04,6,0,1,1
Ibirataia,Ibirataia,2020-05-05,6,0,1,0
Ibirataia,Ibirataia,2020-05-06,7,1,1,0
Ibirataia,Ibirataia,2020-05-07,7,0,1,0
Ibirataia,Ibirataia,2020-05-08,7,0,1,0
Ibirataia,Ibirataia,2020-05-09,7,0,1,0
Ibirataia,Ibirataia,2020-05-10,7,0,1,0
Ibirataia,Ibirataia,2020-05-11,7,0,1,0
Ibirataia,Ibirataia,2020-05-12,8,1,1,0
Ibirataia,Ibirataia,2020-05-13,8,0,1,0
Ibirataia,Ibirataia,2020-05-14,8,0,1,0
Ibirataia,Ibirataia,2020-05-15,10,2,1,0
Ibirataia,Ibirataia,2020-05-16,10,0,1,0
Ibirataia,Ibirataia,2020-05-17,10,0,1,0
Ibirataia,Ibirataia,2020-05-18,11,1,1,0
Ibirataia,Ibirataia,2020-05-19,12,1,1,0
Ibirataia,Ibirataia,2020-05-20,12,0,1,0
Ibirataia,Ibirataia,2020-05-21,12,0,1,0
Ibirataia,Ibirataia,2020-05-22,12,0,1,0
Ibirataia,Ibirataia,2020-05-23,12,0,1,0
Ibirataia,Ibirataia,2020-05-24,12,0,1,0
Ibirataia,Ibirataia,2020-05-25,12,0,1,0
Ibirataia,Ibirataia,2020-05-26,14,2,1,0
Ibirataia,Ibirataia,2020-05-27,14,0,1,0
Ibirataia,Ibirataia,2020-05-28,14,0,1,0
Ibirataia,Ibirataia,2020-05-29,16,2,1,0
Ibirataia,Ibirataia,2020-05-30,18,2,1,0
Ibirataia,Ibirataia,2020-05-31,18,0,1,0
Ibirataia,Ibirataia,2020-06-01,19,1,1,0
Ibirataia,Ibirataia,2020-06-02,20,1,1,0
Ibirataia,Ibirataia,2020-06-03,20,0,1,0
Ibirataia,Ibirataia,2020-06-04,24,4,1,0
Ibirataia,Ibirataia,2020-06-05,26,2,1,0
Ibirataia,Ibirataia,2020-06-06,27,1,2,1
Ibirataia,Ibirataia,2020-06-07,27,0,2,0
Ibirataia,Ibirataia,2020-06-08,27,0,2,0
Ibirataia,Ibirataia,2020-06-09,30,3,2,0
Ibirataia,Ibirataia,2020-06-10,35,5,2,0
Ibirataia,Ibirataia,2020-06-11,35,0,2,0
Ibirataia,Ibirataia,2020-06-12,35,0,2,0
Ibirataia,Ibirataia,2020-06-13,35,0,2,0
Ibirataia,Ibirataia,2020-06-14,38,3,2,0
Ibirataia,Ibirataia,2020-06-15,38,0,2,0
Ibirataia,Ibirataia,2020-06-16,38,0,2,0
Ibirataia,Ibirataia,2020-06-17,39,1,2,0
Ibirataia,Ibirataia,2020-06-18,40,1,2,0
Ibirataia,Ibirataia,2020-06-19,43,3,2,0
Ibirataia,Ibirataia,2020-06-20,46,3,2,0
Ibirataia,Ibirataia,2020-06-21,46,0,2,0
Ibirataia,Ibirataia,2020-06-22,46,0,2,0
Ibirataia,Ibirataia,2020-06-23,46,0,2,0
Ibirataia,Ibirataia,2020-06-24,47,1,2,0
Ibirataia,Ibirataia,2020-06-25,48,1,2,0
Ibirataia,Ibirataia,2020-06-26,48,0,2,0
Ibirataia,Ibirataia,2020-06-27,58,10,2,0
Ibirataia,Ibirataia,2020-06-28,59,1,2,0
Ibirataia,Ibirataia,2020-06-29,60,1,2,0
Ibirataia,Ibirataia,2020-06-30,62,2,2,0
Ibirataia,Ibirataia,2020-07-01,63,1,2,0
Ibirataia,Ibirataia,2020-07-02,77,14,2,0
Ibirataia,Ibirataia,2020-07-03,81,4,2,0
Ibirataia,Ibirataia,2020-07-04,83,2,2,0
Ibirataia,Ibirataia,2020-07-05,87,4,2,0
Ibirataia,Ibirataia,2020-07-06,96,9,2,0
Ibirataia,Ibirataia,2020-07-07,98,2,2,0
Ibirataia,Ibirataia,2020-07-08,101,3,2,0
Ibirataia,Ibirataia,2020-07-09,108,7,2,0
Ibirataia,Ibirataia,2020-07-10,109,1,2,0
Ibirataia,Ibirataia,2020-07-11,112,3,2,0
Ibirataia,Ibirataia,2020-07-12,112,0,2,0
Ibirataia,Ibirataia,2020-07-13,116,4,2,0
Ibirataia,Ibirataia,2020-07-14,123,7,2,0
Ibirataia,Ibirataia,2020-07-15,131,8,2,0
Ibirataia,Ibirataia,2020-07-16,134,3,2,0
Ibirataia,Ibirataia,2020-07-17,135,1,2,0
Ibirataia,Ibirataia,2020-07-18,140,5,2,0
Ibirataia,Ibirataia,2020-07-19,152,12,2,0
Ibirataia,Ibirataia,2020-07-20,158,6,2,0
Ibirataia,Ibirataia,2020-07-21,167,9,2,0
Ibirataia,Ibirataia,2020-07-22,197,30,2,0
Ibirataia,Ibirataia,2020-07-23,210,13,2,0
Ibirataia,Ibirataia,2020-07-24,213,3,2,0
Ibirataia,Ibirataia,2020-07-25,232,19,2,0
Ibirataia,Ibirataia,2020-07-26,257,25,2,0
Ibirataia,Ibirataia,2020-07-27,258,1,2,0
Ibirataia,Ibirataia,2020-07-28,275,17,2,0
Ibirataia,Ibirataia,2020-07-29,307,32,2,0
Ibirataia,Ibirataia,2020-07-30,330,23,2,0
Ibirataia,Ibirataia,2020-07-31,350,20,2,0
Ibirataia,Ibirataia,2020-08-01,365,15,2,0
Ibirataia,Ibirataia,2020-08-02,366,1,2,0
Ibirataia,Ibirataia,2020-08-03,377,11,2,0
Ibirataia,Ibirataia,2020-08-04,397,20,2,0
Ibirataia,Ibirataia,2020-08-05,414,17,4,2
Ibirataia,Ibirataia,2020-08-06,445,31,5,1
Ibirataia,Ibirataia,2020-08-07,482,37,5,0
Ibirataia,Ibirataia,2020-08-08,499,17,5,0
Ibirataia,Ibirataia,2020-08-09,514,15,6,1
Ibirataia,Ibirataia,2020-08-10,514,0,7,1
Ibirataia,Ibirataia,2020-08-11,531,17,8,1
Ibirataia,Ibirataia,2020-08-12,556,25,8,0
Ibirataia,Ibirataia,2020-08-13,572,16,8,0
Ibirataia,Ibirataia,2020-08-14,599,27,8,0
Ibirataia,Ibirataia,2020-08-15,609,10,9,1
Ibirataia,Ibirataia,2020-08-16,609,0,9,0
Ibirataia,Ibirataia,2020-08-17,626,17,11,2
Ibirataia,Ibirataia,2020-08-18,645,19,12,1
Ibirataia,Ibirataia,2020-08-19,657,12,12,0
Ibirataia,Ibirataia,2020-08-20,685,28,13,1
Ibirataia,Ibirataia,2020-08-21,686,1,13,0
Ibirataia,Ibirataia,2020-08-22,738,52,14,1
Ibirataia,Ibirataia,2020-08-23,754,16,15,1
Ibirataia,Ibirataia,2020-08-24,755,1,16,1
Ibirataia,Ibirataia,2020-08-25,787,32,16,0
Ibirataia,Ibirataia,2020-08-26,802,15,16,0
Ibirataia,Ibirataia,2020-08-27,812,10,17,1
Ibirataia,Ibirataia,2020-08-28,840,28,17,0
Ibirataia,Ibirataia,2020-08-29,858,18,17,0
Ibirataia,Ibirataia,2020-08-30,859,1,17,0
Ibirataia,Ibirataia,2020-08-31,877,18,17,0
Ibirataia,Ibirataia,2020-09-01,893,16,17,0
Ibirataia,Ibirataia,2020-09-02,907,14,17,0
Ibirataia,Ibirataia,2020-09-03,909,2,18,1
Ibirataia,Ibirataia,2020-09-04,916,7,18,0
Ibirataia,Ibirataia,2020-09-05,920,4,18,0
Ibirataia,Ibirataia,2020-09-06,925,5,18,0
Ibirataia,Ibirataia,2020-09-07,925,0,18,0
Ibirataia,Ibirataia,2020-09-08,927,2,18,0
Ibirataia,Ibirataia,2020-09-09,933,6,18,0
Ibirataia,Ibirataia,2020-09-10,935,2,18,0
Ibirataia,Ibirataia,2020-09-11,935,0,18,0
Ibirataia,Ibirataia,2020-09-12,944,9,19,1
Ibirataia,Ibirataia,2020-09-13,947,3,19,0
Ibirataia,Ibirataia,2020-09-14,947,0,19,0
Ibirataia,Ibirataia,2020-09-15,953,6,19,0
Ibirataia,Ibirataia,2020-09-16,956,3,20,1
Ibirataia,Ibirataia,2020-09-17,959,3,21,1
Ibirataia,Ibirataia,2020-09-18,968,9,21,0
Ibirataia,Ibirataia,2020-09-19,975,7,21,0
Ibirataia,Ibirataia,2020-09-20,975,0,21,0
Ibirataia,Ibirataia,2020-09-21,978,3,21,0
Ibirataia,Ibirataia,2020-09-22,981,3,21,0
Ibirataia,Ibirataia,2020-09-23,984,3,21,0
Ibirataia,Ibirataia,2020-09-24,989,5,21,0
Ibirataia,Ibirataia,2020-09-25,997,8,21,0
Ibirataia,Ibirataia,2020-09-26,1001,4,21,0
Ibirataia,Ibirataia,2020-09-27,1001,0,21,0
Ibirataia,Ibirataia,2020-09-28,1001,0,21,0
Ibirataia,Ibirataia,2020-09-29,1012,11,21,0
Ibirataia,Ibirataia,2020-09-30,1017,5,21,0
Ibirataia,Ibirataia,2020-10-01,1023,6,21,0
Ibirataia,Ibirataia,2020-10-02,1028,5,21,0
Ibirataia,Ibirataia,2020-10-03,1038,10,21,0
Ibirataia,Ibirataia,2020-10-04,1040,2,21,0
Ibirataia,Ibirataia,2020-10-05,1040,0,21,0
Ibirataia,Ibirataia,2020-10-06,1064,24,21,0
Ibirataia,Ibirataia,2020-10-07,1072,8,21,0
Ibirataia,Ibirataia,2020-10-08,1078,6,21,0
Ibirataia,Ibirataia,2020-10-09,1082,4,21,0
Ibirataia,Ibirataia,2020-10-10,1088,6,21,0
Ibirataia,Ibirataia,2020-10-11,1098,10,21,0
Ibirataia,Ibirataia,2020-10-12,1100,2,21,0
Ibirataia,Ibirataia,2020-10-13,1110,10,21,0
Ibirataia,Ibirataia,2020-10-14,1136,26,21,0
Ibirataia,Ibirataia,2020-10-15,1149,13,21,0
Ibirataia,Ibirataia,2020-10-16,1157,8,21,0
Ibirataia,Ibirataia,2020-10-17,1198,41,21,0
Ibirataia,Ibirataia,2020-10-18,1198,0,21,0
Ibirataia,Ibirataia,2020-10-19,1198,0,21,0
Ibirataia,Ibirataia,2020-10-20,1202,4,21,0
Ibirataia,Ibirataia,2020-10-21,1222,20,21,0
Ibirataia,Ibirataia,2020-10-22,1223,1,21,0
Ibirataia,Ibirataia,2020-10-23,1243,20,21,0
Ibirataia,Ibirataia,2020-10-24,1257,14,21,0
Ibirataia,Ibirataia,2020-10-25,1257,0,21,0
Ibirataia,Ibirataia,2020-10-26,1257,0,21,0
Ibirataia,Ibirataia,2020-10-27,1262,5,21,0
Ibirataia,Ibirataia,2020-10-28,1293,31,21,0
Ibirataia,Ibirataia,2020-10-29,1302,9,22,1
Ibirataia,Ibirataia,2020-10-30,1304,2,23,1
Ibirataia,Ibirataia,2020-10-31,1310,6,23,0
Ibirataia,Ibirataia,2020-11-01,1320,10,23,0
Ibirataia,Ibirataia,2020-11-02,1320,0,23,0
Ibirataia,Ibirataia,2020-11-03,1320,0,23,0
Ibirataia,Ibirataia,2020-11-04,1331,11,24,1
Ibirataia,Ibirataia,2020-11-05,1343,12,24,0
Ibirataia,Ibirataia,2020-11-06,1345,2,24,0
Ibirataia,Ibirataia,2020-11-07,1363,18,24,0
Ibirataia,Ibirataia,2020-11-08,1363,0,24,0
Ibirataia,Ibirataia,2020-11-09,1369,6,24,0
Ibirataia,Ibirataia,2020-11-10,1374,5,24,0
Ibirataia,Ibirataia,2020-11-11,1374,0,24,0
Ibirataia,Ibirataia,2020-11-12,1376,2,24,0
Ibirataia,Ibirataia,2020-11-13,1378,2,24,0
Ibirataia,Ibirataia,2020-11-14,1378,0,24,0
Ibirataia,Ibirataia,2020-11-15,1381,3,24,0
Ibirataia,Ibirataia,2020-11-16,1381,0,24,0
Ibirataia,Ibirataia,2020-11-17,1381,0,24,0
Ibirataia,Ibirataia,2020-11-18,1385,4,24,0
Ibirataia,Ibirataia,2020-11-19,1390,5,24,0
Ibirataia,Ibirataia,2020-11-20,1392,2,24,0
Ibirataia,Ibirataia,2020-11-21,1393,1,24,0
Ibirataia,Ibirataia,2020-11-22,1394,1,24,0
Ibirataia,Ibirataia,2020-11-23,1397,3,24,0
Ibirataia,Ibirataia,2020-11-24,1401,4,24,0
Ibirataia,Ibirataia,2020-11-25,1407,6,24,0
Ibirataia,Ibirataia,2020-11-26,1408,1,24,0
Ibirataia,Ibirataia,2020-11-27,1408,0,24,0
Ibirataia,Ibirataia,2020-11-28,1414,6,24,0
Ibirataia,Ibirataia,2020-11-29,1427,13,24,0
Ibirataia,Ibirataia,2020-11-30,1427,0,24,0
Ibirataia,Ibirataia,2020-12-01,1432,5,24,0
Ibirataia,Ibirataia,2020-12-02,1434,2,24,0
Ibirataia,Ibirataia,2020-12-03,1436,2,24,0
Ibirataia,Ibirataia,2020-12-04,1438,2,24,0
Ibirataia,Ibirataia,2020-12-05,1440,2,24,0
Ibirataia,Ibirataia,2020-12-06,1451,11,24,0
Ibirataia,Ibirataia,2020-12-07,1477,26,24,0
Ibirataia,Ibirataia,2020-12-08,1485,8,24,0
Ibirataia,Ibirataia,2020-12-09,1486,1,25,1
Ibirataia,Ibirataia,2020-12-10,1488,2,25,0
Ibirataia,Ibirataia,2020-12-11,1489,1,25,0
Ibirataia,Ibirataia,2020-12-12,1490,1,25,0
Ibirataia,Ibirataia,2020-12-13,1490,0,25,0
Ibirataia,Ibirataia,2020-12-14,1490,0,25,0
Ibirataia,Ibirataia,2020-12-15,1523,33,25,0
Ibirataia,Ibirataia,2020-12-16,1529,6,25,0
Ibirataia,Ibirataia,2020-12-17,1532,3,25,0
Ibirataia,Ibirataia,2020-12-18,1534,2,25,0
Ibirataia,Ibirataia,2020-12-19,1553,19,25,0
Ibirataia,Ibirataia,2020-12-20,1554,1,25,0
Ibirataia,Ibirataia,2020-12-21,1554,0,25,0
Ibirataia,Ibirataia,2020-12-22,1558,4,25,0
Ibirataia,Ibirataia,2020-12-23,1561,3,25,0
Ibirataia,Ibirataia,2020-12-24,1563,2,25,0
Ibirataia,Ibirataia,2020-12-25,1566,3,25,0
Ibirataia,Ibirataia,2020-12-26,1571,5,25,0
Ibirataia,Ibirataia,2020-12-27,1571,0,25,0
Ibirataia,Ibirataia,2020-12-28,1571,0,25,0
Ibirataia,Ibirataia,2020-12-29,1573,2,25,0
Ibirataia,Ibirataia,2020-12-30,1576,3,25,0
Ibirataia,Ibirataia,2020-12-31,1580,4,25,0
Ibirataia,Ibirataia,2021-01-01,1583,3,25,0
Ibirataia,Ibirataia,2021-01-02,1584,1,25,0
Ibirataia,Ibirataia,2021-01-03,1584,0,25,0
Ibirataia,Ibirataia,2021-01-04,1584,0,25,0
Ibirataia,Ibirataia,2021-01-05,1589,5,25,0
Ibirataia,Ibirataia,2021-01-06,1599,10,25,0
Ibirataia,Ibirataia,2021-01-07,1599,0,25,0
Ibirataia,Ibirataia,2021-01-08,1602,3,25,0
Ibirataia,Ibirataia,2021-01-09,1603,1,25,0
Ibirataia,Ibirataia,2021-01-10,1611,8,25,0
Ibirataia,Ibirataia,2021-01-11,1612,1,25,0
Ibirataia,Ibirataia,2021-01-12,1618,6,25,0
Ibirataia,Ibirataia,2021-01-13,1619,1,25,0
Ibirataia,Ibirataia,2021-01-14,1621,2,25,0
Ibirataia,Ibirataia,2021-01-15,1627,6,25,0
Ibirataia,Ibirataia,2021-01-16,1638,11,25,0
Ibirataia,Ibirataia,2021-01-17,1645,7,25,0
Ibirataia,Ibirataia,2021-01-18,1645,0,25,0
Ibirataia,Ibirataia,2021-01-19,1647,2,25,0
Ibirataia,Ibirataia,2021-01-20,1652,5,25,0
Ibirataia,Ibirataia,2021-01-21,1682,30,25,0
Ibirataia,Ibirataia,2021-01-22,1695,13,25,0
Ibirataia,Ibirataia,2021-01-23,1758,63,25,0
Ibirataia,Ibirataia,2021-01-24,1759,1,25,0
Ibirataia,Ibirataia,2021-01-25,1761,2,25,0
Ibirataia,Ibirataia,2021-01-26,1763,2,25,0
Ibirataia,Ibirataia,2021-01-27,1763,0,25,0
Ibirataia,Ibirataia,2021-01-28,1774,11,25,0
Ibirataia,Ibirataia,2021-01-29,1775,1,25,0
Ibirataia,Ibirataia,2021-01-30,1797,22,25,0
Ibirataia,Ibirataia,2021-01-31,1816,19,25,0
Ibirataia,Ibirataia,2021-02-01,1818,2,25,0
Ibirataia,Ibirataia,2021-02-02,1824,6,25,0
Ibirataia,Ibirataia,2021-02-03,1824,0,25,0
Ibirataia,Ibirataia,2021-02-04,1825,1,25,0
Ibirataia,Ibirataia,2021-02-05,1846,21,25,0
Ibirataia,Ibirataia,2021-02-06,1848,2,25,0
Ibirataia,Ibirataia,2021-02-07,1855,7,25,0
Ibirataia,Ibirataia,2021-02-08,1861,6,25,0
