city,city,date,cases,daily cases,deaths,daily deaths
Ibitirama,Ibitirama,2020-03-27,0,0,0,0
Ibitirama,Ibitirama,2020-03-28,0,0,0,0
Ibitirama,Ibitirama,2020-03-29,0,0,0,0
Ibitirama,Ibitirama,2020-03-30,0,0,0,0
Ibitirama,Ibitirama,2020-03-31,0,0,0,0
Ibitirama,Ibitirama,2020-04-01,0,0,0,0
Ibitirama,Ibitirama,2020-04-02,0,0,0,0
Ibitirama,Ibitirama,2020-04-03,0,0,0,0
Ibitirama,Ibitirama,2020-04-04,0,0,0,0
Ibitirama,Ibitirama,2020-04-05,0,0,0,0
Ibitirama,Ibitirama,2020-04-06,0,0,0,0
Ibitirama,Ibitirama,2020-04-07,0,0,0,0
Ibitirama,Ibitirama,2020-04-08,0,0,0,0
Ibitirama,Ibitirama,2020-04-09,0,0,0,0
Ibitirama,Ibitirama,2020-04-10,0,0,0,0
Ibitirama,Ibitirama,2020-04-11,0,0,0,0
Ibitirama,Ibitirama,2020-04-12,0,0,0,0
Ibitirama,Ibitirama,2020-04-13,0,0,0,0
Ibitirama,Ibitirama,2020-04-14,0,0,0,0
Ibitirama,Ibitirama,2020-04-15,0,0,0,0
Ibitirama,Ibitirama,2020-04-16,0,0,0,0
Ibitirama,Ibitirama,2020-04-17,0,0,0,0
Ibitirama,Ibitirama,2020-04-18,0,0,0,0
Ibitirama,Ibitirama,2020-04-19,0,0,0,0
Ibitirama,Ibitirama,2020-04-20,0,0,0,0
Ibitirama,Ibitirama,2020-04-21,0,0,0,0
Ibitirama,Ibitirama,2020-04-22,0,0,0,0
Ibitirama,Ibitirama,2020-04-23,0,0,0,0
Ibitirama,Ibitirama,2020-04-24,0,0,0,0
Ibitirama,Ibitirama,2020-04-25,0,0,0,0
Ibitirama,Ibitirama,2020-04-26,0,0,0,0
Ibitirama,Ibitirama,2020-04-27,0,0,0,0
Ibitirama,Ibitirama,2020-04-28,0,0,0,0
Ibitirama,Ibitirama,2020-04-29,1,1,0,0
Ibitirama,Ibitirama,2020-04-30,1,0,0,0
Ibitirama,Ibitirama,2020-05-01,1,0,0,0
Ibitirama,Ibitirama,2020-05-02,1,0,0,0
Ibitirama,Ibitirama,2020-05-03,1,0,0,0
Ibitirama,Ibitirama,2020-05-04,1,0,0,0
Ibitirama,Ibitirama,2020-05-05,1,0,0,0
Ibitirama,Ibitirama,2020-05-06,1,0,0,0
Ibitirama,Ibitirama,2020-05-07,1,0,0,0
Ibitirama,Ibitirama,2020-05-08,1,0,0,0
Ibitirama,Ibitirama,2020-05-09,1,0,0,0
Ibitirama,Ibitirama,2020-05-10,1,0,0,0
Ibitirama,Ibitirama,2020-05-11,1,0,0,0
Ibitirama,Ibitirama,2020-05-12,1,0,0,0
Ibitirama,Ibitirama,2020-05-13,1,0,0,0
Ibitirama,Ibitirama,2020-05-14,1,0,0,0
Ibitirama,Ibitirama,2020-05-15,1,0,0,0
Ibitirama,Ibitirama,2020-05-16,1,0,0,0
Ibitirama,Ibitirama,2020-05-17,1,0,0,0
Ibitirama,Ibitirama,2020-05-18,1,0,0,0
Ibitirama,Ibitirama,2020-05-19,1,0,0,0
Ibitirama,Ibitirama,2020-05-20,1,0,0,0
Ibitirama,Ibitirama,2020-05-21,1,0,0,0
Ibitirama,Ibitirama,2020-05-22,1,0,0,0
Ibitirama,Ibitirama,2020-05-23,2,1,0,0
Ibitirama,Ibitirama,2020-05-24,2,0,0,0
Ibitirama,Ibitirama,2020-05-25,3,1,0,0
Ibitirama,Ibitirama,2020-05-26,8,5,0,0
Ibitirama,Ibitirama,2020-05-27,8,0,0,0
Ibitirama,Ibitirama,2020-05-28,10,2,0,0
Ibitirama,Ibitirama,2020-05-29,11,1,0,0
Ibitirama,Ibitirama,2020-05-30,15,4,0,0
Ibitirama,Ibitirama,2020-05-31,15,0,0,0
Ibitirama,Ibitirama,2020-06-01,15,0,0,0
Ibitirama,Ibitirama,2020-06-02,19,4,0,0
Ibitirama,Ibitirama,2020-06-03,20,1,1,1
Ibitirama,Ibitirama,2020-06-04,21,1,1,0
Ibitirama,Ibitirama,2020-06-05,24,3,1,0
Ibitirama,Ibitirama,2020-06-06,25,1,1,0
Ibitirama,Ibitirama,2020-06-07,25,0,1,0
Ibitirama,Ibitirama,2020-06-08,26,1,1,0
Ibitirama,Ibitirama,2020-06-09,26,0,1,0
Ibitirama,Ibitirama,2020-06-10,27,1,1,0
Ibitirama,Ibitirama,2020-06-11,27,0,1,0
Ibitirama,Ibitirama,2020-06-12,28,1,3,2
Ibitirama,Ibitirama,2020-06-13,28,0,3,0
Ibitirama,Ibitirama,2020-06-14,28,0,3,0
Ibitirama,Ibitirama,2020-06-15,28,0,3,0
Ibitirama,Ibitirama,2020-06-16,28,0,3,0
Ibitirama,Ibitirama,2020-06-17,32,4,3,0
Ibitirama,Ibitirama,2020-06-18,32,0,3,0
Ibitirama,Ibitirama,2020-06-19,33,1,3,0
Ibitirama,Ibitirama,2020-06-20,33,0,3,0
Ibitirama,Ibitirama,2020-06-21,33,0,3,0
Ibitirama,Ibitirama,2020-06-22,33,0,3,0
Ibitirama,Ibitirama,2020-06-23,35,2,3,0
Ibitirama,Ibitirama,2020-06-24,35,0,3,0
Ibitirama,Ibitirama,2020-06-25,35,0,3,0
Ibitirama,Ibitirama,2020-06-26,35,0,3,0
Ibitirama,Ibitirama,2020-06-27,35,0,3,0
Ibitirama,Ibitirama,2020-06-28,35,0,3,0
Ibitirama,Ibitirama,2020-06-29,35,0,3,0
Ibitirama,Ibitirama,2020-06-30,37,2,3,0
Ibitirama,Ibitirama,2020-07-01,37,0,3,0
Ibitirama,Ibitirama,2020-07-02,37,0,3,0
Ibitirama,Ibitirama,2020-07-03,38,1,3,0
Ibitirama,Ibitirama,2020-07-04,38,0,3,0
Ibitirama,Ibitirama,2020-07-05,38,0,3,0
Ibitirama,Ibitirama,2020-07-06,38,0,3,0
Ibitirama,Ibitirama,2020-07-07,40,2,3,0
Ibitirama,Ibitirama,2020-07-08,42,2,3,0
Ibitirama,Ibitirama,2020-07-09,42,0,3,0
Ibitirama,Ibitirama,2020-07-10,44,2,3,0
Ibitirama,Ibitirama,2020-07-11,45,1,3,0
Ibitirama,Ibitirama,2020-07-12,47,2,3,0
Ibitirama,Ibitirama,2020-07-13,47,0,3,0
Ibitirama,Ibitirama,2020-07-14,48,1,4,1
Ibitirama,Ibitirama,2020-07-15,48,0,4,0
Ibitirama,Ibitirama,2020-07-16,48,0,4,0
Ibitirama,Ibitirama,2020-07-17,50,2,4,0
Ibitirama,Ibitirama,2020-07-18,51,1,4,0
Ibitirama,Ibitirama,2020-07-19,51,0,4,0
Ibitirama,Ibitirama,2020-07-20,52,1,4,0
Ibitirama,Ibitirama,2020-07-21,52,0,4,0
Ibitirama,Ibitirama,2020-07-22,54,2,4,0
Ibitirama,Ibitirama,2020-07-23,55,1,4,0
Ibitirama,Ibitirama,2020-07-24,55,0,4,0
Ibitirama,Ibitirama,2020-07-25,57,2,4,0
Ibitirama,Ibitirama,2020-07-26,59,2,4,0
Ibitirama,Ibitirama,2020-07-27,61,2,4,0
Ibitirama,Ibitirama,2020-07-28,62,1,4,0
Ibitirama,Ibitirama,2020-07-29,62,0,4,0
Ibitirama,Ibitirama,2020-07-30,63,1,4,0
Ibitirama,Ibitirama,2020-07-31,65,2,4,0
Ibitirama,Ibitirama,2020-08-01,65,0,4,0
Ibitirama,Ibitirama,2020-08-02,68,3,4,0
Ibitirama,Ibitirama,2020-08-03,76,8,4,0
Ibitirama,Ibitirama,2020-08-04,76,0,4,0
Ibitirama,Ibitirama,2020-08-05,76,0,4,0
Ibitirama,Ibitirama,2020-08-06,79,3,4,0
Ibitirama,Ibitirama,2020-08-07,80,1,4,0
Ibitirama,Ibitirama,2020-08-08,80,0,4,0
Ibitirama,Ibitirama,2020-08-09,80,0,4,0
Ibitirama,Ibitirama,2020-08-10,80,0,4,0
Ibitirama,Ibitirama,2020-08-11,81,1,4,0
Ibitirama,Ibitirama,2020-08-12,81,0,4,0
Ibitirama,Ibitirama,2020-08-13,81,0,4,0
Ibitirama,Ibitirama,2020-08-14,84,3,4,0
Ibitirama,Ibitirama,2020-08-15,85,1,4,0
Ibitirama,Ibitirama,2020-08-16,85,0,4,0
Ibitirama,Ibitirama,2020-08-17,86,1,4,0
Ibitirama,Ibitirama,2020-08-18,86,0,4,0
Ibitirama,Ibitirama,2020-08-19,88,2,4,0
Ibitirama,Ibitirama,2020-08-20,90,2,4,0
Ibitirama,Ibitirama,2020-08-21,90,0,4,0
Ibitirama,Ibitirama,2020-08-22,90,0,4,0
Ibitirama,Ibitirama,2020-08-23,90,0,5,1
Ibitirama,Ibitirama,2020-08-24,90,0,5,0
Ibitirama,Ibitirama,2020-08-25,92,2,5,0
Ibitirama,Ibitirama,2020-08-26,92,0,5,0
Ibitirama,Ibitirama,2020-08-27,92,0,5,0
Ibitirama,Ibitirama,2020-08-28,92,0,5,0
Ibitirama,Ibitirama,2020-08-29,92,0,5,0
Ibitirama,Ibitirama,2020-08-30,92,0,5,0
Ibitirama,Ibitirama,2020-08-31,92,0,5,0
Ibitirama,Ibitirama,2020-09-01,93,1,5,0
Ibitirama,Ibitirama,2020-09-02,94,1,5,0
Ibitirama,Ibitirama,2020-09-03,94,0,5,0
Ibitirama,Ibitirama,2020-09-04,94,0,5,0
Ibitirama,Ibitirama,2020-09-05,96,2,5,0
Ibitirama,Ibitirama,2020-09-06,96,0,5,0
Ibitirama,Ibitirama,2020-09-07,96,0,5,0
Ibitirama,Ibitirama,2020-09-08,99,3,5,0
Ibitirama,Ibitirama,2020-09-09,100,1,5,0
Ibitirama,Ibitirama,2020-09-10,103,3,5,0
Ibitirama,Ibitirama,2020-09-11,104,1,5,0
Ibitirama,Ibitirama,2020-09-12,104,0,5,0
Ibitirama,Ibitirama,2020-09-13,105,1,5,0
Ibitirama,Ibitirama,2020-09-14,105,0,5,0
Ibitirama,Ibitirama,2020-09-15,105,0,5,0
Ibitirama,Ibitirama,2020-09-16,108,3,5,0
Ibitirama,Ibitirama,2020-09-17,108,0,5,0
Ibitirama,Ibitirama,2020-09-18,111,3,5,0
Ibitirama,Ibitirama,2020-09-19,111,0,5,0
Ibitirama,Ibitirama,2020-09-20,111,0,5,0
Ibitirama,Ibitirama,2020-09-21,111,0,5,0
Ibitirama,Ibitirama,2020-09-22,112,1,5,0
Ibitirama,Ibitirama,2020-09-23,113,1,5,0
Ibitirama,Ibitirama,2020-09-24,113,0,5,0
Ibitirama,Ibitirama,2020-09-25,114,1,5,0
Ibitirama,Ibitirama,2020-09-26,114,0,5,0
Ibitirama,Ibitirama,2020-09-27,114,0,5,0
Ibitirama,Ibitirama,2020-09-28,114,0,5,0
Ibitirama,Ibitirama,2020-09-29,114,0,5,0
Ibitirama,Ibitirama,2020-09-30,114,0,5,0
Ibitirama,Ibitirama,2020-10-01,114,0,5,0
Ibitirama,Ibitirama,2020-10-02,114,0,5,0
Ibitirama,Ibitirama,2020-10-03,114,0,5,0
Ibitirama,Ibitirama,2020-10-04,114,0,5,0
Ibitirama,Ibitirama,2020-10-05,115,1,5,0
Ibitirama,Ibitirama,2020-10-06,116,1,5,0
Ibitirama,Ibitirama,2020-10-07,116,0,5,0
Ibitirama,Ibitirama,2020-10-08,116,0,5,0
Ibitirama,Ibitirama,2020-10-09,117,1,5,0
Ibitirama,Ibitirama,2020-10-10,117,0,5,0
Ibitirama,Ibitirama,2020-10-11,118,1,5,0
Ibitirama,Ibitirama,2020-10-12,118,0,5,0
Ibitirama,Ibitirama,2020-10-13,118,0,5,0
Ibitirama,Ibitirama,2020-10-14,118,0,5,0
Ibitirama,Ibitirama,2020-10-15,118,0,5,0
Ibitirama,Ibitirama,2020-10-16,119,1,5,0
Ibitirama,Ibitirama,2020-10-17,119,0,5,0
Ibitirama,Ibitirama,2020-10-18,119,0,5,0
Ibitirama,Ibitirama,2020-10-19,119,0,5,0
Ibitirama,Ibitirama,2020-10-20,119,0,5,0
Ibitirama,Ibitirama,2020-10-21,119,0,5,0
Ibitirama,Ibitirama,2020-10-22,120,1,5,0
Ibitirama,Ibitirama,2020-10-23,120,0,5,0
Ibitirama,Ibitirama,2020-10-24,120,0,5,0
Ibitirama,Ibitirama,2020-10-25,120,0,5,0
Ibitirama,Ibitirama,2020-10-26,120,0,5,0
Ibitirama,Ibitirama,2020-10-27,120,0,5,0
Ibitirama,Ibitirama,2020-10-28,120,0,5,0
Ibitirama,Ibitirama,2020-10-29,120,0,5,0
Ibitirama,Ibitirama,2020-10-30,120,0,5,0
Ibitirama,Ibitirama,2020-10-31,120,0,5,0
Ibitirama,Ibitirama,2020-11-01,120,0,5,0
Ibitirama,Ibitirama,2020-11-02,120,0,5,0
Ibitirama,Ibitirama,2020-11-03,120,0,5,0
Ibitirama,Ibitirama,2020-11-04,120,0,5,0
Ibitirama,Ibitirama,2020-11-05,120,0,5,0
Ibitirama,Ibitirama,2020-11-06,120,0,5,0
Ibitirama,Ibitirama,2020-11-07,120,0,5,0
Ibitirama,Ibitirama,2020-11-08,120,0,5,0
Ibitirama,Ibitirama,2020-11-09,120,0,5,0
Ibitirama,Ibitirama,2020-11-10,120,0,5,0
Ibitirama,Ibitirama,2020-11-11,121,1,5,0
Ibitirama,Ibitirama,2020-11-12,123,2,5,0
Ibitirama,Ibitirama,2020-11-13,123,0,5,0
Ibitirama,Ibitirama,2020-11-14,123,0,5,0
Ibitirama,Ibitirama,2020-11-15,124,1,5,0
Ibitirama,Ibitirama,2020-11-16,124,0,5,0
Ibitirama,Ibitirama,2020-11-17,124,0,5,0
Ibitirama,Ibitirama,2020-11-18,124,0,5,0
Ibitirama,Ibitirama,2020-11-19,125,1,5,0
Ibitirama,Ibitirama,2020-11-20,126,1,5,0
Ibitirama,Ibitirama,2020-11-21,126,0,5,0
Ibitirama,Ibitirama,2020-11-22,128,2,5,0
Ibitirama,Ibitirama,2020-11-23,128,0,5,0
Ibitirama,Ibitirama,2020-11-24,129,1,5,0
Ibitirama,Ibitirama,2020-11-25,130,1,6,1
Ibitirama,Ibitirama,2020-11-26,132,2,6,0
Ibitirama,Ibitirama,2020-11-27,139,7,6,0
Ibitirama,Ibitirama,2020-11-28,139,0,6,0
Ibitirama,Ibitirama,2020-11-29,141,2,6,0
Ibitirama,Ibitirama,2020-11-30,142,1,7,1
Ibitirama,Ibitirama,2020-12-01,142,0,7,0
Ibitirama,Ibitirama,2020-12-02,143,1,7,0
Ibitirama,Ibitirama,2020-12-03,146,3,7,0
Ibitirama,Ibitirama,2020-12-04,146,0,7,0
Ibitirama,Ibitirama,2020-12-05,147,1,8,1
Ibitirama,Ibitirama,2020-12-06,150,3,8,0
Ibitirama,Ibitirama,2020-12-07,150,0,8,0
Ibitirama,Ibitirama,2020-12-08,150,0,8,0
Ibitirama,Ibitirama,2020-12-09,152,2,8,0
Ibitirama,Ibitirama,2020-12-10,152,0,8,0
Ibitirama,Ibitirama,2020-12-11,159,7,8,0
Ibitirama,Ibitirama,2020-12-12,159,0,8,0
Ibitirama,Ibitirama,2020-12-13,159,0,8,0
Ibitirama,Ibitirama,2020-12-14,159,0,8,0
Ibitirama,Ibitirama,2020-12-15,167,8,8,0
Ibitirama,Ibitirama,2020-12-16,175,8,8,0
Ibitirama,Ibitirama,2020-12-17,182,7,8,0
Ibitirama,Ibitirama,2020-12-18,188,6,8,0
Ibitirama,Ibitirama,2020-12-19,191,3,8,0
Ibitirama,Ibitirama,2020-12-20,195,4,8,0
Ibitirama,Ibitirama,2020-12-21,193,-2,8,0
Ibitirama,Ibitirama,2020-12-22,195,2,8,0
Ibitirama,Ibitirama,2020-12-23,198,3,8,0
Ibitirama,Ibitirama,2020-12-24,199,1,8,0
Ibitirama,Ibitirama,2020-12-25,199,0,8,0
Ibitirama,Ibitirama,2020-12-26,200,1,8,0
Ibitirama,Ibitirama,2020-12-27,200,0,8,0
Ibitirama,Ibitirama,2020-12-28,206,6,8,0
Ibitirama,Ibitirama,2020-12-29,215,9,8,0
Ibitirama,Ibitirama,2020-12-30,220,5,8,0
Ibitirama,Ibitirama,2020-12-31,223,3,8,0
Ibitirama,Ibitirama,2021-01-01,224,1,8,0
Ibitirama,Ibitirama,2021-01-02,230,6,8,0
Ibitirama,Ibitirama,2021-01-03,231,1,8,0
Ibitirama,Ibitirama,2021-01-04,231,0,8,0
Ibitirama,Ibitirama,2021-01-05,231,0,8,0
Ibitirama,Ibitirama,2021-01-06,232,1,8,0
Ibitirama,Ibitirama,2021-01-07,233,1,8,0
Ibitirama,Ibitirama,2021-01-08,238,5,8,0
Ibitirama,Ibitirama,2021-01-09,239,1,8,0
Ibitirama,Ibitirama,2021-01-10,244,5,8,0
Ibitirama,Ibitirama,2021-01-11,246,2,8,0
Ibitirama,Ibitirama,2021-01-12,249,3,8,0
Ibitirama,Ibitirama,2021-01-13,259,10,8,0
Ibitirama,Ibitirama,2021-01-14,261,2,8,0
Ibitirama,Ibitirama,2021-01-15,265,4,8,0
Ibitirama,Ibitirama,2021-01-16,269,4,8,0
Ibitirama,Ibitirama,2021-01-17,269,0,8,0
Ibitirama,Ibitirama,2021-01-18,271,2,8,0
Ibitirama,Ibitirama,2021-01-19,272,1,8,0
Ibitirama,Ibitirama,2021-01-20,272,0,8,0
Ibitirama,Ibitirama,2021-01-21,277,5,8,0
Ibitirama,Ibitirama,2021-01-22,279,2,8,0
Ibitirama,Ibitirama,2021-01-23,278,-1,8,0
Ibitirama,Ibitirama,2021-01-24,279,1,8,0
Ibitirama,Ibitirama,2021-01-25,280,1,8,0
Ibitirama,Ibitirama,2021-01-26,280,0,8,0
Ibitirama,Ibitirama,2021-01-27,280,0,8,0
Ibitirama,Ibitirama,2021-01-28,280,0,8,0
Ibitirama,Ibitirama,2021-01-29,281,1,8,0
Ibitirama,Ibitirama,2021-01-30,281,0,8,0
Ibitirama,Ibitirama,2021-01-31,283,2,8,0
Ibitirama,Ibitirama,2021-02-01,284,1,8,0
Ibitirama,Ibitirama,2021-02-02,286,2,8,0
Ibitirama,Ibitirama,2021-02-03,287,1,8,0
Ibitirama,Ibitirama,2021-02-04,290,3,8,0
Ibitirama,Ibitirama,2021-02-05,290,0,8,0
Ibitirama,Ibitirama,2021-02-06,291,1,8,0
Ibitirama,Ibitirama,2021-02-07,292,1,8,0
Ibitirama,Ibitirama,2021-02-08,292,0,8,0
