city,city,date,cases,daily cases,deaths,daily deaths
Ibotirama,Ibotirama,2020-03-27,0,0,0,0
Ibotirama,Ibotirama,2020-03-28,0,0,0,0
Ibotirama,Ibotirama,2020-03-29,0,0,0,0
Ibotirama,Ibotirama,2020-03-30,0,0,0,0
Ibotirama,Ibotirama,2020-03-31,0,0,0,0
Ibotirama,Ibotirama,2020-04-01,0,0,0,0
Ibotirama,Ibotirama,2020-04-02,0,0,0,0
Ibotirama,Ibotirama,2020-04-03,0,0,0,0
Ibotirama,Ibotirama,2020-04-04,0,0,0,0
Ibotirama,Ibotirama,2020-04-05,0,0,0,0
Ibotirama,Ibotirama,2020-04-06,0,0,0,0
Ibotirama,Ibotirama,2020-04-07,1,1,0,0
Ibotirama,Ibotirama,2020-04-08,1,0,0,0
Ibotirama,Ibotirama,2020-04-09,1,0,0,0
Ibotirama,Ibotirama,2020-04-10,1,0,0,0
Ibotirama,Ibotirama,2020-04-11,1,0,0,0
Ibotirama,Ibotirama,2020-04-12,1,0,0,0
Ibotirama,Ibotirama,2020-04-13,1,0,0,0
Ibotirama,Ibotirama,2020-04-14,1,0,0,0
Ibotirama,Ibotirama,2020-04-15,1,0,0,0
Ibotirama,Ibotirama,2020-04-16,1,0,0,0
Ibotirama,Ibotirama,2020-04-17,1,0,0,0
Ibotirama,Ibotirama,2020-04-18,1,0,0,0
Ibotirama,Ibotirama,2020-04-19,1,0,0,0
Ibotirama,Ibotirama,2020-04-20,1,0,0,0
Ibotirama,Ibotirama,2020-04-21,1,0,0,0
Ibotirama,Ibotirama,2020-04-22,1,0,0,0
Ibotirama,Ibotirama,2020-04-23,1,0,0,0
Ibotirama,Ibotirama,2020-04-24,1,0,0,0
Ibotirama,Ibotirama,2020-04-25,2,1,0,0
Ibotirama,Ibotirama,2020-04-26,1,-1,0,0
Ibotirama,Ibotirama,2020-04-27,1,0,0,0
Ibotirama,Ibotirama,2020-04-28,1,0,0,0
Ibotirama,Ibotirama,2020-04-29,1,0,0,0
Ibotirama,Ibotirama,2020-04-30,1,0,0,0
Ibotirama,Ibotirama,2020-05-01,1,0,0,0
Ibotirama,Ibotirama,2020-05-02,1,0,0,0
Ibotirama,Ibotirama,2020-05-03,1,0,0,0
Ibotirama,Ibotirama,2020-05-04,1,0,0,0
Ibotirama,Ibotirama,2020-05-05,1,0,0,0
Ibotirama,Ibotirama,2020-05-06,1,0,0,0
Ibotirama,Ibotirama,2020-05-07,1,0,0,0
Ibotirama,Ibotirama,2020-05-08,1,0,0,0
Ibotirama,Ibotirama,2020-05-09,1,0,0,0
Ibotirama,Ibotirama,2020-05-10,1,0,0,0
Ibotirama,Ibotirama,2020-05-11,1,0,0,0
Ibotirama,Ibotirama,2020-05-12,1,0,0,0
Ibotirama,Ibotirama,2020-05-13,1,0,0,0
Ibotirama,Ibotirama,2020-05-14,1,0,0,0
Ibotirama,Ibotirama,2020-05-15,1,0,0,0
Ibotirama,Ibotirama,2020-05-16,1,0,0,0
Ibotirama,Ibotirama,2020-05-17,1,0,0,0
Ibotirama,Ibotirama,2020-05-18,1,0,0,0
Ibotirama,Ibotirama,2020-05-19,2,1,0,0
Ibotirama,Ibotirama,2020-05-20,2,0,0,0
Ibotirama,Ibotirama,2020-05-21,2,0,0,0
Ibotirama,Ibotirama,2020-05-22,2,0,0,0
Ibotirama,Ibotirama,2020-05-23,2,0,0,0
Ibotirama,Ibotirama,2020-05-24,2,0,0,0
Ibotirama,Ibotirama,2020-05-25,2,0,0,0
Ibotirama,Ibotirama,2020-05-26,2,0,0,0
Ibotirama,Ibotirama,2020-05-27,2,0,0,0
Ibotirama,Ibotirama,2020-05-28,2,0,0,0
Ibotirama,Ibotirama,2020-05-29,2,0,0,0
Ibotirama,Ibotirama,2020-05-30,2,0,0,0
Ibotirama,Ibotirama,2020-05-31,2,0,0,0
Ibotirama,Ibotirama,2020-06-01,2,0,0,0
Ibotirama,Ibotirama,2020-06-02,2,0,0,0
Ibotirama,Ibotirama,2020-06-03,2,0,0,0
Ibotirama,Ibotirama,2020-06-04,1,-1,0,0
Ibotirama,Ibotirama,2020-06-05,1,0,0,0
Ibotirama,Ibotirama,2020-06-06,1,0,0,0
Ibotirama,Ibotirama,2020-06-07,1,0,0,0
Ibotirama,Ibotirama,2020-06-08,1,0,0,0
Ibotirama,Ibotirama,2020-06-09,2,1,0,0
Ibotirama,Ibotirama,2020-06-10,3,1,0,0
Ibotirama,Ibotirama,2020-06-11,3,0,0,0
Ibotirama,Ibotirama,2020-06-12,3,0,0,0
Ibotirama,Ibotirama,2020-06-13,4,1,0,0
Ibotirama,Ibotirama,2020-06-14,4,0,0,0
Ibotirama,Ibotirama,2020-06-15,4,0,0,0
Ibotirama,Ibotirama,2020-06-16,6,2,0,0
Ibotirama,Ibotirama,2020-06-17,6,0,0,0
Ibotirama,Ibotirama,2020-06-18,7,1,0,0
Ibotirama,Ibotirama,2020-06-19,6,-1,0,0
Ibotirama,Ibotirama,2020-06-20,11,5,0,0
Ibotirama,Ibotirama,2020-06-21,11,0,0,0
Ibotirama,Ibotirama,2020-06-22,11,0,0,0
Ibotirama,Ibotirama,2020-06-23,11,0,0,0
Ibotirama,Ibotirama,2020-06-24,16,5,0,0
Ibotirama,Ibotirama,2020-06-25,16,0,0,0
Ibotirama,Ibotirama,2020-06-26,18,2,0,0
Ibotirama,Ibotirama,2020-06-27,20,2,0,0
Ibotirama,Ibotirama,2020-06-28,22,2,0,0
Ibotirama,Ibotirama,2020-06-29,22,0,0,0
Ibotirama,Ibotirama,2020-06-30,25,3,0,0
Ibotirama,Ibotirama,2020-07-01,27,2,0,0
Ibotirama,Ibotirama,2020-07-02,28,1,0,0
Ibotirama,Ibotirama,2020-07-03,29,1,1,1
Ibotirama,Ibotirama,2020-07-04,29,0,1,0
Ibotirama,Ibotirama,2020-07-05,61,32,1,0
Ibotirama,Ibotirama,2020-07-06,61,0,1,0
Ibotirama,Ibotirama,2020-07-07,73,12,1,0
Ibotirama,Ibotirama,2020-07-08,83,10,1,0
Ibotirama,Ibotirama,2020-07-09,84,1,1,0
Ibotirama,Ibotirama,2020-07-10,84,0,1,0
Ibotirama,Ibotirama,2020-07-11,86,2,1,0
Ibotirama,Ibotirama,2020-07-12,88,2,1,0
Ibotirama,Ibotirama,2020-07-13,88,0,1,0
Ibotirama,Ibotirama,2020-07-14,93,5,1,0
Ibotirama,Ibotirama,2020-07-15,96,3,1,0
Ibotirama,Ibotirama,2020-07-16,102,6,1,0
Ibotirama,Ibotirama,2020-07-17,103,1,1,0
Ibotirama,Ibotirama,2020-07-18,104,1,1,0
Ibotirama,Ibotirama,2020-07-19,105,1,2,1
Ibotirama,Ibotirama,2020-07-20,107,2,2,0
Ibotirama,Ibotirama,2020-07-21,107,0,2,0
Ibotirama,Ibotirama,2020-07-22,109,2,2,0
Ibotirama,Ibotirama,2020-07-23,120,11,2,0
Ibotirama,Ibotirama,2020-07-24,124,4,2,0
Ibotirama,Ibotirama,2020-07-25,126,2,2,0
Ibotirama,Ibotirama,2020-07-26,138,12,2,0
Ibotirama,Ibotirama,2020-07-27,142,4,2,0
Ibotirama,Ibotirama,2020-07-28,147,5,3,1
Ibotirama,Ibotirama,2020-07-29,150,3,4,1
Ibotirama,Ibotirama,2020-07-30,158,8,4,0
Ibotirama,Ibotirama,2020-07-31,160,2,4,0
Ibotirama,Ibotirama,2020-08-01,160,0,4,0
Ibotirama,Ibotirama,2020-08-02,169,9,4,0
Ibotirama,Ibotirama,2020-08-03,169,0,4,0
Ibotirama,Ibotirama,2020-08-04,172,3,4,0
Ibotirama,Ibotirama,2020-08-05,172,0,4,0
Ibotirama,Ibotirama,2020-08-06,176,4,4,0
Ibotirama,Ibotirama,2020-08-07,176,0,4,0
Ibotirama,Ibotirama,2020-08-08,177,1,4,0
Ibotirama,Ibotirama,2020-08-09,178,1,4,0
Ibotirama,Ibotirama,2020-08-10,180,2,4,0
Ibotirama,Ibotirama,2020-08-11,181,1,4,0
Ibotirama,Ibotirama,2020-08-12,181,0,4,0
Ibotirama,Ibotirama,2020-08-13,183,2,4,0
Ibotirama,Ibotirama,2020-08-14,183,0,4,0
Ibotirama,Ibotirama,2020-08-15,183,0,4,0
Ibotirama,Ibotirama,2020-08-16,183,0,4,0
Ibotirama,Ibotirama,2020-08-17,189,6,4,0
Ibotirama,Ibotirama,2020-08-18,197,8,5,1
Ibotirama,Ibotirama,2020-08-19,201,4,5,0
Ibotirama,Ibotirama,2020-08-20,203,2,5,0
Ibotirama,Ibotirama,2020-08-21,205,2,5,0
Ibotirama,Ibotirama,2020-08-22,208,3,5,0
Ibotirama,Ibotirama,2020-08-23,208,0,5,0
Ibotirama,Ibotirama,2020-08-24,208,0,5,0
Ibotirama,Ibotirama,2020-08-25,211,3,6,1
Ibotirama,Ibotirama,2020-08-26,211,0,6,0
Ibotirama,Ibotirama,2020-08-27,216,5,6,0
Ibotirama,Ibotirama,2020-08-28,216,0,6,0
Ibotirama,Ibotirama,2020-08-29,224,8,6,0
Ibotirama,Ibotirama,2020-08-30,224,0,6,0
Ibotirama,Ibotirama,2020-08-31,228,4,6,0
Ibotirama,Ibotirama,2020-09-01,231,3,6,0
Ibotirama,Ibotirama,2020-09-02,231,0,6,0
Ibotirama,Ibotirama,2020-09-03,232,1,6,0
Ibotirama,Ibotirama,2020-09-04,234,2,6,0
Ibotirama,Ibotirama,2020-09-05,234,0,6,0
Ibotirama,Ibotirama,2020-09-06,234,0,6,0
Ibotirama,Ibotirama,2020-09-07,235,1,6,0
Ibotirama,Ibotirama,2020-09-08,235,0,6,0
Ibotirama,Ibotirama,2020-09-09,237,2,6,0
Ibotirama,Ibotirama,2020-09-10,237,0,6,0
Ibotirama,Ibotirama,2020-09-11,237,0,6,0
Ibotirama,Ibotirama,2020-09-12,237,0,6,0
Ibotirama,Ibotirama,2020-09-13,237,0,6,0
Ibotirama,Ibotirama,2020-09-14,239,2,7,1
Ibotirama,Ibotirama,2020-09-15,239,0,7,0
Ibotirama,Ibotirama,2020-09-16,239,0,7,0
Ibotirama,Ibotirama,2020-09-17,239,0,7,0
Ibotirama,Ibotirama,2020-09-18,239,0,7,0
Ibotirama,Ibotirama,2020-09-19,243,4,7,0
Ibotirama,Ibotirama,2020-09-20,243,0,7,0
Ibotirama,Ibotirama,2020-09-21,243,0,7,0
Ibotirama,Ibotirama,2020-09-22,244,1,7,0
Ibotirama,Ibotirama,2020-09-23,244,0,7,0
Ibotirama,Ibotirama,2020-09-24,245,1,7,0
Ibotirama,Ibotirama,2020-09-25,245,0,7,0
Ibotirama,Ibotirama,2020-09-26,246,1,7,0
Ibotirama,Ibotirama,2020-09-27,246,0,7,0
Ibotirama,Ibotirama,2020-09-28,246,0,7,0
Ibotirama,Ibotirama,2020-09-29,246,0,7,0
Ibotirama,Ibotirama,2020-09-30,246,0,7,0
Ibotirama,Ibotirama,2020-10-01,246,0,7,0
Ibotirama,Ibotirama,2020-10-02,246,0,7,0
Ibotirama,Ibotirama,2020-10-03,246,0,7,0
Ibotirama,Ibotirama,2020-10-04,246,0,7,0
Ibotirama,Ibotirama,2020-10-05,246,0,7,0
Ibotirama,Ibotirama,2020-10-06,246,0,7,0
Ibotirama,Ibotirama,2020-10-07,246,0,7,0
Ibotirama,Ibotirama,2020-10-08,251,5,7,0
Ibotirama,Ibotirama,2020-10-09,251,0,7,0
Ibotirama,Ibotirama,2020-10-10,251,0,7,0
Ibotirama,Ibotirama,2020-10-11,251,0,7,0
Ibotirama,Ibotirama,2020-10-12,253,2,7,0
Ibotirama,Ibotirama,2020-10-13,253,0,7,0
Ibotirama,Ibotirama,2020-10-14,253,0,7,0
Ibotirama,Ibotirama,2020-10-15,255,2,7,0
Ibotirama,Ibotirama,2020-10-16,264,9,7,0
Ibotirama,Ibotirama,2020-10-17,264,0,7,0
Ibotirama,Ibotirama,2020-10-18,264,0,7,0
Ibotirama,Ibotirama,2020-10-19,264,0,7,0
Ibotirama,Ibotirama,2020-10-20,265,1,7,0
Ibotirama,Ibotirama,2020-10-21,267,2,7,0
Ibotirama,Ibotirama,2020-10-22,267,0,7,0
Ibotirama,Ibotirama,2020-10-23,271,4,7,0
Ibotirama,Ibotirama,2020-10-24,278,7,7,0
Ibotirama,Ibotirama,2020-10-25,278,0,7,0
Ibotirama,Ibotirama,2020-10-26,278,0,7,0
Ibotirama,Ibotirama,2020-10-27,278,0,7,0
Ibotirama,Ibotirama,2020-10-28,280,2,7,0
Ibotirama,Ibotirama,2020-10-29,282,2,8,1
Ibotirama,Ibotirama,2020-10-30,292,10,8,0
Ibotirama,Ibotirama,2020-10-31,292,0,9,1
Ibotirama,Ibotirama,2020-11-01,292,0,9,0
Ibotirama,Ibotirama,2020-11-02,292,0,9,0
Ibotirama,Ibotirama,2020-11-03,292,0,9,0
Ibotirama,Ibotirama,2020-11-04,293,1,9,0
Ibotirama,Ibotirama,2020-11-05,299,6,9,0
Ibotirama,Ibotirama,2020-11-06,302,3,9,0
Ibotirama,Ibotirama,2020-11-07,304,2,9,0
Ibotirama,Ibotirama,2020-11-08,304,0,9,0
Ibotirama,Ibotirama,2020-11-09,304,0,10,1
Ibotirama,Ibotirama,2020-11-10,306,2,11,1
Ibotirama,Ibotirama,2020-11-11,307,1,11,0
Ibotirama,Ibotirama,2020-11-12,308,1,11,0
Ibotirama,Ibotirama,2020-11-13,308,0,11,0
Ibotirama,Ibotirama,2020-11-14,309,1,12,1
Ibotirama,Ibotirama,2020-11-15,309,0,12,0
Ibotirama,Ibotirama,2020-11-16,309,0,12,0
Ibotirama,Ibotirama,2020-11-17,309,0,12,0
Ibotirama,Ibotirama,2020-11-18,310,1,12,0
Ibotirama,Ibotirama,2020-11-19,314,4,13,1
Ibotirama,Ibotirama,2020-11-20,329,15,13,0
Ibotirama,Ibotirama,2020-11-21,329,0,13,0
Ibotirama,Ibotirama,2020-11-22,330,1,13,0
Ibotirama,Ibotirama,2020-11-23,330,0,13,0
Ibotirama,Ibotirama,2020-11-24,332,2,13,0
Ibotirama,Ibotirama,2020-11-25,336,4,13,0
Ibotirama,Ibotirama,2020-11-26,340,4,13,0
Ibotirama,Ibotirama,2020-11-27,342,2,13,0
Ibotirama,Ibotirama,2020-11-28,359,17,13,0
Ibotirama,Ibotirama,2020-11-29,371,12,13,0
Ibotirama,Ibotirama,2020-11-30,371,0,13,0
Ibotirama,Ibotirama,2020-12-01,373,2,13,0
Ibotirama,Ibotirama,2020-12-02,375,2,13,0
Ibotirama,Ibotirama,2020-12-03,416,41,13,0
Ibotirama,Ibotirama,2020-12-04,433,17,13,0
Ibotirama,Ibotirama,2020-12-05,448,15,13,0
Ibotirama,Ibotirama,2020-12-06,482,34,13,0
Ibotirama,Ibotirama,2020-12-07,482,0,13,0
Ibotirama,Ibotirama,2020-12-08,497,15,13,0
Ibotirama,Ibotirama,2020-12-09,502,5,13,0
Ibotirama,Ibotirama,2020-12-10,505,3,13,0
Ibotirama,Ibotirama,2020-12-11,508,3,13,0
Ibotirama,Ibotirama,2020-12-12,513,5,13,0
Ibotirama,Ibotirama,2020-12-13,519,6,13,0
Ibotirama,Ibotirama,2020-12-14,519,0,13,0
Ibotirama,Ibotirama,2020-12-15,521,2,13,0
Ibotirama,Ibotirama,2020-12-16,525,4,13,0
Ibotirama,Ibotirama,2020-12-17,530,5,13,0
Ibotirama,Ibotirama,2020-12-18,532,2,13,0
Ibotirama,Ibotirama,2020-12-19,533,1,13,0
Ibotirama,Ibotirama,2020-12-20,534,1,14,1
Ibotirama,Ibotirama,2020-12-21,534,0,15,1
Ibotirama,Ibotirama,2020-12-22,538,4,15,0
Ibotirama,Ibotirama,2020-12-23,539,1,15,0
Ibotirama,Ibotirama,2020-12-24,545,6,15,0
Ibotirama,Ibotirama,2020-12-25,545,0,15,0
Ibotirama,Ibotirama,2020-12-26,545,0,15,0
Ibotirama,Ibotirama,2020-12-27,545,0,16,1
Ibotirama,Ibotirama,2020-12-28,545,0,16,0
Ibotirama,Ibotirama,2020-12-29,545,0,16,0
Ibotirama,Ibotirama,2020-12-30,545,0,16,0
Ibotirama,Ibotirama,2020-12-31,546,1,16,0
Ibotirama,Ibotirama,2021-01-01,546,0,16,0
Ibotirama,Ibotirama,2021-01-02,546,0,16,0
Ibotirama,Ibotirama,2021-01-03,546,0,16,0
Ibotirama,Ibotirama,2021-01-04,546,0,16,0
Ibotirama,Ibotirama,2021-01-05,546,0,17,1
Ibotirama,Ibotirama,2021-01-06,546,0,17,0
Ibotirama,Ibotirama,2021-01-07,546,0,17,0
Ibotirama,Ibotirama,2021-01-08,551,5,17,0
Ibotirama,Ibotirama,2021-01-09,552,1,17,0
Ibotirama,Ibotirama,2021-01-10,552,0,17,0
Ibotirama,Ibotirama,2021-01-11,552,0,17,0
Ibotirama,Ibotirama,2021-01-12,552,0,17,0
Ibotirama,Ibotirama,2021-01-13,552,0,17,0
Ibotirama,Ibotirama,2021-01-14,552,0,18,1
Ibotirama,Ibotirama,2021-01-15,552,0,18,0
Ibotirama,Ibotirama,2021-01-16,559,7,19,1
Ibotirama,Ibotirama,2021-01-17,561,2,19,0
Ibotirama,Ibotirama,2021-01-18,562,1,19,0
Ibotirama,Ibotirama,2021-01-19,562,0,19,0
Ibotirama,Ibotirama,2021-01-20,568,6,19,0
Ibotirama,Ibotirama,2021-01-21,569,1,19,0
Ibotirama,Ibotirama,2021-01-22,574,5,19,0
Ibotirama,Ibotirama,2021-01-23,574,0,19,0
Ibotirama,Ibotirama,2021-01-24,575,1,19,0
Ibotirama,Ibotirama,2021-01-25,575,0,19,0
Ibotirama,Ibotirama,2021-01-26,576,1,19,0
Ibotirama,Ibotirama,2021-01-27,578,2,19,0
Ibotirama,Ibotirama,2021-01-28,585,7,19,0
Ibotirama,Ibotirama,2021-01-29,588,3,19,0
Ibotirama,Ibotirama,2021-01-30,598,10,19,0
Ibotirama,Ibotirama,2021-01-31,600,2,20,1
Ibotirama,Ibotirama,2021-02-01,600,0,20,0
Ibotirama,Ibotirama,2021-02-02,600,0,20,0
Ibotirama,Ibotirama,2021-02-03,602,2,20,0
Ibotirama,Ibotirama,2021-02-04,605,3,20,0
Ibotirama,Ibotirama,2021-02-05,609,4,20,0
Ibotirama,Ibotirama,2021-02-06,613,4,20,0
Ibotirama,Ibotirama,2021-02-07,613,0,20,0
Ibotirama,Ibotirama,2021-02-08,614,1,20,0
