city,city,date,cases,daily cases,deaths,daily deaths
Icapuí,Icapuí,2020-03-27,0,0,0,0
Icapuí,Icapuí,2020-03-28,0,0,0,0
Icapuí,Icapuí,2020-03-29,0,0,0,0
Icapuí,Icapuí,2020-03-30,0,0,0,0
Icapuí,Icapuí,2020-03-31,0,0,0,0
Icapuí,Icapuí,2020-04-01,0,0,0,0
Icapuí,Icapuí,2020-04-02,0,0,0,0
Icapuí,Icapuí,2020-04-03,0,0,0,0
Icapuí,Icapuí,2020-04-04,0,0,0,0
Icapuí,Icapuí,2020-04-05,0,0,0,0
Icapuí,Icapuí,2020-04-06,0,0,0,0
Icapuí,Icapuí,2020-04-07,0,0,0,0
Icapuí,Icapuí,2020-04-08,1,1,0,0
Icapuí,Icapuí,2020-04-09,1,0,0,0
Icapuí,Icapuí,2020-04-10,1,0,0,0
Icapuí,Icapuí,2020-04-11,1,0,0,0
Icapuí,Icapuí,2020-04-12,1,0,0,0
Icapuí,Icapuí,2020-04-13,1,0,0,0
Icapuí,Icapuí,2020-04-14,2,1,0,0
Icapuí,Icapuí,2020-04-15,3,1,0,0
Icapuí,Icapuí,2020-04-16,1,-2,0,0
Icapuí,Icapuí,2020-04-17,1,0,0,0
Icapuí,Icapuí,2020-04-18,1,0,0,0
Icapuí,Icapuí,2020-04-19,1,0,0,0
Icapuí,Icapuí,2020-04-20,1,0,0,0
Icapuí,Icapuí,2020-04-21,1,0,0,0
Icapuí,Icapuí,2020-04-22,1,0,0,0
Icapuí,Icapuí,2020-04-23,2,1,0,0
Icapuí,Icapuí,2020-04-24,2,0,0,0
Icapuí,Icapuí,2020-04-25,3,1,0,0
Icapuí,Icapuí,2020-04-26,3,0,0,0
Icapuí,Icapuí,2020-04-27,5,2,0,0
Icapuí,Icapuí,2020-04-28,5,0,0,0
Icapuí,Icapuí,2020-04-29,5,0,0,0
Icapuí,Icapuí,2020-04-30,5,0,0,0
Icapuí,Icapuí,2020-05-01,8,3,0,0
Icapuí,Icapuí,2020-05-02,8,0,0,0
Icapuí,Icapuí,2020-05-03,8,0,0,0
Icapuí,Icapuí,2020-05-04,8,0,0,0
Icapuí,Icapuí,2020-05-05,8,0,0,0
Icapuí,Icapuí,2020-05-06,9,1,0,0
Icapuí,Icapuí,2020-05-07,16,7,0,0
Icapuí,Icapuí,2020-05-08,16,0,0,0
Icapuí,Icapuí,2020-05-09,15,-1,0,0
Icapuí,Icapuí,2020-05-10,15,0,0,0
Icapuí,Icapuí,2020-05-11,21,6,0,0
Icapuí,Icapuí,2020-05-12,21,0,0,0
Icapuí,Icapuí,2020-05-13,22,1,2,2
Icapuí,Icapuí,2020-05-14,24,2,2,0
Icapuí,Icapuí,2020-05-15,25,1,2,0
Icapuí,Icapuí,2020-05-16,25,0,2,0
Icapuí,Icapuí,2020-05-17,24,-1,2,0
Icapuí,Icapuí,2020-05-18,32,8,2,0
Icapuí,Icapuí,2020-05-19,32,0,2,0
Icapuí,Icapuí,2020-05-20,41,9,2,0
Icapuí,Icapuí,2020-05-21,42,1,3,1
Icapuí,Icapuí,2020-05-22,45,3,3,0
Icapuí,Icapuí,2020-05-23,45,0,3,0
Icapuí,Icapuí,2020-05-24,45,0,3,0
Icapuí,Icapuí,2020-05-25,45,0,3,0
Icapuí,Icapuí,2020-05-26,45,0,3,0
Icapuí,Icapuí,2020-05-27,45,0,3,0
Icapuí,Icapuí,2020-05-28,45,0,3,0
Icapuí,Icapuí,2020-05-29,45,0,3,0
Icapuí,Icapuí,2020-05-30,68,23,3,0
Icapuí,Icapuí,2020-05-31,69,1,3,0
Icapuí,Icapuí,2020-06-01,70,1,3,0
Icapuí,Icapuí,2020-06-02,80,10,3,0
Icapuí,Icapuí,2020-06-03,86,6,3,0
Icapuí,Icapuí,2020-06-04,92,6,4,1
Icapuí,Icapuí,2020-06-05,99,7,4,0
Icapuí,Icapuí,2020-06-06,107,8,5,1
Icapuí,Icapuí,2020-06-07,110,3,5,0
Icapuí,Icapuí,2020-06-08,109,-1,5,0
Icapuí,Icapuí,2020-06-09,119,10,5,0
Icapuí,Icapuí,2020-06-10,133,14,5,0
Icapuí,Icapuí,2020-06-11,146,13,5,0
Icapuí,Icapuí,2020-06-12,146,0,5,0
Icapuí,Icapuí,2020-06-13,152,6,5,0
Icapuí,Icapuí,2020-06-14,152,0,5,0
Icapuí,Icapuí,2020-06-15,152,0,5,0
Icapuí,Icapuí,2020-06-16,153,1,5,0
Icapuí,Icapuí,2020-06-17,166,13,5,0
Icapuí,Icapuí,2020-06-18,175,9,5,0
Icapuí,Icapuí,2020-06-19,179,4,5,0
Icapuí,Icapuí,2020-06-20,186,7,5,0
Icapuí,Icapuí,2020-06-21,185,-1,5,0
Icapuí,Icapuí,2020-06-22,189,4,5,0
Icapuí,Icapuí,2020-06-23,197,8,5,0
Icapuí,Icapuí,2020-06-24,200,3,6,1
Icapuí,Icapuí,2020-06-25,207,7,6,0
Icapuí,Icapuí,2020-06-26,209,2,6,0
Icapuí,Icapuí,2020-06-27,210,1,6,0
Icapuí,Icapuí,2020-06-28,212,2,6,0
Icapuí,Icapuí,2020-06-29,211,-1,6,0
Icapuí,Icapuí,2020-06-30,214,3,6,0
Icapuí,Icapuí,2020-07-01,219,5,6,0
Icapuí,Icapuí,2020-07-02,224,5,6,0
Icapuí,Icapuí,2020-07-03,228,4,6,0
Icapuí,Icapuí,2020-07-04,231,3,6,0
Icapuí,Icapuí,2020-07-05,230,-1,6,0
Icapuí,Icapuí,2020-07-06,230,0,6,0
Icapuí,Icapuí,2020-07-07,241,11,6,0
Icapuí,Icapuí,2020-07-08,253,12,6,0
Icapuí,Icapuí,2020-07-09,253,0,6,0
Icapuí,Icapuí,2020-07-10,259,6,6,0
Icapuí,Icapuí,2020-07-11,266,7,6,0
Icapuí,Icapuí,2020-07-12,266,0,6,0
Icapuí,Icapuí,2020-07-13,266,0,6,0
Icapuí,Icapuí,2020-07-14,268,2,6,0
Icapuí,Icapuí,2020-07-15,270,2,6,0
Icapuí,Icapuí,2020-07-16,275,5,6,0
Icapuí,Icapuí,2020-07-17,276,1,6,0
Icapuí,Icapuí,2020-07-18,277,1,6,0
Icapuí,Icapuí,2020-07-19,277,0,6,0
Icapuí,Icapuí,2020-07-20,278,1,6,0
Icapuí,Icapuí,2020-07-21,292,14,6,0
Icapuí,Icapuí,2020-07-22,295,3,6,0
Icapuí,Icapuí,2020-07-23,296,1,6,0
Icapuí,Icapuí,2020-07-24,296,0,6,0
Icapuí,Icapuí,2020-07-25,298,2,6,0
Icapuí,Icapuí,2020-07-26,298,0,6,0
Icapuí,Icapuí,2020-07-27,298,0,6,0
Icapuí,Icapuí,2020-07-28,301,3,7,1
Icapuí,Icapuí,2020-07-29,306,5,7,0
Icapuí,Icapuí,2020-07-30,309,3,7,0
Icapuí,Icapuí,2020-07-31,315,6,7,0
Icapuí,Icapuí,2020-08-01,320,5,7,0
Icapuí,Icapuí,2020-08-02,319,-1,7,0
Icapuí,Icapuí,2020-08-03,320,1,7,0
Icapuí,Icapuí,2020-08-04,324,4,7,0
Icapuí,Icapuí,2020-08-05,326,2,8,1
Icapuí,Icapuí,2020-08-06,332,6,8,0
Icapuí,Icapuí,2020-08-07,340,8,8,0
Icapuí,Icapuí,2020-08-08,342,2,8,0
Icapuí,Icapuí,2020-08-09,342,0,8,0
Icapuí,Icapuí,2020-08-10,342,0,8,0
Icapuí,Icapuí,2020-08-11,348,6,8,0
Icapuí,Icapuí,2020-08-12,350,2,8,0
Icapuí,Icapuí,2020-08-13,357,7,8,0
Icapuí,Icapuí,2020-08-14,361,4,9,1
Icapuí,Icapuí,2020-08-15,363,2,9,0
Icapuí,Icapuí,2020-08-16,363,0,9,0
Icapuí,Icapuí,2020-08-17,363,0,9,0
Icapuí,Icapuí,2020-08-18,364,1,9,0
Icapuí,Icapuí,2020-08-19,370,6,10,1
Icapuí,Icapuí,2020-08-20,374,4,10,0
Icapuí,Icapuí,2020-08-21,373,-1,10,0
Icapuí,Icapuí,2020-08-22,377,4,11,1
Icapuí,Icapuí,2020-08-23,377,0,11,0
Icapuí,Icapuí,2020-08-24,377,0,11,0
Icapuí,Icapuí,2020-08-25,377,0,12,1
Icapuí,Icapuí,2020-08-26,380,3,12,0
Icapuí,Icapuí,2020-08-27,385,5,12,0
Icapuí,Icapuí,2020-08-28,386,1,12,0
Icapuí,Icapuí,2020-08-29,395,9,12,0
Icapuí,Icapuí,2020-08-30,395,0,12,0
Icapuí,Icapuí,2020-08-31,396,1,12,0
Icapuí,Icapuí,2020-09-01,397,1,12,0
Icapuí,Icapuí,2020-09-02,409,12,12,0
Icapuí,Icapuí,2020-09-03,415,6,12,0
Icapuí,Icapuí,2020-09-04,429,14,12,0
Icapuí,Icapuí,2020-09-05,425,-4,12,0
Icapuí,Icapuí,2020-09-06,425,0,12,0
Icapuí,Icapuí,2020-09-07,425,0,12,0
Icapuí,Icapuí,2020-09-08,425,0,12,0
Icapuí,Icapuí,2020-09-09,441,16,12,0
Icapuí,Icapuí,2020-09-10,446,5,12,0
Icapuí,Icapuí,2020-09-11,455,9,12,0
Icapuí,Icapuí,2020-09-12,458,3,12,0
Icapuí,Icapuí,2020-09-13,458,0,12,0
Icapuí,Icapuí,2020-09-14,458,0,12,0
Icapuí,Icapuí,2020-09-15,487,29,12,0
Icapuí,Icapuí,2020-09-16,493,6,12,0
Icapuí,Icapuí,2020-09-17,497,4,12,0
Icapuí,Icapuí,2020-09-18,493,-4,12,0
Icapuí,Icapuí,2020-09-19,498,5,12,0
Icapuí,Icapuí,2020-09-20,506,8,12,0
Icapuí,Icapuí,2020-09-21,506,0,12,0
Icapuí,Icapuí,2020-09-22,510,4,12,0
Icapuí,Icapuí,2020-09-23,512,2,12,0
Icapuí,Icapuí,2020-09-24,517,5,12,0
Icapuí,Icapuí,2020-09-25,517,0,12,0
Icapuí,Icapuí,2020-09-26,526,9,12,0
Icapuí,Icapuí,2020-09-27,526,0,12,0
Icapuí,Icapuí,2020-09-28,526,0,12,0
Icapuí,Icapuí,2020-09-29,526,0,12,0
Icapuí,Icapuí,2020-09-30,528,2,12,0
Icapuí,Icapuí,2020-10-01,529,1,12,0
Icapuí,Icapuí,2020-10-02,529,0,12,0
Icapuí,Icapuí,2020-10-03,529,0,12,0
Icapuí,Icapuí,2020-10-04,529,0,12,0
Icapuí,Icapuí,2020-10-05,529,0,12,0
Icapuí,Icapuí,2020-10-06,557,28,12,0
Icapuí,Icapuí,2020-10-07,558,1,12,0
Icapuí,Icapuí,2020-10-08,567,9,12,0
Icapuí,Icapuí,2020-10-09,568,1,12,0
Icapuí,Icapuí,2020-10-10,578,10,12,0
Icapuí,Icapuí,2020-10-11,578,0,12,0
Icapuí,Icapuí,2020-10-12,578,0,12,0
Icapuí,Icapuí,2020-10-13,578,0,12,0
Icapuí,Icapuí,2020-10-14,581,3,12,0
Icapuí,Icapuí,2020-10-15,584,3,12,0
Icapuí,Icapuí,2020-10-16,583,-1,12,0
Icapuí,Icapuí,2020-10-17,584,1,12,0
Icapuí,Icapuí,2020-10-18,585,1,12,0
Icapuí,Icapuí,2020-10-19,585,0,12,0
Icapuí,Icapuí,2020-10-20,588,3,12,0
Icapuí,Icapuí,2020-10-21,588,0,12,0
Icapuí,Icapuí,2020-10-22,592,4,12,0
Icapuí,Icapuí,2020-10-23,595,3,12,0
Icapuí,Icapuí,2020-10-24,595,0,12,0
Icapuí,Icapuí,2020-10-25,597,2,12,0
Icapuí,Icapuí,2020-10-26,597,0,12,0
Icapuí,Icapuí,2020-10-27,597,0,12,0
Icapuí,Icapuí,2020-10-28,601,4,12,0
Icapuí,Icapuí,2020-10-29,602,1,12,0
Icapuí,Icapuí,2020-10-30,602,0,12,0
Icapuí,Icapuí,2020-10-31,602,0,12,0
Icapuí,Icapuí,2020-11-01,602,0,12,0
Icapuí,Icapuí,2020-11-02,602,0,12,0
Icapuí,Icapuí,2020-11-03,602,0,12,0
Icapuí,Icapuí,2020-11-04,602,0,12,0
Icapuí,Icapuí,2020-11-05,608,6,12,0
Icapuí,Icapuí,2020-11-06,611,3,12,0
Icapuí,Icapuí,2020-11-07,611,0,12,0
Icapuí,Icapuí,2020-11-08,611,0,12,0
Icapuí,Icapuí,2020-11-09,615,4,12,0
Icapuí,Icapuí,2020-11-10,625,10,12,0
Icapuí,Icapuí,2020-11-11,625,0,12,0
Icapuí,Icapuí,2020-11-12,625,0,12,0
Icapuí,Icapuí,2020-11-13,626,1,12,0
Icapuí,Icapuí,2020-11-14,628,2,12,0
Icapuí,Icapuí,2020-11-15,629,1,12,0
Icapuí,Icapuí,2020-11-16,630,1,12,0
Icapuí,Icapuí,2020-11-17,630,0,12,0
Icapuí,Icapuí,2020-11-18,638,8,12,0
Icapuí,Icapuí,2020-11-19,653,15,12,0
Icapuí,Icapuí,2020-11-20,656,3,12,0
Icapuí,Icapuí,2020-11-21,660,4,12,0
Icapuí,Icapuí,2020-11-22,660,0,12,0
Icapuí,Icapuí,2020-11-23,663,3,12,0
Icapuí,Icapuí,2020-11-24,663,0,12,0
Icapuí,Icapuí,2020-11-25,693,30,12,0
Icapuí,Icapuí,2020-11-26,692,-1,12,0
Icapuí,Icapuí,2020-11-27,693,1,12,0
Icapuí,Icapuí,2020-11-28,711,18,12,0
Icapuí,Icapuí,2020-11-29,711,0,13,1
Icapuí,Icapuí,2020-11-30,715,4,13,0
Icapuí,Icapuí,2020-12-01,721,6,13,0
Icapuí,Icapuí,2020-12-02,721,0,13,0
Icapuí,Icapuí,2020-12-03,732,11,13,0
Icapuí,Icapuí,2020-12-04,738,6,13,0
Icapuí,Icapuí,2020-12-05,741,3,13,0
Icapuí,Icapuí,2020-12-06,741,0,13,0
Icapuí,Icapuí,2020-12-07,741,0,13,0
Icapuí,Icapuí,2020-12-08,749,8,13,0
Icapuí,Icapuí,2020-12-09,788,39,13,0
Icapuí,Icapuí,2020-12-10,794,6,13,0
Icapuí,Icapuí,2020-12-11,802,8,13,0
Icapuí,Icapuí,2020-12-12,802,0,13,0
Icapuí,Icapuí,2020-12-13,809,7,13,0
Icapuí,Icapuí,2020-12-14,809,0,13,0
Icapuí,Icapuí,2020-12-15,809,0,13,0
Icapuí,Icapuí,2020-12-16,825,16,13,0
Icapuí,Icapuí,2020-12-17,829,4,13,0
Icapuí,Icapuí,2020-12-18,835,6,13,0
Icapuí,Icapuí,2020-12-19,836,1,13,0
Icapuí,Icapuí,2020-12-20,851,15,13,0
Icapuí,Icapuí,2020-12-21,851,0,13,0
Icapuí,Icapuí,2020-12-22,853,2,13,0
Icapuí,Icapuí,2020-12-23,858,5,13,0
Icapuí,Icapuí,2020-12-24,867,9,13,0
Icapuí,Icapuí,2020-12-25,867,0,13,0
Icapuí,Icapuí,2020-12-26,879,12,13,0
Icapuí,Icapuí,2020-12-27,879,0,13,0
Icapuí,Icapuí,2020-12-28,879,0,13,0
Icapuí,Icapuí,2020-12-29,884,5,13,0
Icapuí,Icapuí,2020-12-30,897,13,13,0
Icapuí,Icapuí,2020-12-31,899,2,13,0
Icapuí,Icapuí,2021-01-01,899,0,13,0
Icapuí,Icapuí,2021-01-02,901,2,13,0
Icapuí,Icapuí,2021-01-03,901,0,13,0
Icapuí,Icapuí,2021-01-04,901,0,13,0
Icapuí,Icapuí,2021-01-05,908,7,13,0
Icapuí,Icapuí,2021-01-06,910,2,13,0
Icapuí,Icapuí,2021-01-07,911,1,13,0
Icapuí,Icapuí,2021-01-08,920,9,14,1
Icapuí,Icapuí,2021-01-09,930,10,14,0
Icapuí,Icapuí,2021-01-10,929,-1,14,0
Icapuí,Icapuí,2021-01-11,937,8,14,0
Icapuí,Icapuí,2021-01-12,937,0,14,0
Icapuí,Icapuí,2021-01-13,964,27,14,0
Icapuí,Icapuí,2021-01-14,967,3,14,0
Icapuí,Icapuí,2021-01-15,971,4,14,0
Icapuí,Icapuí,2021-01-16,972,1,14,0
Icapuí,Icapuí,2021-01-17,974,2,14,0
Icapuí,Icapuí,2021-01-18,974,0,14,0
Icapuí,Icapuí,2021-01-19,984,10,14,0
Icapuí,Icapuí,2021-01-20,984,0,14,0
Icapuí,Icapuí,2021-01-21,991,7,14,0
Icapuí,Icapuí,2021-01-22,991,0,14,0
Icapuí,Icapuí,2021-01-23,991,0,14,0
Icapuí,Icapuí,2021-01-24,998,7,14,0
Icapuí,Icapuí,2021-01-25,998,0,14,0
Icapuí,Icapuí,2021-01-26,1000,2,14,0
Icapuí,Icapuí,2021-01-27,1001,1,14,0
Icapuí,Icapuí,2021-01-28,1002,1,14,0
Icapuí,Icapuí,2021-01-29,1003,1,14,0
Icapuí,Icapuí,2021-01-30,1003,0,14,0
Icapuí,Icapuí,2021-01-31,1003,0,14,0
Icapuí,Icapuí,2021-02-01,1012,9,14,0
Icapuí,Icapuí,2021-02-02,1013,1,14,0
Icapuí,Icapuí,2021-02-03,1019,6,14,0
Icapuí,Icapuí,2021-02-04,1019,0,14,0
Icapuí,Icapuí,2021-02-05,1031,12,14,0
Icapuí,Icapuí,2021-02-06,1030,-1,14,0
Icapuí,Icapuí,2021-02-07,1030,0,14,0
Icapuí,Icapuí,2021-02-08,1035,5,14,0
