city,city,date,cases,daily cases,deaths,daily deaths
Igarassu,Igarassu,2020-03-27,0,0,0,0
Igarassu,Igarassu,2020-03-28,0,0,0,0
Igarassu,Igarassu,2020-03-29,0,0,0,0
Igarassu,Igarassu,2020-03-30,0,0,0,0
Igarassu,Igarassu,2020-03-31,0,0,0,0
Igarassu,Igarassu,2020-04-01,0,0,0,0
Igarassu,Igarassu,2020-04-02,0,0,0,0
Igarassu,Igarassu,2020-04-03,0,0,0,0
Igarassu,Igarassu,2020-04-04,0,0,0,0
Igarassu,Igarassu,2020-04-05,0,0,0,0
Igarassu,Igarassu,2020-04-06,0,0,0,0
Igarassu,Igarassu,2020-04-07,1,1,0,0
Igarassu,Igarassu,2020-04-08,1,0,0,0
Igarassu,Igarassu,2020-04-09,1,0,0,0
Igarassu,Igarassu,2020-04-10,2,1,1,1
Igarassu,Igarassu,2020-04-11,3,1,1,0
Igarassu,Igarassu,2020-04-12,3,0,1,0
Igarassu,Igarassu,2020-04-13,3,0,1,0
Igarassu,Igarassu,2020-04-14,5,2,1,0
Igarassu,Igarassu,2020-04-15,8,3,2,1
Igarassu,Igarassu,2020-04-16,13,5,2,0
Igarassu,Igarassu,2020-04-17,15,2,3,1
Igarassu,Igarassu,2020-04-18,16,1,3,0
Igarassu,Igarassu,2020-04-19,18,2,4,1
Igarassu,Igarassu,2020-04-20,23,5,5,1
Igarassu,Igarassu,2020-04-21,24,1,5,0
Igarassu,Igarassu,2020-04-22,27,3,5,0
Igarassu,Igarassu,2020-04-23,31,4,5,0
Igarassu,Igarassu,2020-04-24,36,5,7,2
Igarassu,Igarassu,2020-04-25,42,6,7,0
Igarassu,Igarassu,2020-04-26,45,3,8,1
Igarassu,Igarassu,2020-04-27,46,1,8,0
Igarassu,Igarassu,2020-04-28,54,8,9,1
Igarassu,Igarassu,2020-04-29,58,4,9,0
Igarassu,Igarassu,2020-04-30,67,9,10,1
Igarassu,Igarassu,2020-05-01,76,9,10,0
Igarassu,Igarassu,2020-05-02,89,13,10,0
Igarassu,Igarassu,2020-05-03,97,8,10,0
Igarassu,Igarassu,2020-05-04,102,5,10,0
Igarassu,Igarassu,2020-05-05,107,5,10,0
Igarassu,Igarassu,2020-05-06,98,-9,10,0
Igarassu,Igarassu,2020-05-07,102,4,12,2
Igarassu,Igarassu,2020-05-08,114,12,14,2
Igarassu,Igarassu,2020-05-09,121,7,16,2
Igarassu,Igarassu,2020-05-10,130,9,18,2
Igarassu,Igarassu,2020-05-11,133,3,18,0
Igarassu,Igarassu,2020-05-12,138,5,18,0
Igarassu,Igarassu,2020-05-13,149,11,22,4
Igarassu,Igarassu,2020-05-14,155,6,22,0
Igarassu,Igarassu,2020-05-15,161,6,25,3
Igarassu,Igarassu,2020-05-16,179,18,27,2
Igarassu,Igarassu,2020-05-17,188,9,27,0
Igarassu,Igarassu,2020-05-18,198,10,27,0
Igarassu,Igarassu,2020-05-19,205,7,27,0
Igarassu,Igarassu,2020-05-20,209,4,27,0
Igarassu,Igarassu,2020-05-21,219,10,27,0
Igarassu,Igarassu,2020-05-22,230,11,30,3
Igarassu,Igarassu,2020-05-23,237,7,32,2
Igarassu,Igarassu,2020-05-24,246,9,34,2
Igarassu,Igarassu,2020-05-25,248,2,34,0
Igarassu,Igarassu,2020-05-26,249,1,34,0
Igarassu,Igarassu,2020-05-27,255,6,37,3
Igarassu,Igarassu,2020-05-28,259,4,40,3
Igarassu,Igarassu,2020-05-29,273,14,44,4
Igarassu,Igarassu,2020-05-30,281,8,46,2
Igarassu,Igarassu,2020-05-31,286,5,48,2
Igarassu,Igarassu,2020-06-01,289,3,48,0
Igarassu,Igarassu,2020-06-02,295,6,48,0
Igarassu,Igarassu,2020-06-03,305,10,52,4
Igarassu,Igarassu,2020-06-04,323,18,53,1
Igarassu,Igarassu,2020-06-05,334,11,53,0
Igarassu,Igarassu,2020-06-06,341,7,55,2
Igarassu,Igarassu,2020-06-07,350,9,55,0
Igarassu,Igarassu,2020-06-08,352,2,56,1
Igarassu,Igarassu,2020-06-09,351,-1,55,-1
Igarassu,Igarassu,2020-06-10,354,3,56,1
Igarassu,Igarassu,2020-06-11,362,8,56,0
Igarassu,Igarassu,2020-06-12,372,10,57,1
Igarassu,Igarassu,2020-06-13,379,7,58,1
Igarassu,Igarassu,2020-06-14,383,4,59,1
Igarassu,Igarassu,2020-06-15,383,0,59,0
Igarassu,Igarassu,2020-06-16,391,8,59,0
Igarassu,Igarassu,2020-06-17,391,0,58,-1
Igarassu,Igarassu,2020-06-18,394,3,58,0
Igarassu,Igarassu,2020-06-19,402,8,58,0
Igarassu,Igarassu,2020-06-20,407,5,58,0
Igarassu,Igarassu,2020-06-21,413,6,59,1
Igarassu,Igarassu,2020-06-22,414,1,60,1
Igarassu,Igarassu,2020-06-23,414,0,60,0
Igarassu,Igarassu,2020-06-24,419,5,60,0
Igarassu,Igarassu,2020-06-25,425,6,62,2
Igarassu,Igarassu,2020-06-26,426,1,63,1
Igarassu,Igarassu,2020-06-27,429,3,63,0
Igarassu,Igarassu,2020-06-28,433,4,63,0
Igarassu,Igarassu,2020-06-29,434,1,63,0
Igarassu,Igarassu,2020-06-30,435,1,64,1
Igarassu,Igarassu,2020-07-01,439,4,64,0
Igarassu,Igarassu,2020-07-02,444,5,64,0
Igarassu,Igarassu,2020-07-03,451,7,65,1
Igarassu,Igarassu,2020-07-04,455,4,65,0
Igarassu,Igarassu,2020-07-05,456,1,66,1
Igarassu,Igarassu,2020-07-06,461,5,67,1
Igarassu,Igarassu,2020-07-07,465,4,67,0
Igarassu,Igarassu,2020-07-08,472,7,69,2
Igarassu,Igarassu,2020-07-09,473,1,70,1
Igarassu,Igarassu,2020-07-10,481,8,72,2
Igarassu,Igarassu,2020-07-11,485,4,73,1
Igarassu,Igarassu,2020-07-12,491,6,74,1
Igarassu,Igarassu,2020-07-13,493,2,76,2
Igarassu,Igarassu,2020-07-14,496,3,78,2
Igarassu,Igarassu,2020-07-15,507,11,79,1
Igarassu,Igarassu,2020-07-16,519,12,79,0
Igarassu,Igarassu,2020-07-17,524,5,80,1
Igarassu,Igarassu,2020-07-18,525,1,82,2
Igarassu,Igarassu,2020-07-19,528,3,83,1
Igarassu,Igarassu,2020-07-20,534,6,83,0
Igarassu,Igarassu,2020-07-21,535,1,83,0
Igarassu,Igarassu,2020-07-22,536,1,83,0
Igarassu,Igarassu,2020-07-23,542,6,83,0
Igarassu,Igarassu,2020-07-24,550,8,84,1
Igarassu,Igarassu,2020-07-25,558,8,84,0
Igarassu,Igarassu,2020-07-26,566,8,86,2
Igarassu,Igarassu,2020-07-27,567,1,87,1
Igarassu,Igarassu,2020-07-28,570,3,89,2
Igarassu,Igarassu,2020-07-29,570,0,89,0
Igarassu,Igarassu,2020-07-30,573,3,90,1
Igarassu,Igarassu,2020-07-31,575,2,90,0
Igarassu,Igarassu,2020-08-01,575,0,90,0
Igarassu,Igarassu,2020-08-02,581,6,90,0
Igarassu,Igarassu,2020-08-03,582,1,90,0
Igarassu,Igarassu,2020-08-04,586,4,90,0
Igarassu,Igarassu,2020-08-05,595,9,90,0
Igarassu,Igarassu,2020-08-06,619,24,90,0
Igarassu,Igarassu,2020-08-07,623,4,90,0
Igarassu,Igarassu,2020-08-08,628,5,90,0
Igarassu,Igarassu,2020-08-09,654,26,90,0
Igarassu,Igarassu,2020-08-10,656,2,90,0
Igarassu,Igarassu,2020-08-11,656,0,91,1
Igarassu,Igarassu,2020-08-12,663,7,91,0
Igarassu,Igarassu,2020-08-13,667,4,91,0
Igarassu,Igarassu,2020-08-14,671,4,92,1
Igarassu,Igarassu,2020-08-15,680,9,91,-1
Igarassu,Igarassu,2020-08-16,683,3,92,1
Igarassu,Igarassu,2020-08-17,684,1,92,0
Igarassu,Igarassu,2020-08-18,690,6,92,0
Igarassu,Igarassu,2020-08-19,696,6,92,0
Igarassu,Igarassu,2020-08-20,699,3,92,0
Igarassu,Igarassu,2020-08-21,703,4,93,1
Igarassu,Igarassu,2020-08-22,711,8,93,0
Igarassu,Igarassu,2020-08-23,714,3,94,1
Igarassu,Igarassu,2020-08-24,716,2,94,0
Igarassu,Igarassu,2020-08-25,720,4,94,0
Igarassu,Igarassu,2020-08-26,723,3,94,0
Igarassu,Igarassu,2020-08-27,729,6,94,0
Igarassu,Igarassu,2020-08-28,732,3,94,0
Igarassu,Igarassu,2020-08-29,733,1,94,0
Igarassu,Igarassu,2020-08-30,739,6,94,0
Igarassu,Igarassu,2020-08-31,740,1,94,0
Igarassu,Igarassu,2020-09-01,760,20,94,0
Igarassu,Igarassu,2020-09-02,763,3,95,1
Igarassu,Igarassu,2020-09-03,764,1,95,0
Igarassu,Igarassu,2020-09-04,765,1,95,0
Igarassu,Igarassu,2020-09-05,763,-2,96,1
Igarassu,Igarassu,2020-09-06,764,1,96,0
Igarassu,Igarassu,2020-09-07,764,0,96,0
Igarassu,Igarassu,2020-09-08,771,7,97,1
Igarassu,Igarassu,2020-09-09,774,3,97,0
Igarassu,Igarassu,2020-09-10,776,2,97,0
Igarassu,Igarassu,2020-09-11,777,1,98,1
Igarassu,Igarassu,2020-09-12,777,0,98,0
Igarassu,Igarassu,2020-09-13,778,1,98,0
Igarassu,Igarassu,2020-09-14,778,0,98,0
Igarassu,Igarassu,2020-09-15,788,10,98,0
Igarassu,Igarassu,2020-09-16,788,0,98,0
Igarassu,Igarassu,2020-09-17,805,17,98,0
Igarassu,Igarassu,2020-09-18,807,2,99,1
Igarassu,Igarassu,2020-09-19,809,2,100,1
Igarassu,Igarassu,2020-09-20,810,1,101,1
Igarassu,Igarassu,2020-09-21,811,1,101,0
Igarassu,Igarassu,2020-09-22,812,1,101,0
Igarassu,Igarassu,2020-09-23,817,5,109,8
Igarassu,Igarassu,2020-09-24,817,0,109,0
Igarassu,Igarassu,2020-09-25,819,2,110,1
Igarassu,Igarassu,2020-09-26,821,2,112,2
Igarassu,Igarassu,2020-09-27,822,1,114,2
Igarassu,Igarassu,2020-09-28,821,-1,115,1
Igarassu,Igarassu,2020-09-29,823,2,118,3
Igarassu,Igarassu,2020-09-30,838,15,118,0
Igarassu,Igarassu,2020-10-01,839,1,120,2
Igarassu,Igarassu,2020-10-02,840,1,120,0
Igarassu,Igarassu,2020-10-03,842,2,120,0
Igarassu,Igarassu,2020-10-04,842,0,120,0
Igarassu,Igarassu,2020-10-05,842,0,120,0
Igarassu,Igarassu,2020-10-06,843,1,120,0
Igarassu,Igarassu,2020-10-07,845,2,120,0
Igarassu,Igarassu,2020-10-08,848,3,120,0
Igarassu,Igarassu,2020-10-09,850,2,120,0
Igarassu,Igarassu,2020-10-10,851,1,120,0
Igarassu,Igarassu,2020-10-11,854,3,120,0
Igarassu,Igarassu,2020-10-12,854,0,120,0
Igarassu,Igarassu,2020-10-13,855,1,120,0
Igarassu,Igarassu,2020-10-14,855,0,120,0
Igarassu,Igarassu,2020-10-15,858,3,120,0
Igarassu,Igarassu,2020-10-16,864,6,120,0
Igarassu,Igarassu,2020-10-17,870,6,120,0
Igarassu,Igarassu,2020-10-18,872,2,120,0
Igarassu,Igarassu,2020-10-19,872,0,120,0
Igarassu,Igarassu,2020-10-20,875,3,120,0
Igarassu,Igarassu,2020-10-21,876,1,120,0
Igarassu,Igarassu,2020-10-22,876,0,120,0
Igarassu,Igarassu,2020-10-23,877,1,120,0
Igarassu,Igarassu,2020-10-24,878,1,120,0
Igarassu,Igarassu,2020-10-25,878,0,121,1
Igarassu,Igarassu,2020-10-26,878,0,122,1
Igarassu,Igarassu,2020-10-27,878,0,122,0
Igarassu,Igarassu,2020-10-28,881,3,122,0
Igarassu,Igarassu,2020-10-29,881,0,122,0
Igarassu,Igarassu,2020-10-30,883,2,122,0
Igarassu,Igarassu,2020-10-31,886,3,122,0
Igarassu,Igarassu,2020-11-01,887,1,123,1
Igarassu,Igarassu,2020-11-02,887,0,123,0
Igarassu,Igarassu,2020-11-03,887,0,123,0
Igarassu,Igarassu,2020-11-04,889,2,123,0
Igarassu,Igarassu,2020-11-05,890,1,123,0
Igarassu,Igarassu,2020-11-06,893,3,124,1
Igarassu,Igarassu,2020-11-07,896,3,124,0
Igarassu,Igarassu,2020-11-08,898,2,124,0
Igarassu,Igarassu,2020-11-09,899,1,124,0
Igarassu,Igarassu,2020-11-10,903,4,124,0
Igarassu,Igarassu,2020-11-11,904,1,123,-1
Igarassu,Igarassu,2020-11-12,904,0,123,0
Igarassu,Igarassu,2020-11-13,906,2,123,0
Igarassu,Igarassu,2020-11-14,910,4,123,0
Igarassu,Igarassu,2020-11-15,913,3,123,0
Igarassu,Igarassu,2020-11-16,921,8,123,0
Igarassu,Igarassu,2020-11-17,927,6,124,1
Igarassu,Igarassu,2020-11-18,926,-1,124,0
Igarassu,Igarassu,2020-11-19,928,2,124,0
Igarassu,Igarassu,2020-11-20,932,4,124,0
Igarassu,Igarassu,2020-11-21,935,3,124,0
Igarassu,Igarassu,2020-11-22,936,1,124,0
Igarassu,Igarassu,2020-11-23,937,1,124,0
Igarassu,Igarassu,2020-11-24,980,43,124,0
Igarassu,Igarassu,2020-11-25,983,3,124,0
Igarassu,Igarassu,2020-11-26,983,0,124,0
Igarassu,Igarassu,2020-11-27,986,3,125,1
Igarassu,Igarassu,2020-11-28,990,4,125,0
Igarassu,Igarassu,2020-11-29,990,0,125,0
Igarassu,Igarassu,2020-11-30,992,2,126,1
Igarassu,Igarassu,2020-12-01,996,4,126,0
Igarassu,Igarassu,2020-12-02,999,3,126,0
Igarassu,Igarassu,2020-12-03,1007,8,126,0
Igarassu,Igarassu,2020-12-04,1011,4,126,0
Igarassu,Igarassu,2020-12-05,1027,16,127,1
Igarassu,Igarassu,2020-12-06,1031,4,127,0
Igarassu,Igarassu,2020-12-07,1035,4,127,0
Igarassu,Igarassu,2020-12-08,1037,2,127,0
Igarassu,Igarassu,2020-12-09,1046,9,127,0
Igarassu,Igarassu,2020-12-10,1052,6,128,1
Igarassu,Igarassu,2020-12-11,1078,26,128,0
Igarassu,Igarassu,2020-12-12,1090,12,128,0
Igarassu,Igarassu,2020-12-13,1119,29,128,0
Igarassu,Igarassu,2020-12-14,1125,6,128,0
Igarassu,Igarassu,2020-12-15,1127,2,128,0
Igarassu,Igarassu,2020-12-16,1132,5,128,0
Igarassu,Igarassu,2020-12-17,1137,5,129,1
Igarassu,Igarassu,2020-12-18,1145,8,129,0
Igarassu,Igarassu,2020-12-19,1150,5,130,1
Igarassu,Igarassu,2020-12-20,1153,3,130,0
Igarassu,Igarassu,2020-12-21,1160,7,130,0
Igarassu,Igarassu,2020-12-22,1166,6,131,1
Igarassu,Igarassu,2020-12-23,1173,7,131,0
Igarassu,Igarassu,2020-12-24,1181,8,131,0
Igarassu,Igarassu,2020-12-25,1189,8,131,0
Igarassu,Igarassu,2020-12-26,1190,1,132,1
Igarassu,Igarassu,2020-12-27,1193,3,132,0
Igarassu,Igarassu,2020-12-28,1193,0,132,0
Igarassu,Igarassu,2020-12-29,1197,4,132,0
Igarassu,Igarassu,2020-12-30,1211,14,132,0
Igarassu,Igarassu,2020-12-31,1217,6,132,0
Igarassu,Igarassu,2021-01-01,1222,5,132,0
Igarassu,Igarassu,2021-01-02,1225,3,132,0
Igarassu,Igarassu,2021-01-03,1231,6,132,0
Igarassu,Igarassu,2021-01-04,1232,1,132,0
Igarassu,Igarassu,2021-01-05,1240,8,132,0
Igarassu,Igarassu,2021-01-06,1247,7,133,1
Igarassu,Igarassu,2021-01-07,1254,7,133,0
Igarassu,Igarassu,2021-01-08,1258,4,134,1
Igarassu,Igarassu,2021-01-09,1262,4,135,1
Igarassu,Igarassu,2021-01-10,1264,2,135,0
Igarassu,Igarassu,2021-01-11,1266,2,135,0
Igarassu,Igarassu,2021-01-12,1268,2,136,1
Igarassu,Igarassu,2021-01-13,1271,3,136,0
Igarassu,Igarassu,2021-01-14,1293,22,136,0
Igarassu,Igarassu,2021-01-15,1326,33,136,0
Igarassu,Igarassu,2021-01-16,1351,25,136,0
Igarassu,Igarassu,2021-01-17,1354,3,136,0
Igarassu,Igarassu,2021-01-18,1355,1,136,0
Igarassu,Igarassu,2021-01-19,1364,9,136,0
Igarassu,Igarassu,2021-01-20,1367,3,136,0
Igarassu,Igarassu,2021-01-21,1385,18,138,2
Igarassu,Igarassu,2021-01-22,1392,7,138,0
Igarassu,Igarassu,2021-01-23,1404,12,139,1
Igarassu,Igarassu,2021-01-24,1404,0,139,0
Igarassu,Igarassu,2021-01-25,1404,0,139,0
Igarassu,Igarassu,2021-01-26,1414,10,139,0
Igarassu,Igarassu,2021-01-27,1429,15,139,0
Igarassu,Igarassu,2021-01-28,1439,10,139,0
Igarassu,Igarassu,2021-01-29,1448,9,139,0
Igarassu,Igarassu,2021-01-30,1451,3,140,1
Igarassu,Igarassu,2021-01-31,1454,3,140,0
Igarassu,Igarassu,2021-02-01,1455,1,140,0
Igarassu,Igarassu,2021-02-02,1488,33,140,0
Igarassu,Igarassu,2021-02-03,1515,27,140,0
Igarassu,Igarassu,2021-02-04,1544,29,140,0
Igarassu,Igarassu,2021-02-05,1546,2,140,0
Igarassu,Igarassu,2021-02-06,1547,1,140,0
Igarassu,Igarassu,2021-02-07,1547,0,140,0
Igarassu,Igarassu,2021-02-08,1548,1,140,0
