city,city,date,cases,daily cases,deaths,daily deaths
Ipaporanga,Ipaporanga,2020-03-27,0,0,0,0
Ipaporanga,Ipaporanga,2020-03-28,0,0,0,0
Ipaporanga,Ipaporanga,2020-03-29,0,0,0,0
Ipaporanga,Ipaporanga,2020-03-30,0,0,0,0
Ipaporanga,Ipaporanga,2020-03-31,0,0,0,0
Ipaporanga,Ipaporanga,2020-04-01,0,0,0,0
Ipaporanga,Ipaporanga,2020-04-02,0,0,0,0
Ipaporanga,Ipaporanga,2020-04-03,1,1,0,0
Ipaporanga,Ipaporanga,2020-04-04,1,0,0,0
Ipaporanga,Ipaporanga,2020-04-05,1,0,0,0
Ipaporanga,Ipaporanga,2020-04-06,1,0,0,0
Ipaporanga,Ipaporanga,2020-04-07,1,0,0,0
Ipaporanga,Ipaporanga,2020-04-08,1,0,0,0
Ipaporanga,Ipaporanga,2020-04-09,1,0,0,0
Ipaporanga,Ipaporanga,2020-04-10,1,0,0,0
Ipaporanga,Ipaporanga,2020-04-11,1,0,0,0
Ipaporanga,Ipaporanga,2020-04-12,1,0,0,0
Ipaporanga,Ipaporanga,2020-04-13,1,0,0,0
Ipaporanga,Ipaporanga,2020-04-14,1,0,0,0
Ipaporanga,Ipaporanga,2020-04-15,1,0,0,0
Ipaporanga,Ipaporanga,2020-04-16,1,0,0,0
Ipaporanga,Ipaporanga,2020-04-17,1,0,0,0
Ipaporanga,Ipaporanga,2020-04-18,2,1,0,0
Ipaporanga,Ipaporanga,2020-04-19,2,0,0,0
Ipaporanga,Ipaporanga,2020-04-20,2,0,0,0
Ipaporanga,Ipaporanga,2020-04-21,2,0,0,0
Ipaporanga,Ipaporanga,2020-04-22,2,0,0,0
Ipaporanga,Ipaporanga,2020-04-23,2,0,0,0
Ipaporanga,Ipaporanga,2020-04-24,2,0,0,0
Ipaporanga,Ipaporanga,2020-04-25,2,0,0,0
Ipaporanga,Ipaporanga,2020-04-26,2,0,0,0
Ipaporanga,Ipaporanga,2020-04-27,2,0,0,0
Ipaporanga,Ipaporanga,2020-04-28,2,0,0,0
Ipaporanga,Ipaporanga,2020-04-29,2,0,0,0
Ipaporanga,Ipaporanga,2020-04-30,2,0,0,0
Ipaporanga,Ipaporanga,2020-05-01,2,0,0,0
Ipaporanga,Ipaporanga,2020-05-02,2,0,0,0
Ipaporanga,Ipaporanga,2020-05-03,2,0,0,0
Ipaporanga,Ipaporanga,2020-05-04,4,2,0,0
Ipaporanga,Ipaporanga,2020-05-05,4,0,0,0
Ipaporanga,Ipaporanga,2020-05-06,4,0,0,0
Ipaporanga,Ipaporanga,2020-05-07,8,4,0,0
Ipaporanga,Ipaporanga,2020-05-08,8,0,0,0
Ipaporanga,Ipaporanga,2020-05-09,8,0,0,0
Ipaporanga,Ipaporanga,2020-05-10,8,0,0,0
Ipaporanga,Ipaporanga,2020-05-11,10,2,0,0
Ipaporanga,Ipaporanga,2020-05-12,10,0,0,0
Ipaporanga,Ipaporanga,2020-05-13,10,0,0,0
Ipaporanga,Ipaporanga,2020-05-14,13,3,0,0
Ipaporanga,Ipaporanga,2020-05-15,13,0,0,0
Ipaporanga,Ipaporanga,2020-05-16,13,0,0,0
Ipaporanga,Ipaporanga,2020-05-17,13,0,0,0
Ipaporanga,Ipaporanga,2020-05-18,14,1,0,0
Ipaporanga,Ipaporanga,2020-05-19,17,3,0,0
Ipaporanga,Ipaporanga,2020-05-20,17,0,0,0
Ipaporanga,Ipaporanga,2020-05-21,17,0,0,0
Ipaporanga,Ipaporanga,2020-05-22,19,2,0,0
Ipaporanga,Ipaporanga,2020-05-23,19,0,0,0
Ipaporanga,Ipaporanga,2020-05-24,20,1,0,0
Ipaporanga,Ipaporanga,2020-05-25,20,0,0,0
Ipaporanga,Ipaporanga,2020-05-26,20,0,0,0
Ipaporanga,Ipaporanga,2020-05-27,20,0,0,0
Ipaporanga,Ipaporanga,2020-05-28,21,1,0,0
Ipaporanga,Ipaporanga,2020-05-29,21,0,0,0
Ipaporanga,Ipaporanga,2020-05-30,35,14,0,0
Ipaporanga,Ipaporanga,2020-05-31,35,0,0,0
Ipaporanga,Ipaporanga,2020-06-01,36,1,0,0
Ipaporanga,Ipaporanga,2020-06-02,36,0,0,0
Ipaporanga,Ipaporanga,2020-06-03,39,3,0,0
Ipaporanga,Ipaporanga,2020-06-04,45,6,0,0
Ipaporanga,Ipaporanga,2020-06-05,45,0,0,0
Ipaporanga,Ipaporanga,2020-06-06,45,0,0,0
Ipaporanga,Ipaporanga,2020-06-07,45,0,0,0
Ipaporanga,Ipaporanga,2020-06-08,45,0,0,0
Ipaporanga,Ipaporanga,2020-06-09,46,1,0,0
Ipaporanga,Ipaporanga,2020-06-10,46,0,0,0
Ipaporanga,Ipaporanga,2020-06-11,47,1,0,0
Ipaporanga,Ipaporanga,2020-06-12,60,13,0,0
Ipaporanga,Ipaporanga,2020-06-13,60,0,0,0
Ipaporanga,Ipaporanga,2020-06-14,60,0,0,0
Ipaporanga,Ipaporanga,2020-06-15,63,3,0,0
Ipaporanga,Ipaporanga,2020-06-16,69,6,0,0
Ipaporanga,Ipaporanga,2020-06-17,71,2,0,0
Ipaporanga,Ipaporanga,2020-06-18,80,9,0,0
Ipaporanga,Ipaporanga,2020-06-19,81,1,0,0
Ipaporanga,Ipaporanga,2020-06-20,81,0,0,0
Ipaporanga,Ipaporanga,2020-06-21,82,1,0,0
Ipaporanga,Ipaporanga,2020-06-22,82,0,0,0
Ipaporanga,Ipaporanga,2020-06-23,83,1,0,0
Ipaporanga,Ipaporanga,2020-06-24,82,-1,0,0
Ipaporanga,Ipaporanga,2020-06-25,86,4,0,0
Ipaporanga,Ipaporanga,2020-06-26,86,0,0,0
Ipaporanga,Ipaporanga,2020-06-27,86,0,0,0
Ipaporanga,Ipaporanga,2020-06-28,86,0,0,0
Ipaporanga,Ipaporanga,2020-06-29,86,0,0,0
Ipaporanga,Ipaporanga,2020-06-30,87,1,0,0
Ipaporanga,Ipaporanga,2020-07-01,89,2,0,0
Ipaporanga,Ipaporanga,2020-07-02,92,3,0,0
Ipaporanga,Ipaporanga,2020-07-03,93,1,0,0
Ipaporanga,Ipaporanga,2020-07-04,94,1,0,0
Ipaporanga,Ipaporanga,2020-07-05,94,0,0,0
Ipaporanga,Ipaporanga,2020-07-06,94,0,0,0
Ipaporanga,Ipaporanga,2020-07-07,94,0,0,0
Ipaporanga,Ipaporanga,2020-07-08,95,1,0,0
Ipaporanga,Ipaporanga,2020-07-09,95,0,0,0
Ipaporanga,Ipaporanga,2020-07-10,95,0,0,0
Ipaporanga,Ipaporanga,2020-07-11,95,0,0,0
Ipaporanga,Ipaporanga,2020-07-12,95,0,0,0
Ipaporanga,Ipaporanga,2020-07-13,95,0,0,0
Ipaporanga,Ipaporanga,2020-07-14,95,0,0,0
Ipaporanga,Ipaporanga,2020-07-15,98,3,0,0
Ipaporanga,Ipaporanga,2020-07-16,98,0,0,0
Ipaporanga,Ipaporanga,2020-07-17,99,1,0,0
Ipaporanga,Ipaporanga,2020-07-18,99,0,0,0
Ipaporanga,Ipaporanga,2020-07-19,99,0,0,0
Ipaporanga,Ipaporanga,2020-07-20,99,0,0,0
Ipaporanga,Ipaporanga,2020-07-21,99,0,0,0
Ipaporanga,Ipaporanga,2020-07-22,103,4,0,0
Ipaporanga,Ipaporanga,2020-07-23,107,4,0,0
Ipaporanga,Ipaporanga,2020-07-24,109,2,0,0
Ipaporanga,Ipaporanga,2020-07-25,112,3,0,0
Ipaporanga,Ipaporanga,2020-07-26,113,1,0,0
Ipaporanga,Ipaporanga,2020-07-27,112,-1,0,0
Ipaporanga,Ipaporanga,2020-07-28,112,0,0,0
Ipaporanga,Ipaporanga,2020-07-29,117,5,0,0
Ipaporanga,Ipaporanga,2020-07-30,120,3,0,0
Ipaporanga,Ipaporanga,2020-07-31,123,3,0,0
Ipaporanga,Ipaporanga,2020-08-01,123,0,0,0
Ipaporanga,Ipaporanga,2020-08-02,123,0,0,0
Ipaporanga,Ipaporanga,2020-08-03,123,0,0,0
Ipaporanga,Ipaporanga,2020-08-04,123,0,0,0
Ipaporanga,Ipaporanga,2020-08-05,123,0,0,0
Ipaporanga,Ipaporanga,2020-08-06,123,0,0,0
Ipaporanga,Ipaporanga,2020-08-07,127,4,0,0
Ipaporanga,Ipaporanga,2020-08-08,127,0,0,0
Ipaporanga,Ipaporanga,2020-08-09,127,0,0,0
Ipaporanga,Ipaporanga,2020-08-10,127,0,0,0
Ipaporanga,Ipaporanga,2020-08-11,127,0,0,0
Ipaporanga,Ipaporanga,2020-08-12,127,0,0,0
Ipaporanga,Ipaporanga,2020-08-13,129,2,0,0
Ipaporanga,Ipaporanga,2020-08-14,130,1,0,0
Ipaporanga,Ipaporanga,2020-08-15,133,3,0,0
Ipaporanga,Ipaporanga,2020-08-16,133,0,0,0
Ipaporanga,Ipaporanga,2020-08-17,133,0,0,0
Ipaporanga,Ipaporanga,2020-08-18,133,0,0,0
Ipaporanga,Ipaporanga,2020-08-19,134,1,0,0
Ipaporanga,Ipaporanga,2020-08-20,134,0,0,0
Ipaporanga,Ipaporanga,2020-08-21,135,1,0,0
Ipaporanga,Ipaporanga,2020-08-22,146,11,0,0
Ipaporanga,Ipaporanga,2020-08-23,146,0,0,0
Ipaporanga,Ipaporanga,2020-08-24,146,0,0,0
Ipaporanga,Ipaporanga,2020-08-25,157,11,0,0
Ipaporanga,Ipaporanga,2020-08-26,157,0,0,0
Ipaporanga,Ipaporanga,2020-08-27,171,14,0,0
Ipaporanga,Ipaporanga,2020-08-28,166,-5,0,0
Ipaporanga,Ipaporanga,2020-08-29,165,-1,0,0
Ipaporanga,Ipaporanga,2020-08-30,166,1,0,0
Ipaporanga,Ipaporanga,2020-08-31,166,0,0,0
Ipaporanga,Ipaporanga,2020-09-01,166,0,0,0
Ipaporanga,Ipaporanga,2020-09-02,166,0,0,0
Ipaporanga,Ipaporanga,2020-09-03,176,10,0,0
Ipaporanga,Ipaporanga,2020-09-04,177,1,0,0
Ipaporanga,Ipaporanga,2020-09-05,177,0,0,0
Ipaporanga,Ipaporanga,2020-09-06,177,0,0,0
Ipaporanga,Ipaporanga,2020-09-07,177,0,0,0
Ipaporanga,Ipaporanga,2020-09-08,177,0,0,0
Ipaporanga,Ipaporanga,2020-09-09,180,3,0,0
Ipaporanga,Ipaporanga,2020-09-10,185,5,0,0
Ipaporanga,Ipaporanga,2020-09-11,187,2,0,0
Ipaporanga,Ipaporanga,2020-09-12,191,4,0,0
Ipaporanga,Ipaporanga,2020-09-13,191,0,0,0
Ipaporanga,Ipaporanga,2020-09-14,191,0,0,0
Ipaporanga,Ipaporanga,2020-09-15,192,1,0,0
Ipaporanga,Ipaporanga,2020-09-16,193,1,0,0
Ipaporanga,Ipaporanga,2020-09-17,193,0,0,0
Ipaporanga,Ipaporanga,2020-09-18,193,0,1,1
Ipaporanga,Ipaporanga,2020-09-19,194,1,1,0
Ipaporanga,Ipaporanga,2020-09-20,194,0,1,0
Ipaporanga,Ipaporanga,2020-09-21,194,0,1,0
Ipaporanga,Ipaporanga,2020-09-22,199,5,1,0
Ipaporanga,Ipaporanga,2020-09-23,197,-2,1,0
Ipaporanga,Ipaporanga,2020-09-24,199,2,1,0
Ipaporanga,Ipaporanga,2020-09-25,199,0,1,0
Ipaporanga,Ipaporanga,2020-09-26,200,1,1,0
Ipaporanga,Ipaporanga,2020-09-27,200,0,1,0
Ipaporanga,Ipaporanga,2020-09-28,200,0,1,0
Ipaporanga,Ipaporanga,2020-09-29,200,0,1,0
Ipaporanga,Ipaporanga,2020-09-30,216,16,1,0
Ipaporanga,Ipaporanga,2020-10-01,239,23,1,0
Ipaporanga,Ipaporanga,2020-10-02,240,1,1,0
Ipaporanga,Ipaporanga,2020-10-03,241,1,1,0
Ipaporanga,Ipaporanga,2020-10-04,245,4,1,0
Ipaporanga,Ipaporanga,2020-10-05,245,0,1,0
Ipaporanga,Ipaporanga,2020-10-06,254,9,1,0
Ipaporanga,Ipaporanga,2020-10-07,259,5,1,0
Ipaporanga,Ipaporanga,2020-10-08,260,1,1,0
Ipaporanga,Ipaporanga,2020-10-09,260,0,1,0
Ipaporanga,Ipaporanga,2020-10-10,260,0,1,0
Ipaporanga,Ipaporanga,2020-10-11,265,5,1,0
Ipaporanga,Ipaporanga,2020-10-12,265,0,1,0
Ipaporanga,Ipaporanga,2020-10-13,265,0,1,0
Ipaporanga,Ipaporanga,2020-10-14,267,2,1,0
Ipaporanga,Ipaporanga,2020-10-15,268,1,1,0
Ipaporanga,Ipaporanga,2020-10-16,291,23,1,0
Ipaporanga,Ipaporanga,2020-10-17,291,0,1,0
Ipaporanga,Ipaporanga,2020-10-18,294,3,1,0
Ipaporanga,Ipaporanga,2020-10-19,295,1,1,0
Ipaporanga,Ipaporanga,2020-10-20,295,0,1,0
Ipaporanga,Ipaporanga,2020-10-21,295,0,1,0
Ipaporanga,Ipaporanga,2020-10-22,307,12,1,0
Ipaporanga,Ipaporanga,2020-10-23,307,0,1,0
Ipaporanga,Ipaporanga,2020-10-24,313,6,1,0
Ipaporanga,Ipaporanga,2020-10-25,313,0,1,0
Ipaporanga,Ipaporanga,2020-10-26,313,0,1,0
Ipaporanga,Ipaporanga,2020-10-27,313,0,1,0
Ipaporanga,Ipaporanga,2020-10-28,313,0,1,0
Ipaporanga,Ipaporanga,2020-10-29,313,0,1,0
Ipaporanga,Ipaporanga,2020-10-30,316,3,1,0
Ipaporanga,Ipaporanga,2020-10-31,316,0,1,0
Ipaporanga,Ipaporanga,2020-11-01,316,0,1,0
Ipaporanga,Ipaporanga,2020-11-02,316,0,1,0
Ipaporanga,Ipaporanga,2020-11-03,316,0,1,0
Ipaporanga,Ipaporanga,2020-11-04,320,4,1,0
Ipaporanga,Ipaporanga,2020-11-05,327,7,1,0
Ipaporanga,Ipaporanga,2020-11-06,333,6,1,0
Ipaporanga,Ipaporanga,2020-11-07,345,12,1,0
Ipaporanga,Ipaporanga,2020-11-08,345,0,1,0
Ipaporanga,Ipaporanga,2020-11-09,345,0,1,0
Ipaporanga,Ipaporanga,2020-11-10,345,0,1,0
Ipaporanga,Ipaporanga,2020-11-11,348,3,1,0
Ipaporanga,Ipaporanga,2020-11-12,349,1,1,0
Ipaporanga,Ipaporanga,2020-11-13,349,0,1,0
Ipaporanga,Ipaporanga,2020-11-14,349,0,1,0
Ipaporanga,Ipaporanga,2020-11-15,349,0,1,0
Ipaporanga,Ipaporanga,2020-11-16,349,0,1,0
Ipaporanga,Ipaporanga,2020-11-17,349,0,1,0
Ipaporanga,Ipaporanga,2020-11-18,350,1,1,0
Ipaporanga,Ipaporanga,2020-11-19,350,0,1,0
Ipaporanga,Ipaporanga,2020-11-20,350,0,1,0
Ipaporanga,Ipaporanga,2020-11-21,352,2,1,0
Ipaporanga,Ipaporanga,2020-11-22,352,0,1,0
Ipaporanga,Ipaporanga,2020-11-23,352,0,1,0
Ipaporanga,Ipaporanga,2020-11-24,352,0,1,0
Ipaporanga,Ipaporanga,2020-11-25,352,0,1,0
Ipaporanga,Ipaporanga,2020-11-26,355,3,1,0
Ipaporanga,Ipaporanga,2020-11-27,354,-1,1,0
Ipaporanga,Ipaporanga,2020-11-28,356,2,1,0
Ipaporanga,Ipaporanga,2020-11-29,356,0,1,0
Ipaporanga,Ipaporanga,2020-11-30,356,0,1,0
Ipaporanga,Ipaporanga,2020-12-01,357,1,1,0
Ipaporanga,Ipaporanga,2020-12-02,359,2,1,0
Ipaporanga,Ipaporanga,2020-12-03,366,7,1,0
Ipaporanga,Ipaporanga,2020-12-04,366,0,1,0
Ipaporanga,Ipaporanga,2020-12-05,366,0,1,0
Ipaporanga,Ipaporanga,2020-12-06,366,0,1,0
Ipaporanga,Ipaporanga,2020-12-07,366,0,1,0
Ipaporanga,Ipaporanga,2020-12-08,376,10,1,0
Ipaporanga,Ipaporanga,2020-12-09,377,1,1,0
Ipaporanga,Ipaporanga,2020-12-10,377,0,1,0
Ipaporanga,Ipaporanga,2020-12-11,381,4,1,0
Ipaporanga,Ipaporanga,2020-12-12,381,0,1,0
Ipaporanga,Ipaporanga,2020-12-13,386,5,1,0
Ipaporanga,Ipaporanga,2020-12-14,386,0,1,0
Ipaporanga,Ipaporanga,2020-12-15,386,0,1,0
Ipaporanga,Ipaporanga,2020-12-16,387,1,1,0
Ipaporanga,Ipaporanga,2020-12-17,393,6,1,0
Ipaporanga,Ipaporanga,2020-12-18,393,0,1,0
Ipaporanga,Ipaporanga,2020-12-19,393,0,1,0
Ipaporanga,Ipaporanga,2020-12-20,397,4,1,0
Ipaporanga,Ipaporanga,2020-12-21,396,-1,1,0
Ipaporanga,Ipaporanga,2020-12-22,397,1,1,0
Ipaporanga,Ipaporanga,2020-12-23,397,0,1,0
Ipaporanga,Ipaporanga,2020-12-24,398,1,1,0
Ipaporanga,Ipaporanga,2020-12-25,398,0,1,0
Ipaporanga,Ipaporanga,2020-12-26,400,2,1,0
Ipaporanga,Ipaporanga,2020-12-27,400,0,1,0
Ipaporanga,Ipaporanga,2020-12-28,400,0,1,0
Ipaporanga,Ipaporanga,2020-12-29,400,0,1,0
Ipaporanga,Ipaporanga,2020-12-30,409,9,1,0
Ipaporanga,Ipaporanga,2020-12-31,411,2,1,0
Ipaporanga,Ipaporanga,2021-01-01,411,0,1,0
Ipaporanga,Ipaporanga,2021-01-02,411,0,1,0
Ipaporanga,Ipaporanga,2021-01-03,411,0,1,0
Ipaporanga,Ipaporanga,2021-01-04,411,0,1,0
Ipaporanga,Ipaporanga,2021-01-05,411,0,1,0
Ipaporanga,Ipaporanga,2021-01-06,411,0,1,0
Ipaporanga,Ipaporanga,2021-01-07,412,1,1,0
Ipaporanga,Ipaporanga,2021-01-08,413,1,1,0
Ipaporanga,Ipaporanga,2021-01-09,413,0,1,0
Ipaporanga,Ipaporanga,2021-01-10,418,5,1,0
Ipaporanga,Ipaporanga,2021-01-11,418,0,1,0
Ipaporanga,Ipaporanga,2021-01-12,418,0,1,0
Ipaporanga,Ipaporanga,2021-01-13,411,-7,1,0
Ipaporanga,Ipaporanga,2021-01-14,430,19,1,0
Ipaporanga,Ipaporanga,2021-01-15,450,20,1,0
Ipaporanga,Ipaporanga,2021-01-16,461,11,1,0
Ipaporanga,Ipaporanga,2021-01-17,461,0,1,0
Ipaporanga,Ipaporanga,2021-01-18,461,0,1,0
Ipaporanga,Ipaporanga,2021-01-19,476,15,1,0
Ipaporanga,Ipaporanga,2021-01-20,476,0,1,0
Ipaporanga,Ipaporanga,2021-01-21,476,0,1,0
Ipaporanga,Ipaporanga,2021-01-22,476,0,1,0
Ipaporanga,Ipaporanga,2021-01-23,476,0,1,0
Ipaporanga,Ipaporanga,2021-01-24,476,0,1,0
Ipaporanga,Ipaporanga,2021-01-25,476,0,1,0
Ipaporanga,Ipaporanga,2021-01-26,476,0,1,0
Ipaporanga,Ipaporanga,2021-01-27,484,8,1,0
Ipaporanga,Ipaporanga,2021-01-28,486,2,1,0
Ipaporanga,Ipaporanga,2021-01-29,486,0,1,0
Ipaporanga,Ipaporanga,2021-01-30,488,2,3,2
Ipaporanga,Ipaporanga,2021-01-31,488,0,3,0
Ipaporanga,Ipaporanga,2021-02-01,488,0,3,0
Ipaporanga,Ipaporanga,2021-02-02,488,0,3,0
Ipaporanga,Ipaporanga,2021-02-03,489,1,3,0
Ipaporanga,Ipaporanga,2021-02-04,489,0,3,0
Ipaporanga,Ipaporanga,2021-02-05,489,0,3,0
Ipaporanga,Ipaporanga,2021-02-06,492,3,3,0
Ipaporanga,Ipaporanga,2021-02-07,493,1,3,0
Ipaporanga,Ipaporanga,2021-02-08,493,0,3,0
