city,city,date,cases,daily cases,deaths,daily deaths
Ipumirim,Ipumirim,2020-03-27,0,0,0,0
Ipumirim,Ipumirim,2020-03-28,0,0,0,0
Ipumirim,Ipumirim,2020-03-29,0,0,0,0
Ipumirim,Ipumirim,2020-03-30,0,0,0,0
Ipumirim,Ipumirim,2020-03-31,0,0,0,0
Ipumirim,Ipumirim,2020-04-01,0,0,0,0
Ipumirim,Ipumirim,2020-04-02,0,0,0,0
Ipumirim,Ipumirim,2020-04-03,0,0,0,0
Ipumirim,Ipumirim,2020-04-04,0,0,0,0
Ipumirim,Ipumirim,2020-04-05,0,0,0,0
Ipumirim,Ipumirim,2020-04-06,0,0,0,0
Ipumirim,Ipumirim,2020-04-07,0,0,0,0
Ipumirim,Ipumirim,2020-04-08,0,0,0,0
Ipumirim,Ipumirim,2020-04-09,0,0,0,0
Ipumirim,Ipumirim,2020-04-10,0,0,0,0
Ipumirim,Ipumirim,2020-04-11,0,0,0,0
Ipumirim,Ipumirim,2020-04-12,0,0,0,0
Ipumirim,Ipumirim,2020-04-13,2,2,0,0
Ipumirim,Ipumirim,2020-04-14,2,0,0,0
Ipumirim,Ipumirim,2020-04-15,2,0,0,0
Ipumirim,Ipumirim,2020-04-16,2,0,0,0
Ipumirim,Ipumirim,2020-04-17,2,0,0,0
Ipumirim,Ipumirim,2020-04-18,3,1,0,0
Ipumirim,Ipumirim,2020-04-19,3,0,0,0
Ipumirim,Ipumirim,2020-04-20,3,0,0,0
Ipumirim,Ipumirim,2020-04-21,4,1,0,0
Ipumirim,Ipumirim,2020-04-22,5,1,0,0
Ipumirim,Ipumirim,2020-04-23,6,1,0,0
Ipumirim,Ipumirim,2020-04-24,6,0,0,0
Ipumirim,Ipumirim,2020-04-25,6,0,0,0
Ipumirim,Ipumirim,2020-04-26,8,2,0,0
Ipumirim,Ipumirim,2020-04-27,12,4,0,0
Ipumirim,Ipumirim,2020-04-28,15,3,0,0
Ipumirim,Ipumirim,2020-04-29,12,-3,0,0
Ipumirim,Ipumirim,2020-04-30,12,0,0,0
Ipumirim,Ipumirim,2020-05-01,14,2,0,0
Ipumirim,Ipumirim,2020-05-02,15,1,0,0
Ipumirim,Ipumirim,2020-05-03,15,0,0,0
Ipumirim,Ipumirim,2020-05-04,16,1,0,0
Ipumirim,Ipumirim,2020-05-05,17,1,0,0
Ipumirim,Ipumirim,2020-05-06,24,7,0,0
Ipumirim,Ipumirim,2020-05-07,26,2,0,0
Ipumirim,Ipumirim,2020-05-08,26,0,0,0
Ipumirim,Ipumirim,2020-05-09,26,0,0,0
Ipumirim,Ipumirim,2020-05-10,27,1,0,0
Ipumirim,Ipumirim,2020-05-11,27,0,0,0
Ipumirim,Ipumirim,2020-05-12,27,0,0,0
Ipumirim,Ipumirim,2020-05-13,27,0,0,0
Ipumirim,Ipumirim,2020-05-14,30,3,0,0
Ipumirim,Ipumirim,2020-05-15,30,0,0,0
Ipumirim,Ipumirim,2020-05-16,30,0,0,0
Ipumirim,Ipumirim,2020-05-17,30,0,0,0
Ipumirim,Ipumirim,2020-05-18,34,4,0,0
Ipumirim,Ipumirim,2020-05-19,39,5,0,0
Ipumirim,Ipumirim,2020-05-20,39,0,0,0
Ipumirim,Ipumirim,2020-05-21,41,2,0,0
Ipumirim,Ipumirim,2020-05-22,46,5,0,0
Ipumirim,Ipumirim,2020-05-23,46,0,0,0
Ipumirim,Ipumirim,2020-05-24,46,0,0,0
Ipumirim,Ipumirim,2020-05-25,49,3,0,0
Ipumirim,Ipumirim,2020-05-26,49,0,0,0
Ipumirim,Ipumirim,2020-05-27,51,2,0,0
Ipumirim,Ipumirim,2020-05-28,51,0,0,0
Ipumirim,Ipumirim,2020-05-29,52,1,0,0
Ipumirim,Ipumirim,2020-05-30,53,1,0,0
Ipumirim,Ipumirim,2020-05-31,54,1,0,0
Ipumirim,Ipumirim,2020-06-01,57,3,0,0
Ipumirim,Ipumirim,2020-06-02,62,5,0,0
Ipumirim,Ipumirim,2020-06-03,64,2,0,0
Ipumirim,Ipumirim,2020-06-04,64,0,0,0
Ipumirim,Ipumirim,2020-06-05,64,0,0,0
Ipumirim,Ipumirim,2020-06-06,65,1,0,0
Ipumirim,Ipumirim,2020-06-07,65,0,0,0
Ipumirim,Ipumirim,2020-06-08,65,0,0,0
Ipumirim,Ipumirim,2020-06-09,67,2,0,0
Ipumirim,Ipumirim,2020-06-10,69,2,0,0
Ipumirim,Ipumirim,2020-06-11,69,0,0,0
Ipumirim,Ipumirim,2020-06-12,69,0,0,0
Ipumirim,Ipumirim,2020-06-13,69,0,0,0
Ipumirim,Ipumirim,2020-06-14,69,0,0,0
Ipumirim,Ipumirim,2020-06-15,69,0,0,0
Ipumirim,Ipumirim,2020-06-16,70,1,0,0
Ipumirim,Ipumirim,2020-06-17,75,5,0,0
Ipumirim,Ipumirim,2020-06-18,75,0,0,0
Ipumirim,Ipumirim,2020-06-19,80,5,0,0
Ipumirim,Ipumirim,2020-06-20,80,0,0,0
Ipumirim,Ipumirim,2020-06-21,80,0,0,0
Ipumirim,Ipumirim,2020-06-22,80,0,0,0
Ipumirim,Ipumirim,2020-06-23,81,1,0,0
Ipumirim,Ipumirim,2020-06-24,81,0,0,0
Ipumirim,Ipumirim,2020-06-25,81,0,0,0
Ipumirim,Ipumirim,2020-06-26,81,0,0,0
Ipumirim,Ipumirim,2020-06-27,82,1,0,0
Ipumirim,Ipumirim,2020-06-28,82,0,0,0
Ipumirim,Ipumirim,2020-06-29,85,3,0,0
Ipumirim,Ipumirim,2020-06-30,85,0,0,0
Ipumirim,Ipumirim,2020-07-01,85,0,0,0
Ipumirim,Ipumirim,2020-07-02,86,1,0,0
Ipumirim,Ipumirim,2020-07-03,85,-1,0,0
Ipumirim,Ipumirim,2020-07-04,89,4,0,0
Ipumirim,Ipumirim,2020-07-05,91,2,0,0
Ipumirim,Ipumirim,2020-07-06,93,2,0,0
Ipumirim,Ipumirim,2020-07-07,94,1,0,0
Ipumirim,Ipumirim,2020-07-08,95,1,0,0
Ipumirim,Ipumirim,2020-07-09,95,0,0,0
Ipumirim,Ipumirim,2020-07-10,95,0,0,0
Ipumirim,Ipumirim,2020-07-11,95,0,0,0
Ipumirim,Ipumirim,2020-07-12,95,0,0,0
Ipumirim,Ipumirim,2020-07-13,95,0,0,0
Ipumirim,Ipumirim,2020-07-14,95,0,0,0
Ipumirim,Ipumirim,2020-07-15,95,0,0,0
Ipumirim,Ipumirim,2020-07-16,95,0,0,0
Ipumirim,Ipumirim,2020-07-17,94,-1,0,0
Ipumirim,Ipumirim,2020-07-18,94,0,0,0
Ipumirim,Ipumirim,2020-07-19,94,0,0,0
Ipumirim,Ipumirim,2020-07-20,95,1,0,0
Ipumirim,Ipumirim,2020-07-21,95,0,0,0
Ipumirim,Ipumirim,2020-07-22,95,0,0,0
Ipumirim,Ipumirim,2020-07-23,96,1,0,0
Ipumirim,Ipumirim,2020-07-24,96,0,0,0
Ipumirim,Ipumirim,2020-07-25,96,0,0,0
Ipumirim,Ipumirim,2020-07-26,97,1,0,0
Ipumirim,Ipumirim,2020-07-27,97,0,0,0
Ipumirim,Ipumirim,2020-07-28,97,0,0,0
Ipumirim,Ipumirim,2020-07-29,98,1,0,0
Ipumirim,Ipumirim,2020-07-30,98,0,0,0
Ipumirim,Ipumirim,2020-07-31,98,0,0,0
Ipumirim,Ipumirim,2020-08-01,99,1,0,0
Ipumirim,Ipumirim,2020-08-02,99,0,0,0
Ipumirim,Ipumirim,2020-08-03,99,0,0,0
Ipumirim,Ipumirim,2020-08-04,100,1,0,0
Ipumirim,Ipumirim,2020-08-05,104,4,0,0
Ipumirim,Ipumirim,2020-08-06,108,4,0,0
Ipumirim,Ipumirim,2020-08-07,111,3,0,0
Ipumirim,Ipumirim,2020-08-08,113,2,0,0
Ipumirim,Ipumirim,2020-08-09,114,1,0,0
Ipumirim,Ipumirim,2020-08-10,115,1,0,0
Ipumirim,Ipumirim,2020-08-11,122,7,0,0
Ipumirim,Ipumirim,2020-08-12,123,1,0,0
Ipumirim,Ipumirim,2020-08-13,128,5,0,0
Ipumirim,Ipumirim,2020-08-14,133,5,0,0
Ipumirim,Ipumirim,2020-08-15,133,0,0,0
Ipumirim,Ipumirim,2020-08-16,134,1,0,0
Ipumirim,Ipumirim,2020-08-17,134,0,0,0
Ipumirim,Ipumirim,2020-08-18,136,2,0,0
Ipumirim,Ipumirim,2020-08-19,136,0,0,0
Ipumirim,Ipumirim,2020-08-20,138,2,0,0
Ipumirim,Ipumirim,2020-08-21,140,2,0,0
Ipumirim,Ipumirim,2020-08-22,140,0,0,0
Ipumirim,Ipumirim,2020-08-23,140,0,0,0
Ipumirim,Ipumirim,2020-08-24,141,1,0,0
Ipumirim,Ipumirim,2020-08-25,144,3,0,0
Ipumirim,Ipumirim,2020-08-26,144,0,0,0
Ipumirim,Ipumirim,2020-08-27,143,-1,0,0
Ipumirim,Ipumirim,2020-08-28,144,1,0,0
Ipumirim,Ipumirim,2020-08-29,144,0,0,0
Ipumirim,Ipumirim,2020-08-30,144,0,0,0
Ipumirim,Ipumirim,2020-08-31,149,5,0,0
Ipumirim,Ipumirim,2020-09-01,151,2,0,0
Ipumirim,Ipumirim,2020-09-02,151,0,0,0
Ipumirim,Ipumirim,2020-09-03,151,0,0,0
Ipumirim,Ipumirim,2020-09-04,151,0,0,0
Ipumirim,Ipumirim,2020-09-05,154,3,0,0
Ipumirim,Ipumirim,2020-09-06,154,0,0,0
Ipumirim,Ipumirim,2020-09-07,154,0,0,0
Ipumirim,Ipumirim,2020-09-08,154,0,0,0
Ipumirim,Ipumirim,2020-09-09,156,2,0,0
Ipumirim,Ipumirim,2020-09-10,158,2,0,0
Ipumirim,Ipumirim,2020-09-11,158,0,0,0
Ipumirim,Ipumirim,2020-09-12,158,0,0,0
Ipumirim,Ipumirim,2020-09-13,158,0,0,0
Ipumirim,Ipumirim,2020-09-14,158,0,0,0
Ipumirim,Ipumirim,2020-09-15,158,0,0,0
Ipumirim,Ipumirim,2020-09-16,159,1,0,0
Ipumirim,Ipumirim,2020-09-17,160,1,0,0
Ipumirim,Ipumirim,2020-09-18,162,2,0,0
Ipumirim,Ipumirim,2020-09-19,162,0,0,0
Ipumirim,Ipumirim,2020-09-20,162,0,0,0
Ipumirim,Ipumirim,2020-09-21,162,0,0,0
Ipumirim,Ipumirim,2020-09-22,164,2,0,0
Ipumirim,Ipumirim,2020-09-23,164,0,0,0
Ipumirim,Ipumirim,2020-09-24,168,4,0,0
Ipumirim,Ipumirim,2020-09-25,168,0,0,0
Ipumirim,Ipumirim,2020-09-26,171,3,0,0
Ipumirim,Ipumirim,2020-09-27,171,0,0,0
Ipumirim,Ipumirim,2020-09-28,171,0,0,0
Ipumirim,Ipumirim,2020-09-29,171,0,0,0
Ipumirim,Ipumirim,2020-09-30,171,0,1,1
Ipumirim,Ipumirim,2020-10-01,173,2,1,0
Ipumirim,Ipumirim,2020-10-02,173,0,1,0
Ipumirim,Ipumirim,2020-10-03,176,3,1,0
Ipumirim,Ipumirim,2020-10-04,176,0,1,0
Ipumirim,Ipumirim,2020-10-05,176,0,1,0
Ipumirim,Ipumirim,2020-10-06,177,1,1,0
Ipumirim,Ipumirim,2020-10-07,177,0,1,0
Ipumirim,Ipumirim,2020-10-08,177,0,1,0
Ipumirim,Ipumirim,2020-10-09,177,0,1,0
Ipumirim,Ipumirim,2020-10-10,178,1,1,0
Ipumirim,Ipumirim,2020-10-11,178,0,1,0
Ipumirim,Ipumirim,2020-10-12,178,0,1,0
Ipumirim,Ipumirim,2020-10-13,178,0,1,0
Ipumirim,Ipumirim,2020-10-14,178,0,1,0
Ipumirim,Ipumirim,2020-10-15,178,0,1,0
Ipumirim,Ipumirim,2020-10-16,178,0,1,0
Ipumirim,Ipumirim,2020-10-17,178,0,1,0
Ipumirim,Ipumirim,2020-10-18,178,0,1,0
Ipumirim,Ipumirim,2020-10-19,178,0,1,0
Ipumirim,Ipumirim,2020-10-20,179,1,1,0
Ipumirim,Ipumirim,2020-10-21,179,0,1,0
Ipumirim,Ipumirim,2020-10-22,186,7,1,0
Ipumirim,Ipumirim,2020-10-23,187,1,1,0
Ipumirim,Ipumirim,2020-10-24,188,1,1,0
Ipumirim,Ipumirim,2020-10-25,188,0,1,0
Ipumirim,Ipumirim,2020-10-26,188,0,1,0
Ipumirim,Ipumirim,2020-10-27,188,0,1,0
Ipumirim,Ipumirim,2020-10-28,188,0,1,0
Ipumirim,Ipumirim,2020-10-29,188,0,1,0
Ipumirim,Ipumirim,2020-10-30,188,0,1,0
Ipumirim,Ipumirim,2020-10-31,189,1,1,0
Ipumirim,Ipumirim,2020-11-01,189,0,1,0
Ipumirim,Ipumirim,2020-11-02,189,0,1,0
Ipumirim,Ipumirim,2020-11-03,189,0,1,0
Ipumirim,Ipumirim,2020-11-04,190,1,1,0
Ipumirim,Ipumirim,2020-11-05,190,0,1,0
Ipumirim,Ipumirim,2020-11-06,191,1,1,0
Ipumirim,Ipumirim,2020-11-07,193,2,1,0
Ipumirim,Ipumirim,2020-11-08,193,0,1,0
Ipumirim,Ipumirim,2020-11-09,193,0,1,0
Ipumirim,Ipumirim,2020-11-10,193,0,1,0
Ipumirim,Ipumirim,2020-11-11,193,0,1,0
Ipumirim,Ipumirim,2020-11-12,193,0,1,0
Ipumirim,Ipumirim,2020-11-13,194,1,1,0
Ipumirim,Ipumirim,2020-11-14,195,1,1,0
Ipumirim,Ipumirim,2020-11-15,195,0,1,0
Ipumirim,Ipumirim,2020-11-16,195,0,1,0
Ipumirim,Ipumirim,2020-11-17,195,0,1,0
Ipumirim,Ipumirim,2020-11-18,195,0,1,0
Ipumirim,Ipumirim,2020-11-19,196,1,1,0
Ipumirim,Ipumirim,2020-11-20,196,0,1,0
Ipumirim,Ipumirim,2020-11-21,196,0,1,0
Ipumirim,Ipumirim,2020-11-22,199,3,1,0
Ipumirim,Ipumirim,2020-11-23,200,1,1,0
Ipumirim,Ipumirim,2020-11-24,199,-1,1,0
Ipumirim,Ipumirim,2020-11-25,200,1,1,0
Ipumirim,Ipumirim,2020-11-26,201,1,1,0
Ipumirim,Ipumirim,2020-11-27,202,1,1,0
Ipumirim,Ipumirim,2020-11-28,204,2,1,0
Ipumirim,Ipumirim,2020-11-29,204,0,1,0
Ipumirim,Ipumirim,2020-11-30,204,0,1,0
Ipumirim,Ipumirim,2020-12-01,205,1,1,0
Ipumirim,Ipumirim,2020-12-02,214,9,1,0
Ipumirim,Ipumirim,2020-12-03,217,3,1,0
Ipumirim,Ipumirim,2020-12-04,219,2,1,0
Ipumirim,Ipumirim,2020-12-05,219,0,1,0
Ipumirim,Ipumirim,2020-12-06,219,0,1,0
Ipumirim,Ipumirim,2020-12-07,224,5,1,0
Ipumirim,Ipumirim,2020-12-08,231,7,1,0
Ipumirim,Ipumirim,2020-12-09,231,0,1,0
Ipumirim,Ipumirim,2020-12-10,230,-1,1,0
Ipumirim,Ipumirim,2020-12-11,229,-1,1,0
Ipumirim,Ipumirim,2020-12-12,235,6,1,0
Ipumirim,Ipumirim,2020-12-13,236,1,1,0
Ipumirim,Ipumirim,2020-12-14,241,5,1,0
Ipumirim,Ipumirim,2020-12-15,242,1,1,0
Ipumirim,Ipumirim,2020-12-16,244,2,1,0
Ipumirim,Ipumirim,2020-12-17,245,1,1,0
Ipumirim,Ipumirim,2020-12-18,247,2,1,0
Ipumirim,Ipumirim,2020-12-19,248,1,1,0
Ipumirim,Ipumirim,2020-12-20,248,0,1,0
Ipumirim,Ipumirim,2020-12-21,248,0,1,0
Ipumirim,Ipumirim,2020-12-22,248,0,1,0
Ipumirim,Ipumirim,2020-12-23,248,0,1,0
Ipumirim,Ipumirim,2020-12-24,250,2,1,0
Ipumirim,Ipumirim,2020-12-25,250,0,1,0
Ipumirim,Ipumirim,2020-12-26,250,0,1,0
Ipumirim,Ipumirim,2020-12-27,252,2,1,0
Ipumirim,Ipumirim,2020-12-28,252,0,1,0
Ipumirim,Ipumirim,2020-12-29,255,3,1,0
Ipumirim,Ipumirim,2020-12-30,256,1,1,0
Ipumirim,Ipumirim,2020-12-31,260,4,1,0
Ipumirim,Ipumirim,2021-01-01,260,0,1,0
Ipumirim,Ipumirim,2021-01-02,260,0,1,0
Ipumirim,Ipumirim,2021-01-03,260,0,1,0
Ipumirim,Ipumirim,2021-01-04,260,0,1,0
Ipumirim,Ipumirim,2021-01-05,267,7,1,0
Ipumirim,Ipumirim,2021-01-06,271,4,1,0
Ipumirim,Ipumirim,2021-01-07,273,2,1,0
Ipumirim,Ipumirim,2021-01-08,276,3,1,0
Ipumirim,Ipumirim,2021-01-09,276,0,1,0
Ipumirim,Ipumirim,2021-01-10,276,0,1,0
Ipumirim,Ipumirim,2021-01-11,280,4,1,0
Ipumirim,Ipumirim,2021-01-12,280,0,1,0
Ipumirim,Ipumirim,2021-01-13,281,1,1,0
Ipumirim,Ipumirim,2021-01-14,280,-1,1,0
Ipumirim,Ipumirim,2021-01-15,280,0,1,0
Ipumirim,Ipumirim,2021-01-16,281,1,1,0
Ipumirim,Ipumirim,2021-01-17,281,0,1,0
Ipumirim,Ipumirim,2021-01-18,281,0,1,0
Ipumirim,Ipumirim,2021-01-19,282,1,1,0
Ipumirim,Ipumirim,2021-01-20,282,0,1,0
Ipumirim,Ipumirim,2021-01-21,282,0,1,0
Ipumirim,Ipumirim,2021-01-22,282,0,1,0
Ipumirim,Ipumirim,2021-01-23,283,1,1,0
Ipumirim,Ipumirim,2021-01-24,283,0,1,0
Ipumirim,Ipumirim,2021-01-25,283,0,1,0
Ipumirim,Ipumirim,2021-01-26,283,0,1,0
Ipumirim,Ipumirim,2021-01-27,283,0,1,0
Ipumirim,Ipumirim,2021-01-28,285,2,1,0
Ipumirim,Ipumirim,2021-01-29,285,0,1,0
Ipumirim,Ipumirim,2021-01-30,286,1,1,0
Ipumirim,Ipumirim,2021-01-31,286,0,1,0
Ipumirim,Ipumirim,2021-02-01,286,0,1,0
Ipumirim,Ipumirim,2021-02-02,289,3,1,0
Ipumirim,Ipumirim,2021-02-03,290,1,1,0
Ipumirim,Ipumirim,2021-02-04,290,0,1,0
Ipumirim,Ipumirim,2021-02-05,294,4,1,0
Ipumirim,Ipumirim,2021-02-06,295,1,1,0
Ipumirim,Ipumirim,2021-02-07,297,2,1,0
Ipumirim,Ipumirim,2021-02-08,297,0,1,0
