city,city,date,cases,daily cases,deaths,daily deaths
Itaberaí,Itaberaí,2020-03-27,0,0,0,0
Itaberaí,Itaberaí,2020-03-28,0,0,0,0
Itaberaí,Itaberaí,2020-03-29,0,0,0,0
Itaberaí,Itaberaí,2020-03-30,0,0,0,0
Itaberaí,Itaberaí,2020-03-31,0,0,0,0
Itaberaí,Itaberaí,2020-04-01,0,0,0,0
Itaberaí,Itaberaí,2020-04-02,0,0,0,0
Itaberaí,Itaberaí,2020-04-03,0,0,0,0
Itaberaí,Itaberaí,2020-04-04,0,0,0,0
Itaberaí,Itaberaí,2020-04-05,0,0,0,0
Itaberaí,Itaberaí,2020-04-06,0,0,0,0
Itaberaí,Itaberaí,2020-04-07,0,0,0,0
Itaberaí,Itaberaí,2020-04-08,0,0,0,0
Itaberaí,Itaberaí,2020-04-09,0,0,0,0
Itaberaí,Itaberaí,2020-04-10,0,0,0,0
Itaberaí,Itaberaí,2020-04-11,0,0,0,0
Itaberaí,Itaberaí,2020-04-12,0,0,0,0
Itaberaí,Itaberaí,2020-04-13,0,0,0,0
Itaberaí,Itaberaí,2020-04-14,0,0,0,0
Itaberaí,Itaberaí,2020-04-15,0,0,0,0
Itaberaí,Itaberaí,2020-04-16,0,0,0,0
Itaberaí,Itaberaí,2020-04-17,0,0,0,0
Itaberaí,Itaberaí,2020-04-18,0,0,0,0
Itaberaí,Itaberaí,2020-04-19,0,0,0,0
Itaberaí,Itaberaí,2020-04-20,0,0,0,0
Itaberaí,Itaberaí,2020-04-21,0,0,0,0
Itaberaí,Itaberaí,2020-04-22,0,0,0,0
Itaberaí,Itaberaí,2020-04-23,0,0,0,0
Itaberaí,Itaberaí,2020-04-24,0,0,0,0
Itaberaí,Itaberaí,2020-04-25,0,0,0,0
Itaberaí,Itaberaí,2020-04-26,0,0,0,0
Itaberaí,Itaberaí,2020-04-27,0,0,0,0
Itaberaí,Itaberaí,2020-04-28,0,0,0,0
Itaberaí,Itaberaí,2020-04-29,0,0,0,0
Itaberaí,Itaberaí,2020-04-30,0,0,0,0
Itaberaí,Itaberaí,2020-05-01,0,0,0,0
Itaberaí,Itaberaí,2020-05-02,0,0,0,0
Itaberaí,Itaberaí,2020-05-03,0,0,0,0
Itaberaí,Itaberaí,2020-05-04,0,0,0,0
Itaberaí,Itaberaí,2020-05-05,0,0,0,0
Itaberaí,Itaberaí,2020-05-06,0,0,0,0
Itaberaí,Itaberaí,2020-05-07,0,0,0,0
Itaberaí,Itaberaí,2020-05-08,0,0,0,0
Itaberaí,Itaberaí,2020-05-09,0,0,0,0
Itaberaí,Itaberaí,2020-05-10,0,0,0,0
Itaberaí,Itaberaí,2020-05-11,0,0,0,0
Itaberaí,Itaberaí,2020-05-12,0,0,0,0
Itaberaí,Itaberaí,2020-05-13,0,0,0,0
Itaberaí,Itaberaí,2020-05-14,0,0,0,0
Itaberaí,Itaberaí,2020-05-15,0,0,0,0
Itaberaí,Itaberaí,2020-05-16,0,0,0,0
Itaberaí,Itaberaí,2020-05-17,0,0,0,0
Itaberaí,Itaberaí,2020-05-18,0,0,0,0
Itaberaí,Itaberaí,2020-05-19,0,0,0,0
Itaberaí,Itaberaí,2020-05-20,0,0,0,0
Itaberaí,Itaberaí,2020-05-21,1,1,1,1
Itaberaí,Itaberaí,2020-05-22,1,0,1,0
Itaberaí,Itaberaí,2020-05-23,1,0,1,0
Itaberaí,Itaberaí,2020-05-24,1,0,1,0
Itaberaí,Itaberaí,2020-05-25,2,1,1,0
Itaberaí,Itaberaí,2020-05-26,2,0,1,0
Itaberaí,Itaberaí,2020-05-27,2,0,1,0
Itaberaí,Itaberaí,2020-05-28,3,1,1,0
Itaberaí,Itaberaí,2020-05-29,3,0,1,0
Itaberaí,Itaberaí,2020-05-30,3,0,1,0
Itaberaí,Itaberaí,2020-05-31,4,1,1,0
Itaberaí,Itaberaí,2020-06-01,4,0,1,0
Itaberaí,Itaberaí,2020-06-02,5,1,1,0
Itaberaí,Itaberaí,2020-06-03,7,2,1,0
Itaberaí,Itaberaí,2020-06-04,6,-1,1,0
Itaberaí,Itaberaí,2020-06-05,7,1,1,0
Itaberaí,Itaberaí,2020-06-06,7,0,1,0
Itaberaí,Itaberaí,2020-06-07,7,0,1,0
Itaberaí,Itaberaí,2020-06-08,7,0,1,0
Itaberaí,Itaberaí,2020-06-09,10,3,1,0
Itaberaí,Itaberaí,2020-06-10,14,4,1,0
Itaberaí,Itaberaí,2020-06-11,14,0,1,0
Itaberaí,Itaberaí,2020-06-12,15,1,1,0
Itaberaí,Itaberaí,2020-06-13,15,0,1,0
Itaberaí,Itaberaí,2020-06-14,15,0,1,0
Itaberaí,Itaberaí,2020-06-15,15,0,1,0
Itaberaí,Itaberaí,2020-06-16,23,8,1,0
Itaberaí,Itaberaí,2020-06-17,23,0,1,0
Itaberaí,Itaberaí,2020-06-18,23,0,1,0
Itaberaí,Itaberaí,2020-06-19,23,0,1,0
Itaberaí,Itaberaí,2020-06-20,24,1,1,0
Itaberaí,Itaberaí,2020-06-21,24,0,1,0
Itaberaí,Itaberaí,2020-06-22,24,0,1,0
Itaberaí,Itaberaí,2020-06-23,33,9,1,0
Itaberaí,Itaberaí,2020-06-24,50,17,1,0
Itaberaí,Itaberaí,2020-06-25,66,16,1,0
Itaberaí,Itaberaí,2020-06-26,73,7,2,1
Itaberaí,Itaberaí,2020-06-27,74,1,2,0
Itaberaí,Itaberaí,2020-06-28,76,2,2,0
Itaberaí,Itaberaí,2020-06-29,80,4,2,0
Itaberaí,Itaberaí,2020-06-30,98,18,2,0
Itaberaí,Itaberaí,2020-07-01,116,18,2,0
Itaberaí,Itaberaí,2020-07-02,123,7,2,0
Itaberaí,Itaberaí,2020-07-03,124,1,2,0
Itaberaí,Itaberaí,2020-07-04,139,15,2,0
Itaberaí,Itaberaí,2020-07-05,139,0,2,0
Itaberaí,Itaberaí,2020-07-06,151,12,3,1
Itaberaí,Itaberaí,2020-07-07,181,30,3,0
Itaberaí,Itaberaí,2020-07-08,190,9,4,1
Itaberaí,Itaberaí,2020-07-09,193,3,4,0
Itaberaí,Itaberaí,2020-07-10,204,11,4,0
Itaberaí,Itaberaí,2020-07-11,217,13,4,0
Itaberaí,Itaberaí,2020-07-12,217,0,4,0
Itaberaí,Itaberaí,2020-07-13,220,3,4,0
Itaberaí,Itaberaí,2020-07-14,244,24,4,0
Itaberaí,Itaberaí,2020-07-15,260,16,5,1
Itaberaí,Itaberaí,2020-07-16,293,33,6,1
Itaberaí,Itaberaí,2020-07-17,301,8,6,0
Itaberaí,Itaberaí,2020-07-18,305,4,14,8
Itaberaí,Itaberaí,2020-07-19,305,0,14,0
Itaberaí,Itaberaí,2020-07-20,305,0,14,0
Itaberaí,Itaberaí,2020-07-21,355,50,15,1
Itaberaí,Itaberaí,2020-07-22,376,21,15,0
Itaberaí,Itaberaí,2020-07-23,396,20,15,0
Itaberaí,Itaberaí,2020-07-24,421,25,15,0
Itaberaí,Itaberaí,2020-07-25,441,20,16,1
Itaberaí,Itaberaí,2020-07-26,442,1,16,0
Itaberaí,Itaberaí,2020-07-27,455,13,16,0
Itaberaí,Itaberaí,2020-07-28,461,6,16,0
Itaberaí,Itaberaí,2020-07-29,487,26,16,0
Itaberaí,Itaberaí,2020-07-30,489,2,16,0
Itaberaí,Itaberaí,2020-07-31,502,13,17,1
Itaberaí,Itaberaí,2020-08-01,522,20,17,0
Itaberaí,Itaberaí,2020-08-02,522,0,17,0
Itaberaí,Itaberaí,2020-08-03,521,-1,17,0
Itaberaí,Itaberaí,2020-08-04,539,18,17,0
Itaberaí,Itaberaí,2020-08-05,546,7,17,0
Itaberaí,Itaberaí,2020-08-06,576,30,17,0
Itaberaí,Itaberaí,2020-08-07,583,7,18,1
Itaberaí,Itaberaí,2020-08-08,588,5,18,0
Itaberaí,Itaberaí,2020-08-09,589,1,18,0
Itaberaí,Itaberaí,2020-08-10,593,4,18,0
Itaberaí,Itaberaí,2020-08-11,615,22,19,1
Itaberaí,Itaberaí,2020-08-12,622,7,19,0
Itaberaí,Itaberaí,2020-08-13,629,7,19,0
Itaberaí,Itaberaí,2020-08-14,633,4,21,2
Itaberaí,Itaberaí,2020-08-15,657,24,21,0
Itaberaí,Itaberaí,2020-08-16,657,0,21,0
Itaberaí,Itaberaí,2020-08-17,661,4,21,0
Itaberaí,Itaberaí,2020-08-18,701,40,21,0
Itaberaí,Itaberaí,2020-08-19,704,3,22,1
Itaberaí,Itaberaí,2020-08-20,761,57,23,1
Itaberaí,Itaberaí,2020-08-21,766,5,24,1
Itaberaí,Itaberaí,2020-08-22,799,33,25,1
Itaberaí,Itaberaí,2020-08-23,803,4,25,0
Itaberaí,Itaberaí,2020-08-24,823,20,25,0
Itaberaí,Itaberaí,2020-08-25,852,29,25,0
Itaberaí,Itaberaí,2020-08-26,880,28,25,0
Itaberaí,Itaberaí,2020-08-27,900,20,25,0
Itaberaí,Itaberaí,2020-08-28,906,6,25,0
Itaberaí,Itaberaí,2020-08-29,913,7,25,0
Itaberaí,Itaberaí,2020-08-30,914,1,25,0
Itaberaí,Itaberaí,2020-08-31,913,-1,25,0
Itaberaí,Itaberaí,2020-09-01,944,31,25,0
Itaberaí,Itaberaí,2020-09-02,944,0,25,0
Itaberaí,Itaberaí,2020-09-03,947,3,25,0
Itaberaí,Itaberaí,2020-09-04,978,31,25,0
Itaberaí,Itaberaí,2020-09-05,978,0,25,0
Itaberaí,Itaberaí,2020-09-06,978,0,25,0
Itaberaí,Itaberaí,2020-09-07,978,0,25,0
Itaberaí,Itaberaí,2020-09-08,981,3,25,0
Itaberaí,Itaberaí,2020-09-09,1031,50,26,1
Itaberaí,Itaberaí,2020-09-10,1045,14,26,0
Itaberaí,Itaberaí,2020-09-11,1053,8,26,0
Itaberaí,Itaberaí,2020-09-12,1053,0,26,0
Itaberaí,Itaberaí,2020-09-13,1053,0,26,0
Itaberaí,Itaberaí,2020-09-14,1057,4,26,0
Itaberaí,Itaberaí,2020-09-15,1060,3,26,0
Itaberaí,Itaberaí,2020-09-16,1072,12,26,0
Itaberaí,Itaberaí,2020-09-17,1075,3,26,0
Itaberaí,Itaberaí,2020-09-18,1086,11,26,0
Itaberaí,Itaberaí,2020-09-19,1097,11,26,0
Itaberaí,Itaberaí,2020-09-20,1097,0,26,0
Itaberaí,Itaberaí,2020-09-21,1100,3,26,0
Itaberaí,Itaberaí,2020-09-22,1108,8,27,1
Itaberaí,Itaberaí,2020-09-23,1150,42,28,1
Itaberaí,Itaberaí,2020-09-24,1158,8,28,0
Itaberaí,Itaberaí,2020-09-25,1166,8,29,1
Itaberaí,Itaberaí,2020-09-26,1172,6,30,1
Itaberaí,Itaberaí,2020-09-27,1171,-1,30,0
Itaberaí,Itaberaí,2020-09-28,1181,10,30,0
Itaberaí,Itaberaí,2020-09-29,1188,7,36,6
Itaberaí,Itaberaí,2020-09-30,1183,-5,44,8
Itaberaí,Itaberaí,2020-10-01,1190,7,44,0
Itaberaí,Itaberaí,2020-10-02,1201,11,45,1
Itaberaí,Itaberaí,2020-10-03,1206,5,45,0
Itaberaí,Itaberaí,2020-10-04,1207,1,46,1
Itaberaí,Itaberaí,2020-10-05,1219,12,46,0
Itaberaí,Itaberaí,2020-10-06,1226,7,46,0
Itaberaí,Itaberaí,2020-10-07,1242,16,46,0
Itaberaí,Itaberaí,2020-10-08,1255,13,46,0
Itaberaí,Itaberaí,2020-10-09,1267,12,46,0
Itaberaí,Itaberaí,2020-10-10,1267,0,46,0
Itaberaí,Itaberaí,2020-10-11,1267,0,46,0
Itaberaí,Itaberaí,2020-10-12,1267,0,46,0
Itaberaí,Itaberaí,2020-10-13,1276,9,46,0
Itaberaí,Itaberaí,2020-10-14,1282,6,46,0
Itaberaí,Itaberaí,2020-10-15,1296,14,47,1
Itaberaí,Itaberaí,2020-10-16,1309,13,47,0
Itaberaí,Itaberaí,2020-10-17,1308,-1,47,0
Itaberaí,Itaberaí,2020-10-18,1308,0,47,0
Itaberaí,Itaberaí,2020-10-19,1323,15,47,0
Itaberaí,Itaberaí,2020-10-20,1331,8,48,1
Itaberaí,Itaberaí,2020-10-21,1340,9,49,1
Itaberaí,Itaberaí,2020-10-22,1349,9,49,0
Itaberaí,Itaberaí,2020-10-23,1357,8,49,0
Itaberaí,Itaberaí,2020-10-24,1357,0,49,0
Itaberaí,Itaberaí,2020-10-25,1357,0,49,0
Itaberaí,Itaberaí,2020-10-26,1368,11,49,0
Itaberaí,Itaberaí,2020-10-27,1381,13,49,0
Itaberaí,Itaberaí,2020-10-28,1381,0,49,0
Itaberaí,Itaberaí,2020-10-29,1390,9,49,0
Itaberaí,Itaberaí,2020-10-30,1393,3,49,0
Itaberaí,Itaberaí,2020-10-31,1393,0,50,1
Itaberaí,Itaberaí,2020-11-01,1393,0,50,0
Itaberaí,Itaberaí,2020-11-02,1393,0,50,0
Itaberaí,Itaberaí,2020-11-03,1400,7,50,0
Itaberaí,Itaberaí,2020-11-04,1403,3,50,0
Itaberaí,Itaberaí,2020-11-05,1406,3,50,0
Itaberaí,Itaberaí,2020-11-06,1415,9,51,1
Itaberaí,Itaberaí,2020-11-07,1409,-6,51,0
Itaberaí,Itaberaí,2020-11-08,1409,0,51,0
Itaberaí,Itaberaí,2020-11-09,1410,1,51,0
Itaberaí,Itaberaí,2020-11-10,1415,5,51,0
Itaberaí,Itaberaí,2020-11-11,1424,9,51,0
Itaberaí,Itaberaí,2020-11-12,1426,2,51,0
Itaberaí,Itaberaí,2020-11-13,1428,2,51,0
Itaberaí,Itaberaí,2020-11-14,1429,1,53,2
Itaberaí,Itaberaí,2020-11-15,1430,1,53,0
Itaberaí,Itaberaí,2020-11-16,1427,-3,53,0
Itaberaí,Itaberaí,2020-11-17,1427,0,53,0
Itaberaí,Itaberaí,2020-11-18,1429,2,53,0
Itaberaí,Itaberaí,2020-11-19,1434,5,53,0
Itaberaí,Itaberaí,2020-11-20,1437,3,53,0
Itaberaí,Itaberaí,2020-11-21,1436,-1,53,0
Itaberaí,Itaberaí,2020-11-22,1436,0,53,0
Itaberaí,Itaberaí,2020-11-23,1436,0,53,0
Itaberaí,Itaberaí,2020-11-24,1440,4,53,0
Itaberaí,Itaberaí,2020-11-25,1443,3,53,0
Itaberaí,Itaberaí,2020-11-26,1444,1,53,0
Itaberaí,Itaberaí,2020-11-27,1444,0,53,0
Itaberaí,Itaberaí,2020-11-28,1449,5,53,0
Itaberaí,Itaberaí,2020-11-29,1448,-1,53,0
Itaberaí,Itaberaí,2020-11-30,1448,0,53,0
Itaberaí,Itaberaí,2020-12-01,1452,4,53,0
Itaberaí,Itaberaí,2020-12-02,1456,4,53,0
Itaberaí,Itaberaí,2020-12-03,1456,0,53,0
Itaberaí,Itaberaí,2020-12-04,1463,7,53,0
Itaberaí,Itaberaí,2020-12-05,1463,0,53,0
Itaberaí,Itaberaí,2020-12-06,1464,1,53,0
Itaberaí,Itaberaí,2020-12-07,1464,0,53,0
Itaberaí,Itaberaí,2020-12-08,1465,1,53,0
Itaberaí,Itaberaí,2020-12-09,1465,0,53,0
Itaberaí,Itaberaí,2020-12-10,1469,4,53,0
Itaberaí,Itaberaí,2020-12-11,1472,3,53,0
Itaberaí,Itaberaí,2020-12-12,1472,0,53,0
Itaberaí,Itaberaí,2020-12-13,1472,0,53,0
Itaberaí,Itaberaí,2020-12-14,1477,5,53,0
Itaberaí,Itaberaí,2020-12-15,1477,0,53,0
Itaberaí,Itaberaí,2020-12-16,1480,3,53,0
Itaberaí,Itaberaí,2020-12-17,1480,0,53,0
Itaberaí,Itaberaí,2020-12-18,1480,0,53,0
Itaberaí,Itaberaí,2020-12-19,1481,1,53,0
Itaberaí,Itaberaí,2020-12-20,1481,0,53,0
Itaberaí,Itaberaí,2020-12-21,1483,2,53,0
Itaberaí,Itaberaí,2020-12-22,1483,0,54,1
Itaberaí,Itaberaí,2020-12-23,1487,4,54,0
Itaberaí,Itaberaí,2020-12-24,1486,-1,54,0
Itaberaí,Itaberaí,2020-12-25,1487,1,54,0
Itaberaí,Itaberaí,2020-12-26,1487,0,54,0
Itaberaí,Itaberaí,2020-12-27,1487,0,54,0
Itaberaí,Itaberaí,2020-12-28,1489,2,54,0
Itaberaí,Itaberaí,2020-12-29,1490,1,54,0
Itaberaí,Itaberaí,2020-12-30,1493,3,54,0
Itaberaí,Itaberaí,2020-12-31,1493,0,54,0
Itaberaí,Itaberaí,2021-01-01,1493,0,54,0
Itaberaí,Itaberaí,2021-01-02,1493,0,54,0
Itaberaí,Itaberaí,2021-01-03,1493,0,54,0
Itaberaí,Itaberaí,2021-01-04,1493,0,54,0
Itaberaí,Itaberaí,2021-01-05,1492,-1,54,0
Itaberaí,Itaberaí,2021-01-06,1493,1,54,0
Itaberaí,Itaberaí,2021-01-07,1493,0,54,0
Itaberaí,Itaberaí,2021-01-08,1494,1,54,0
Itaberaí,Itaberaí,2021-01-09,1501,7,54,0
Itaberaí,Itaberaí,2021-01-10,1501,0,54,0
Itaberaí,Itaberaí,2021-01-11,1505,4,54,0
Itaberaí,Itaberaí,2021-01-12,1510,5,54,0
Itaberaí,Itaberaí,2021-01-13,1517,7,54,0
Itaberaí,Itaberaí,2021-01-14,1530,13,54,0
Itaberaí,Itaberaí,2021-01-15,1530,0,54,0
Itaberaí,Itaberaí,2021-01-16,1530,0,54,0
Itaberaí,Itaberaí,2021-01-17,1530,0,54,0
Itaberaí,Itaberaí,2021-01-18,1531,1,54,0
Itaberaí,Itaberaí,2021-01-19,1530,-1,54,0
Itaberaí,Itaberaí,2021-01-20,1548,18,54,0
Itaberaí,Itaberaí,2021-01-21,1549,1,54,0
Itaberaí,Itaberaí,2021-01-22,1546,-3,54,0
Itaberaí,Itaberaí,2021-01-23,1547,1,54,0
Itaberaí,Itaberaí,2021-01-24,1546,-1,54,0
Itaberaí,Itaberaí,2021-01-25,1547,1,54,0
Itaberaí,Itaberaí,2021-01-26,1595,48,54,0
Itaberaí,Itaberaí,2021-01-27,1595,0,54,0
Itaberaí,Itaberaí,2021-01-28,1590,-5,55,1
Itaberaí,Itaberaí,2021-01-29,1590,0,57,2
Itaberaí,Itaberaí,2021-01-30,1590,0,57,0
Itaberaí,Itaberaí,2021-01-31,1590,0,57,0
Itaberaí,Itaberaí,2021-02-01,1589,-1,57,0
Itaberaí,Itaberaí,2021-02-02,1593,4,58,1
Itaberaí,Itaberaí,2021-02-03,1608,15,58,0
Itaberaí,Itaberaí,2021-02-04,1608,0,58,0
Itaberaí,Itaberaí,2021-02-05,1610,2,58,0
Itaberaí,Itaberaí,2021-02-06,1609,-1,58,0
Itaberaí,Itaberaí,2021-02-07,1609,0,58,0
Itaberaí,Itaberaí,2021-02-08,1609,0,58,0
