city,city,date,cases,daily cases,deaths,daily deaths
Itaberaba,Itaberaba,2020-03-27,0,0,0,0
Itaberaba,Itaberaba,2020-03-28,0,0,0,0
Itaberaba,Itaberaba,2020-03-29,0,0,0,0
Itaberaba,Itaberaba,2020-03-30,0,0,0,0
Itaberaba,Itaberaba,2020-03-31,0,0,0,0
Itaberaba,Itaberaba,2020-04-01,0,0,0,0
Itaberaba,Itaberaba,2020-04-02,0,0,0,0
Itaberaba,Itaberaba,2020-04-03,0,0,0,0
Itaberaba,Itaberaba,2020-04-04,0,0,0,0
Itaberaba,Itaberaba,2020-04-05,0,0,0,0
Itaberaba,Itaberaba,2020-04-06,0,0,0,0
Itaberaba,Itaberaba,2020-04-07,0,0,0,0
Itaberaba,Itaberaba,2020-04-08,0,0,0,0
Itaberaba,Itaberaba,2020-04-09,0,0,0,0
Itaberaba,Itaberaba,2020-04-10,0,0,0,0
Itaberaba,Itaberaba,2020-04-11,0,0,0,0
Itaberaba,Itaberaba,2020-04-12,0,0,0,0
Itaberaba,Itaberaba,2020-04-13,0,0,0,0
Itaberaba,Itaberaba,2020-04-14,0,0,0,0
Itaberaba,Itaberaba,2020-04-15,0,0,0,0
Itaberaba,Itaberaba,2020-04-16,0,0,0,0
Itaberaba,Itaberaba,2020-04-17,0,0,0,0
Itaberaba,Itaberaba,2020-04-18,0,0,0,0
Itaberaba,Itaberaba,2020-04-19,0,0,0,0
Itaberaba,Itaberaba,2020-04-20,1,1,0,0
Itaberaba,Itaberaba,2020-04-21,1,0,0,0
Itaberaba,Itaberaba,2020-04-22,1,0,0,0
Itaberaba,Itaberaba,2020-04-23,1,0,0,0
Itaberaba,Itaberaba,2020-04-24,1,0,0,0
Itaberaba,Itaberaba,2020-04-25,1,0,0,0
Itaberaba,Itaberaba,2020-04-26,1,0,0,0
Itaberaba,Itaberaba,2020-04-27,1,0,0,0
Itaberaba,Itaberaba,2020-04-28,1,0,0,0
Itaberaba,Itaberaba,2020-04-29,1,0,0,0
Itaberaba,Itaberaba,2020-04-30,1,0,0,0
Itaberaba,Itaberaba,2020-05-01,1,0,0,0
Itaberaba,Itaberaba,2020-05-02,2,1,0,0
Itaberaba,Itaberaba,2020-05-03,2,0,0,0
Itaberaba,Itaberaba,2020-05-04,2,0,0,0
Itaberaba,Itaberaba,2020-05-05,2,0,0,0
Itaberaba,Itaberaba,2020-05-06,2,0,0,0
Itaberaba,Itaberaba,2020-05-07,2,0,0,0
Itaberaba,Itaberaba,2020-05-08,2,0,0,0
Itaberaba,Itaberaba,2020-05-09,2,0,0,0
Itaberaba,Itaberaba,2020-05-10,2,0,0,0
Itaberaba,Itaberaba,2020-05-11,2,0,0,0
Itaberaba,Itaberaba,2020-05-12,2,0,0,0
Itaberaba,Itaberaba,2020-05-13,2,0,0,0
Itaberaba,Itaberaba,2020-05-14,2,0,1,1
Itaberaba,Itaberaba,2020-05-15,7,5,1,0
Itaberaba,Itaberaba,2020-05-16,7,0,1,0
Itaberaba,Itaberaba,2020-05-17,7,0,1,0
Itaberaba,Itaberaba,2020-05-18,7,0,1,0
Itaberaba,Itaberaba,2020-05-19,9,2,1,0
Itaberaba,Itaberaba,2020-05-20,9,0,1,0
Itaberaba,Itaberaba,2020-05-21,9,0,1,0
Itaberaba,Itaberaba,2020-05-22,12,3,1,0
Itaberaba,Itaberaba,2020-05-23,12,0,1,0
Itaberaba,Itaberaba,2020-05-24,15,3,1,0
Itaberaba,Itaberaba,2020-05-25,16,1,1,0
Itaberaba,Itaberaba,2020-05-26,16,0,1,0
Itaberaba,Itaberaba,2020-05-27,16,0,1,0
Itaberaba,Itaberaba,2020-05-28,16,0,1,0
Itaberaba,Itaberaba,2020-05-29,17,1,1,0
Itaberaba,Itaberaba,2020-05-30,19,2,1,0
Itaberaba,Itaberaba,2020-05-31,22,3,1,0
Itaberaba,Itaberaba,2020-06-01,25,3,1,0
Itaberaba,Itaberaba,2020-06-02,29,4,1,0
Itaberaba,Itaberaba,2020-06-03,36,7,1,0
Itaberaba,Itaberaba,2020-06-04,48,12,1,0
Itaberaba,Itaberaba,2020-06-05,49,1,1,0
Itaberaba,Itaberaba,2020-06-06,58,9,1,0
Itaberaba,Itaberaba,2020-06-07,58,0,1,0
Itaberaba,Itaberaba,2020-06-08,58,0,2,1
Itaberaba,Itaberaba,2020-06-09,62,4,2,0
Itaberaba,Itaberaba,2020-06-10,64,2,2,0
Itaberaba,Itaberaba,2020-06-11,65,1,2,0
Itaberaba,Itaberaba,2020-06-12,71,6,2,0
Itaberaba,Itaberaba,2020-06-13,71,0,2,0
Itaberaba,Itaberaba,2020-06-14,72,1,2,0
Itaberaba,Itaberaba,2020-06-15,75,3,2,0
Itaberaba,Itaberaba,2020-06-16,89,14,2,0
Itaberaba,Itaberaba,2020-06-17,101,12,2,0
Itaberaba,Itaberaba,2020-06-18,101,0,3,1
Itaberaba,Itaberaba,2020-06-19,120,19,3,0
Itaberaba,Itaberaba,2020-06-20,123,3,3,0
Itaberaba,Itaberaba,2020-06-21,126,3,4,1
Itaberaba,Itaberaba,2020-06-22,127,1,4,0
Itaberaba,Itaberaba,2020-06-23,132,5,5,1
Itaberaba,Itaberaba,2020-06-24,187,55,5,0
Itaberaba,Itaberaba,2020-06-25,187,0,5,0
Itaberaba,Itaberaba,2020-06-26,208,21,7,2
Itaberaba,Itaberaba,2020-06-27,231,23,8,1
Itaberaba,Itaberaba,2020-06-28,241,10,9,1
Itaberaba,Itaberaba,2020-06-29,241,0,9,0
Itaberaba,Itaberaba,2020-06-30,261,20,9,0
Itaberaba,Itaberaba,2020-07-01,276,15,9,0
Itaberaba,Itaberaba,2020-07-02,286,10,10,1
Itaberaba,Itaberaba,2020-07-03,299,13,10,0
Itaberaba,Itaberaba,2020-07-04,307,8,11,1
Itaberaba,Itaberaba,2020-07-05,310,3,11,0
Itaberaba,Itaberaba,2020-07-06,311,1,11,0
Itaberaba,Itaberaba,2020-07-07,330,19,11,0
Itaberaba,Itaberaba,2020-07-08,363,33,11,0
Itaberaba,Itaberaba,2020-07-09,381,18,11,0
Itaberaba,Itaberaba,2020-07-10,395,14,11,0
Itaberaba,Itaberaba,2020-07-11,411,16,11,0
Itaberaba,Itaberaba,2020-07-12,412,1,12,1
Itaberaba,Itaberaba,2020-07-13,418,6,12,0
Itaberaba,Itaberaba,2020-07-14,432,14,12,0
Itaberaba,Itaberaba,2020-07-15,474,42,12,0
Itaberaba,Itaberaba,2020-07-16,497,23,12,0
Itaberaba,Itaberaba,2020-07-17,502,5,14,2
Itaberaba,Itaberaba,2020-07-18,528,26,15,1
Itaberaba,Itaberaba,2020-07-19,531,3,15,0
Itaberaba,Itaberaba,2020-07-20,551,20,15,0
Itaberaba,Itaberaba,2020-07-21,580,29,15,0
Itaberaba,Itaberaba,2020-07-22,634,54,16,1
Itaberaba,Itaberaba,2020-07-23,683,49,18,2
Itaberaba,Itaberaba,2020-07-24,711,28,18,0
Itaberaba,Itaberaba,2020-07-25,726,15,18,0
Itaberaba,Itaberaba,2020-07-26,729,3,18,0
Itaberaba,Itaberaba,2020-07-27,729,0,18,0
Itaberaba,Itaberaba,2020-07-28,779,50,19,1
Itaberaba,Itaberaba,2020-07-29,835,56,19,0
Itaberaba,Itaberaba,2020-07-30,894,59,19,0
Itaberaba,Itaberaba,2020-07-31,921,27,19,0
Itaberaba,Itaberaba,2020-08-01,925,4,19,0
Itaberaba,Itaberaba,2020-08-02,928,3,19,0
Itaberaba,Itaberaba,2020-08-03,931,3,19,0
Itaberaba,Itaberaba,2020-08-04,961,30,20,1
Itaberaba,Itaberaba,2020-08-05,1020,59,21,1
Itaberaba,Itaberaba,2020-08-06,1067,47,23,2
Itaberaba,Itaberaba,2020-08-07,1163,96,23,0
Itaberaba,Itaberaba,2020-08-08,1191,28,23,0
Itaberaba,Itaberaba,2020-08-09,1191,0,23,0
Itaberaba,Itaberaba,2020-08-10,1194,3,24,1
Itaberaba,Itaberaba,2020-08-11,1233,39,24,0
Itaberaba,Itaberaba,2020-08-12,1266,33,25,1
Itaberaba,Itaberaba,2020-08-13,1287,21,25,0
Itaberaba,Itaberaba,2020-08-14,1348,61,25,0
Itaberaba,Itaberaba,2020-08-15,1379,31,26,1
Itaberaba,Itaberaba,2020-08-16,1404,25,27,1
Itaberaba,Itaberaba,2020-08-17,1404,0,27,0
Itaberaba,Itaberaba,2020-08-18,1530,126,27,0
Itaberaba,Itaberaba,2020-08-19,1583,53,28,1
Itaberaba,Itaberaba,2020-08-20,1757,174,28,0
Itaberaba,Itaberaba,2020-08-21,1762,5,28,0
Itaberaba,Itaberaba,2020-08-22,1823,61,28,0
Itaberaba,Itaberaba,2020-08-23,1829,6,29,1
Itaberaba,Itaberaba,2020-08-24,1833,4,29,0
Itaberaba,Itaberaba,2020-08-25,1870,37,31,2
Itaberaba,Itaberaba,2020-08-26,1888,18,32,1
Itaberaba,Itaberaba,2020-08-27,1891,3,32,0
Itaberaba,Itaberaba,2020-08-28,1895,4,34,2
Itaberaba,Itaberaba,2020-08-29,1914,19,34,0
Itaberaba,Itaberaba,2020-08-30,1916,2,35,1
Itaberaba,Itaberaba,2020-08-31,1917,1,35,0
Itaberaba,Itaberaba,2020-09-01,1947,30,36,1
Itaberaba,Itaberaba,2020-09-02,1997,50,36,0
Itaberaba,Itaberaba,2020-09-03,2011,14,37,1
Itaberaba,Itaberaba,2020-09-04,2027,16,38,1
Itaberaba,Itaberaba,2020-09-05,2032,5,38,0
Itaberaba,Itaberaba,2020-09-06,2033,1,38,0
Itaberaba,Itaberaba,2020-09-07,2034,1,38,0
Itaberaba,Itaberaba,2020-09-08,2034,0,38,0
Itaberaba,Itaberaba,2020-09-09,2065,31,38,0
Itaberaba,Itaberaba,2020-09-10,2085,20,38,0
Itaberaba,Itaberaba,2020-09-11,2115,30,38,0
Itaberaba,Itaberaba,2020-09-12,2121,6,38,0
Itaberaba,Itaberaba,2020-09-13,2142,21,38,0
Itaberaba,Itaberaba,2020-09-14,2141,-1,38,0
Itaberaba,Itaberaba,2020-09-15,2193,52,38,0
Itaberaba,Itaberaba,2020-09-16,2195,2,39,1
Itaberaba,Itaberaba,2020-09-17,2212,17,39,0
Itaberaba,Itaberaba,2020-09-18,2226,14,39,0
Itaberaba,Itaberaba,2020-09-19,2239,13,40,1
Itaberaba,Itaberaba,2020-09-20,2239,0,40,0
Itaberaba,Itaberaba,2020-09-21,2239,0,40,0
Itaberaba,Itaberaba,2020-09-22,2248,9,40,0
Itaberaba,Itaberaba,2020-09-23,2255,7,41,1
Itaberaba,Itaberaba,2020-09-24,2263,8,42,1
Itaberaba,Itaberaba,2020-09-25,2273,10,42,0
Itaberaba,Itaberaba,2020-09-26,2281,8,42,0
Itaberaba,Itaberaba,2020-09-27,2282,1,42,0
Itaberaba,Itaberaba,2020-09-28,2284,2,42,0
Itaberaba,Itaberaba,2020-09-29,2291,7,42,0
Itaberaba,Itaberaba,2020-09-30,2292,1,42,0
Itaberaba,Itaberaba,2020-10-01,2301,9,43,1
Itaberaba,Itaberaba,2020-10-02,2312,11,43,0
Itaberaba,Itaberaba,2020-10-03,2312,0,44,1
Itaberaba,Itaberaba,2020-10-04,2314,2,44,0
Itaberaba,Itaberaba,2020-10-05,2323,9,44,0
Itaberaba,Itaberaba,2020-10-06,2331,8,44,0
Itaberaba,Itaberaba,2020-10-07,2340,9,44,0
Itaberaba,Itaberaba,2020-10-08,2347,7,44,0
Itaberaba,Itaberaba,2020-10-09,2348,1,44,0
Itaberaba,Itaberaba,2020-10-10,2351,3,44,0
Itaberaba,Itaberaba,2020-10-11,2358,7,44,0
Itaberaba,Itaberaba,2020-10-12,2360,2,44,0
Itaberaba,Itaberaba,2020-10-13,2360,0,44,0
Itaberaba,Itaberaba,2020-10-14,2364,4,44,0
Itaberaba,Itaberaba,2020-10-15,2364,0,44,0
Itaberaba,Itaberaba,2020-10-16,2366,2,44,0
Itaberaba,Itaberaba,2020-10-17,2366,0,44,0
Itaberaba,Itaberaba,2020-10-18,2366,0,44,0
Itaberaba,Itaberaba,2020-10-19,2378,12,44,0
Itaberaba,Itaberaba,2020-10-20,2379,1,44,0
Itaberaba,Itaberaba,2020-10-21,2379,0,44,0
Itaberaba,Itaberaba,2020-10-22,2380,1,44,0
Itaberaba,Itaberaba,2020-10-23,2401,21,44,0
Itaberaba,Itaberaba,2020-10-24,2405,4,44,0
Itaberaba,Itaberaba,2020-10-25,2409,4,44,0
Itaberaba,Itaberaba,2020-10-26,2409,0,44,0
Itaberaba,Itaberaba,2020-10-27,2411,2,44,0
Itaberaba,Itaberaba,2020-10-28,2419,8,44,0
Itaberaba,Itaberaba,2020-10-29,2419,0,44,0
Itaberaba,Itaberaba,2020-10-30,2419,0,44,0
Itaberaba,Itaberaba,2020-10-31,2419,0,44,0
Itaberaba,Itaberaba,2020-11-01,2419,0,44,0
Itaberaba,Itaberaba,2020-11-02,2419,0,44,0
Itaberaba,Itaberaba,2020-11-03,2420,1,44,0
Itaberaba,Itaberaba,2020-11-04,2420,0,44,0
Itaberaba,Itaberaba,2020-11-05,2428,8,44,0
Itaberaba,Itaberaba,2020-11-06,2428,0,44,0
Itaberaba,Itaberaba,2020-11-07,2430,2,44,0
Itaberaba,Itaberaba,2020-11-08,2430,0,44,0
Itaberaba,Itaberaba,2020-11-09,2430,0,44,0
Itaberaba,Itaberaba,2020-11-10,2432,2,44,0
Itaberaba,Itaberaba,2020-11-11,2433,1,44,0
Itaberaba,Itaberaba,2020-11-12,2433,0,44,0
Itaberaba,Itaberaba,2020-11-13,2435,2,44,0
Itaberaba,Itaberaba,2020-11-14,2436,1,44,0
Itaberaba,Itaberaba,2020-11-15,2438,2,44,0
Itaberaba,Itaberaba,2020-11-16,2438,0,45,1
Itaberaba,Itaberaba,2020-11-17,2438,0,46,1
Itaberaba,Itaberaba,2020-11-18,2438,0,46,0
Itaberaba,Itaberaba,2020-11-19,2441,3,46,0
Itaberaba,Itaberaba,2020-11-20,2448,7,46,0
Itaberaba,Itaberaba,2020-11-21,2453,5,46,0
Itaberaba,Itaberaba,2020-11-22,2457,4,46,0
Itaberaba,Itaberaba,2020-11-23,2457,0,46,0
Itaberaba,Itaberaba,2020-11-24,2463,6,46,0
Itaberaba,Itaberaba,2020-11-25,2470,7,46,0
Itaberaba,Itaberaba,2020-11-26,2478,8,46,0
Itaberaba,Itaberaba,2020-11-27,2483,5,46,0
Itaberaba,Itaberaba,2020-11-28,2488,5,46,0
Itaberaba,Itaberaba,2020-11-29,2508,20,46,0
Itaberaba,Itaberaba,2020-11-30,2509,1,46,0
Itaberaba,Itaberaba,2020-12-01,2515,6,45,-1
Itaberaba,Itaberaba,2020-12-02,2524,9,45,0
Itaberaba,Itaberaba,2020-12-03,2548,24,45,0
Itaberaba,Itaberaba,2020-12-04,2560,12,45,0
Itaberaba,Itaberaba,2020-12-05,2561,1,45,0
Itaberaba,Itaberaba,2020-12-06,2572,11,45,0
Itaberaba,Itaberaba,2020-12-07,2574,2,45,0
Itaberaba,Itaberaba,2020-12-08,2609,35,45,0
Itaberaba,Itaberaba,2020-12-09,2611,2,45,0
Itaberaba,Itaberaba,2020-12-10,2626,15,45,0
Itaberaba,Itaberaba,2020-12-11,2628,2,45,0
Itaberaba,Itaberaba,2020-12-12,2631,3,45,0
Itaberaba,Itaberaba,2020-12-13,2638,7,45,0
Itaberaba,Itaberaba,2020-12-14,2647,9,45,0
Itaberaba,Itaberaba,2020-12-15,2662,15,45,0
Itaberaba,Itaberaba,2020-12-16,2720,58,45,0
Itaberaba,Itaberaba,2020-12-17,2730,10,45,0
Itaberaba,Itaberaba,2020-12-18,2791,61,45,0
Itaberaba,Itaberaba,2020-12-19,2838,47,45,0
Itaberaba,Itaberaba,2020-12-20,2839,1,45,0
Itaberaba,Itaberaba,2020-12-21,2839,0,45,0
Itaberaba,Itaberaba,2020-12-22,2865,26,46,1
Itaberaba,Itaberaba,2020-12-23,2887,22,47,1
Itaberaba,Itaberaba,2020-12-24,2890,3,47,0
Itaberaba,Itaberaba,2020-12-25,2897,7,48,1
Itaberaba,Itaberaba,2020-12-26,2897,0,48,0
Itaberaba,Itaberaba,2020-12-27,2897,0,48,0
Itaberaba,Itaberaba,2020-12-28,2901,4,48,0
Itaberaba,Itaberaba,2020-12-29,2929,28,48,0
Itaberaba,Itaberaba,2020-12-30,2951,22,49,1
Itaberaba,Itaberaba,2020-12-31,2984,33,49,0
Itaberaba,Itaberaba,2021-01-01,2985,1,49,0
Itaberaba,Itaberaba,2021-01-02,2985,0,49,0
Itaberaba,Itaberaba,2021-01-03,2987,2,49,0
Itaberaba,Itaberaba,2021-01-04,2987,0,49,0
Itaberaba,Itaberaba,2021-01-05,3008,21,49,0
Itaberaba,Itaberaba,2021-01-06,3042,34,49,0
Itaberaba,Itaberaba,2021-01-07,3076,34,49,0
Itaberaba,Itaberaba,2021-01-08,3084,8,49,0
Itaberaba,Itaberaba,2021-01-09,3096,12,49,0
Itaberaba,Itaberaba,2021-01-10,3096,0,49,0
Itaberaba,Itaberaba,2021-01-11,3096,0,49,0
Itaberaba,Itaberaba,2021-01-12,3117,21,49,0
Itaberaba,Itaberaba,2021-01-13,3147,30,49,0
Itaberaba,Itaberaba,2021-01-14,3158,11,49,0
Itaberaba,Itaberaba,2021-01-15,3178,20,53,4
Itaberaba,Itaberaba,2021-01-16,3199,21,53,0
Itaberaba,Itaberaba,2021-01-17,3223,24,53,0
Itaberaba,Itaberaba,2021-01-18,3240,17,53,0
Itaberaba,Itaberaba,2021-01-19,3260,20,54,1
Itaberaba,Itaberaba,2021-01-20,3326,66,54,0
Itaberaba,Itaberaba,2021-01-21,3451,125,54,0
Itaberaba,Itaberaba,2021-01-22,3529,78,55,1
Itaberaba,Itaberaba,2021-01-23,3574,45,56,1
Itaberaba,Itaberaba,2021-01-24,3600,26,56,0
Itaberaba,Itaberaba,2021-01-25,3609,9,56,0
Itaberaba,Itaberaba,2021-01-26,3631,22,56,0
Itaberaba,Itaberaba,2021-01-27,3648,17,56,0
Itaberaba,Itaberaba,2021-01-28,3666,18,56,0
Itaberaba,Itaberaba,2021-01-29,3682,16,57,1
Itaberaba,Itaberaba,2021-01-30,3699,17,58,1
Itaberaba,Itaberaba,2021-01-31,3701,2,58,0
Itaberaba,Itaberaba,2021-02-01,3703,2,60,2
Itaberaba,Itaberaba,2021-02-02,3713,10,61,1
Itaberaba,Itaberaba,2021-02-03,3739,26,61,0
Itaberaba,Itaberaba,2021-02-04,3814,75,61,0
Itaberaba,Itaberaba,2021-02-05,3874,60,61,0
Itaberaba,Itaberaba,2021-02-06,3929,55,61,0
Itaberaba,Itaberaba,2021-02-07,3930,1,63,2
Itaberaba,Itaberaba,2021-02-08,3932,2,63,0
