city,city,date,cases,daily cases,deaths,daily deaths
Itacoatiara,Itacoatiara,2020-03-27,0,0,0,0
Itacoatiara,Itacoatiara,2020-03-28,0,0,0,0
Itacoatiara,Itacoatiara,2020-03-29,2,2,0,0
Itacoatiara,Itacoatiara,2020-03-30,2,0,0,0
Itacoatiara,Itacoatiara,2020-03-31,4,2,0,0
Itacoatiara,Itacoatiara,2020-04-01,4,0,0,0
Itacoatiara,Itacoatiara,2020-04-02,4,0,0,0
Itacoatiara,Itacoatiara,2020-04-03,4,0,0,0
Itacoatiara,Itacoatiara,2020-04-04,4,0,0,0
Itacoatiara,Itacoatiara,2020-04-05,5,1,0,0
Itacoatiara,Itacoatiara,2020-04-06,8,3,1,1
Itacoatiara,Itacoatiara,2020-04-07,9,1,1,0
Itacoatiara,Itacoatiara,2020-04-08,11,2,0,-1
Itacoatiara,Itacoatiara,2020-04-09,11,0,0,0
Itacoatiara,Itacoatiara,2020-04-10,11,0,0,0
Itacoatiara,Itacoatiara,2020-04-11,11,0,0,0
Itacoatiara,Itacoatiara,2020-04-12,11,0,0,0
Itacoatiara,Itacoatiara,2020-04-13,15,4,1,1
Itacoatiara,Itacoatiara,2020-04-14,15,0,0,-1
Itacoatiara,Itacoatiara,2020-04-15,15,0,0,0
Itacoatiara,Itacoatiara,2020-04-16,15,0,0,0
Itacoatiara,Itacoatiara,2020-04-17,17,2,1,1
Itacoatiara,Itacoatiara,2020-04-18,15,-2,1,0
Itacoatiara,Itacoatiara,2020-04-19,27,12,1,0
Itacoatiara,Itacoatiara,2020-04-20,27,0,1,0
Itacoatiara,Itacoatiara,2020-04-21,39,12,1,0
Itacoatiara,Itacoatiara,2020-04-22,48,9,1,0
Itacoatiara,Itacoatiara,2020-04-23,56,8,4,3
Itacoatiara,Itacoatiara,2020-04-24,60,4,6,2
Itacoatiara,Itacoatiara,2020-04-25,71,11,6,0
Itacoatiara,Itacoatiara,2020-04-26,80,9,7,1
Itacoatiara,Itacoatiara,2020-04-27,84,4,8,1
Itacoatiara,Itacoatiara,2020-04-28,101,17,8,0
Itacoatiara,Itacoatiara,2020-04-29,115,14,9,1
Itacoatiara,Itacoatiara,2020-04-30,116,1,10,1
Itacoatiara,Itacoatiara,2020-05-01,127,11,10,0
Itacoatiara,Itacoatiara,2020-05-02,133,6,10,0
Itacoatiara,Itacoatiara,2020-05-03,137,4,13,3
Itacoatiara,Itacoatiara,2020-05-04,140,3,14,1
Itacoatiara,Itacoatiara,2020-05-05,150,10,16,2
Itacoatiara,Itacoatiara,2020-05-06,160,10,17,1
Itacoatiara,Itacoatiara,2020-05-07,177,17,17,0
Itacoatiara,Itacoatiara,2020-05-08,195,18,21,4
Itacoatiara,Itacoatiara,2020-05-09,204,9,24,3
Itacoatiara,Itacoatiara,2020-05-10,214,10,27,3
Itacoatiara,Itacoatiara,2020-05-11,215,1,27,0
Itacoatiara,Itacoatiara,2020-05-12,263,48,31,4
Itacoatiara,Itacoatiara,2020-05-13,290,27,33,2
Itacoatiara,Itacoatiara,2020-05-14,308,18,33,0
Itacoatiara,Itacoatiara,2020-05-15,337,29,33,0
Itacoatiara,Itacoatiara,2020-05-16,365,28,33,0
Itacoatiara,Itacoatiara,2020-05-17,368,3,33,0
Itacoatiara,Itacoatiara,2020-05-18,373,5,34,1
Itacoatiara,Itacoatiara,2020-05-19,421,48,34,0
Itacoatiara,Itacoatiara,2020-05-20,443,22,35,1
Itacoatiara,Itacoatiara,2020-05-21,497,54,38,3
Itacoatiara,Itacoatiara,2020-05-22,522,25,38,0
Itacoatiara,Itacoatiara,2020-05-23,591,69,38,0
Itacoatiara,Itacoatiara,2020-05-24,603,12,38,0
Itacoatiara,Itacoatiara,2020-05-25,637,34,38,0
Itacoatiara,Itacoatiara,2020-05-26,699,62,38,0
Itacoatiara,Itacoatiara,2020-05-27,714,15,38,0
Itacoatiara,Itacoatiara,2020-05-28,718,4,44,6
Itacoatiara,Itacoatiara,2020-05-29,752,34,44,0
Itacoatiara,Itacoatiara,2020-05-30,773,21,44,0
Itacoatiara,Itacoatiara,2020-05-31,814,41,45,1
Itacoatiara,Itacoatiara,2020-06-01,817,3,45,0
Itacoatiara,Itacoatiara,2020-06-02,817,0,45,0
Itacoatiara,Itacoatiara,2020-06-03,845,28,45,0
Itacoatiara,Itacoatiara,2020-06-04,879,34,45,0
Itacoatiara,Itacoatiara,2020-06-05,930,51,50,5
Itacoatiara,Itacoatiara,2020-06-06,962,32,50,0
Itacoatiara,Itacoatiara,2020-06-07,962,0,50,0
Itacoatiara,Itacoatiara,2020-06-08,1005,43,50,0
Itacoatiara,Itacoatiara,2020-06-09,1053,48,50,0
Itacoatiara,Itacoatiara,2020-06-10,1053,0,50,0
Itacoatiara,Itacoatiara,2020-06-11,1103,50,50,0
Itacoatiara,Itacoatiara,2020-06-12,1103,0,50,0
Itacoatiara,Itacoatiara,2020-06-13,1129,26,50,0
Itacoatiara,Itacoatiara,2020-06-14,1129,0,50,0
Itacoatiara,Itacoatiara,2020-06-15,1129,0,50,0
Itacoatiara,Itacoatiara,2020-06-16,1209,80,50,0
Itacoatiara,Itacoatiara,2020-06-17,1209,0,50,0
Itacoatiara,Itacoatiara,2020-06-18,1258,49,50,0
Itacoatiara,Itacoatiara,2020-06-19,1258,0,50,0
Itacoatiara,Itacoatiara,2020-06-20,1310,52,52,2
Itacoatiara,Itacoatiara,2020-06-21,1325,15,52,0
Itacoatiara,Itacoatiara,2020-06-22,1340,15,52,0
Itacoatiara,Itacoatiara,2020-06-23,1374,34,52,0
Itacoatiara,Itacoatiara,2020-06-24,1394,20,53,1
Itacoatiara,Itacoatiara,2020-06-25,1410,16,53,0
Itacoatiara,Itacoatiara,2020-06-26,1430,20,53,0
Itacoatiara,Itacoatiara,2020-06-27,1450,20,53,0
Itacoatiara,Itacoatiara,2020-06-28,1469,19,53,0
Itacoatiara,Itacoatiara,2020-06-29,1478,9,53,0
Itacoatiara,Itacoatiara,2020-06-30,1478,0,53,0
Itacoatiara,Itacoatiara,2020-07-01,1548,70,53,0
Itacoatiara,Itacoatiara,2020-07-02,1548,0,53,0
Itacoatiara,Itacoatiara,2020-07-03,1580,32,54,1
Itacoatiara,Itacoatiara,2020-07-04,1607,27,54,0
Itacoatiara,Itacoatiara,2020-07-05,1607,0,54,0
Itacoatiara,Itacoatiara,2020-07-06,1656,49,54,0
Itacoatiara,Itacoatiara,2020-07-07,1683,27,54,0
Itacoatiara,Itacoatiara,2020-07-08,1683,0,54,0
Itacoatiara,Itacoatiara,2020-07-09,1727,44,57,3
Itacoatiara,Itacoatiara,2020-07-10,1756,29,58,1
Itacoatiara,Itacoatiara,2020-07-11,1772,16,58,0
Itacoatiara,Itacoatiara,2020-07-12,1788,16,58,0
Itacoatiara,Itacoatiara,2020-07-13,1788,0,58,0
Itacoatiara,Itacoatiara,2020-07-14,1788,0,58,0
Itacoatiara,Itacoatiara,2020-07-15,1855,67,58,0
Itacoatiara,Itacoatiara,2020-07-16,1886,31,60,2
Itacoatiara,Itacoatiara,2020-07-17,1905,19,60,0
Itacoatiara,Itacoatiara,2020-07-18,1907,2,60,0
Itacoatiara,Itacoatiara,2020-07-19,1907,0,60,0
Itacoatiara,Itacoatiara,2020-07-20,1909,2,60,0
Itacoatiara,Itacoatiara,2020-07-21,1909,0,60,0
Itacoatiara,Itacoatiara,2020-07-22,1909,0,60,0
Itacoatiara,Itacoatiara,2020-07-23,1909,0,60,0
Itacoatiara,Itacoatiara,2020-07-24,1934,25,60,0
Itacoatiara,Itacoatiara,2020-07-25,1940,6,60,0
Itacoatiara,Itacoatiara,2020-07-26,1944,4,60,0
Itacoatiara,Itacoatiara,2020-07-27,1948,4,60,0
Itacoatiara,Itacoatiara,2020-07-28,1950,2,60,0
Itacoatiara,Itacoatiara,2020-07-29,1956,6,60,0
Itacoatiara,Itacoatiara,2020-07-30,1964,8,60,0
Itacoatiara,Itacoatiara,2020-07-31,1971,7,60,0
Itacoatiara,Itacoatiara,2020-08-01,1975,4,60,0
Itacoatiara,Itacoatiara,2020-08-02,1978,3,61,1
Itacoatiara,Itacoatiara,2020-08-03,1980,2,61,0
Itacoatiara,Itacoatiara,2020-08-04,1989,9,61,0
Itacoatiara,Itacoatiara,2020-08-05,1993,4,61,0
Itacoatiara,Itacoatiara,2020-08-06,2001,8,61,0
Itacoatiara,Itacoatiara,2020-08-07,2017,16,61,0
Itacoatiara,Itacoatiara,2020-08-08,2017,0,61,0
Itacoatiara,Itacoatiara,2020-08-09,2017,0,61,0
Itacoatiara,Itacoatiara,2020-08-10,2020,3,61,0
Itacoatiara,Itacoatiara,2020-08-11,2022,2,61,0
Itacoatiara,Itacoatiara,2020-08-12,2022,0,61,0
Itacoatiara,Itacoatiara,2020-08-13,2022,0,61,0
Itacoatiara,Itacoatiara,2020-08-14,2023,1,61,0
Itacoatiara,Itacoatiara,2020-08-15,2023,0,63,2
Itacoatiara,Itacoatiara,2020-08-16,2025,2,63,0
Itacoatiara,Itacoatiara,2020-08-17,2025,0,63,0
Itacoatiara,Itacoatiara,2020-08-18,2025,0,63,0
Itacoatiara,Itacoatiara,2020-08-19,2027,2,63,0
Itacoatiara,Itacoatiara,2020-08-20,2029,2,63,0
Itacoatiara,Itacoatiara,2020-08-21,2031,2,63,0
Itacoatiara,Itacoatiara,2020-08-22,2031,0,63,0
Itacoatiara,Itacoatiara,2020-08-23,2031,0,63,0
Itacoatiara,Itacoatiara,2020-08-24,2035,4,63,0
Itacoatiara,Itacoatiara,2020-08-25,2038,3,63,0
Itacoatiara,Itacoatiara,2020-08-26,2038,0,64,1
Itacoatiara,Itacoatiara,2020-08-27,2039,1,64,0
Itacoatiara,Itacoatiara,2020-08-28,2039,0,64,0
Itacoatiara,Itacoatiara,2020-08-29,2039,0,64,0
Itacoatiara,Itacoatiara,2020-08-30,2040,1,64,0
Itacoatiara,Itacoatiara,2020-08-31,2040,0,64,0
Itacoatiara,Itacoatiara,2020-09-01,2042,2,64,0
Itacoatiara,Itacoatiara,2020-09-02,2042,0,64,0
Itacoatiara,Itacoatiara,2020-09-03,2042,0,64,0
Itacoatiara,Itacoatiara,2020-09-04,2055,13,64,0
Itacoatiara,Itacoatiara,2020-09-05,2067,12,64,0
Itacoatiara,Itacoatiara,2020-09-06,2067,0,64,0
Itacoatiara,Itacoatiara,2020-09-07,2070,3,64,0
Itacoatiara,Itacoatiara,2020-09-08,2070,0,64,0
Itacoatiara,Itacoatiara,2020-09-09,2073,3,64,0
Itacoatiara,Itacoatiara,2020-09-10,2075,2,64,0
Itacoatiara,Itacoatiara,2020-09-11,2077,2,65,1
Itacoatiara,Itacoatiara,2020-09-12,2077,0,66,1
Itacoatiara,Itacoatiara,2020-09-13,2088,11,66,0
Itacoatiara,Itacoatiara,2020-09-14,2090,2,66,0
Itacoatiara,Itacoatiara,2020-09-15,2092,2,66,0
Itacoatiara,Itacoatiara,2020-09-16,2096,4,66,0
Itacoatiara,Itacoatiara,2020-09-17,2099,3,68,2
Itacoatiara,Itacoatiara,2020-09-18,2100,1,68,0
Itacoatiara,Itacoatiara,2020-09-19,2105,5,68,0
Itacoatiara,Itacoatiara,2020-09-20,2112,7,68,0
Itacoatiara,Itacoatiara,2020-09-21,2112,0,68,0
Itacoatiara,Itacoatiara,2020-09-22,2112,0,68,0
Itacoatiara,Itacoatiara,2020-09-23,2113,1,69,1
Itacoatiara,Itacoatiara,2020-09-24,2121,8,70,1
Itacoatiara,Itacoatiara,2020-09-25,2121,0,70,0
Itacoatiara,Itacoatiara,2020-09-26,2132,11,70,0
Itacoatiara,Itacoatiara,2020-09-27,2135,3,70,0
Itacoatiara,Itacoatiara,2020-09-28,2136,1,70,0
Itacoatiara,Itacoatiara,2020-09-29,2137,1,70,0
Itacoatiara,Itacoatiara,2020-09-30,2142,5,70,0
Itacoatiara,Itacoatiara,2020-10-01,2154,12,70,0
Itacoatiara,Itacoatiara,2020-10-02,2159,5,70,0
Itacoatiara,Itacoatiara,2020-10-03,2159,0,70,0
Itacoatiara,Itacoatiara,2020-10-04,2170,11,71,1
Itacoatiara,Itacoatiara,2020-10-05,2177,7,71,0
Itacoatiara,Itacoatiara,2020-10-06,2196,19,71,0
Itacoatiara,Itacoatiara,2020-10-07,2196,0,71,0
Itacoatiara,Itacoatiara,2020-10-08,2226,30,72,1
Itacoatiara,Itacoatiara,2020-10-09,2232,6,72,0
Itacoatiara,Itacoatiara,2020-10-10,2232,0,73,1
Itacoatiara,Itacoatiara,2020-10-11,2253,21,73,0
Itacoatiara,Itacoatiara,2020-10-12,2256,3,73,0
Itacoatiara,Itacoatiara,2020-10-13,2259,3,73,0
Itacoatiara,Itacoatiara,2020-10-14,2275,16,74,1
Itacoatiara,Itacoatiara,2020-10-15,2287,12,74,0
Itacoatiara,Itacoatiara,2020-10-16,2295,8,74,0
Itacoatiara,Itacoatiara,2020-10-17,2312,17,74,0
Itacoatiara,Itacoatiara,2020-10-18,2321,9,74,0
Itacoatiara,Itacoatiara,2020-10-19,2323,2,74,0
Itacoatiara,Itacoatiara,2020-10-20,2338,15,74,0
Itacoatiara,Itacoatiara,2020-10-21,2343,5,74,0
Itacoatiara,Itacoatiara,2020-10-22,2358,15,74,0
Itacoatiara,Itacoatiara,2020-10-23,2364,6,75,1
Itacoatiara,Itacoatiara,2020-10-24,2369,5,76,1
Itacoatiara,Itacoatiara,2020-10-25,2372,3,77,1
Itacoatiara,Itacoatiara,2020-10-26,2384,12,78,1
Itacoatiara,Itacoatiara,2020-10-27,2403,19,78,0
Itacoatiara,Itacoatiara,2020-10-28,2420,17,78,0
Itacoatiara,Itacoatiara,2020-10-29,2427,7,78,0
Itacoatiara,Itacoatiara,2020-10-30,2440,13,78,0
Itacoatiara,Itacoatiara,2020-10-31,2450,10,78,0
Itacoatiara,Itacoatiara,2020-11-01,2462,12,78,0
Itacoatiara,Itacoatiara,2020-11-02,2473,11,78,0
Itacoatiara,Itacoatiara,2020-11-03,2474,1,78,0
Itacoatiara,Itacoatiara,2020-11-04,2483,9,78,0
Itacoatiara,Itacoatiara,2020-11-05,2487,4,78,0
Itacoatiara,Itacoatiara,2020-11-06,2487,0,78,0
Itacoatiara,Itacoatiara,2020-11-07,2497,10,81,3
Itacoatiara,Itacoatiara,2020-11-08,2501,4,81,0
Itacoatiara,Itacoatiara,2020-11-09,2508,7,81,0
Itacoatiara,Itacoatiara,2020-11-10,2514,6,81,0
Itacoatiara,Itacoatiara,2020-11-11,2522,8,81,0
Itacoatiara,Itacoatiara,2020-11-12,2522,0,81,0
Itacoatiara,Itacoatiara,2020-11-13,2540,18,82,1
Itacoatiara,Itacoatiara,2020-11-14,2544,4,82,0
Itacoatiara,Itacoatiara,2020-11-15,2549,5,82,0
Itacoatiara,Itacoatiara,2020-11-16,2561,12,82,0
Itacoatiara,Itacoatiara,2020-11-17,2577,16,83,1
Itacoatiara,Itacoatiara,2020-11-18,2585,8,84,1
Itacoatiara,Itacoatiara,2020-11-19,2592,7,85,1
Itacoatiara,Itacoatiara,2020-11-20,2610,18,85,0
Itacoatiara,Itacoatiara,2020-11-21,2615,5,85,0
Itacoatiara,Itacoatiara,2020-11-22,2616,1,85,0
Itacoatiara,Itacoatiara,2020-11-23,2622,6,85,0
Itacoatiara,Itacoatiara,2020-11-24,2629,7,85,0
Itacoatiara,Itacoatiara,2020-11-25,2638,9,85,0
Itacoatiara,Itacoatiara,2020-11-26,2655,17,89,4
Itacoatiara,Itacoatiara,2020-11-27,2677,22,90,1
Itacoatiara,Itacoatiara,2020-11-28,2677,0,90,0
Itacoatiara,Itacoatiara,2020-11-29,2679,2,90,0
Itacoatiara,Itacoatiara,2020-11-30,2691,12,92,2
Itacoatiara,Itacoatiara,2020-12-01,2699,8,92,0
Itacoatiara,Itacoatiara,2020-12-02,2703,4,92,0
Itacoatiara,Itacoatiara,2020-12-03,2712,9,95,3
Itacoatiara,Itacoatiara,2020-12-04,2718,6,95,0
Itacoatiara,Itacoatiara,2020-12-05,2719,1,95,0
Itacoatiara,Itacoatiara,2020-12-06,2723,4,95,0
Itacoatiara,Itacoatiara,2020-12-07,2728,5,95,0
Itacoatiara,Itacoatiara,2020-12-08,2728,0,95,0
Itacoatiara,Itacoatiara,2020-12-09,2737,9,95,0
Itacoatiara,Itacoatiara,2020-12-10,2741,4,95,0
Itacoatiara,Itacoatiara,2020-12-11,2759,18,95,0
Itacoatiara,Itacoatiara,2020-12-12,2764,5,95,0
Itacoatiara,Itacoatiara,2020-12-13,2781,17,95,0
Itacoatiara,Itacoatiara,2020-12-14,2787,6,95,0
Itacoatiara,Itacoatiara,2020-12-15,2794,7,95,0
Itacoatiara,Itacoatiara,2020-12-16,2799,5,95,0
Itacoatiara,Itacoatiara,2020-12-17,2815,16,95,0
Itacoatiara,Itacoatiara,2020-12-18,2821,6,95,0
Itacoatiara,Itacoatiara,2020-12-19,2833,12,95,0
Itacoatiara,Itacoatiara,2020-12-20,2843,10,95,0
Itacoatiara,Itacoatiara,2020-12-21,2843,0,95,0
Itacoatiara,Itacoatiara,2020-12-22,2849,6,95,0
Itacoatiara,Itacoatiara,2020-12-23,2859,10,95,0
Itacoatiara,Itacoatiara,2020-12-24,2862,3,95,0
Itacoatiara,Itacoatiara,2020-12-25,2862,0,95,0
Itacoatiara,Itacoatiara,2020-12-26,2868,6,95,0
Itacoatiara,Itacoatiara,2020-12-27,2868,0,95,0
Itacoatiara,Itacoatiara,2020-12-28,2880,12,96,1
Itacoatiara,Itacoatiara,2020-12-29,2887,7,96,0
Itacoatiara,Itacoatiara,2020-12-30,2897,10,97,1
Itacoatiara,Itacoatiara,2020-12-31,2901,4,98,1
Itacoatiara,Itacoatiara,2021-01-01,2902,1,98,0
Itacoatiara,Itacoatiara,2021-01-02,2904,2,98,0
Itacoatiara,Itacoatiara,2021-01-03,2917,13,98,0
Itacoatiara,Itacoatiara,2021-01-04,2928,11,98,0
Itacoatiara,Itacoatiara,2021-01-05,2949,21,99,1
Itacoatiara,Itacoatiara,2021-01-06,2966,17,99,0
Itacoatiara,Itacoatiara,2021-01-07,2980,14,100,1
Itacoatiara,Itacoatiara,2021-01-08,2980,0,100,0
Itacoatiara,Itacoatiara,2021-01-09,3018,38,100,0
Itacoatiara,Itacoatiara,2021-01-10,3041,23,101,1
Itacoatiara,Itacoatiara,2021-01-11,3090,49,103,2
Itacoatiara,Itacoatiara,2021-01-12,3139,49,104,1
Itacoatiara,Itacoatiara,2021-01-13,3188,49,104,0
Itacoatiara,Itacoatiara,2021-01-14,3250,62,105,1
Itacoatiara,Itacoatiara,2021-01-15,3304,54,108,3
Itacoatiara,Itacoatiara,2021-01-16,3358,54,111,3
Itacoatiara,Itacoatiara,2021-01-17,3396,38,115,4
Itacoatiara,Itacoatiara,2021-01-18,3432,36,116,1
Itacoatiara,Itacoatiara,2021-01-19,3512,80,127,11
Itacoatiara,Itacoatiara,2021-01-20,3577,65,131,4
Itacoatiara,Itacoatiara,2021-01-21,3620,43,133,2
Itacoatiara,Itacoatiara,2021-01-22,3691,71,139,6
Itacoatiara,Itacoatiara,2021-01-23,3782,91,142,3
Itacoatiara,Itacoatiara,2021-01-24,3835,53,142,0
Itacoatiara,Itacoatiara,2021-01-25,3835,0,142,0
Itacoatiara,Itacoatiara,2021-01-26,3907,72,154,12
Itacoatiara,Itacoatiara,2021-01-27,3959,52,155,1
Itacoatiara,Itacoatiara,2021-01-28,4000,41,156,1
Itacoatiara,Itacoatiara,2021-01-29,4112,112,160,4
Itacoatiara,Itacoatiara,2021-01-30,4207,95,167,7
Itacoatiara,Itacoatiara,2021-01-31,4303,96,168,1
Itacoatiara,Itacoatiara,2021-02-01,4374,71,171,3
Itacoatiara,Itacoatiara,2021-02-02,4470,96,179,8
Itacoatiara,Itacoatiara,2021-02-03,4561,91,182,3
Itacoatiara,Itacoatiara,2021-02-04,4625,64,186,4
Itacoatiara,Itacoatiara,2021-02-05,4678,53,194,8
Itacoatiara,Itacoatiara,2021-02-06,4735,57,195,1
Itacoatiara,Itacoatiara,2021-02-07,4775,40,198,3
Itacoatiara,Itacoatiara,2021-02-08,4804,29,206,8
