city,city,date,cases,daily cases,deaths,daily deaths
Itaituba,Itaituba,2020-03-27,0,0,0,0
Itaituba,Itaituba,2020-03-28,1,1,0,0
Itaituba,Itaituba,2020-03-29,1,0,0,0
Itaituba,Itaituba,2020-03-30,1,0,0,0
Itaituba,Itaituba,2020-03-31,1,0,0,0
Itaituba,Itaituba,2020-04-01,1,0,0,0
Itaituba,Itaituba,2020-04-02,1,0,0,0
Itaituba,Itaituba,2020-04-03,1,0,0,0
Itaituba,Itaituba,2020-04-04,3,2,0,0
Itaituba,Itaituba,2020-04-05,3,0,0,0
Itaituba,Itaituba,2020-04-06,3,0,0,0
Itaituba,Itaituba,2020-04-07,3,0,0,0
Itaituba,Itaituba,2020-04-08,3,0,0,0
Itaituba,Itaituba,2020-04-09,3,0,0,0
Itaituba,Itaituba,2020-04-10,3,0,0,0
Itaituba,Itaituba,2020-04-11,3,0,0,0
Itaituba,Itaituba,2020-04-12,3,0,0,0
Itaituba,Itaituba,2020-04-13,3,0,0,0
Itaituba,Itaituba,2020-04-14,3,0,0,0
Itaituba,Itaituba,2020-04-15,3,0,0,0
Itaituba,Itaituba,2020-04-16,3,0,0,0
Itaituba,Itaituba,2020-04-17,4,1,0,0
Itaituba,Itaituba,2020-04-18,4,0,0,0
Itaituba,Itaituba,2020-04-19,5,1,0,0
Itaituba,Itaituba,2020-04-20,5,0,0,0
Itaituba,Itaituba,2020-04-21,6,1,0,0
Itaituba,Itaituba,2020-04-22,6,0,0,0
Itaituba,Itaituba,2020-04-23,6,0,0,0
Itaituba,Itaituba,2020-04-24,6,0,0,0
Itaituba,Itaituba,2020-04-25,6,0,0,0
Itaituba,Itaituba,2020-04-26,7,1,0,0
Itaituba,Itaituba,2020-04-27,7,0,0,0
Itaituba,Itaituba,2020-04-28,7,0,0,0
Itaituba,Itaituba,2020-04-29,7,0,0,0
Itaituba,Itaituba,2020-04-30,7,0,0,0
Itaituba,Itaituba,2020-05-01,9,2,0,0
Itaituba,Itaituba,2020-05-02,9,0,0,0
Itaituba,Itaituba,2020-05-03,10,1,1,1
Itaituba,Itaituba,2020-05-04,10,0,1,0
Itaituba,Itaituba,2020-05-05,10,0,1,0
Itaituba,Itaituba,2020-05-06,10,0,1,0
Itaituba,Itaituba,2020-05-07,10,0,1,0
Itaituba,Itaituba,2020-05-08,10,0,1,0
Itaituba,Itaituba,2020-05-09,10,0,1,0
Itaituba,Itaituba,2020-05-10,10,0,1,0
Itaituba,Itaituba,2020-05-11,10,0,1,0
Itaituba,Itaituba,2020-05-12,14,4,1,0
Itaituba,Itaituba,2020-05-13,14,0,1,0
Itaituba,Itaituba,2020-05-14,24,10,1,0
Itaituba,Itaituba,2020-05-15,29,5,1,0
Itaituba,Itaituba,2020-05-16,36,7,1,0
Itaituba,Itaituba,2020-05-17,37,1,1,0
Itaituba,Itaituba,2020-05-18,37,0,3,2
Itaituba,Itaituba,2020-05-19,37,0,3,0
Itaituba,Itaituba,2020-05-20,37,0,3,0
Itaituba,Itaituba,2020-05-21,37,0,3,0
Itaituba,Itaituba,2020-05-22,37,0,3,0
Itaituba,Itaituba,2020-05-23,37,0,3,0
Itaituba,Itaituba,2020-05-24,37,0,3,0
Itaituba,Itaituba,2020-05-25,40,3,3,0
Itaituba,Itaituba,2020-05-26,40,0,3,0
Itaituba,Itaituba,2020-05-27,40,0,3,0
Itaituba,Itaituba,2020-05-28,40,0,3,0
Itaituba,Itaituba,2020-05-29,43,3,3,0
Itaituba,Itaituba,2020-05-30,45,2,4,1
Itaituba,Itaituba,2020-05-31,46,1,4,0
Itaituba,Itaituba,2020-06-01,46,0,4,0
Itaituba,Itaituba,2020-06-02,47,1,4,0
Itaituba,Itaituba,2020-06-03,51,4,4,0
Itaituba,Itaituba,2020-06-04,288,237,6,2
Itaituba,Itaituba,2020-06-05,359,71,6,0
Itaituba,Itaituba,2020-06-06,522,163,7,1
Itaituba,Itaituba,2020-06-07,608,86,9,2
Itaituba,Itaituba,2020-06-08,675,67,9,0
Itaituba,Itaituba,2020-06-09,892,217,10,1
Itaituba,Itaituba,2020-06-10,969,77,10,0
Itaituba,Itaituba,2020-06-11,1006,37,12,2
Itaituba,Itaituba,2020-06-12,1056,50,13,1
Itaituba,Itaituba,2020-06-13,1072,16,13,0
Itaituba,Itaituba,2020-06-14,1076,4,13,0
Itaituba,Itaituba,2020-06-15,1068,-8,13,0
Itaituba,Itaituba,2020-06-16,1069,1,13,0
Itaituba,Itaituba,2020-06-17,1096,27,13,0
Itaituba,Itaituba,2020-06-18,1175,79,14,1
Itaituba,Itaituba,2020-06-19,1407,232,15,1
Itaituba,Itaituba,2020-06-20,1659,252,19,4
Itaituba,Itaituba,2020-06-21,1896,237,36,17
Itaituba,Itaituba,2020-06-22,1946,50,36,0
Itaituba,Itaituba,2020-06-23,1973,27,39,3
Itaituba,Itaituba,2020-06-24,2131,158,39,0
Itaituba,Itaituba,2020-06-25,2210,79,39,0
Itaituba,Itaituba,2020-06-26,2278,68,39,0
Itaituba,Itaituba,2020-06-27,2344,66,40,1
Itaituba,Itaituba,2020-06-28,2436,92,40,0
Itaituba,Itaituba,2020-06-29,2456,20,41,1
Itaituba,Itaituba,2020-06-30,2462,6,42,1
Itaituba,Itaituba,2020-07-01,2502,40,42,0
Itaituba,Itaituba,2020-07-02,2575,73,42,0
Itaituba,Itaituba,2020-07-03,2748,173,42,0
Itaituba,Itaituba,2020-07-04,2891,143,42,0
Itaituba,Itaituba,2020-07-05,2893,2,43,1
Itaituba,Itaituba,2020-07-06,2893,0,43,0
Itaituba,Itaituba,2020-07-07,2963,70,43,0
Itaituba,Itaituba,2020-07-08,3020,57,43,0
Itaituba,Itaituba,2020-07-09,3052,32,43,0
Itaituba,Itaituba,2020-07-10,3124,72,46,3
Itaituba,Itaituba,2020-07-11,3180,56,47,1
Itaituba,Itaituba,2020-07-12,3206,26,47,0
Itaituba,Itaituba,2020-07-13,3206,0,48,1
Itaituba,Itaituba,2020-07-14,3309,103,49,1
Itaituba,Itaituba,2020-07-15,3414,105,49,0
Itaituba,Itaituba,2020-07-16,3491,77,50,1
Itaituba,Itaituba,2020-07-17,3558,67,52,2
Itaituba,Itaituba,2020-07-18,3629,71,52,0
Itaituba,Itaituba,2020-07-19,3636,7,52,0
Itaituba,Itaituba,2020-07-20,3636,0,52,0
Itaituba,Itaituba,2020-07-21,3673,37,52,0
Itaituba,Itaituba,2020-07-22,3711,38,53,1
Itaituba,Itaituba,2020-07-23,3714,3,54,1
Itaituba,Itaituba,2020-07-24,3739,25,70,16
Itaituba,Itaituba,2020-07-25,3809,70,90,20
Itaituba,Itaituba,2020-07-26,3830,21,95,5
Itaituba,Itaituba,2020-07-27,3835,5,95,0
Itaituba,Itaituba,2020-07-28,3921,86,95,0
Itaituba,Itaituba,2020-07-29,3997,76,96,1
Itaituba,Itaituba,2020-07-30,3999,2,96,0
Itaituba,Itaituba,2020-07-31,4000,1,97,1
Itaituba,Itaituba,2020-08-01,4009,9,97,0
Itaituba,Itaituba,2020-08-02,4009,0,97,0
Itaituba,Itaituba,2020-08-03,4009,0,97,0
Itaituba,Itaituba,2020-08-04,4011,2,97,0
Itaituba,Itaituba,2020-08-05,4104,93,97,0
Itaituba,Itaituba,2020-08-06,4233,129,97,0
Itaituba,Itaituba,2020-08-07,4282,49,97,0
Itaituba,Itaituba,2020-08-08,4328,46,97,0
Itaituba,Itaituba,2020-08-09,4328,0,97,0
Itaituba,Itaituba,2020-08-10,4328,0,97,0
Itaituba,Itaituba,2020-08-11,4331,3,97,0
Itaituba,Itaituba,2020-08-12,4536,205,97,0
Itaituba,Itaituba,2020-08-13,4536,0,97,0
Itaituba,Itaituba,2020-08-14,4629,93,97,0
Itaituba,Itaituba,2020-08-15,4629,0,97,0
Itaituba,Itaituba,2020-08-16,4630,1,97,0
Itaituba,Itaituba,2020-08-17,4630,0,97,0
Itaituba,Itaituba,2020-08-18,4642,12,97,0
Itaituba,Itaituba,2020-08-19,4780,138,97,0
Itaituba,Itaituba,2020-08-20,4781,1,97,0
Itaituba,Itaituba,2020-08-21,4973,192,97,0
Itaituba,Itaituba,2020-08-22,5024,51,97,0
Itaituba,Itaituba,2020-08-23,5120,96,97,0
Itaituba,Itaituba,2020-08-24,5148,28,97,0
Itaituba,Itaituba,2020-08-25,5236,88,97,0
Itaituba,Itaituba,2020-08-26,5429,193,97,0
Itaituba,Itaituba,2020-08-27,5488,59,97,0
Itaituba,Itaituba,2020-08-28,5498,10,97,0
Itaituba,Itaituba,2020-08-29,5498,0,97,0
Itaituba,Itaituba,2020-08-30,5499,1,97,0
Itaituba,Itaituba,2020-08-31,5508,9,97,0
Itaituba,Itaituba,2020-09-01,5509,1,97,0
Itaituba,Itaituba,2020-09-02,5635,126,97,0
Itaituba,Itaituba,2020-09-03,5636,1,97,0
Itaituba,Itaituba,2020-09-04,5738,102,97,0
Itaituba,Itaituba,2020-09-05,5753,15,97,0
Itaituba,Itaituba,2020-09-06,5753,0,97,0
Itaituba,Itaituba,2020-09-07,5753,0,97,0
Itaituba,Itaituba,2020-09-08,5753,0,97,0
Itaituba,Itaituba,2020-09-09,5774,21,97,0
Itaituba,Itaituba,2020-09-10,5774,0,97,0
Itaituba,Itaituba,2020-09-11,5777,3,97,0
Itaituba,Itaituba,2020-09-12,5779,2,97,0
Itaituba,Itaituba,2020-09-13,5779,0,97,0
Itaituba,Itaituba,2020-09-14,5779,0,97,0
Itaituba,Itaituba,2020-09-15,5820,41,97,0
Itaituba,Itaituba,2020-09-16,5824,4,97,0
Itaituba,Itaituba,2020-09-17,5832,8,97,0
Itaituba,Itaituba,2020-09-18,5832,0,97,0
Itaituba,Itaituba,2020-09-19,5835,3,97,0
Itaituba,Itaituba,2020-09-20,5835,0,97,0
Itaituba,Itaituba,2020-09-21,5835,0,97,0
Itaituba,Itaituba,2020-09-22,5835,0,97,0
Itaituba,Itaituba,2020-09-23,5841,6,97,0
Itaituba,Itaituba,2020-09-24,5841,0,97,0
Itaituba,Itaituba,2020-09-25,5841,0,96,-1
Itaituba,Itaituba,2020-09-26,5877,36,97,1
Itaituba,Itaituba,2020-09-27,5980,103,97,0
Itaituba,Itaituba,2020-09-28,5980,0,97,0
Itaituba,Itaituba,2020-09-29,6050,70,97,0
Itaituba,Itaituba,2020-09-30,6093,43,97,0
Itaituba,Itaituba,2020-10-01,6093,0,97,0
Itaituba,Itaituba,2020-10-02,6107,14,97,0
Itaituba,Itaituba,2020-10-03,6140,33,98,1
Itaituba,Itaituba,2020-10-04,6141,1,99,1
Itaituba,Itaituba,2020-10-05,6141,0,99,0
Itaituba,Itaituba,2020-10-06,6148,7,99,0
Itaituba,Itaituba,2020-10-07,6170,22,99,0
Itaituba,Itaituba,2020-10-08,6249,79,99,0
Itaituba,Itaituba,2020-10-09,6261,12,99,0
Itaituba,Itaituba,2020-10-10,6317,56,99,0
Itaituba,Itaituba,2020-10-11,6317,0,99,0
Itaituba,Itaituba,2020-10-12,6317,0,99,0
Itaituba,Itaituba,2020-10-13,6317,0,99,0
Itaituba,Itaituba,2020-10-14,6334,17,99,0
Itaituba,Itaituba,2020-10-15,6339,5,99,0
Itaituba,Itaituba,2020-10-16,6344,5,99,0
Itaituba,Itaituba,2020-10-17,6347,3,99,0
Itaituba,Itaituba,2020-10-18,6347,0,99,0
Itaituba,Itaituba,2020-10-19,6347,0,99,0
Itaituba,Itaituba,2020-10-20,6364,17,99,0
Itaituba,Itaituba,2020-10-21,6389,25,99,0
Itaituba,Itaituba,2020-10-22,6414,25,99,0
Itaituba,Itaituba,2020-10-23,6437,23,99,0
Itaituba,Itaituba,2020-10-24,6467,30,99,0
Itaituba,Itaituba,2020-10-25,6467,0,99,0
Itaituba,Itaituba,2020-10-26,6467,0,99,0
Itaituba,Itaituba,2020-10-27,6467,0,99,0
Itaituba,Itaituba,2020-10-28,6523,56,99,0
Itaituba,Itaituba,2020-10-29,6542,19,99,0
Itaituba,Itaituba,2020-10-30,6542,0,99,0
Itaituba,Itaituba,2020-10-31,6542,0,99,0
Itaituba,Itaituba,2020-11-01,6542,0,99,0
Itaituba,Itaituba,2020-11-02,6542,0,99,0
Itaituba,Itaituba,2020-11-03,6542,0,99,0
Itaituba,Itaituba,2020-11-04,6551,9,99,0
Itaituba,Itaituba,2020-11-05,6551,0,99,0
Itaituba,Itaituba,2020-11-06,6558,7,99,0
Itaituba,Itaituba,2020-11-07,6563,5,99,0
Itaituba,Itaituba,2020-11-08,6563,0,99,0
Itaituba,Itaituba,2020-11-09,6563,0,99,0
Itaituba,Itaituba,2020-11-10,6581,18,99,0
Itaituba,Itaituba,2020-11-11,6594,13,99,0
Itaituba,Itaituba,2020-11-12,6619,25,99,0
Itaituba,Itaituba,2020-11-13,6620,1,99,0
Itaituba,Itaituba,2020-11-14,6621,1,99,0
Itaituba,Itaituba,2020-11-15,6621,0,99,0
Itaituba,Itaituba,2020-11-16,6621,0,99,0
Itaituba,Itaituba,2020-11-17,6646,25,99,0
Itaituba,Itaituba,2020-11-18,6647,1,99,0
Itaituba,Itaituba,2020-11-19,6659,12,99,0
Itaituba,Itaituba,2020-11-20,6683,24,99,0
Itaituba,Itaituba,2020-11-21,6685,2,99,0
Itaituba,Itaituba,2020-11-22,6685,0,99,0
Itaituba,Itaituba,2020-11-23,6685,0,99,0
Itaituba,Itaituba,2020-11-24,6685,0,99,0
Itaituba,Itaituba,2020-11-25,6685,0,99,0
Itaituba,Itaituba,2020-11-26,6698,13,99,0
Itaituba,Itaituba,2020-11-27,6703,5,99,0
Itaituba,Itaituba,2020-11-28,6706,3,99,0
Itaituba,Itaituba,2020-11-29,6706,0,99,0
Itaituba,Itaituba,2020-11-30,6706,0,99,0
Itaituba,Itaituba,2020-12-01,6706,0,99,0
Itaituba,Itaituba,2020-12-02,6707,1,99,0
Itaituba,Itaituba,2020-12-03,6707,0,99,0
Itaituba,Itaituba,2020-12-04,6729,22,99,0
Itaituba,Itaituba,2020-12-05,6739,10,99,0
Itaituba,Itaituba,2020-12-06,6739,0,99,0
Itaituba,Itaituba,2020-12-07,6739,0,99,0
Itaituba,Itaituba,2020-12-08,6740,1,99,0
Itaituba,Itaituba,2020-12-09,6740,0,99,0
Itaituba,Itaituba,2020-12-10,6740,0,99,0
Itaituba,Itaituba,2020-12-11,6740,0,99,0
Itaituba,Itaituba,2020-12-12,6766,26,99,0
Itaituba,Itaituba,2020-12-13,6766,0,99,0
Itaituba,Itaituba,2020-12-14,6766,0,99,0
Itaituba,Itaituba,2020-12-15,6766,0,99,0
Itaituba,Itaituba,2020-12-16,6766,0,99,0
Itaituba,Itaituba,2020-12-17,6767,1,100,1
Itaituba,Itaituba,2020-12-18,6767,0,100,0
Itaituba,Itaituba,2020-12-19,6768,1,100,0
Itaituba,Itaituba,2020-12-20,6768,0,100,0
Itaituba,Itaituba,2020-12-21,6768,0,100,0
Itaituba,Itaituba,2020-12-22,6772,4,100,0
Itaituba,Itaituba,2020-12-23,6778,6,100,0
Itaituba,Itaituba,2020-12-24,6784,6,100,0
Itaituba,Itaituba,2020-12-25,6785,1,100,0
Itaituba,Itaituba,2020-12-26,6785,0,100,0
Itaituba,Itaituba,2020-12-27,6785,0,100,0
Itaituba,Itaituba,2020-12-28,6785,0,100,0
Itaituba,Itaituba,2020-12-29,6788,3,100,0
Itaituba,Itaituba,2020-12-30,6788,0,101,1
Itaituba,Itaituba,2020-12-31,6788,0,101,0
Itaituba,Itaituba,2021-01-01,6788,0,101,0
Itaituba,Itaituba,2021-01-02,6788,0,101,0
Itaituba,Itaituba,2021-01-03,6788,0,102,1
Itaituba,Itaituba,2021-01-04,6788,0,102,0
Itaituba,Itaituba,2021-01-05,6811,23,102,0
Itaituba,Itaituba,2021-01-06,6813,2,102,0
Itaituba,Itaituba,2021-01-07,6813,0,102,0
Itaituba,Itaituba,2021-01-08,6815,2,102,0
Itaituba,Itaituba,2021-01-09,6815,0,102,0
Itaituba,Itaituba,2021-01-10,6815,0,102,0
Itaituba,Itaituba,2021-01-11,6815,0,102,0
Itaituba,Itaituba,2021-01-12,6815,0,102,0
Itaituba,Itaituba,2021-01-13,6828,13,102,0
Itaituba,Itaituba,2021-01-14,6862,34,102,0
Itaituba,Itaituba,2021-01-15,6946,84,102,0
Itaituba,Itaituba,2021-01-16,6976,30,102,0
Itaituba,Itaituba,2021-01-17,6976,0,102,0
Itaituba,Itaituba,2021-01-18,6976,0,102,0
Itaituba,Itaituba,2021-01-19,7002,26,102,0
Itaituba,Itaituba,2021-01-20,7047,45,102,0
Itaituba,Itaituba,2021-01-21,7052,5,102,0
Itaituba,Itaituba,2021-01-22,7052,0,102,0
Itaituba,Itaituba,2021-01-23,7059,7,102,0
Itaituba,Itaituba,2021-01-24,7059,0,102,0
Itaituba,Itaituba,2021-01-25,7059,0,102,0
Itaituba,Itaituba,2021-01-26,7059,0,102,0
Itaituba,Itaituba,2021-01-27,7069,10,102,0
Itaituba,Itaituba,2021-01-28,7070,1,102,0
Itaituba,Itaituba,2021-01-29,7078,8,102,0
Itaituba,Itaituba,2021-01-30,7093,15,102,0
Itaituba,Itaituba,2021-01-31,7093,0,102,0
Itaituba,Itaituba,2021-02-01,7093,0,102,0
Itaituba,Itaituba,2021-02-02,7097,4,102,0
Itaituba,Itaituba,2021-02-03,7126,29,102,0
Itaituba,Itaituba,2021-02-04,7149,23,102,0
Itaituba,Itaituba,2021-02-05,7153,4,102,0
Itaituba,Itaituba,2021-02-06,7160,7,102,0
Itaituba,Itaituba,2021-02-07,7160,0,102,0
Itaituba,Itaituba,2021-02-08,7160,0,102,0
