city,city,date,cases,daily cases,deaths,daily deaths
Itaiçaba,Itaiçaba,2020-03-27,0,0,0,0
Itaiçaba,Itaiçaba,2020-03-28,0,0,0,0
Itaiçaba,Itaiçaba,2020-03-29,0,0,0,0
Itaiçaba,Itaiçaba,2020-03-30,0,0,0,0
Itaiçaba,Itaiçaba,2020-03-31,0,0,0,0
Itaiçaba,Itaiçaba,2020-04-01,0,0,0,0
Itaiçaba,Itaiçaba,2020-04-02,0,0,0,0
Itaiçaba,Itaiçaba,2020-04-03,0,0,0,0
Itaiçaba,Itaiçaba,2020-04-04,0,0,0,0
Itaiçaba,Itaiçaba,2020-04-05,0,0,0,0
Itaiçaba,Itaiçaba,2020-04-06,0,0,0,0
Itaiçaba,Itaiçaba,2020-04-07,0,0,0,0
Itaiçaba,Itaiçaba,2020-04-08,1,1,0,0
Itaiçaba,Itaiçaba,2020-04-09,1,0,0,0
Itaiçaba,Itaiçaba,2020-04-10,1,0,0,0
Itaiçaba,Itaiçaba,2020-04-11,1,0,0,0
Itaiçaba,Itaiçaba,2020-04-12,1,0,0,0
Itaiçaba,Itaiçaba,2020-04-13,1,0,0,0
Itaiçaba,Itaiçaba,2020-04-14,1,0,0,0
Itaiçaba,Itaiçaba,2020-04-15,1,0,0,0
Itaiçaba,Itaiçaba,2020-04-16,1,0,0,0
Itaiçaba,Itaiçaba,2020-04-17,1,0,0,0
Itaiçaba,Itaiçaba,2020-04-18,1,0,0,0
Itaiçaba,Itaiçaba,2020-04-19,1,0,0,0
Itaiçaba,Itaiçaba,2020-04-20,1,0,0,0
Itaiçaba,Itaiçaba,2020-04-21,1,0,0,0
Itaiçaba,Itaiçaba,2020-04-22,1,0,0,0
Itaiçaba,Itaiçaba,2020-04-23,1,0,0,0
Itaiçaba,Itaiçaba,2020-04-24,1,0,0,0
Itaiçaba,Itaiçaba,2020-04-25,1,0,0,0
Itaiçaba,Itaiçaba,2020-04-26,1,0,0,0
Itaiçaba,Itaiçaba,2020-04-27,1,0,0,0
Itaiçaba,Itaiçaba,2020-04-28,1,0,0,0
Itaiçaba,Itaiçaba,2020-04-29,1,0,0,0
Itaiçaba,Itaiçaba,2020-04-30,1,0,0,0
Itaiçaba,Itaiçaba,2020-05-01,1,0,0,0
Itaiçaba,Itaiçaba,2020-05-02,1,0,0,0
Itaiçaba,Itaiçaba,2020-05-03,1,0,0,0
Itaiçaba,Itaiçaba,2020-05-04,1,0,0,0
Itaiçaba,Itaiçaba,2020-05-05,1,0,0,0
Itaiçaba,Itaiçaba,2020-05-06,1,0,0,0
Itaiçaba,Itaiçaba,2020-05-07,1,0,0,0
Itaiçaba,Itaiçaba,2020-05-08,1,0,0,0
Itaiçaba,Itaiçaba,2020-05-09,1,0,0,0
Itaiçaba,Itaiçaba,2020-05-10,3,2,0,0
Itaiçaba,Itaiçaba,2020-05-11,3,0,1,1
Itaiçaba,Itaiçaba,2020-05-12,3,0,1,0
Itaiçaba,Itaiçaba,2020-05-13,4,1,1,0
Itaiçaba,Itaiçaba,2020-05-14,13,9,1,0
Itaiçaba,Itaiçaba,2020-05-15,14,1,1,0
Itaiçaba,Itaiçaba,2020-05-16,14,0,1,0
Itaiçaba,Itaiçaba,2020-05-17,14,0,1,0
Itaiçaba,Itaiçaba,2020-05-18,13,-1,1,0
Itaiçaba,Itaiçaba,2020-05-19,13,0,1,0
Itaiçaba,Itaiçaba,2020-05-20,14,1,2,1
Itaiçaba,Itaiçaba,2020-05-21,14,0,2,0
Itaiçaba,Itaiçaba,2020-05-22,16,2,3,1
Itaiçaba,Itaiçaba,2020-05-23,16,0,3,0
Itaiçaba,Itaiçaba,2020-05-24,16,0,3,0
Itaiçaba,Itaiçaba,2020-05-25,17,1,4,1
Itaiçaba,Itaiçaba,2020-05-26,17,0,4,0
Itaiçaba,Itaiçaba,2020-05-27,17,0,4,0
Itaiçaba,Itaiçaba,2020-05-28,17,0,4,0
Itaiçaba,Itaiçaba,2020-05-29,17,0,4,0
Itaiçaba,Itaiçaba,2020-05-30,33,16,4,0
Itaiçaba,Itaiçaba,2020-05-31,35,2,4,0
Itaiçaba,Itaiçaba,2020-06-01,36,1,5,1
Itaiçaba,Itaiçaba,2020-06-02,36,0,5,0
Itaiçaba,Itaiçaba,2020-06-03,43,7,5,0
Itaiçaba,Itaiçaba,2020-06-04,50,7,5,0
Itaiçaba,Itaiçaba,2020-06-05,50,0,5,0
Itaiçaba,Itaiçaba,2020-06-06,54,4,5,0
Itaiçaba,Itaiçaba,2020-06-07,54,0,5,0
Itaiçaba,Itaiçaba,2020-06-08,54,0,5,0
Itaiçaba,Itaiçaba,2020-06-09,55,1,5,0
Itaiçaba,Itaiçaba,2020-06-10,65,10,5,0
Itaiçaba,Itaiçaba,2020-06-11,70,5,5,0
Itaiçaba,Itaiçaba,2020-06-12,71,1,5,0
Itaiçaba,Itaiçaba,2020-06-13,71,0,5,0
Itaiçaba,Itaiçaba,2020-06-14,72,1,5,0
Itaiçaba,Itaiçaba,2020-06-15,71,-1,5,0
Itaiçaba,Itaiçaba,2020-06-16,73,2,5,0
Itaiçaba,Itaiçaba,2020-06-17,82,9,5,0
Itaiçaba,Itaiçaba,2020-06-18,86,4,5,0
Itaiçaba,Itaiçaba,2020-06-19,89,3,5,0
Itaiçaba,Itaiçaba,2020-06-20,96,7,5,0
Itaiçaba,Itaiçaba,2020-06-21,96,0,5,0
Itaiçaba,Itaiçaba,2020-06-22,96,0,5,0
Itaiçaba,Itaiçaba,2020-06-23,100,4,5,0
Itaiçaba,Itaiçaba,2020-06-24,100,0,5,0
Itaiçaba,Itaiçaba,2020-06-25,102,2,5,0
Itaiçaba,Itaiçaba,2020-06-26,115,13,5,0
Itaiçaba,Itaiçaba,2020-06-27,124,9,5,0
Itaiçaba,Itaiçaba,2020-06-28,124,0,5,0
Itaiçaba,Itaiçaba,2020-06-29,125,1,5,0
Itaiçaba,Itaiçaba,2020-06-30,131,6,5,0
Itaiçaba,Itaiçaba,2020-07-01,138,7,5,0
Itaiçaba,Itaiçaba,2020-07-02,141,3,5,0
Itaiçaba,Itaiçaba,2020-07-03,146,5,5,0
Itaiçaba,Itaiçaba,2020-07-04,145,-1,5,0
Itaiçaba,Itaiçaba,2020-07-05,145,0,5,0
Itaiçaba,Itaiçaba,2020-07-06,145,0,5,0
Itaiçaba,Itaiçaba,2020-07-07,153,8,5,0
Itaiçaba,Itaiçaba,2020-07-08,162,9,5,0
Itaiçaba,Itaiçaba,2020-07-09,166,4,5,0
Itaiçaba,Itaiçaba,2020-07-10,176,10,5,0
Itaiçaba,Itaiçaba,2020-07-11,176,0,5,0
Itaiçaba,Itaiçaba,2020-07-12,176,0,5,0
Itaiçaba,Itaiçaba,2020-07-13,176,0,5,0
Itaiçaba,Itaiçaba,2020-07-14,176,0,5,0
Itaiçaba,Itaiçaba,2020-07-15,182,6,5,0
Itaiçaba,Itaiçaba,2020-07-16,185,3,5,0
Itaiçaba,Itaiçaba,2020-07-17,186,1,5,0
Itaiçaba,Itaiçaba,2020-07-18,186,0,5,0
Itaiçaba,Itaiçaba,2020-07-19,186,0,5,0
Itaiçaba,Itaiçaba,2020-07-20,186,0,5,0
Itaiçaba,Itaiçaba,2020-07-21,185,-1,5,0
Itaiçaba,Itaiçaba,2020-07-22,189,4,5,0
Itaiçaba,Itaiçaba,2020-07-23,194,5,5,0
Itaiçaba,Itaiçaba,2020-07-24,198,4,5,0
Itaiçaba,Itaiçaba,2020-07-25,199,1,5,0
Itaiçaba,Itaiçaba,2020-07-26,199,0,5,0
Itaiçaba,Itaiçaba,2020-07-27,199,0,5,0
Itaiçaba,Itaiçaba,2020-07-28,200,1,5,0
Itaiçaba,Itaiçaba,2020-07-29,204,4,5,0
Itaiçaba,Itaiçaba,2020-07-30,204,0,5,0
Itaiçaba,Itaiçaba,2020-07-31,205,1,5,0
Itaiçaba,Itaiçaba,2020-08-01,204,-1,5,0
Itaiçaba,Itaiçaba,2020-08-02,205,1,5,0
Itaiçaba,Itaiçaba,2020-08-03,205,0,5,0
Itaiçaba,Itaiçaba,2020-08-04,207,2,5,0
Itaiçaba,Itaiçaba,2020-08-05,212,5,5,0
Itaiçaba,Itaiçaba,2020-08-06,213,1,5,0
Itaiçaba,Itaiçaba,2020-08-07,214,1,5,0
Itaiçaba,Itaiçaba,2020-08-08,216,2,5,0
Itaiçaba,Itaiçaba,2020-08-09,216,0,5,0
Itaiçaba,Itaiçaba,2020-08-10,216,0,5,0
Itaiçaba,Itaiçaba,2020-08-11,216,0,5,0
Itaiçaba,Itaiçaba,2020-08-12,216,0,5,0
Itaiçaba,Itaiçaba,2020-08-13,220,4,5,0
Itaiçaba,Itaiçaba,2020-08-14,221,1,5,0
Itaiçaba,Itaiçaba,2020-08-15,222,1,5,0
Itaiçaba,Itaiçaba,2020-08-16,222,0,5,0
Itaiçaba,Itaiçaba,2020-08-17,222,0,5,0
Itaiçaba,Itaiçaba,2020-08-18,225,3,5,0
Itaiçaba,Itaiçaba,2020-08-19,227,2,5,0
Itaiçaba,Itaiçaba,2020-08-20,228,1,5,0
Itaiçaba,Itaiçaba,2020-08-21,227,-1,5,0
Itaiçaba,Itaiçaba,2020-08-22,228,1,5,0
Itaiçaba,Itaiçaba,2020-08-23,228,0,5,0
Itaiçaba,Itaiçaba,2020-08-24,229,1,5,0
Itaiçaba,Itaiçaba,2020-08-25,228,-1,6,1
Itaiçaba,Itaiçaba,2020-08-26,237,9,6,0
Itaiçaba,Itaiçaba,2020-08-27,241,4,6,0
Itaiçaba,Itaiçaba,2020-08-28,246,5,6,0
Itaiçaba,Itaiçaba,2020-08-29,248,2,6,0
Itaiçaba,Itaiçaba,2020-08-30,250,2,6,0
Itaiçaba,Itaiçaba,2020-08-31,250,0,6,0
Itaiçaba,Itaiçaba,2020-09-01,253,3,6,0
Itaiçaba,Itaiçaba,2020-09-02,255,2,6,0
Itaiçaba,Itaiçaba,2020-09-03,257,2,6,0
Itaiçaba,Itaiçaba,2020-09-04,259,2,6,0
Itaiçaba,Itaiçaba,2020-09-05,257,-2,6,0
Itaiçaba,Itaiçaba,2020-09-06,257,0,6,0
Itaiçaba,Itaiçaba,2020-09-07,257,0,6,0
Itaiçaba,Itaiçaba,2020-09-08,257,0,6,0
Itaiçaba,Itaiçaba,2020-09-09,257,0,6,0
Itaiçaba,Itaiçaba,2020-09-10,257,0,6,0
Itaiçaba,Itaiçaba,2020-09-11,258,1,6,0
Itaiçaba,Itaiçaba,2020-09-12,258,0,6,0
Itaiçaba,Itaiçaba,2020-09-13,258,0,6,0
Itaiçaba,Itaiçaba,2020-09-14,258,0,6,0
Itaiçaba,Itaiçaba,2020-09-15,258,0,6,0
Itaiçaba,Itaiçaba,2020-09-16,260,2,6,0
Itaiçaba,Itaiçaba,2020-09-17,260,0,6,0
Itaiçaba,Itaiçaba,2020-09-18,260,0,6,0
Itaiçaba,Itaiçaba,2020-09-19,261,1,6,0
Itaiçaba,Itaiçaba,2020-09-20,261,0,6,0
Itaiçaba,Itaiçaba,2020-09-21,261,0,6,0
Itaiçaba,Itaiçaba,2020-09-22,263,2,6,0
Itaiçaba,Itaiçaba,2020-09-23,263,0,6,0
Itaiçaba,Itaiçaba,2020-09-24,263,0,6,0
Itaiçaba,Itaiçaba,2020-09-25,263,0,6,0
Itaiçaba,Itaiçaba,2020-09-26,263,0,6,0
Itaiçaba,Itaiçaba,2020-09-27,266,3,6,0
Itaiçaba,Itaiçaba,2020-09-28,266,0,6,0
Itaiçaba,Itaiçaba,2020-09-29,266,0,6,0
Itaiçaba,Itaiçaba,2020-09-30,266,0,6,0
Itaiçaba,Itaiçaba,2020-10-01,266,0,6,0
Itaiçaba,Itaiçaba,2020-10-02,266,0,6,0
Itaiçaba,Itaiçaba,2020-10-03,266,0,6,0
Itaiçaba,Itaiçaba,2020-10-04,266,0,6,0
Itaiçaba,Itaiçaba,2020-10-05,266,0,6,0
Itaiçaba,Itaiçaba,2020-10-06,267,1,6,0
Itaiçaba,Itaiçaba,2020-10-07,267,0,6,0
Itaiçaba,Itaiçaba,2020-10-08,268,1,6,0
Itaiçaba,Itaiçaba,2020-10-09,268,0,6,0
Itaiçaba,Itaiçaba,2020-10-10,268,0,6,0
Itaiçaba,Itaiçaba,2020-10-11,268,0,6,0
Itaiçaba,Itaiçaba,2020-10-12,268,0,6,0
Itaiçaba,Itaiçaba,2020-10-13,268,0,6,0
Itaiçaba,Itaiçaba,2020-10-14,268,0,6,0
Itaiçaba,Itaiçaba,2020-10-15,268,0,6,0
Itaiçaba,Itaiçaba,2020-10-16,268,0,6,0
Itaiçaba,Itaiçaba,2020-10-17,269,1,6,0
Itaiçaba,Itaiçaba,2020-10-18,269,0,6,0
Itaiçaba,Itaiçaba,2020-10-19,269,0,6,0
Itaiçaba,Itaiçaba,2020-10-20,269,0,6,0
Itaiçaba,Itaiçaba,2020-10-21,269,0,6,0
Itaiçaba,Itaiçaba,2020-10-22,269,0,6,0
Itaiçaba,Itaiçaba,2020-10-23,269,0,6,0
Itaiçaba,Itaiçaba,2020-10-24,269,0,6,0
Itaiçaba,Itaiçaba,2020-10-25,269,0,6,0
Itaiçaba,Itaiçaba,2020-10-26,269,0,6,0
Itaiçaba,Itaiçaba,2020-10-27,269,0,6,0
Itaiçaba,Itaiçaba,2020-10-28,269,0,6,0
Itaiçaba,Itaiçaba,2020-10-29,269,0,6,0
Itaiçaba,Itaiçaba,2020-10-30,270,1,6,0
Itaiçaba,Itaiçaba,2020-10-31,270,0,6,0
Itaiçaba,Itaiçaba,2020-11-01,270,0,6,0
Itaiçaba,Itaiçaba,2020-11-02,270,0,6,0
Itaiçaba,Itaiçaba,2020-11-03,270,0,6,0
Itaiçaba,Itaiçaba,2020-11-04,270,0,6,0
Itaiçaba,Itaiçaba,2020-11-05,270,0,6,0
Itaiçaba,Itaiçaba,2020-11-06,271,1,6,0
Itaiçaba,Itaiçaba,2020-11-07,271,0,6,0
Itaiçaba,Itaiçaba,2020-11-08,271,0,6,0
Itaiçaba,Itaiçaba,2020-11-09,271,0,6,0
Itaiçaba,Itaiçaba,2020-11-10,272,1,6,0
Itaiçaba,Itaiçaba,2020-11-11,275,3,6,0
Itaiçaba,Itaiçaba,2020-11-12,277,2,6,0
Itaiçaba,Itaiçaba,2020-11-13,278,1,6,0
Itaiçaba,Itaiçaba,2020-11-14,278,0,6,0
Itaiçaba,Itaiçaba,2020-11-15,279,1,6,0
Itaiçaba,Itaiçaba,2020-11-16,279,0,6,0
Itaiçaba,Itaiçaba,2020-11-17,279,0,6,0
Itaiçaba,Itaiçaba,2020-11-18,280,1,6,0
Itaiçaba,Itaiçaba,2020-11-19,280,0,6,0
Itaiçaba,Itaiçaba,2020-11-20,283,3,6,0
Itaiçaba,Itaiçaba,2020-11-21,283,0,6,0
Itaiçaba,Itaiçaba,2020-11-22,283,0,6,0
Itaiçaba,Itaiçaba,2020-11-23,283,0,6,0
Itaiçaba,Itaiçaba,2020-11-24,283,0,6,0
Itaiçaba,Itaiçaba,2020-11-25,287,4,6,0
Itaiçaba,Itaiçaba,2020-11-26,289,2,6,0
Itaiçaba,Itaiçaba,2020-11-27,290,1,6,0
Itaiçaba,Itaiçaba,2020-11-28,290,0,6,0
Itaiçaba,Itaiçaba,2020-11-29,296,6,6,0
Itaiçaba,Itaiçaba,2020-11-30,296,0,6,0
Itaiçaba,Itaiçaba,2020-12-01,297,1,6,0
Itaiçaba,Itaiçaba,2020-12-02,297,0,6,0
Itaiçaba,Itaiçaba,2020-12-03,297,0,6,0
Itaiçaba,Itaiçaba,2020-12-04,297,0,6,0
Itaiçaba,Itaiçaba,2020-12-05,297,0,6,0
Itaiçaba,Itaiçaba,2020-12-06,297,0,6,0
Itaiçaba,Itaiçaba,2020-12-07,297,0,6,0
Itaiçaba,Itaiçaba,2020-12-08,301,4,6,0
Itaiçaba,Itaiçaba,2020-12-09,310,9,6,0
Itaiçaba,Itaiçaba,2020-12-10,315,5,6,0
Itaiçaba,Itaiçaba,2020-12-11,316,1,6,0
Itaiçaba,Itaiçaba,2020-12-12,315,-1,6,0
Itaiçaba,Itaiçaba,2020-12-13,317,2,6,0
Itaiçaba,Itaiçaba,2020-12-14,317,0,6,0
Itaiçaba,Itaiçaba,2020-12-15,317,0,6,0
Itaiçaba,Itaiçaba,2020-12-16,319,2,6,0
Itaiçaba,Itaiçaba,2020-12-17,318,-1,6,0
Itaiçaba,Itaiçaba,2020-12-18,319,1,6,0
Itaiçaba,Itaiçaba,2020-12-19,319,0,6,0
Itaiçaba,Itaiçaba,2020-12-20,318,-1,6,0
Itaiçaba,Itaiçaba,2020-12-21,319,1,6,0
Itaiçaba,Itaiçaba,2020-12-22,319,0,6,0
Itaiçaba,Itaiçaba,2020-12-23,318,-1,6,0
Itaiçaba,Itaiçaba,2020-12-24,318,0,6,0
Itaiçaba,Itaiçaba,2020-12-25,318,0,6,0
Itaiçaba,Itaiçaba,2020-12-26,320,2,6,0
Itaiçaba,Itaiçaba,2020-12-27,320,0,6,0
Itaiçaba,Itaiçaba,2020-12-28,320,0,6,0
Itaiçaba,Itaiçaba,2020-12-29,320,0,6,0
Itaiçaba,Itaiçaba,2020-12-30,320,0,6,0
Itaiçaba,Itaiçaba,2020-12-31,321,1,6,0
Itaiçaba,Itaiçaba,2021-01-01,320,-1,6,0
Itaiçaba,Itaiçaba,2021-01-02,320,0,6,0
Itaiçaba,Itaiçaba,2021-01-03,320,0,6,0
Itaiçaba,Itaiçaba,2021-01-04,321,1,6,0
Itaiçaba,Itaiçaba,2021-01-05,321,0,6,0
Itaiçaba,Itaiçaba,2021-01-06,321,0,6,0
Itaiçaba,Itaiçaba,2021-01-07,320,-1,6,0
Itaiçaba,Itaiçaba,2021-01-08,321,1,6,0
Itaiçaba,Itaiçaba,2021-01-09,321,0,6,0
Itaiçaba,Itaiçaba,2021-01-10,323,2,7,1
Itaiçaba,Itaiçaba,2021-01-11,323,0,7,0
Itaiçaba,Itaiçaba,2021-01-12,322,-1,7,0
Itaiçaba,Itaiçaba,2021-01-13,323,1,7,0
Itaiçaba,Itaiçaba,2021-01-14,325,2,7,0
Itaiçaba,Itaiçaba,2021-01-15,325,0,7,0
Itaiçaba,Itaiçaba,2021-01-16,334,9,7,0
Itaiçaba,Itaiçaba,2021-01-17,334,0,7,0
Itaiçaba,Itaiçaba,2021-01-18,336,2,7,0
Itaiçaba,Itaiçaba,2021-01-19,337,1,7,0
Itaiçaba,Itaiçaba,2021-01-20,337,0,7,0
Itaiçaba,Itaiçaba,2021-01-21,337,0,7,0
Itaiçaba,Itaiçaba,2021-01-22,340,3,7,0
Itaiçaba,Itaiçaba,2021-01-23,340,0,7,0
Itaiçaba,Itaiçaba,2021-01-24,342,2,7,0
Itaiçaba,Itaiçaba,2021-01-25,363,21,7,0
Itaiçaba,Itaiçaba,2021-01-26,364,1,7,0
Itaiçaba,Itaiçaba,2021-01-27,366,2,7,0
Itaiçaba,Itaiçaba,2021-01-28,371,5,7,0
Itaiçaba,Itaiçaba,2021-01-29,371,0,7,0
Itaiçaba,Itaiçaba,2021-01-30,377,6,7,0
Itaiçaba,Itaiçaba,2021-01-31,383,6,7,0
Itaiçaba,Itaiçaba,2021-02-01,383,0,7,0
Itaiçaba,Itaiçaba,2021-02-02,383,0,7,0
Itaiçaba,Itaiçaba,2021-02-03,383,0,7,0
Itaiçaba,Itaiçaba,2021-02-04,383,0,7,0
Itaiçaba,Itaiçaba,2021-02-05,386,3,7,0
Itaiçaba,Itaiçaba,2021-02-06,386,0,7,0
Itaiçaba,Itaiçaba,2021-02-07,389,3,7,0
Itaiçaba,Itaiçaba,2021-02-08,393,4,7,0
