city,city,date,cases,daily cases,deaths,daily deaths
Itapema,Itapema,2020-03-27,0,0,0,0
Itapema,Itapema,2020-03-28,1,1,0,0
Itapema,Itapema,2020-03-29,1,0,0,0
Itapema,Itapema,2020-03-30,1,0,0,0
Itapema,Itapema,2020-03-31,2,1,0,0
Itapema,Itapema,2020-04-01,2,0,0,0
Itapema,Itapema,2020-04-02,2,0,0,0
Itapema,Itapema,2020-04-03,2,0,0,0
Itapema,Itapema,2020-04-04,2,0,0,0
Itapema,Itapema,2020-04-05,3,1,0,0
Itapema,Itapema,2020-04-06,3,0,1,1
Itapema,Itapema,2020-04-07,3,0,0,-1
Itapema,Itapema,2020-04-08,3,0,0,0
Itapema,Itapema,2020-04-09,3,0,0,0
Itapema,Itapema,2020-04-10,7,4,0,0
Itapema,Itapema,2020-04-11,7,0,0,0
Itapema,Itapema,2020-04-12,7,0,0,0
Itapema,Itapema,2020-04-13,7,0,0,0
Itapema,Itapema,2020-04-14,7,0,0,0
Itapema,Itapema,2020-04-15,7,0,0,0
Itapema,Itapema,2020-04-16,7,0,0,0
Itapema,Itapema,2020-04-17,8,1,0,0
Itapema,Itapema,2020-04-18,8,0,0,0
Itapema,Itapema,2020-04-19,8,0,0,0
Itapema,Itapema,2020-04-20,8,0,0,0
Itapema,Itapema,2020-04-21,8,0,0,0
Itapema,Itapema,2020-04-22,9,1,0,0
Itapema,Itapema,2020-04-23,10,1,0,0
Itapema,Itapema,2020-04-24,10,0,1,1
Itapema,Itapema,2020-04-25,11,1,1,0
Itapema,Itapema,2020-04-26,11,0,1,0
Itapema,Itapema,2020-04-27,12,1,1,0
Itapema,Itapema,2020-04-28,12,0,1,0
Itapema,Itapema,2020-04-29,18,6,1,0
Itapema,Itapema,2020-04-30,18,0,1,0
Itapema,Itapema,2020-05-01,18,0,1,0
Itapema,Itapema,2020-05-02,18,0,1,0
Itapema,Itapema,2020-05-03,18,0,1,0
Itapema,Itapema,2020-05-04,18,0,1,0
Itapema,Itapema,2020-05-05,18,0,1,0
Itapema,Itapema,2020-05-06,20,2,1,0
Itapema,Itapema,2020-05-07,19,-1,1,0
Itapema,Itapema,2020-05-08,19,0,1,0
Itapema,Itapema,2020-05-09,21,2,1,0
Itapema,Itapema,2020-05-10,21,0,1,0
Itapema,Itapema,2020-05-11,21,0,1,0
Itapema,Itapema,2020-05-12,23,2,1,0
Itapema,Itapema,2020-05-13,23,0,1,0
Itapema,Itapema,2020-05-14,28,5,1,0
Itapema,Itapema,2020-05-15,30,2,1,0
Itapema,Itapema,2020-05-16,31,1,1,0
Itapema,Itapema,2020-05-17,34,3,1,0
Itapema,Itapema,2020-05-18,35,1,1,0
Itapema,Itapema,2020-05-19,39,4,1,0
Itapema,Itapema,2020-05-20,40,1,1,0
Itapema,Itapema,2020-05-21,40,0,1,0
Itapema,Itapema,2020-05-22,41,1,1,0
Itapema,Itapema,2020-05-23,41,0,1,0
Itapema,Itapema,2020-05-24,53,12,1,0
Itapema,Itapema,2020-05-25,54,1,1,0
Itapema,Itapema,2020-05-26,54,0,1,0
Itapema,Itapema,2020-05-27,58,4,1,0
Itapema,Itapema,2020-05-28,55,-3,1,0
Itapema,Itapema,2020-05-29,59,4,1,0
Itapema,Itapema,2020-05-30,58,-1,1,0
Itapema,Itapema,2020-05-31,60,2,1,0
Itapema,Itapema,2020-06-01,60,0,1,0
Itapema,Itapema,2020-06-02,61,1,1,0
Itapema,Itapema,2020-06-03,59,-2,1,0
Itapema,Itapema,2020-06-04,63,4,1,0
Itapema,Itapema,2020-06-05,65,2,1,0
Itapema,Itapema,2020-06-06,71,6,1,0
Itapema,Itapema,2020-06-07,71,0,1,0
Itapema,Itapema,2020-06-08,69,-2,1,0
Itapema,Itapema,2020-06-09,69,0,1,0
Itapema,Itapema,2020-06-10,70,1,1,0
Itapema,Itapema,2020-06-11,71,1,1,0
Itapema,Itapema,2020-06-12,71,0,1,0
Itapema,Itapema,2020-06-13,71,0,1,0
Itapema,Itapema,2020-06-14,73,2,1,0
Itapema,Itapema,2020-06-15,74,1,1,0
Itapema,Itapema,2020-06-16,81,7,1,0
Itapema,Itapema,2020-06-17,81,0,1,0
Itapema,Itapema,2020-06-18,84,3,1,0
Itapema,Itapema,2020-06-19,95,11,1,0
Itapema,Itapema,2020-06-20,105,10,2,1
Itapema,Itapema,2020-06-21,112,7,2,0
Itapema,Itapema,2020-06-22,114,2,2,0
Itapema,Itapema,2020-06-23,119,5,2,0
Itapema,Itapema,2020-06-24,124,5,2,0
Itapema,Itapema,2020-06-25,135,11,2,0
Itapema,Itapema,2020-06-26,143,8,2,0
Itapema,Itapema,2020-06-27,157,14,3,1
Itapema,Itapema,2020-06-28,157,0,3,0
Itapema,Itapema,2020-06-29,160,3,3,0
Itapema,Itapema,2020-06-30,172,12,4,1
Itapema,Itapema,2020-07-01,190,18,4,0
Itapema,Itapema,2020-07-02,212,22,5,1
Itapema,Itapema,2020-07-03,237,25,6,1
Itapema,Itapema,2020-07-04,249,12,8,2
Itapema,Itapema,2020-07-05,327,78,9,1
Itapema,Itapema,2020-07-06,375,48,11,2
Itapema,Itapema,2020-07-07,382,7,11,0
Itapema,Itapema,2020-07-08,425,43,11,0
Itapema,Itapema,2020-07-09,464,39,11,0
Itapema,Itapema,2020-07-10,501,37,11,0
Itapema,Itapema,2020-07-11,536,35,12,1
Itapema,Itapema,2020-07-12,545,9,12,0
Itapema,Itapema,2020-07-13,564,19,13,1
Itapema,Itapema,2020-07-14,608,44,15,2
Itapema,Itapema,2020-07-15,633,25,16,1
Itapema,Itapema,2020-07-16,669,36,16,0
Itapema,Itapema,2020-07-17,711,42,17,1
Itapema,Itapema,2020-07-18,724,13,18,1
Itapema,Itapema,2020-07-19,754,30,20,2
Itapema,Itapema,2020-07-20,785,31,20,0
Itapema,Itapema,2020-07-21,805,20,20,0
Itapema,Itapema,2020-07-22,896,91,19,-1
Itapema,Itapema,2020-07-23,928,32,21,2
Itapema,Itapema,2020-07-24,988,60,24,3
Itapema,Itapema,2020-07-25,1071,83,24,0
Itapema,Itapema,2020-07-26,1085,14,24,0
Itapema,Itapema,2020-07-27,1120,35,24,0
Itapema,Itapema,2020-07-28,1237,117,24,0
Itapema,Itapema,2020-07-29,1291,54,24,0
Itapema,Itapema,2020-07-30,1339,48,26,2
Itapema,Itapema,2020-07-31,1403,64,29,3
Itapema,Itapema,2020-08-01,1441,38,31,2
Itapema,Itapema,2020-08-02,1443,2,33,2
Itapema,Itapema,2020-08-03,1448,5,35,2
Itapema,Itapema,2020-08-04,1542,94,35,0
Itapema,Itapema,2020-08-05,1586,44,39,4
Itapema,Itapema,2020-08-06,1663,77,40,1
Itapema,Itapema,2020-08-07,1686,23,40,0
Itapema,Itapema,2020-08-08,1738,52,41,1
Itapema,Itapema,2020-08-09,1757,19,41,0
Itapema,Itapema,2020-08-10,1762,5,45,4
Itapema,Itapema,2020-08-11,1805,43,43,-2
Itapema,Itapema,2020-08-12,1852,47,43,0
Itapema,Itapema,2020-08-13,1890,38,46,3
Itapema,Itapema,2020-08-14,1944,54,46,0
Itapema,Itapema,2020-08-15,1969,25,48,2
Itapema,Itapema,2020-08-16,1990,21,48,0
Itapema,Itapema,2020-08-17,2001,11,48,0
Itapema,Itapema,2020-08-18,2054,53,51,3
Itapema,Itapema,2020-08-19,2081,27,51,0
Itapema,Itapema,2020-08-20,2109,28,52,1
Itapema,Itapema,2020-08-21,2124,15,53,1
Itapema,Itapema,2020-08-22,2147,23,54,1
Itapema,Itapema,2020-08-23,2209,62,54,0
Itapema,Itapema,2020-08-24,2214,5,54,0
Itapema,Itapema,2020-08-25,2236,22,54,0
Itapema,Itapema,2020-08-26,2254,18,56,2
Itapema,Itapema,2020-08-27,2273,19,56,0
Itapema,Itapema,2020-08-28,2296,23,56,0
Itapema,Itapema,2020-08-29,2310,14,57,1
Itapema,Itapema,2020-08-30,2310,0,58,1
Itapema,Itapema,2020-08-31,2797,487,58,0
Itapema,Itapema,2020-09-01,2840,43,58,0
Itapema,Itapema,2020-09-02,2850,10,58,0
Itapema,Itapema,2020-09-03,2890,40,59,1
Itapema,Itapema,2020-09-04,2912,22,60,1
Itapema,Itapema,2020-09-05,2928,16,60,0
Itapema,Itapema,2020-09-06,2931,3,60,0
Itapema,Itapema,2020-09-07,2931,0,60,0
Itapema,Itapema,2020-09-08,2938,7,60,0
Itapema,Itapema,2020-09-09,2971,33,60,0
Itapema,Itapema,2020-09-10,2984,13,60,0
Itapema,Itapema,2020-09-11,2998,14,60,0
Itapema,Itapema,2020-09-12,3010,12,60,0
Itapema,Itapema,2020-09-13,3019,9,60,0
Itapema,Itapema,2020-09-14,3036,17,61,1
Itapema,Itapema,2020-09-15,3047,11,61,0
Itapema,Itapema,2020-09-16,3060,13,61,0
Itapema,Itapema,2020-09-17,3070,10,61,0
Itapema,Itapema,2020-09-18,3087,17,62,1
Itapema,Itapema,2020-09-19,3138,51,61,-1
Itapema,Itapema,2020-09-20,3140,2,61,0
Itapema,Itapema,2020-09-21,3143,3,62,1
Itapema,Itapema,2020-09-22,3153,10,62,0
Itapema,Itapema,2020-09-23,3164,11,62,0
Itapema,Itapema,2020-09-24,3180,16,62,0
Itapema,Itapema,2020-09-25,3187,7,63,1
Itapema,Itapema,2020-09-26,3191,4,63,0
Itapema,Itapema,2020-09-27,3191,0,63,0
Itapema,Itapema,2020-09-28,3204,13,65,2
Itapema,Itapema,2020-09-29,3222,18,65,0
Itapema,Itapema,2020-09-30,3231,9,65,0
Itapema,Itapema,2020-10-01,3239,8,65,0
Itapema,Itapema,2020-10-02,3240,1,65,0
Itapema,Itapema,2020-10-03,3241,1,65,0
Itapema,Itapema,2020-10-04,3245,4,65,0
Itapema,Itapema,2020-10-05,3251,6,66,1
Itapema,Itapema,2020-10-06,3261,10,66,0
Itapema,Itapema,2020-10-07,3275,14,66,0
Itapema,Itapema,2020-10-08,3279,4,66,0
Itapema,Itapema,2020-10-09,3297,18,67,1
Itapema,Itapema,2020-10-10,3302,5,66,-1
Itapema,Itapema,2020-10-11,3304,2,66,0
Itapema,Itapema,2020-10-12,3306,2,66,0
Itapema,Itapema,2020-10-13,3307,1,66,0
Itapema,Itapema,2020-10-14,3314,7,66,0
Itapema,Itapema,2020-10-15,3326,12,66,0
Itapema,Itapema,2020-10-16,3339,13,66,0
Itapema,Itapema,2020-10-17,3351,12,66,0
Itapema,Itapema,2020-10-18,3356,5,66,0
Itapema,Itapema,2020-10-19,3364,8,66,0
Itapema,Itapema,2020-10-20,3370,6,67,1
Itapema,Itapema,2020-10-21,3381,11,67,0
Itapema,Itapema,2020-10-22,3397,16,67,0
Itapema,Itapema,2020-10-23,3437,40,67,0
Itapema,Itapema,2020-10-24,3476,39,67,0
Itapema,Itapema,2020-10-25,3479,3,67,0
Itapema,Itapema,2020-10-26,3495,16,67,0
Itapema,Itapema,2020-10-27,3545,50,67,0
Itapema,Itapema,2020-10-28,3574,29,67,0
Itapema,Itapema,2020-10-29,3602,28,68,1
Itapema,Itapema,2020-10-30,3639,37,68,0
Itapema,Itapema,2020-10-31,3666,27,69,1
Itapema,Itapema,2020-11-01,3669,3,69,0
Itapema,Itapema,2020-11-02,3706,37,69,0
Itapema,Itapema,2020-11-03,3748,42,69,0
Itapema,Itapema,2020-11-04,3780,32,69,0
Itapema,Itapema,2020-11-05,3795,15,70,1
Itapema,Itapema,2020-11-06,3827,32,70,0
Itapema,Itapema,2020-11-07,3851,24,70,0
Itapema,Itapema,2020-11-08,3853,2,70,0
Itapema,Itapema,2020-11-09,3876,23,70,0
Itapema,Itapema,2020-11-10,3918,42,70,0
Itapema,Itapema,2020-11-11,3950,32,72,2
Itapema,Itapema,2020-11-12,3961,11,72,0
Itapema,Itapema,2020-11-13,4083,122,73,1
Itapema,Itapema,2020-11-14,4137,54,73,0
Itapema,Itapema,2020-11-15,4180,43,73,0
Itapema,Itapema,2020-11-16,4186,6,73,0
Itapema,Itapema,2020-11-17,4266,80,75,2
Itapema,Itapema,2020-11-18,4311,45,75,0
Itapema,Itapema,2020-11-19,4351,40,75,0
Itapema,Itapema,2020-11-20,4446,95,75,0
Itapema,Itapema,2020-11-21,4555,109,75,0
Itapema,Itapema,2020-11-22,4597,42,75,0
Itapema,Itapema,2020-11-23,4613,16,75,0
Itapema,Itapema,2020-11-24,4659,46,76,1
Itapema,Itapema,2020-11-25,4748,89,77,1
Itapema,Itapema,2020-11-26,4807,59,77,0
Itapema,Itapema,2020-11-27,4817,10,78,1
Itapema,Itapema,2020-11-28,4972,155,78,0
Itapema,Itapema,2020-11-29,5026,54,78,0
Itapema,Itapema,2020-11-30,5106,80,78,0
Itapema,Itapema,2020-12-01,5233,127,80,2
Itapema,Itapema,2020-12-02,5345,112,80,0
Itapema,Itapema,2020-12-03,5412,67,80,0
Itapema,Itapema,2020-12-04,5466,54,80,0
Itapema,Itapema,2020-12-05,5540,74,81,1
Itapema,Itapema,2020-12-06,5547,7,82,1
Itapema,Itapema,2020-12-07,5568,21,82,0
Itapema,Itapema,2020-12-08,5682,114,84,2
Itapema,Itapema,2020-12-09,5747,65,85,1
Itapema,Itapema,2020-12-10,5773,26,86,1
Itapema,Itapema,2020-12-11,5859,86,87,1
Itapema,Itapema,2020-12-12,5885,26,88,1
Itapema,Itapema,2020-12-13,5897,12,89,1
Itapema,Itapema,2020-12-14,5946,49,89,0
Itapema,Itapema,2020-12-15,5963,17,89,0
Itapema,Itapema,2020-12-16,6026,63,89,0
Itapema,Itapema,2020-12-17,6075,49,89,0
Itapema,Itapema,2020-12-18,6146,71,89,0
Itapema,Itapema,2020-12-19,6188,42,89,0
Itapema,Itapema,2020-12-20,6250,62,91,2
Itapema,Itapema,2020-12-21,6262,12,93,2
Itapema,Itapema,2020-12-22,6312,50,95,2
Itapema,Itapema,2020-12-23,6368,56,95,0
Itapema,Itapema,2020-12-24,6380,12,97,2
Itapema,Itapema,2020-12-25,6405,25,97,0
Itapema,Itapema,2020-12-26,6427,22,97,0
Itapema,Itapema,2020-12-27,6429,2,98,1
Itapema,Itapema,2020-12-28,6455,26,98,0
Itapema,Itapema,2020-12-29,6471,16,99,1
Itapema,Itapema,2020-12-30,6469,-2,99,0
Itapema,Itapema,2020-12-31,6507,38,99,0
Itapema,Itapema,2021-01-01,6508,1,99,0
Itapema,Itapema,2021-01-02,6512,4,99,0
Itapema,Itapema,2021-01-03,6515,3,99,0
Itapema,Itapema,2021-01-04,6524,9,99,0
Itapema,Itapema,2021-01-05,6547,23,102,3
Itapema,Itapema,2021-01-06,6568,21,102,0
Itapema,Itapema,2021-01-07,6584,16,102,0
Itapema,Itapema,2021-01-08,6605,21,102,0
Itapema,Itapema,2021-01-09,6657,52,102,0
Itapema,Itapema,2021-01-10,6671,14,102,0
Itapema,Itapema,2021-01-11,6690,19,102,0
Itapema,Itapema,2021-01-12,6696,6,103,1
Itapema,Itapema,2021-01-13,6719,23,103,0
Itapema,Itapema,2021-01-14,6777,58,103,0
Itapema,Itapema,2021-01-15,6825,48,103,0
Itapema,Itapema,2021-01-16,6869,44,103,0
Itapema,Itapema,2021-01-17,6892,23,103,0
Itapema,Itapema,2021-01-18,6897,5,103,0
Itapema,Itapema,2021-01-19,6949,52,104,1
Itapema,Itapema,2021-01-20,7009,60,105,1
Itapema,Itapema,2021-01-21,7061,52,106,1
Itapema,Itapema,2021-01-22,7133,72,106,0
Itapema,Itapema,2021-01-23,7190,57,106,0
Itapema,Itapema,2021-01-24,7219,29,106,0
Itapema,Itapema,2021-01-25,7278,59,107,1
Itapema,Itapema,2021-01-26,7327,49,109,2
Itapema,Itapema,2021-01-27,7398,71,109,0
Itapema,Itapema,2021-01-28,7466,68,109,0
Itapema,Itapema,2021-01-29,7533,67,109,0
Itapema,Itapema,2021-01-30,7592,59,110,1
Itapema,Itapema,2021-01-31,7612,20,111,1
Itapema,Itapema,2021-02-01,7640,28,111,0
Itapema,Itapema,2021-02-02,7667,27,112,1
Itapema,Itapema,2021-02-03,7717,50,112,0
Itapema,Itapema,2021-02-04,7740,23,113,1
Itapema,Itapema,2021-02-05,7802,62,114,1
Itapema,Itapema,2021-02-06,7820,18,114,0
Itapema,Itapema,2021-02-07,7826,6,114,0
Itapema,Itapema,2021-02-08,7843,17,114,0
