city,city,date,cases,daily cases,deaths,daily deaths
Itarantim,Itarantim,2020-03-27,0,0,0,0
Itarantim,Itarantim,2020-03-28,0,0,0,0
Itarantim,Itarantim,2020-03-29,0,0,0,0
Itarantim,Itarantim,2020-03-30,0,0,0,0
Itarantim,Itarantim,2020-03-31,0,0,0,0
Itarantim,Itarantim,2020-04-01,0,0,0,0
Itarantim,Itarantim,2020-04-02,0,0,0,0
Itarantim,Itarantim,2020-04-03,0,0,0,0
Itarantim,Itarantim,2020-04-04,0,0,0,0
Itarantim,Itarantim,2020-04-05,1,1,0,0
Itarantim,Itarantim,2020-04-06,1,0,0,0
Itarantim,Itarantim,2020-04-07,1,0,0,0
Itarantim,Itarantim,2020-04-08,1,0,0,0
Itarantim,Itarantim,2020-04-09,1,0,0,0
Itarantim,Itarantim,2020-04-10,1,0,0,0
Itarantim,Itarantim,2020-04-11,1,0,0,0
Itarantim,Itarantim,2020-04-12,1,0,0,0
Itarantim,Itarantim,2020-04-13,1,0,0,0
Itarantim,Itarantim,2020-04-14,1,0,0,0
Itarantim,Itarantim,2020-04-15,1,0,0,0
Itarantim,Itarantim,2020-04-16,1,0,0,0
Itarantim,Itarantim,2020-04-17,1,0,0,0
Itarantim,Itarantim,2020-04-18,1,0,0,0
Itarantim,Itarantim,2020-04-19,1,0,0,0
Itarantim,Itarantim,2020-04-20,1,0,0,0
Itarantim,Itarantim,2020-04-21,1,0,0,0
Itarantim,Itarantim,2020-04-22,1,0,0,0
Itarantim,Itarantim,2020-04-23,1,0,0,0
Itarantim,Itarantim,2020-04-24,1,0,0,0
Itarantim,Itarantim,2020-04-25,1,0,0,0
Itarantim,Itarantim,2020-04-26,1,0,0,0
Itarantim,Itarantim,2020-04-27,1,0,0,0
Itarantim,Itarantim,2020-04-28,1,0,0,0
Itarantim,Itarantim,2020-04-29,1,0,0,0
Itarantim,Itarantim,2020-04-30,1,0,0,0
Itarantim,Itarantim,2020-05-01,1,0,0,0
Itarantim,Itarantim,2020-05-02,1,0,0,0
Itarantim,Itarantim,2020-05-03,1,0,0,0
Itarantim,Itarantim,2020-05-04,1,0,0,0
Itarantim,Itarantim,2020-05-05,1,0,0,0
Itarantim,Itarantim,2020-05-06,1,0,0,0
Itarantim,Itarantim,2020-05-07,1,0,0,0
Itarantim,Itarantim,2020-05-08,1,0,0,0
Itarantim,Itarantim,2020-05-09,1,0,0,0
Itarantim,Itarantim,2020-05-10,1,0,0,0
Itarantim,Itarantim,2020-05-11,1,0,0,0
Itarantim,Itarantim,2020-05-12,1,0,0,0
Itarantim,Itarantim,2020-05-13,1,0,0,0
Itarantim,Itarantim,2020-05-14,2,1,1,1
Itarantim,Itarantim,2020-05-15,1,-1,0,-1
Itarantim,Itarantim,2020-05-16,1,0,1,1
Itarantim,Itarantim,2020-05-17,1,0,0,-1
Itarantim,Itarantim,2020-05-18,2,1,0,0
Itarantim,Itarantim,2020-05-19,2,0,1,1
Itarantim,Itarantim,2020-05-20,2,0,1,0
Itarantim,Itarantim,2020-05-21,2,0,1,0
Itarantim,Itarantim,2020-05-22,2,0,1,0
Itarantim,Itarantim,2020-05-23,2,0,1,0
Itarantim,Itarantim,2020-05-24,2,0,1,0
Itarantim,Itarantim,2020-05-25,2,0,1,0
Itarantim,Itarantim,2020-05-26,2,0,1,0
Itarantim,Itarantim,2020-05-27,2,0,1,0
Itarantim,Itarantim,2020-05-28,2,0,1,0
Itarantim,Itarantim,2020-05-29,2,0,1,0
Itarantim,Itarantim,2020-05-30,2,0,1,0
Itarantim,Itarantim,2020-05-31,2,0,1,0
Itarantim,Itarantim,2020-06-01,2,0,1,0
Itarantim,Itarantim,2020-06-02,2,0,1,0
Itarantim,Itarantim,2020-06-03,2,0,1,0
Itarantim,Itarantim,2020-06-04,2,0,1,0
Itarantim,Itarantim,2020-06-05,5,3,1,0
Itarantim,Itarantim,2020-06-06,5,0,1,0
Itarantim,Itarantim,2020-06-07,5,0,1,0
Itarantim,Itarantim,2020-06-08,5,0,1,0
Itarantim,Itarantim,2020-06-09,9,4,1,0
Itarantim,Itarantim,2020-06-10,12,3,1,0
Itarantim,Itarantim,2020-06-11,12,0,1,0
Itarantim,Itarantim,2020-06-12,12,0,1,0
Itarantim,Itarantim,2020-06-13,12,0,1,0
Itarantim,Itarantim,2020-06-14,14,2,1,0
Itarantim,Itarantim,2020-06-15,15,1,1,0
Itarantim,Itarantim,2020-06-16,15,0,1,0
Itarantim,Itarantim,2020-06-17,16,1,1,0
Itarantim,Itarantim,2020-06-18,16,0,1,0
Itarantim,Itarantim,2020-06-19,17,1,1,0
Itarantim,Itarantim,2020-06-20,20,3,1,0
Itarantim,Itarantim,2020-06-21,20,0,1,0
Itarantim,Itarantim,2020-06-22,20,0,1,0
Itarantim,Itarantim,2020-06-23,20,0,1,0
Itarantim,Itarantim,2020-06-24,20,0,1,0
Itarantim,Itarantim,2020-06-25,20,0,1,0
Itarantim,Itarantim,2020-06-26,20,0,1,0
Itarantim,Itarantim,2020-06-27,23,3,1,0
Itarantim,Itarantim,2020-06-28,23,0,1,0
Itarantim,Itarantim,2020-06-29,24,1,1,0
Itarantim,Itarantim,2020-06-30,29,5,1,0
Itarantim,Itarantim,2020-07-01,29,0,1,0
Itarantim,Itarantim,2020-07-02,29,0,1,0
Itarantim,Itarantim,2020-07-03,31,2,1,0
Itarantim,Itarantim,2020-07-04,31,0,1,0
Itarantim,Itarantim,2020-07-05,31,0,1,0
Itarantim,Itarantim,2020-07-06,31,0,1,0
Itarantim,Itarantim,2020-07-07,33,2,1,0
Itarantim,Itarantim,2020-07-08,33,0,1,0
Itarantim,Itarantim,2020-07-09,35,2,1,0
Itarantim,Itarantim,2020-07-10,37,2,1,0
Itarantim,Itarantim,2020-07-11,40,3,1,0
Itarantim,Itarantim,2020-07-12,40,0,1,0
Itarantim,Itarantim,2020-07-13,40,0,1,0
Itarantim,Itarantim,2020-07-14,44,4,1,0
Itarantim,Itarantim,2020-07-15,46,2,1,0
Itarantim,Itarantim,2020-07-16,51,5,1,0
Itarantim,Itarantim,2020-07-17,54,3,1,0
Itarantim,Itarantim,2020-07-18,55,1,1,0
Itarantim,Itarantim,2020-07-19,56,1,1,0
Itarantim,Itarantim,2020-07-20,56,0,1,0
Itarantim,Itarantim,2020-07-21,56,0,1,0
Itarantim,Itarantim,2020-07-22,66,10,1,0
Itarantim,Itarantim,2020-07-23,70,4,1,0
Itarantim,Itarantim,2020-07-24,75,5,1,0
Itarantim,Itarantim,2020-07-25,75,0,1,0
Itarantim,Itarantim,2020-07-26,77,2,1,0
Itarantim,Itarantim,2020-07-27,77,0,1,0
Itarantim,Itarantim,2020-07-28,78,1,1,0
Itarantim,Itarantim,2020-07-29,96,18,1,0
Itarantim,Itarantim,2020-07-30,110,14,1,0
Itarantim,Itarantim,2020-07-31,115,5,1,0
Itarantim,Itarantim,2020-08-01,117,2,1,0
Itarantim,Itarantim,2020-08-02,117,0,1,0
Itarantim,Itarantim,2020-08-03,117,0,1,0
Itarantim,Itarantim,2020-08-04,120,3,1,0
Itarantim,Itarantim,2020-08-05,126,6,1,0
Itarantim,Itarantim,2020-08-06,127,1,2,1
Itarantim,Itarantim,2020-08-07,135,8,2,0
Itarantim,Itarantim,2020-08-08,135,0,2,0
Itarantim,Itarantim,2020-08-09,135,0,2,0
Itarantim,Itarantim,2020-08-10,135,0,2,0
Itarantim,Itarantim,2020-08-11,176,41,2,0
Itarantim,Itarantim,2020-08-12,200,24,2,0
Itarantim,Itarantim,2020-08-13,208,8,2,0
Itarantim,Itarantim,2020-08-14,212,4,2,0
Itarantim,Itarantim,2020-08-15,214,2,2,0
Itarantim,Itarantim,2020-08-16,217,3,2,0
Itarantim,Itarantim,2020-08-17,234,17,2,0
Itarantim,Itarantim,2020-08-18,242,8,2,0
Itarantim,Itarantim,2020-08-19,250,8,3,1
Itarantim,Itarantim,2020-08-20,253,3,4,1
Itarantim,Itarantim,2020-08-21,253,0,4,0
Itarantim,Itarantim,2020-08-22,261,8,4,0
Itarantim,Itarantim,2020-08-23,262,1,4,0
Itarantim,Itarantim,2020-08-24,262,0,5,1
Itarantim,Itarantim,2020-08-25,276,14,5,0
Itarantim,Itarantim,2020-08-26,277,1,5,0
Itarantim,Itarantim,2020-08-27,277,0,5,0
Itarantim,Itarantim,2020-08-28,281,4,5,0
Itarantim,Itarantim,2020-08-29,284,3,5,0
Itarantim,Itarantim,2020-08-30,285,1,5,0
Itarantim,Itarantim,2020-08-31,285,0,5,0
Itarantim,Itarantim,2020-09-01,288,3,5,0
Itarantim,Itarantim,2020-09-02,292,4,5,0
Itarantim,Itarantim,2020-09-03,293,1,5,0
Itarantim,Itarantim,2020-09-04,294,1,5,0
Itarantim,Itarantim,2020-09-05,298,4,5,0
Itarantim,Itarantim,2020-09-06,299,1,5,0
Itarantim,Itarantim,2020-09-07,299,0,6,1
Itarantim,Itarantim,2020-09-08,299,0,6,0
Itarantim,Itarantim,2020-09-09,304,5,6,0
Itarantim,Itarantim,2020-09-10,304,0,6,0
Itarantim,Itarantim,2020-09-11,300,-4,6,0
Itarantim,Itarantim,2020-09-12,301,1,7,1
Itarantim,Itarantim,2020-09-13,301,0,7,0
Itarantim,Itarantim,2020-09-14,301,0,7,0
Itarantim,Itarantim,2020-09-15,302,1,7,0
Itarantim,Itarantim,2020-09-16,302,0,7,0
Itarantim,Itarantim,2020-09-17,304,2,8,1
Itarantim,Itarantim,2020-09-18,305,1,8,0
Itarantim,Itarantim,2020-09-19,305,0,8,0
Itarantim,Itarantim,2020-09-20,306,1,9,1
Itarantim,Itarantim,2020-09-21,306,0,9,0
Itarantim,Itarantim,2020-09-22,309,3,9,0
Itarantim,Itarantim,2020-09-23,309,0,10,1
Itarantim,Itarantim,2020-09-24,310,1,10,0
Itarantim,Itarantim,2020-09-25,314,4,10,0
Itarantim,Itarantim,2020-09-26,314,0,10,0
Itarantim,Itarantim,2020-09-27,314,0,10,0
Itarantim,Itarantim,2020-09-28,314,0,10,0
Itarantim,Itarantim,2020-09-29,316,2,10,0
Itarantim,Itarantim,2020-09-30,321,5,10,0
Itarantim,Itarantim,2020-10-01,325,4,10,0
Itarantim,Itarantim,2020-10-02,323,-2,10,0
Itarantim,Itarantim,2020-10-03,325,2,10,0
Itarantim,Itarantim,2020-10-04,325,0,10,0
Itarantim,Itarantim,2020-10-05,325,0,10,0
Itarantim,Itarantim,2020-10-06,326,1,10,0
Itarantim,Itarantim,2020-10-07,336,10,10,0
Itarantim,Itarantim,2020-10-08,338,2,10,0
Itarantim,Itarantim,2020-10-09,339,1,10,0
Itarantim,Itarantim,2020-10-10,339,0,10,0
Itarantim,Itarantim,2020-10-11,339,0,10,0
Itarantim,Itarantim,2020-10-12,339,0,10,0
Itarantim,Itarantim,2020-10-13,339,0,10,0
Itarantim,Itarantim,2020-10-14,340,1,10,0
Itarantim,Itarantim,2020-10-15,340,0,10,0
Itarantim,Itarantim,2020-10-16,340,0,10,0
Itarantim,Itarantim,2020-10-17,341,1,10,0
Itarantim,Itarantim,2020-10-18,341,0,10,0
Itarantim,Itarantim,2020-10-19,341,0,10,0
Itarantim,Itarantim,2020-10-20,341,0,10,0
Itarantim,Itarantim,2020-10-21,341,0,10,0
Itarantim,Itarantim,2020-10-22,341,0,10,0
Itarantim,Itarantim,2020-10-23,341,0,10,0
Itarantim,Itarantim,2020-10-24,341,0,10,0
Itarantim,Itarantim,2020-10-25,342,1,10,0
Itarantim,Itarantim,2020-10-26,342,0,10,0
Itarantim,Itarantim,2020-10-27,342,0,10,0
Itarantim,Itarantim,2020-10-28,344,2,10,0
Itarantim,Itarantim,2020-10-29,343,-1,10,0
Itarantim,Itarantim,2020-10-30,343,0,10,0
Itarantim,Itarantim,2020-10-31,343,0,10,0
Itarantim,Itarantim,2020-11-01,343,0,10,0
Itarantim,Itarantim,2020-11-02,343,0,10,0
Itarantim,Itarantim,2020-11-03,343,0,10,0
Itarantim,Itarantim,2020-11-04,343,0,10,0
Itarantim,Itarantim,2020-11-05,344,1,10,0
Itarantim,Itarantim,2020-11-06,346,2,10,0
Itarantim,Itarantim,2020-11-07,346,0,10,0
Itarantim,Itarantim,2020-11-08,346,0,10,0
Itarantim,Itarantim,2020-11-09,346,0,10,0
Itarantim,Itarantim,2020-11-10,346,0,10,0
Itarantim,Itarantim,2020-11-11,346,0,10,0
Itarantim,Itarantim,2020-11-12,346,0,10,0
Itarantim,Itarantim,2020-11-13,347,1,10,0
Itarantim,Itarantim,2020-11-14,347,0,10,0
Itarantim,Itarantim,2020-11-15,347,0,10,0
Itarantim,Itarantim,2020-11-16,347,0,10,0
Itarantim,Itarantim,2020-11-17,347,0,10,0
Itarantim,Itarantim,2020-11-18,350,3,10,0
Itarantim,Itarantim,2020-11-19,350,0,10,0
Itarantim,Itarantim,2020-11-20,352,2,10,0
Itarantim,Itarantim,2020-11-21,350,-2,10,0
Itarantim,Itarantim,2020-11-22,350,0,10,0
Itarantim,Itarantim,2020-11-23,350,0,10,0
Itarantim,Itarantim,2020-11-24,351,1,10,0
Itarantim,Itarantim,2020-11-25,351,0,10,0
Itarantim,Itarantim,2020-11-26,351,0,10,0
Itarantim,Itarantim,2020-11-27,351,0,10,0
Itarantim,Itarantim,2020-11-28,351,0,10,0
Itarantim,Itarantim,2020-11-29,351,0,10,0
Itarantim,Itarantim,2020-11-30,351,0,10,0
Itarantim,Itarantim,2020-12-01,353,2,10,0
Itarantim,Itarantim,2020-12-02,364,11,10,0
Itarantim,Itarantim,2020-12-03,373,9,10,0
Itarantim,Itarantim,2020-12-04,379,6,10,0
Itarantim,Itarantim,2020-12-05,379,0,10,0
Itarantim,Itarantim,2020-12-06,379,0,10,0
Itarantim,Itarantim,2020-12-07,379,0,10,0
Itarantim,Itarantim,2020-12-08,384,5,10,0
Itarantim,Itarantim,2020-12-09,389,5,10,0
Itarantim,Itarantim,2020-12-10,394,5,10,0
Itarantim,Itarantim,2020-12-11,395,1,10,0
Itarantim,Itarantim,2020-12-12,395,0,10,0
Itarantim,Itarantim,2020-12-13,395,0,10,0
Itarantim,Itarantim,2020-12-14,395,0,10,0
Itarantim,Itarantim,2020-12-15,395,0,10,0
Itarantim,Itarantim,2020-12-16,401,6,10,0
Itarantim,Itarantim,2020-12-17,403,2,10,0
Itarantim,Itarantim,2020-12-18,404,1,10,0
Itarantim,Itarantim,2020-12-19,404,0,10,0
Itarantim,Itarantim,2020-12-20,404,0,10,0
Itarantim,Itarantim,2020-12-21,404,0,10,0
Itarantim,Itarantim,2020-12-22,406,2,10,0
Itarantim,Itarantim,2020-12-23,405,-1,10,0
Itarantim,Itarantim,2020-12-24,414,9,10,0
Itarantim,Itarantim,2020-12-25,414,0,10,0
Itarantim,Itarantim,2020-12-26,414,0,10,0
Itarantim,Itarantim,2020-12-27,414,0,10,0
Itarantim,Itarantim,2020-12-28,414,0,10,0
Itarantim,Itarantim,2020-12-29,419,5,10,0
Itarantim,Itarantim,2020-12-30,422,3,10,0
Itarantim,Itarantim,2020-12-31,423,1,10,0
Itarantim,Itarantim,2021-01-01,423,0,11,1
Itarantim,Itarantim,2021-01-02,423,0,11,0
Itarantim,Itarantim,2021-01-03,423,0,11,0
Itarantim,Itarantim,2021-01-04,423,0,11,0
Itarantim,Itarantim,2021-01-05,423,0,11,0
Itarantim,Itarantim,2021-01-06,423,0,11,0
Itarantim,Itarantim,2021-01-07,423,0,11,0
Itarantim,Itarantim,2021-01-08,423,0,11,0
Itarantim,Itarantim,2021-01-09,423,0,11,0
Itarantim,Itarantim,2021-01-10,423,0,11,0
Itarantim,Itarantim,2021-01-11,423,0,11,0
Itarantim,Itarantim,2021-01-12,423,0,11,0
Itarantim,Itarantim,2021-01-13,426,3,11,0
Itarantim,Itarantim,2021-01-14,427,1,11,0
Itarantim,Itarantim,2021-01-15,428,1,11,0
Itarantim,Itarantim,2021-01-16,437,9,11,0
Itarantim,Itarantim,2021-01-17,443,6,11,0
Itarantim,Itarantim,2021-01-18,446,3,11,0
Itarantim,Itarantim,2021-01-19,451,5,11,0
Itarantim,Itarantim,2021-01-20,455,4,11,0
Itarantim,Itarantim,2021-01-21,458,3,11,0
Itarantim,Itarantim,2021-01-22,461,3,11,0
Itarantim,Itarantim,2021-01-23,461,0,11,0
Itarantim,Itarantim,2021-01-24,461,0,11,0
Itarantim,Itarantim,2021-01-25,461,0,11,0
Itarantim,Itarantim,2021-01-26,466,5,11,0
Itarantim,Itarantim,2021-01-27,466,0,11,0
Itarantim,Itarantim,2021-01-28,466,0,11,0
Itarantim,Itarantim,2021-01-29,466,0,11,0
Itarantim,Itarantim,2021-01-30,473,7,11,0
Itarantim,Itarantim,2021-01-31,474,1,11,0
Itarantim,Itarantim,2021-02-01,474,0,11,0
Itarantim,Itarantim,2021-02-02,474,0,11,0
Itarantim,Itarantim,2021-02-03,478,4,11,0
Itarantim,Itarantim,2021-02-04,478,0,11,0
Itarantim,Itarantim,2021-02-05,479,1,11,0
Itarantim,Itarantim,2021-02-06,479,0,11,0
Itarantim,Itarantim,2021-02-07,479,0,11,0
Itarantim,Itarantim,2021-02-08,479,0,11,0
