city,city,date,cases,daily cases,deaths,daily deaths
Itatinga,Itatinga,2020-03-27,0,0,0,0
Itatinga,Itatinga,2020-03-28,0,0,0,0
Itatinga,Itatinga,2020-03-29,0,0,0,0
Itatinga,Itatinga,2020-03-30,0,0,0,0
Itatinga,Itatinga,2020-03-31,0,0,0,0
Itatinga,Itatinga,2020-04-01,0,0,0,0
Itatinga,Itatinga,2020-04-02,0,0,0,0
Itatinga,Itatinga,2020-04-03,0,0,0,0
Itatinga,Itatinga,2020-04-04,0,0,0,0
Itatinga,Itatinga,2020-04-05,0,0,0,0
Itatinga,Itatinga,2020-04-06,0,0,0,0
Itatinga,Itatinga,2020-04-07,0,0,0,0
Itatinga,Itatinga,2020-04-08,0,0,0,0
Itatinga,Itatinga,2020-04-09,1,1,0,0
Itatinga,Itatinga,2020-04-10,1,0,0,0
Itatinga,Itatinga,2020-04-11,1,0,0,0
Itatinga,Itatinga,2020-04-12,1,0,0,0
Itatinga,Itatinga,2020-04-13,1,0,0,0
Itatinga,Itatinga,2020-04-14,1,0,0,0
Itatinga,Itatinga,2020-04-15,1,0,0,0
Itatinga,Itatinga,2020-04-16,1,0,0,0
Itatinga,Itatinga,2020-04-17,1,0,0,0
Itatinga,Itatinga,2020-04-18,1,0,0,0
Itatinga,Itatinga,2020-04-19,1,0,0,0
Itatinga,Itatinga,2020-04-20,1,0,0,0
Itatinga,Itatinga,2020-04-21,1,0,0,0
Itatinga,Itatinga,2020-04-22,1,0,0,0
Itatinga,Itatinga,2020-04-23,1,0,0,0
Itatinga,Itatinga,2020-04-24,1,0,0,0
Itatinga,Itatinga,2020-04-25,1,0,0,0
Itatinga,Itatinga,2020-04-26,1,0,0,0
Itatinga,Itatinga,2020-04-27,1,0,0,0
Itatinga,Itatinga,2020-04-28,1,0,0,0
Itatinga,Itatinga,2020-04-29,1,0,0,0
Itatinga,Itatinga,2020-04-30,1,0,0,0
Itatinga,Itatinga,2020-05-01,1,0,0,0
Itatinga,Itatinga,2020-05-02,1,0,0,0
Itatinga,Itatinga,2020-05-03,1,0,0,0
Itatinga,Itatinga,2020-05-04,1,0,0,0
Itatinga,Itatinga,2020-05-05,1,0,0,0
Itatinga,Itatinga,2020-05-06,3,2,0,0
Itatinga,Itatinga,2020-05-07,3,0,0,0
Itatinga,Itatinga,2020-05-08,2,-1,0,0
Itatinga,Itatinga,2020-05-09,2,0,0,0
Itatinga,Itatinga,2020-05-10,2,0,0,0
Itatinga,Itatinga,2020-05-11,2,0,0,0
Itatinga,Itatinga,2020-05-12,2,0,0,0
Itatinga,Itatinga,2020-05-13,3,1,0,0
Itatinga,Itatinga,2020-05-14,3,0,0,0
Itatinga,Itatinga,2020-05-15,4,1,0,0
Itatinga,Itatinga,2020-05-16,4,0,0,0
Itatinga,Itatinga,2020-05-17,4,0,0,0
Itatinga,Itatinga,2020-05-18,4,0,0,0
Itatinga,Itatinga,2020-05-19,4,0,1,1
Itatinga,Itatinga,2020-05-20,4,0,1,0
Itatinga,Itatinga,2020-05-21,4,0,1,0
Itatinga,Itatinga,2020-05-22,4,0,1,0
Itatinga,Itatinga,2020-05-23,4,0,1,0
Itatinga,Itatinga,2020-05-24,4,0,1,0
Itatinga,Itatinga,2020-05-25,4,0,1,0
Itatinga,Itatinga,2020-05-26,5,1,1,0
Itatinga,Itatinga,2020-05-27,5,0,1,0
Itatinga,Itatinga,2020-05-28,8,3,1,0
Itatinga,Itatinga,2020-05-29,9,1,1,0
Itatinga,Itatinga,2020-05-30,13,4,1,0
Itatinga,Itatinga,2020-05-31,13,0,1,0
Itatinga,Itatinga,2020-06-01,13,0,1,0
Itatinga,Itatinga,2020-06-02,19,6,1,0
Itatinga,Itatinga,2020-06-03,18,-1,1,0
Itatinga,Itatinga,2020-06-04,20,2,1,0
Itatinga,Itatinga,2020-06-05,22,2,1,0
Itatinga,Itatinga,2020-06-06,23,1,1,0
Itatinga,Itatinga,2020-06-07,23,0,1,0
Itatinga,Itatinga,2020-06-08,23,0,1,0
Itatinga,Itatinga,2020-06-09,25,2,1,0
Itatinga,Itatinga,2020-06-10,27,2,1,0
Itatinga,Itatinga,2020-06-11,29,2,1,0
Itatinga,Itatinga,2020-06-12,29,0,1,0
Itatinga,Itatinga,2020-06-13,30,1,1,0
Itatinga,Itatinga,2020-06-14,30,0,1,0
Itatinga,Itatinga,2020-06-15,30,0,1,0
Itatinga,Itatinga,2020-06-16,30,0,1,0
Itatinga,Itatinga,2020-06-17,30,0,1,0
Itatinga,Itatinga,2020-06-18,30,0,1,0
Itatinga,Itatinga,2020-06-19,33,3,1,0
Itatinga,Itatinga,2020-06-20,35,2,1,0
Itatinga,Itatinga,2020-06-21,35,0,1,0
Itatinga,Itatinga,2020-06-22,35,0,1,0
Itatinga,Itatinga,2020-06-23,39,4,1,0
Itatinga,Itatinga,2020-06-24,39,0,1,0
Itatinga,Itatinga,2020-06-25,43,4,1,0
Itatinga,Itatinga,2020-06-26,43,0,1,0
Itatinga,Itatinga,2020-06-27,45,2,1,0
Itatinga,Itatinga,2020-06-28,45,0,1,0
Itatinga,Itatinga,2020-06-29,45,0,1,0
Itatinga,Itatinga,2020-06-30,47,2,1,0
Itatinga,Itatinga,2020-07-01,48,1,1,0
Itatinga,Itatinga,2020-07-02,48,0,1,0
Itatinga,Itatinga,2020-07-03,49,1,1,0
Itatinga,Itatinga,2020-07-04,49,0,1,0
Itatinga,Itatinga,2020-07-05,52,3,1,0
Itatinga,Itatinga,2020-07-06,52,0,1,0
Itatinga,Itatinga,2020-07-07,57,5,1,0
Itatinga,Itatinga,2020-07-08,58,1,1,0
Itatinga,Itatinga,2020-07-09,61,3,1,0
Itatinga,Itatinga,2020-07-10,61,0,1,0
Itatinga,Itatinga,2020-07-11,64,3,1,0
Itatinga,Itatinga,2020-07-12,64,0,1,0
Itatinga,Itatinga,2020-07-13,66,2,1,0
Itatinga,Itatinga,2020-07-14,74,8,1,0
Itatinga,Itatinga,2020-07-15,80,6,1,0
Itatinga,Itatinga,2020-07-16,88,8,2,1
Itatinga,Itatinga,2020-07-17,97,9,2,0
Itatinga,Itatinga,2020-07-18,107,10,2,0
Itatinga,Itatinga,2020-07-19,107,0,2,0
Itatinga,Itatinga,2020-07-20,110,3,2,0
Itatinga,Itatinga,2020-07-21,132,22,3,1
Itatinga,Itatinga,2020-07-22,139,7,3,0
Itatinga,Itatinga,2020-07-23,148,9,3,0
Itatinga,Itatinga,2020-07-24,155,7,3,0
Itatinga,Itatinga,2020-07-25,159,4,3,0
Itatinga,Itatinga,2020-07-26,157,-2,3,0
Itatinga,Itatinga,2020-07-27,158,1,3,0
Itatinga,Itatinga,2020-07-28,158,0,3,0
Itatinga,Itatinga,2020-07-29,167,9,5,2
Itatinga,Itatinga,2020-07-30,175,8,5,0
Itatinga,Itatinga,2020-07-31,179,4,5,0
Itatinga,Itatinga,2020-08-01,197,18,5,0
Itatinga,Itatinga,2020-08-02,201,4,5,0
Itatinga,Itatinga,2020-08-03,201,0,5,0
Itatinga,Itatinga,2020-08-04,210,9,5,0
Itatinga,Itatinga,2020-08-05,211,1,5,0
Itatinga,Itatinga,2020-08-06,222,11,5,0
Itatinga,Itatinga,2020-08-07,226,4,5,0
Itatinga,Itatinga,2020-08-08,228,2,5,0
Itatinga,Itatinga,2020-08-09,228,0,5,0
Itatinga,Itatinga,2020-08-10,228,0,5,0
Itatinga,Itatinga,2020-08-11,233,5,5,0
Itatinga,Itatinga,2020-08-12,235,2,5,0
Itatinga,Itatinga,2020-08-13,239,4,5,0
Itatinga,Itatinga,2020-08-14,241,2,5,0
Itatinga,Itatinga,2020-08-15,251,10,5,0
Itatinga,Itatinga,2020-08-16,251,0,5,0
Itatinga,Itatinga,2020-08-17,252,1,5,0
Itatinga,Itatinga,2020-08-18,252,0,5,0
Itatinga,Itatinga,2020-08-19,255,3,4,-1
Itatinga,Itatinga,2020-08-20,258,3,4,0
Itatinga,Itatinga,2020-08-21,258,0,4,0
Itatinga,Itatinga,2020-08-22,262,4,5,1
Itatinga,Itatinga,2020-08-23,263,1,5,0
Itatinga,Itatinga,2020-08-24,263,0,5,0
Itatinga,Itatinga,2020-08-25,268,5,5,0
Itatinga,Itatinga,2020-08-26,270,2,5,0
Itatinga,Itatinga,2020-08-27,271,1,5,0
Itatinga,Itatinga,2020-08-28,275,4,6,1
Itatinga,Itatinga,2020-08-29,275,0,6,0
Itatinga,Itatinga,2020-08-30,275,0,6,0
Itatinga,Itatinga,2020-08-31,275,0,6,0
Itatinga,Itatinga,2020-09-01,276,1,6,0
Itatinga,Itatinga,2020-09-02,279,3,6,0
Itatinga,Itatinga,2020-09-03,281,2,6,0
Itatinga,Itatinga,2020-09-04,282,1,6,0
Itatinga,Itatinga,2020-09-05,284,2,6,0
Itatinga,Itatinga,2020-09-06,284,0,6,0
Itatinga,Itatinga,2020-09-07,285,1,6,0
Itatinga,Itatinga,2020-09-08,285,0,6,0
Itatinga,Itatinga,2020-09-09,286,1,6,0
Itatinga,Itatinga,2020-09-10,287,1,6,0
Itatinga,Itatinga,2020-09-11,287,0,6,0
Itatinga,Itatinga,2020-09-12,287,0,6,0
Itatinga,Itatinga,2020-09-13,288,1,6,0
Itatinga,Itatinga,2020-09-14,288,0,6,0
Itatinga,Itatinga,2020-09-15,288,0,6,0
Itatinga,Itatinga,2020-09-16,291,3,6,0
Itatinga,Itatinga,2020-09-17,293,2,6,0
Itatinga,Itatinga,2020-09-18,294,1,6,0
Itatinga,Itatinga,2020-09-19,297,3,6,0
Itatinga,Itatinga,2020-09-20,297,0,6,0
Itatinga,Itatinga,2020-09-21,298,1,6,0
Itatinga,Itatinga,2020-09-22,296,-2,6,0
Itatinga,Itatinga,2020-09-23,299,3,6,0
Itatinga,Itatinga,2020-09-24,300,1,7,1
Itatinga,Itatinga,2020-09-25,299,-1,7,0
Itatinga,Itatinga,2020-09-26,299,0,7,0
Itatinga,Itatinga,2020-09-27,299,0,7,0
Itatinga,Itatinga,2020-09-28,299,0,7,0
Itatinga,Itatinga,2020-09-29,300,1,7,0
Itatinga,Itatinga,2020-09-30,302,2,7,0
Itatinga,Itatinga,2020-10-01,302,0,7,0
Itatinga,Itatinga,2020-10-02,302,0,7,0
Itatinga,Itatinga,2020-10-03,302,0,7,0
Itatinga,Itatinga,2020-10-04,302,0,7,0
Itatinga,Itatinga,2020-10-05,302,0,7,0
Itatinga,Itatinga,2020-10-06,302,0,7,0
Itatinga,Itatinga,2020-10-07,308,6,7,0
Itatinga,Itatinga,2020-10-08,310,2,7,0
Itatinga,Itatinga,2020-10-09,310,0,7,0
Itatinga,Itatinga,2020-10-10,312,2,7,0
Itatinga,Itatinga,2020-10-11,312,0,7,0
Itatinga,Itatinga,2020-10-12,312,0,7,0
Itatinga,Itatinga,2020-10-13,312,0,7,0
Itatinga,Itatinga,2020-10-14,312,0,7,0
Itatinga,Itatinga,2020-10-15,313,1,7,0
Itatinga,Itatinga,2020-10-16,313,0,7,0
Itatinga,Itatinga,2020-10-17,314,1,7,0
Itatinga,Itatinga,2020-10-18,314,0,7,0
Itatinga,Itatinga,2020-10-19,314,0,7,0
Itatinga,Itatinga,2020-10-20,314,0,7,0
Itatinga,Itatinga,2020-10-21,314,0,7,0
Itatinga,Itatinga,2020-10-22,314,0,7,0
Itatinga,Itatinga,2020-10-23,316,2,7,0
Itatinga,Itatinga,2020-10-24,316,0,7,0
Itatinga,Itatinga,2020-10-25,316,0,7,0
Itatinga,Itatinga,2020-10-26,316,0,7,0
Itatinga,Itatinga,2020-10-27,318,2,7,0
Itatinga,Itatinga,2020-10-28,319,1,7,0
Itatinga,Itatinga,2020-10-29,321,2,7,0
Itatinga,Itatinga,2020-10-30,323,2,7,0
Itatinga,Itatinga,2020-10-31,323,0,7,0
Itatinga,Itatinga,2020-11-01,323,0,7,0
Itatinga,Itatinga,2020-11-02,323,0,7,0
Itatinga,Itatinga,2020-11-03,323,0,7,0
Itatinga,Itatinga,2020-11-04,323,0,7,0
Itatinga,Itatinga,2020-11-05,323,0,7,0
Itatinga,Itatinga,2020-11-06,323,0,7,0
Itatinga,Itatinga,2020-11-07,323,0,7,0
Itatinga,Itatinga,2020-11-08,323,0,7,0
Itatinga,Itatinga,2020-11-09,323,0,7,0
Itatinga,Itatinga,2020-11-10,323,0,7,0
Itatinga,Itatinga,2020-11-11,326,3,7,0
Itatinga,Itatinga,2020-11-12,329,3,7,0
Itatinga,Itatinga,2020-11-13,332,3,7,0
Itatinga,Itatinga,2020-11-14,332,0,7,0
Itatinga,Itatinga,2020-11-15,332,0,7,0
Itatinga,Itatinga,2020-11-16,332,0,7,0
Itatinga,Itatinga,2020-11-17,332,0,7,0
Itatinga,Itatinga,2020-11-18,333,1,7,0
Itatinga,Itatinga,2020-11-19,333,0,7,0
Itatinga,Itatinga,2020-11-20,333,0,7,0
Itatinga,Itatinga,2020-11-21,337,4,7,0
Itatinga,Itatinga,2020-11-22,338,1,7,0
Itatinga,Itatinga,2020-11-23,338,0,7,0
Itatinga,Itatinga,2020-11-24,338,0,7,0
Itatinga,Itatinga,2020-11-25,338,0,7,0
Itatinga,Itatinga,2020-11-26,338,0,7,0
Itatinga,Itatinga,2020-11-27,340,2,7,0
Itatinga,Itatinga,2020-11-28,340,0,7,0
Itatinga,Itatinga,2020-11-29,340,0,7,0
Itatinga,Itatinga,2020-11-30,340,0,7,0
Itatinga,Itatinga,2020-12-01,340,0,7,0
Itatinga,Itatinga,2020-12-02,344,4,7,0
Itatinga,Itatinga,2020-12-03,347,3,7,0
Itatinga,Itatinga,2020-12-04,347,0,7,0
Itatinga,Itatinga,2020-12-05,348,1,7,0
Itatinga,Itatinga,2020-12-06,348,0,7,0
Itatinga,Itatinga,2020-12-07,348,0,7,0
Itatinga,Itatinga,2020-12-08,349,1,7,0
Itatinga,Itatinga,2020-12-09,351,2,7,0
Itatinga,Itatinga,2020-12-10,353,2,7,0
Itatinga,Itatinga,2020-12-11,353,0,7,0
Itatinga,Itatinga,2020-12-12,353,0,7,0
Itatinga,Itatinga,2020-12-13,353,0,7,0
Itatinga,Itatinga,2020-12-14,353,0,7,0
Itatinga,Itatinga,2020-12-15,354,1,7,0
Itatinga,Itatinga,2020-12-16,354,0,7,0
Itatinga,Itatinga,2020-12-17,359,5,7,0
Itatinga,Itatinga,2020-12-18,360,1,7,0
Itatinga,Itatinga,2020-12-19,361,1,7,0
Itatinga,Itatinga,2020-12-20,361,0,7,0
Itatinga,Itatinga,2020-12-21,361,0,7,0
Itatinga,Itatinga,2020-12-22,362,1,7,0
Itatinga,Itatinga,2020-12-23,363,1,7,0
Itatinga,Itatinga,2020-12-24,367,4,7,0
Itatinga,Itatinga,2020-12-25,367,0,7,0
Itatinga,Itatinga,2020-12-26,367,0,7,0
Itatinga,Itatinga,2020-12-27,367,0,7,0
Itatinga,Itatinga,2020-12-28,367,0,7,0
Itatinga,Itatinga,2020-12-29,371,4,7,0
Itatinga,Itatinga,2020-12-30,372,1,7,0
Itatinga,Itatinga,2020-12-31,376,4,7,0
Itatinga,Itatinga,2021-01-01,379,3,7,0
Itatinga,Itatinga,2021-01-02,379,0,7,0
Itatinga,Itatinga,2021-01-03,379,0,7,0
Itatinga,Itatinga,2021-01-04,380,1,7,0
Itatinga,Itatinga,2021-01-05,379,-1,7,0
Itatinga,Itatinga,2021-01-06,386,7,7,0
Itatinga,Itatinga,2021-01-07,388,2,7,0
Itatinga,Itatinga,2021-01-08,392,4,7,0
Itatinga,Itatinga,2021-01-09,399,7,7,0
Itatinga,Itatinga,2021-01-10,401,2,7,0
Itatinga,Itatinga,2021-01-11,402,1,7,0
Itatinga,Itatinga,2021-01-12,408,6,7,0
Itatinga,Itatinga,2021-01-13,411,3,7,0
Itatinga,Itatinga,2021-01-14,421,10,7,0
Itatinga,Itatinga,2021-01-15,429,8,8,1
Itatinga,Itatinga,2021-01-16,444,15,9,1
Itatinga,Itatinga,2021-01-17,456,12,9,0
Itatinga,Itatinga,2021-01-18,456,0,9,0
Itatinga,Itatinga,2021-01-19,457,1,10,1
Itatinga,Itatinga,2021-01-20,463,6,10,0
Itatinga,Itatinga,2021-01-21,475,12,10,0
Itatinga,Itatinga,2021-01-22,489,14,11,1
Itatinga,Itatinga,2021-01-23,517,28,12,1
Itatinga,Itatinga,2021-01-24,518,1,12,0
Itatinga,Itatinga,2021-01-25,519,1,12,0
Itatinga,Itatinga,2021-01-26,544,25,12,0
Itatinga,Itatinga,2021-01-27,558,14,12,0
Itatinga,Itatinga,2021-01-28,573,15,12,0
Itatinga,Itatinga,2021-01-29,591,18,12,0
Itatinga,Itatinga,2021-01-30,602,11,13,1
Itatinga,Itatinga,2021-01-31,602,0,13,0
Itatinga,Itatinga,2021-02-01,602,0,13,0
Itatinga,Itatinga,2021-02-02,622,20,13,0
Itatinga,Itatinga,2021-02-03,626,4,13,0
Itatinga,Itatinga,2021-02-04,635,9,13,0
Itatinga,Itatinga,2021-02-05,647,12,13,0
Itatinga,Itatinga,2021-02-06,655,8,13,0
Itatinga,Itatinga,2021-02-07,655,0,13,0
Itatinga,Itatinga,2021-02-08,655,0,13,0
