city,city,date,cases,daily cases,deaths,daily deaths
Ituiutaba,Ituiutaba,2020-03-27,0,0,0,0
Ituiutaba,Ituiutaba,2020-03-28,0,0,0,0
Ituiutaba,Ituiutaba,2020-03-29,0,0,0,0
Ituiutaba,Ituiutaba,2020-03-30,0,0,0,0
Ituiutaba,Ituiutaba,2020-03-31,0,0,0,0
Ituiutaba,Ituiutaba,2020-04-01,0,0,0,0
Ituiutaba,Ituiutaba,2020-04-02,0,0,0,0
Ituiutaba,Ituiutaba,2020-04-03,0,0,0,0
Ituiutaba,Ituiutaba,2020-04-04,0,0,0,0
Ituiutaba,Ituiutaba,2020-04-05,0,0,0,0
Ituiutaba,Ituiutaba,2020-04-06,0,0,0,0
Ituiutaba,Ituiutaba,2020-04-07,0,0,0,0
Ituiutaba,Ituiutaba,2020-04-08,0,0,0,0
Ituiutaba,Ituiutaba,2020-04-09,0,0,0,0
Ituiutaba,Ituiutaba,2020-04-10,0,0,0,0
Ituiutaba,Ituiutaba,2020-04-11,1,1,0,0
Ituiutaba,Ituiutaba,2020-04-12,1,0,0,0
Ituiutaba,Ituiutaba,2020-04-13,1,0,0,0
Ituiutaba,Ituiutaba,2020-04-14,1,0,0,0
Ituiutaba,Ituiutaba,2020-04-15,1,0,0,0
Ituiutaba,Ituiutaba,2020-04-16,1,0,0,0
Ituiutaba,Ituiutaba,2020-04-17,1,0,0,0
Ituiutaba,Ituiutaba,2020-04-18,1,0,0,0
Ituiutaba,Ituiutaba,2020-04-19,1,0,0,0
Ituiutaba,Ituiutaba,2020-04-20,1,0,0,0
Ituiutaba,Ituiutaba,2020-04-21,1,0,0,0
Ituiutaba,Ituiutaba,2020-04-22,1,0,0,0
Ituiutaba,Ituiutaba,2020-04-23,2,1,0,0
Ituiutaba,Ituiutaba,2020-04-24,2,0,0,0
Ituiutaba,Ituiutaba,2020-04-25,2,0,0,0
Ituiutaba,Ituiutaba,2020-04-26,2,0,0,0
Ituiutaba,Ituiutaba,2020-04-27,2,0,0,0
Ituiutaba,Ituiutaba,2020-04-28,2,0,0,0
Ituiutaba,Ituiutaba,2020-04-29,2,0,0,0
Ituiutaba,Ituiutaba,2020-04-30,2,0,0,0
Ituiutaba,Ituiutaba,2020-05-01,2,0,0,0
Ituiutaba,Ituiutaba,2020-05-02,2,0,0,0
Ituiutaba,Ituiutaba,2020-05-03,4,2,0,0
Ituiutaba,Ituiutaba,2020-05-04,4,0,0,0
Ituiutaba,Ituiutaba,2020-05-05,3,-1,0,0
Ituiutaba,Ituiutaba,2020-05-06,3,0,0,0
Ituiutaba,Ituiutaba,2020-05-07,3,0,0,0
Ituiutaba,Ituiutaba,2020-05-08,3,0,0,0
Ituiutaba,Ituiutaba,2020-05-09,3,0,0,0
Ituiutaba,Ituiutaba,2020-05-10,3,0,0,0
Ituiutaba,Ituiutaba,2020-05-11,3,0,0,0
Ituiutaba,Ituiutaba,2020-05-12,4,1,0,0
Ituiutaba,Ituiutaba,2020-05-13,5,1,0,0
Ituiutaba,Ituiutaba,2020-05-14,5,0,0,0
Ituiutaba,Ituiutaba,2020-05-15,8,3,0,0
Ituiutaba,Ituiutaba,2020-05-16,8,0,0,0
Ituiutaba,Ituiutaba,2020-05-17,8,0,0,0
Ituiutaba,Ituiutaba,2020-05-18,8,0,0,0
Ituiutaba,Ituiutaba,2020-05-19,8,0,0,0
Ituiutaba,Ituiutaba,2020-05-20,8,0,0,0
Ituiutaba,Ituiutaba,2020-05-21,9,1,1,1
Ituiutaba,Ituiutaba,2020-05-22,11,2,2,1
Ituiutaba,Ituiutaba,2020-05-23,13,2,2,0
Ituiutaba,Ituiutaba,2020-05-24,15,2,2,0
Ituiutaba,Ituiutaba,2020-05-25,16,1,2,0
Ituiutaba,Ituiutaba,2020-05-26,16,0,2,0
Ituiutaba,Ituiutaba,2020-05-27,16,0,2,0
Ituiutaba,Ituiutaba,2020-05-28,18,2,2,0
Ituiutaba,Ituiutaba,2020-05-29,19,1,2,0
Ituiutaba,Ituiutaba,2020-05-30,19,0,2,0
Ituiutaba,Ituiutaba,2020-05-31,19,0,2,0
Ituiutaba,Ituiutaba,2020-06-01,19,0,2,0
Ituiutaba,Ituiutaba,2020-06-02,19,0,2,0
Ituiutaba,Ituiutaba,2020-06-03,19,0,2,0
Ituiutaba,Ituiutaba,2020-06-04,19,0,2,0
Ituiutaba,Ituiutaba,2020-06-05,21,2,2,0
Ituiutaba,Ituiutaba,2020-06-06,25,4,2,0
Ituiutaba,Ituiutaba,2020-06-07,23,-2,2,0
Ituiutaba,Ituiutaba,2020-06-08,27,4,2,0
Ituiutaba,Ituiutaba,2020-06-09,26,-1,2,0
Ituiutaba,Ituiutaba,2020-06-10,29,3,2,0
Ituiutaba,Ituiutaba,2020-06-11,29,0,2,0
Ituiutaba,Ituiutaba,2020-06-12,31,2,2,0
Ituiutaba,Ituiutaba,2020-06-13,31,0,2,0
Ituiutaba,Ituiutaba,2020-06-14,33,2,2,0
Ituiutaba,Ituiutaba,2020-06-15,33,0,2,0
Ituiutaba,Ituiutaba,2020-06-16,33,0,2,0
Ituiutaba,Ituiutaba,2020-06-17,35,2,2,0
Ituiutaba,Ituiutaba,2020-06-18,39,4,2,0
Ituiutaba,Ituiutaba,2020-06-19,39,0,2,0
Ituiutaba,Ituiutaba,2020-06-20,39,0,2,0
Ituiutaba,Ituiutaba,2020-06-21,39,0,2,0
Ituiutaba,Ituiutaba,2020-06-22,39,0,2,0
Ituiutaba,Ituiutaba,2020-06-23,42,3,2,0
Ituiutaba,Ituiutaba,2020-06-24,45,3,2,0
Ituiutaba,Ituiutaba,2020-06-25,45,0,2,0
Ituiutaba,Ituiutaba,2020-06-26,74,29,2,0
Ituiutaba,Ituiutaba,2020-06-27,77,3,2,0
Ituiutaba,Ituiutaba,2020-06-28,84,7,2,0
Ituiutaba,Ituiutaba,2020-06-29,85,1,2,0
Ituiutaba,Ituiutaba,2020-06-30,89,4,2,0
Ituiutaba,Ituiutaba,2020-07-01,92,3,2,0
Ituiutaba,Ituiutaba,2020-07-02,93,1,2,0
Ituiutaba,Ituiutaba,2020-07-03,97,4,2,0
Ituiutaba,Ituiutaba,2020-07-04,105,8,2,0
Ituiutaba,Ituiutaba,2020-07-05,108,3,2,0
Ituiutaba,Ituiutaba,2020-07-06,109,1,2,0
Ituiutaba,Ituiutaba,2020-07-07,109,0,2,0
Ituiutaba,Ituiutaba,2020-07-08,116,7,2,0
Ituiutaba,Ituiutaba,2020-07-09,123,7,2,0
Ituiutaba,Ituiutaba,2020-07-10,134,11,2,0
Ituiutaba,Ituiutaba,2020-07-11,154,20,2,0
Ituiutaba,Ituiutaba,2020-07-12,163,9,2,0
Ituiutaba,Ituiutaba,2020-07-13,163,0,2,0
Ituiutaba,Ituiutaba,2020-07-14,165,2,2,0
Ituiutaba,Ituiutaba,2020-07-15,182,17,2,0
Ituiutaba,Ituiutaba,2020-07-16,192,10,2,0
Ituiutaba,Ituiutaba,2020-07-17,212,20,2,0
Ituiutaba,Ituiutaba,2020-07-18,237,25,2,0
Ituiutaba,Ituiutaba,2020-07-19,257,20,2,0
Ituiutaba,Ituiutaba,2020-07-20,257,0,2,0
Ituiutaba,Ituiutaba,2020-07-21,259,2,2,0
Ituiutaba,Ituiutaba,2020-07-22,275,16,2,0
Ituiutaba,Ituiutaba,2020-07-23,289,14,2,0
Ituiutaba,Ituiutaba,2020-07-24,309,20,2,0
Ituiutaba,Ituiutaba,2020-07-25,331,22,2,0
Ituiutaba,Ituiutaba,2020-07-26,336,5,2,0
Ituiutaba,Ituiutaba,2020-07-27,339,3,2,0
Ituiutaba,Ituiutaba,2020-07-28,344,5,2,0
Ituiutaba,Ituiutaba,2020-07-29,354,10,2,0
Ituiutaba,Ituiutaba,2020-07-30,364,10,2,0
Ituiutaba,Ituiutaba,2020-07-31,380,16,2,0
Ituiutaba,Ituiutaba,2020-08-01,399,19,2,0
Ituiutaba,Ituiutaba,2020-08-02,404,5,4,2
Ituiutaba,Ituiutaba,2020-08-03,404,0,4,0
Ituiutaba,Ituiutaba,2020-08-04,411,7,4,0
Ituiutaba,Ituiutaba,2020-08-05,439,28,4,0
Ituiutaba,Ituiutaba,2020-08-06,466,27,1,-3
Ituiutaba,Ituiutaba,2020-08-07,511,45,1,0
Ituiutaba,Ituiutaba,2020-08-08,511,0,2,1
Ituiutaba,Ituiutaba,2020-08-09,610,99,2,0
Ituiutaba,Ituiutaba,2020-08-10,610,0,2,0
Ituiutaba,Ituiutaba,2020-08-11,610,0,2,0
Ituiutaba,Ituiutaba,2020-08-12,677,67,8,6
Ituiutaba,Ituiutaba,2020-08-13,721,44,10,2
Ituiutaba,Ituiutaba,2020-08-14,787,66,10,0
Ituiutaba,Ituiutaba,2020-08-15,807,20,10,0
Ituiutaba,Ituiutaba,2020-08-16,863,56,10,0
Ituiutaba,Ituiutaba,2020-08-17,863,0,11,1
Ituiutaba,Ituiutaba,2020-08-18,880,17,14,3
Ituiutaba,Ituiutaba,2020-08-19,923,43,14,0
Ituiutaba,Ituiutaba,2020-08-20,960,37,15,1
Ituiutaba,Ituiutaba,2020-08-21,1009,49,18,3
Ituiutaba,Ituiutaba,2020-08-22,1061,52,20,2
Ituiutaba,Ituiutaba,2020-08-23,1061,0,21,1
Ituiutaba,Ituiutaba,2020-08-24,1092,31,21,0
Ituiutaba,Ituiutaba,2020-08-25,1138,46,22,1
Ituiutaba,Ituiutaba,2020-08-26,1218,80,23,1
Ituiutaba,Ituiutaba,2020-08-27,1282,64,25,2
Ituiutaba,Ituiutaba,2020-08-28,1340,58,27,2
Ituiutaba,Ituiutaba,2020-08-29,1431,91,29,2
Ituiutaba,Ituiutaba,2020-08-30,1501,70,33,4
Ituiutaba,Ituiutaba,2020-08-31,1501,0,33,0
Ituiutaba,Ituiutaba,2020-09-01,1657,156,34,1
Ituiutaba,Ituiutaba,2020-09-02,1754,97,40,6
Ituiutaba,Ituiutaba,2020-09-03,1815,61,42,2
Ituiutaba,Ituiutaba,2020-09-04,1923,108,46,4
Ituiutaba,Ituiutaba,2020-09-05,1996,73,46,0
Ituiutaba,Ituiutaba,2020-09-06,2081,85,49,3
Ituiutaba,Ituiutaba,2020-09-07,2081,0,49,0
Ituiutaba,Ituiutaba,2020-09-08,2170,89,49,0
Ituiutaba,Ituiutaba,2020-09-09,2269,99,55,6
Ituiutaba,Ituiutaba,2020-09-10,2349,80,60,5
Ituiutaba,Ituiutaba,2020-09-11,2446,97,63,3
Ituiutaba,Ituiutaba,2020-09-12,2522,76,63,0
Ituiutaba,Ituiutaba,2020-09-13,2598,76,65,2
Ituiutaba,Ituiutaba,2020-09-14,2598,0,65,0
Ituiutaba,Ituiutaba,2020-09-15,2711,113,66,1
Ituiutaba,Ituiutaba,2020-09-16,2754,43,67,1
Ituiutaba,Ituiutaba,2020-09-17,2821,67,67,0
Ituiutaba,Ituiutaba,2020-09-18,2877,56,67,0
Ituiutaba,Ituiutaba,2020-09-19,2943,66,67,0
Ituiutaba,Ituiutaba,2020-09-20,3005,62,67,0
Ituiutaba,Ituiutaba,2020-09-21,3005,0,67,0
Ituiutaba,Ituiutaba,2020-09-22,3079,74,69,2
Ituiutaba,Ituiutaba,2020-09-23,3158,79,71,2
Ituiutaba,Ituiutaba,2020-09-24,3200,42,74,3
Ituiutaba,Ituiutaba,2020-09-25,3220,20,75,1
Ituiutaba,Ituiutaba,2020-09-26,3267,47,75,0
Ituiutaba,Ituiutaba,2020-09-27,3301,34,75,0
Ituiutaba,Ituiutaba,2020-09-28,3301,0,75,0
Ituiutaba,Ituiutaba,2020-09-29,3370,69,75,0
Ituiutaba,Ituiutaba,2020-09-30,3401,31,75,0
Ituiutaba,Ituiutaba,2020-10-01,3466,65,75,0
Ituiutaba,Ituiutaba,2020-10-02,3511,45,75,0
Ituiutaba,Ituiutaba,2020-10-03,3557,46,75,0
Ituiutaba,Ituiutaba,2020-10-04,3581,24,76,1
Ituiutaba,Ituiutaba,2020-10-05,3581,0,76,0
Ituiutaba,Ituiutaba,2020-10-06,3616,35,77,1
Ituiutaba,Ituiutaba,2020-10-07,3644,28,80,3
Ituiutaba,Ituiutaba,2020-10-08,3672,28,83,3
Ituiutaba,Ituiutaba,2020-10-09,3692,20,83,0
Ituiutaba,Ituiutaba,2020-10-10,3700,8,83,0
Ituiutaba,Ituiutaba,2020-10-11,3719,19,83,0
Ituiutaba,Ituiutaba,2020-10-12,3717,-2,83,0
Ituiutaba,Ituiutaba,2020-10-13,3719,2,83,0
Ituiutaba,Ituiutaba,2020-10-14,3732,13,83,0
Ituiutaba,Ituiutaba,2020-10-15,3742,10,85,2
Ituiutaba,Ituiutaba,2020-10-16,3757,15,85,0
Ituiutaba,Ituiutaba,2020-10-17,3774,17,85,0
Ituiutaba,Ituiutaba,2020-10-18,3778,4,85,0
Ituiutaba,Ituiutaba,2020-10-19,3778,0,85,0
Ituiutaba,Ituiutaba,2020-10-20,3788,10,85,0
Ituiutaba,Ituiutaba,2020-10-21,3814,26,85,0
Ituiutaba,Ituiutaba,2020-10-22,3825,11,85,0
Ituiutaba,Ituiutaba,2020-10-23,3839,14,85,0
Ituiutaba,Ituiutaba,2020-10-24,3844,5,85,0
Ituiutaba,Ituiutaba,2020-10-25,3844,0,86,1
Ituiutaba,Ituiutaba,2020-10-26,3844,0,86,0
Ituiutaba,Ituiutaba,2020-10-27,3852,8,86,0
Ituiutaba,Ituiutaba,2020-10-28,3860,8,87,1
Ituiutaba,Ituiutaba,2020-10-29,3861,1,87,0
Ituiutaba,Ituiutaba,2020-10-30,3865,4,87,0
Ituiutaba,Ituiutaba,2020-10-31,3867,2,87,0
Ituiutaba,Ituiutaba,2020-11-01,3867,0,87,0
Ituiutaba,Ituiutaba,2020-11-02,3867,0,87,0
Ituiutaba,Ituiutaba,2020-11-03,3867,0,88,1
Ituiutaba,Ituiutaba,2020-11-04,3880,13,89,1
Ituiutaba,Ituiutaba,2020-11-05,3886,6,89,0
Ituiutaba,Ituiutaba,2020-11-06,3887,1,89,0
Ituiutaba,Ituiutaba,2020-11-07,3887,0,89,0
Ituiutaba,Ituiutaba,2020-11-08,3887,0,89,0
Ituiutaba,Ituiutaba,2020-11-09,3887,0,89,0
Ituiutaba,Ituiutaba,2020-11-10,3895,8,89,0
Ituiutaba,Ituiutaba,2020-11-11,3898,3,89,0
Ituiutaba,Ituiutaba,2020-11-12,3905,7,89,0
Ituiutaba,Ituiutaba,2020-11-13,3910,5,89,0
Ituiutaba,Ituiutaba,2020-11-14,3914,4,89,0
Ituiutaba,Ituiutaba,2020-11-15,3914,0,89,0
Ituiutaba,Ituiutaba,2020-11-16,3914,0,89,0
Ituiutaba,Ituiutaba,2020-11-17,3922,8,89,0
Ituiutaba,Ituiutaba,2020-11-18,3939,17,89,0
Ituiutaba,Ituiutaba,2020-11-19,3943,4,89,0
Ituiutaba,Ituiutaba,2020-11-20,3948,5,89,0
Ituiutaba,Ituiutaba,2020-11-21,3957,9,89,0
Ituiutaba,Ituiutaba,2020-11-22,3957,0,89,0
Ituiutaba,Ituiutaba,2020-11-23,3957,0,89,0
Ituiutaba,Ituiutaba,2020-11-24,3967,10,89,0
Ituiutaba,Ituiutaba,2020-11-25,3989,22,89,0
Ituiutaba,Ituiutaba,2020-11-26,4003,14,89,0
Ituiutaba,Ituiutaba,2020-11-27,4016,13,89,0
Ituiutaba,Ituiutaba,2020-11-28,4031,15,89,0
Ituiutaba,Ituiutaba,2020-11-29,4031,0,89,0
Ituiutaba,Ituiutaba,2020-11-30,4031,0,89,0
Ituiutaba,Ituiutaba,2020-12-01,4040,9,89,0
Ituiutaba,Ituiutaba,2020-12-02,4049,9,90,1
Ituiutaba,Ituiutaba,2020-12-03,4057,8,90,0
Ituiutaba,Ituiutaba,2020-12-04,4068,11,90,0
Ituiutaba,Ituiutaba,2020-12-05,4078,10,91,1
Ituiutaba,Ituiutaba,2020-12-06,4078,0,91,0
Ituiutaba,Ituiutaba,2020-12-07,4078,0,91,0
Ituiutaba,Ituiutaba,2020-12-08,4091,13,91,0
Ituiutaba,Ituiutaba,2020-12-09,4116,25,91,0
Ituiutaba,Ituiutaba,2020-12-10,4119,3,90,-1
Ituiutaba,Ituiutaba,2020-12-11,4132,13,91,1
Ituiutaba,Ituiutaba,2020-12-12,4142,10,91,0
Ituiutaba,Ituiutaba,2020-12-13,4142,0,92,1
Ituiutaba,Ituiutaba,2020-12-14,4142,0,92,0
Ituiutaba,Ituiutaba,2020-12-15,4159,17,92,0
Ituiutaba,Ituiutaba,2020-12-16,4169,10,92,0
Ituiutaba,Ituiutaba,2020-12-17,4169,0,92,0
Ituiutaba,Ituiutaba,2020-12-18,4198,29,92,0
Ituiutaba,Ituiutaba,2020-12-19,4205,7,93,1
Ituiutaba,Ituiutaba,2020-12-20,4205,0,93,0
Ituiutaba,Ituiutaba,2020-12-21,4205,0,93,0
Ituiutaba,Ituiutaba,2020-12-22,4233,28,93,0
Ituiutaba,Ituiutaba,2020-12-23,4246,13,93,0
Ituiutaba,Ituiutaba,2020-12-24,4261,15,94,1
Ituiutaba,Ituiutaba,2020-12-25,4286,25,94,0
Ituiutaba,Ituiutaba,2020-12-26,4286,0,94,0
Ituiutaba,Ituiutaba,2020-12-27,4286,0,94,0
Ituiutaba,Ituiutaba,2020-12-28,4286,0,94,0
Ituiutaba,Ituiutaba,2020-12-29,4330,44,94,0
Ituiutaba,Ituiutaba,2020-12-30,4369,39,97,3
Ituiutaba,Ituiutaba,2020-12-31,4391,22,97,0
Ituiutaba,Ituiutaba,2021-01-01,4400,9,98,1
Ituiutaba,Ituiutaba,2021-01-02,4400,0,98,0
Ituiutaba,Ituiutaba,2021-01-03,4400,0,98,0
Ituiutaba,Ituiutaba,2021-01-04,4400,0,98,0
Ituiutaba,Ituiutaba,2021-01-05,4492,92,98,0
Ituiutaba,Ituiutaba,2021-01-06,4533,41,98,0
Ituiutaba,Ituiutaba,2021-01-07,4563,30,98,0
Ituiutaba,Ituiutaba,2021-01-08,4590,27,100,2
Ituiutaba,Ituiutaba,2021-01-09,4617,27,101,1
Ituiutaba,Ituiutaba,2021-01-10,4627,10,101,0
Ituiutaba,Ituiutaba,2021-01-11,4631,4,101,0
Ituiutaba,Ituiutaba,2021-01-12,4686,55,102,1
Ituiutaba,Ituiutaba,2021-01-13,4747,61,103,1
Ituiutaba,Ituiutaba,2021-01-14,4800,53,103,0
Ituiutaba,Ituiutaba,2021-01-15,4829,29,105,2
Ituiutaba,Ituiutaba,2021-01-16,4861,32,105,0
Ituiutaba,Ituiutaba,2021-01-17,4874,13,106,1
Ituiutaba,Ituiutaba,2021-01-18,4882,8,106,0
Ituiutaba,Ituiutaba,2021-01-19,4912,30,107,1
Ituiutaba,Ituiutaba,2021-01-20,4961,49,108,1
Ituiutaba,Ituiutaba,2021-01-21,5016,55,110,2
Ituiutaba,Ituiutaba,2021-01-22,5046,30,110,0
Ituiutaba,Ituiutaba,2021-01-23,5081,35,110,0
Ituiutaba,Ituiutaba,2021-01-24,5092,11,110,0
Ituiutaba,Ituiutaba,2021-01-25,5097,5,110,0
Ituiutaba,Ituiutaba,2021-01-26,5149,52,111,1
Ituiutaba,Ituiutaba,2021-01-27,5201,52,113,2
Ituiutaba,Ituiutaba,2021-01-28,5241,40,115,2
Ituiutaba,Ituiutaba,2021-01-29,5273,32,115,0
Ituiutaba,Ituiutaba,2021-01-30,5325,52,117,2
Ituiutaba,Ituiutaba,2021-01-31,5337,12,117,0
Ituiutaba,Ituiutaba,2021-02-01,5348,11,117,0
Ituiutaba,Ituiutaba,2021-02-02,5389,41,117,0
Ituiutaba,Ituiutaba,2021-02-03,5423,34,119,2
Ituiutaba,Ituiutaba,2021-02-04,5458,35,122,3
Ituiutaba,Ituiutaba,2021-02-05,5491,33,124,2
Ituiutaba,Ituiutaba,2021-02-06,5532,41,126,2
Ituiutaba,Ituiutaba,2021-02-07,5541,9,127,1
Ituiutaba,Ituiutaba,2021-02-08,5549,8,128,1
