city,city,date,cases,daily cases,deaths,daily deaths
Itupeva,Itupeva,2020-03-27,0,0,0,0
Itupeva,Itupeva,2020-03-28,1,1,0,0
Itupeva,Itupeva,2020-03-29,1,0,0,0
Itupeva,Itupeva,2020-03-30,1,0,0,0
Itupeva,Itupeva,2020-03-31,1,0,0,0
Itupeva,Itupeva,2020-04-01,1,0,0,0
Itupeva,Itupeva,2020-04-02,1,0,0,0
Itupeva,Itupeva,2020-04-03,1,0,0,0
Itupeva,Itupeva,2020-04-04,1,0,0,0
Itupeva,Itupeva,2020-04-05,1,0,0,0
Itupeva,Itupeva,2020-04-06,1,0,0,0
Itupeva,Itupeva,2020-04-07,1,0,0,0
Itupeva,Itupeva,2020-04-08,1,0,0,0
Itupeva,Itupeva,2020-04-09,1,0,0,0
Itupeva,Itupeva,2020-04-10,1,0,0,0
Itupeva,Itupeva,2020-04-11,1,0,0,0
Itupeva,Itupeva,2020-04-12,1,0,0,0
Itupeva,Itupeva,2020-04-13,1,0,0,0
Itupeva,Itupeva,2020-04-14,1,0,0,0
Itupeva,Itupeva,2020-04-15,1,0,0,0
Itupeva,Itupeva,2020-04-16,2,1,0,0
Itupeva,Itupeva,2020-04-17,2,0,0,0
Itupeva,Itupeva,2020-04-18,2,0,0,0
Itupeva,Itupeva,2020-04-19,2,0,0,0
Itupeva,Itupeva,2020-04-20,2,0,0,0
Itupeva,Itupeva,2020-04-21,3,1,0,0
Itupeva,Itupeva,2020-04-22,3,0,0,0
Itupeva,Itupeva,2020-04-23,4,1,1,1
Itupeva,Itupeva,2020-04-24,4,0,1,0
Itupeva,Itupeva,2020-04-25,4,0,1,0
Itupeva,Itupeva,2020-04-26,4,0,1,0
Itupeva,Itupeva,2020-04-27,4,0,1,0
Itupeva,Itupeva,2020-04-28,5,1,1,0
Itupeva,Itupeva,2020-04-29,5,0,1,0
Itupeva,Itupeva,2020-04-30,5,0,1,0
Itupeva,Itupeva,2020-05-01,4,-1,1,0
Itupeva,Itupeva,2020-05-02,4,0,1,0
Itupeva,Itupeva,2020-05-03,4,0,1,0
Itupeva,Itupeva,2020-05-04,4,0,1,0
Itupeva,Itupeva,2020-05-05,4,0,2,1
Itupeva,Itupeva,2020-05-06,8,4,2,0
Itupeva,Itupeva,2020-05-07,9,1,2,0
Itupeva,Itupeva,2020-05-08,9,0,2,0
Itupeva,Itupeva,2020-05-09,10,1,2,0
Itupeva,Itupeva,2020-05-10,10,0,2,0
Itupeva,Itupeva,2020-05-11,10,0,2,0
Itupeva,Itupeva,2020-05-12,11,1,2,0
Itupeva,Itupeva,2020-05-13,13,2,2,0
Itupeva,Itupeva,2020-05-14,15,2,2,0
Itupeva,Itupeva,2020-05-15,15,0,2,0
Itupeva,Itupeva,2020-05-16,15,0,2,0
Itupeva,Itupeva,2020-05-17,15,0,2,0
Itupeva,Itupeva,2020-05-18,16,1,2,0
Itupeva,Itupeva,2020-05-19,17,1,2,0
Itupeva,Itupeva,2020-05-20,24,7,3,1
Itupeva,Itupeva,2020-05-21,26,2,3,0
Itupeva,Itupeva,2020-05-22,28,2,3,0
Itupeva,Itupeva,2020-05-23,33,5,3,0
Itupeva,Itupeva,2020-05-24,33,0,3,0
Itupeva,Itupeva,2020-05-25,33,0,3,0
Itupeva,Itupeva,2020-05-26,33,0,3,0
Itupeva,Itupeva,2020-05-27,34,1,3,0
Itupeva,Itupeva,2020-05-28,43,9,3,0
Itupeva,Itupeva,2020-05-29,44,1,3,0
Itupeva,Itupeva,2020-05-30,45,1,3,0
Itupeva,Itupeva,2020-05-31,47,2,3,0
Itupeva,Itupeva,2020-06-01,48,1,3,0
Itupeva,Itupeva,2020-06-02,56,8,3,0
Itupeva,Itupeva,2020-06-03,62,6,3,0
Itupeva,Itupeva,2020-06-04,73,11,4,1
Itupeva,Itupeva,2020-06-05,75,2,5,1
Itupeva,Itupeva,2020-06-06,78,3,6,1
Itupeva,Itupeva,2020-06-07,78,0,6,0
Itupeva,Itupeva,2020-06-08,78,0,6,0
Itupeva,Itupeva,2020-06-09,82,4,6,0
Itupeva,Itupeva,2020-06-10,89,7,6,0
Itupeva,Itupeva,2020-06-11,93,4,6,0
Itupeva,Itupeva,2020-06-12,94,1,6,0
Itupeva,Itupeva,2020-06-13,96,2,6,0
Itupeva,Itupeva,2020-06-14,101,5,6,0
Itupeva,Itupeva,2020-06-15,104,3,6,0
Itupeva,Itupeva,2020-06-16,120,16,7,1
Itupeva,Itupeva,2020-06-17,120,0,7,0
Itupeva,Itupeva,2020-06-18,121,1,7,0
Itupeva,Itupeva,2020-06-19,172,51,7,0
Itupeva,Itupeva,2020-06-20,185,13,7,0
Itupeva,Itupeva,2020-06-21,187,2,8,1
Itupeva,Itupeva,2020-06-22,187,0,8,0
Itupeva,Itupeva,2020-06-23,203,16,9,1
Itupeva,Itupeva,2020-06-24,219,16,9,0
Itupeva,Itupeva,2020-06-25,243,24,9,0
Itupeva,Itupeva,2020-06-26,260,17,9,0
Itupeva,Itupeva,2020-06-27,279,19,9,0
Itupeva,Itupeva,2020-06-28,281,2,9,0
Itupeva,Itupeva,2020-06-29,283,2,9,0
Itupeva,Itupeva,2020-06-30,284,1,9,0
Itupeva,Itupeva,2020-07-01,326,42,9,0
Itupeva,Itupeva,2020-07-02,360,34,9,0
Itupeva,Itupeva,2020-07-03,400,40,9,0
Itupeva,Itupeva,2020-07-04,400,0,9,0
Itupeva,Itupeva,2020-07-05,408,8,9,0
Itupeva,Itupeva,2020-07-06,412,4,9,0
Itupeva,Itupeva,2020-07-07,435,23,15,6
Itupeva,Itupeva,2020-07-08,452,17,16,1
Itupeva,Itupeva,2020-07-09,486,34,16,0
Itupeva,Itupeva,2020-07-10,518,32,16,0
Itupeva,Itupeva,2020-07-11,530,12,16,0
Itupeva,Itupeva,2020-07-12,534,4,16,0
Itupeva,Itupeva,2020-07-13,536,2,16,0
Itupeva,Itupeva,2020-07-14,542,6,18,2
Itupeva,Itupeva,2020-07-15,545,3,18,0
Itupeva,Itupeva,2020-07-16,550,5,19,1
Itupeva,Itupeva,2020-07-17,553,3,19,0
Itupeva,Itupeva,2020-07-18,560,7,22,3
Itupeva,Itupeva,2020-07-19,563,3,22,0
Itupeva,Itupeva,2020-07-20,564,1,22,0
Itupeva,Itupeva,2020-07-21,570,6,23,1
Itupeva,Itupeva,2020-07-22,603,33,23,0
Itupeva,Itupeva,2020-07-23,646,43,23,0
Itupeva,Itupeva,2020-07-24,772,126,23,0
Itupeva,Itupeva,2020-07-25,837,65,24,1
Itupeva,Itupeva,2020-07-26,838,1,24,0
Itupeva,Itupeva,2020-07-27,839,1,24,0
Itupeva,Itupeva,2020-07-28,839,0,24,0
Itupeva,Itupeva,2020-07-29,886,47,24,0
Itupeva,Itupeva,2020-07-30,918,32,24,0
Itupeva,Itupeva,2020-07-31,932,14,24,0
Itupeva,Itupeva,2020-08-01,943,11,24,0
Itupeva,Itupeva,2020-08-02,947,4,24,0
Itupeva,Itupeva,2020-08-03,949,2,25,1
Itupeva,Itupeva,2020-08-04,974,25,25,0
Itupeva,Itupeva,2020-08-05,983,9,25,0
Itupeva,Itupeva,2020-08-06,1037,54,25,0
Itupeva,Itupeva,2020-08-07,1045,8,25,0
Itupeva,Itupeva,2020-08-08,1075,30,28,3
Itupeva,Itupeva,2020-08-09,1076,1,28,0
Itupeva,Itupeva,2020-08-10,1077,1,29,1
Itupeva,Itupeva,2020-08-11,1082,5,29,0
Itupeva,Itupeva,2020-08-12,1091,9,29,0
Itupeva,Itupeva,2020-08-13,1134,43,29,0
Itupeva,Itupeva,2020-08-14,1169,35,29,0
Itupeva,Itupeva,2020-08-15,1184,15,29,0
Itupeva,Itupeva,2020-08-16,1185,1,29,0
Itupeva,Itupeva,2020-08-17,1191,6,29,0
Itupeva,Itupeva,2020-08-18,1213,22,31,2
Itupeva,Itupeva,2020-08-19,1255,42,31,0
Itupeva,Itupeva,2020-08-20,1261,6,31,0
Itupeva,Itupeva,2020-08-21,1272,11,31,0
Itupeva,Itupeva,2020-08-22,1288,16,31,0
Itupeva,Itupeva,2020-08-23,1288,0,31,0
Itupeva,Itupeva,2020-08-24,1289,1,31,0
Itupeva,Itupeva,2020-08-25,1312,23,31,0
Itupeva,Itupeva,2020-08-26,1326,14,31,0
Itupeva,Itupeva,2020-08-27,1359,33,31,0
Itupeva,Itupeva,2020-08-28,1386,27,31,0
Itupeva,Itupeva,2020-08-29,1410,24,31,0
Itupeva,Itupeva,2020-08-30,1416,6,31,0
Itupeva,Itupeva,2020-08-31,1416,0,31,0
Itupeva,Itupeva,2020-09-01,1440,24,31,0
Itupeva,Itupeva,2020-09-02,1466,26,31,0
Itupeva,Itupeva,2020-09-03,1468,2,31,0
Itupeva,Itupeva,2020-09-04,1497,29,31,0
Itupeva,Itupeva,2020-09-05,1513,16,31,0
Itupeva,Itupeva,2020-09-06,1514,1,31,0
Itupeva,Itupeva,2020-09-07,1514,0,31,0
Itupeva,Itupeva,2020-09-08,1514,0,31,0
Itupeva,Itupeva,2020-09-09,1522,8,32,1
Itupeva,Itupeva,2020-09-10,1553,31,32,0
Itupeva,Itupeva,2020-09-11,1559,6,32,0
Itupeva,Itupeva,2020-09-12,1567,8,32,0
Itupeva,Itupeva,2020-09-13,1571,4,32,0
Itupeva,Itupeva,2020-09-14,1571,0,32,0
Itupeva,Itupeva,2020-09-15,1595,24,32,0
Itupeva,Itupeva,2020-09-16,1618,23,32,0
Itupeva,Itupeva,2020-09-17,1627,9,32,0
Itupeva,Itupeva,2020-09-18,1634,7,32,0
Itupeva,Itupeva,2020-09-19,1658,24,33,1
Itupeva,Itupeva,2020-09-20,1658,0,33,0
Itupeva,Itupeva,2020-09-21,1658,0,33,0
Itupeva,Itupeva,2020-09-22,1660,2,33,0
Itupeva,Itupeva,2020-09-23,1684,24,33,0
Itupeva,Itupeva,2020-09-24,1692,8,33,0
Itupeva,Itupeva,2020-09-25,1698,6,33,0
Itupeva,Itupeva,2020-09-26,1714,16,33,0
Itupeva,Itupeva,2020-09-27,1714,0,33,0
Itupeva,Itupeva,2020-09-28,1714,0,33,0
Itupeva,Itupeva,2020-09-29,1720,6,33,0
Itupeva,Itupeva,2020-09-30,1734,14,33,0
Itupeva,Itupeva,2020-10-01,1735,1,33,0
Itupeva,Itupeva,2020-10-02,1741,6,33,0
Itupeva,Itupeva,2020-10-03,1743,2,33,0
Itupeva,Itupeva,2020-10-04,1743,0,33,0
Itupeva,Itupeva,2020-10-05,1743,0,33,0
Itupeva,Itupeva,2020-10-06,1753,10,33,0
Itupeva,Itupeva,2020-10-07,1756,3,34,1
Itupeva,Itupeva,2020-10-08,1761,5,34,0
Itupeva,Itupeva,2020-10-09,1761,0,34,0
Itupeva,Itupeva,2020-10-10,1762,1,34,0
Itupeva,Itupeva,2020-10-11,1762,0,34,0
Itupeva,Itupeva,2020-10-12,1763,1,34,0
Itupeva,Itupeva,2020-10-13,1763,0,34,0
Itupeva,Itupeva,2020-10-14,1766,3,34,0
Itupeva,Itupeva,2020-10-15,1770,4,34,0
Itupeva,Itupeva,2020-10-16,1775,5,34,0
Itupeva,Itupeva,2020-10-17,1776,1,34,0
Itupeva,Itupeva,2020-10-18,1776,0,34,0
Itupeva,Itupeva,2020-10-19,1776,0,34,0
Itupeva,Itupeva,2020-10-20,1778,2,34,0
Itupeva,Itupeva,2020-10-21,1783,5,34,0
Itupeva,Itupeva,2020-10-22,1786,3,34,0
Itupeva,Itupeva,2020-10-23,1787,1,34,0
Itupeva,Itupeva,2020-10-24,1791,4,34,0
Itupeva,Itupeva,2020-10-25,1791,0,34,0
Itupeva,Itupeva,2020-10-26,1790,-1,34,0
Itupeva,Itupeva,2020-10-27,1790,0,34,0
Itupeva,Itupeva,2020-10-28,1800,10,34,0
Itupeva,Itupeva,2020-10-29,1801,1,34,0
Itupeva,Itupeva,2020-10-30,1802,1,34,0
Itupeva,Itupeva,2020-10-31,1804,2,34,0
Itupeva,Itupeva,2020-11-01,1805,1,34,0
Itupeva,Itupeva,2020-11-02,1805,0,34,0
Itupeva,Itupeva,2020-11-03,1805,0,34,0
Itupeva,Itupeva,2020-11-04,1813,8,34,0
Itupeva,Itupeva,2020-11-05,1813,0,34,0
Itupeva,Itupeva,2020-11-06,1813,0,34,0
Itupeva,Itupeva,2020-11-07,1813,0,34,0
Itupeva,Itupeva,2020-11-08,1813,0,34,0
Itupeva,Itupeva,2020-11-09,1813,0,34,0
Itupeva,Itupeva,2020-11-10,1813,0,34,0
Itupeva,Itupeva,2020-11-11,1825,12,34,0
Itupeva,Itupeva,2020-11-12,1830,5,34,0
Itupeva,Itupeva,2020-11-13,1842,12,34,0
Itupeva,Itupeva,2020-11-14,1844,2,34,0
Itupeva,Itupeva,2020-11-15,1844,0,34,0
Itupeva,Itupeva,2020-11-16,1845,1,34,0
Itupeva,Itupeva,2020-11-17,1854,9,34,0
Itupeva,Itupeva,2020-11-18,1878,24,34,0
Itupeva,Itupeva,2020-11-19,1892,14,34,0
Itupeva,Itupeva,2020-11-20,1906,14,34,0
Itupeva,Itupeva,2020-11-21,1913,7,34,0
Itupeva,Itupeva,2020-11-22,1915,2,34,0
Itupeva,Itupeva,2020-11-23,1917,2,34,0
Itupeva,Itupeva,2020-11-24,1918,1,34,0
Itupeva,Itupeva,2020-11-25,1943,25,34,0
Itupeva,Itupeva,2020-11-26,1947,4,34,0
Itupeva,Itupeva,2020-11-27,1957,10,34,0
Itupeva,Itupeva,2020-11-28,1978,21,34,0
Itupeva,Itupeva,2020-11-29,1978,0,34,0
Itupeva,Itupeva,2020-11-30,1980,2,34,0
Itupeva,Itupeva,2020-12-01,2040,60,36,2
Itupeva,Itupeva,2020-12-02,2048,8,36,0
Itupeva,Itupeva,2020-12-03,2068,20,36,0
Itupeva,Itupeva,2020-12-04,2087,19,36,0
Itupeva,Itupeva,2020-12-05,2105,18,36,0
Itupeva,Itupeva,2020-12-06,2109,4,36,0
Itupeva,Itupeva,2020-12-07,2111,2,36,0
Itupeva,Itupeva,2020-12-08,2118,7,36,0
Itupeva,Itupeva,2020-12-09,2125,7,36,0
Itupeva,Itupeva,2020-12-10,2183,58,36,0
Itupeva,Itupeva,2020-12-11,2200,17,37,1
Itupeva,Itupeva,2020-12-12,2216,16,39,2
Itupeva,Itupeva,2020-12-13,2217,1,40,1
Itupeva,Itupeva,2020-12-14,2216,-1,40,0
Itupeva,Itupeva,2020-12-15,2220,4,40,0
Itupeva,Itupeva,2020-12-16,2220,0,40,0
Itupeva,Itupeva,2020-12-17,2241,21,41,1
Itupeva,Itupeva,2020-12-18,2261,20,41,0
Itupeva,Itupeva,2020-12-19,2289,28,41,0
Itupeva,Itupeva,2020-12-20,2289,0,41,0
Itupeva,Itupeva,2020-12-21,2289,0,41,0
Itupeva,Itupeva,2020-12-22,2297,8,44,3
Itupeva,Itupeva,2020-12-23,2302,5,44,0
Itupeva,Itupeva,2020-12-24,2311,9,44,0
Itupeva,Itupeva,2020-12-25,2312,1,44,0
Itupeva,Itupeva,2020-12-26,2317,5,44,0
Itupeva,Itupeva,2020-12-27,2317,0,44,0
Itupeva,Itupeva,2020-12-28,2319,2,44,0
Itupeva,Itupeva,2020-12-29,2324,5,44,0
Itupeva,Itupeva,2020-12-30,2337,13,44,0
Itupeva,Itupeva,2020-12-31,2340,3,44,0
Itupeva,Itupeva,2021-01-01,2343,3,44,0
Itupeva,Itupeva,2021-01-02,2344,1,44,0
Itupeva,Itupeva,2021-01-03,2345,1,44,0
Itupeva,Itupeva,2021-01-04,2348,3,44,0
Itupeva,Itupeva,2021-01-05,2355,7,44,0
Itupeva,Itupeva,2021-01-06,2391,36,44,0
Itupeva,Itupeva,2021-01-07,2426,35,44,0
Itupeva,Itupeva,2021-01-08,2460,34,45,1
Itupeva,Itupeva,2021-01-09,2488,28,45,0
Itupeva,Itupeva,2021-01-10,2491,3,45,0
Itupeva,Itupeva,2021-01-11,2491,0,45,0
Itupeva,Itupeva,2021-01-12,2497,6,45,0
Itupeva,Itupeva,2021-01-13,2501,4,45,0
Itupeva,Itupeva,2021-01-14,2508,7,45,0
Itupeva,Itupeva,2021-01-15,2534,26,45,0
Itupeva,Itupeva,2021-01-16,2612,78,45,0
Itupeva,Itupeva,2021-01-17,2613,1,45,0
Itupeva,Itupeva,2021-01-18,2618,5,46,1
Itupeva,Itupeva,2021-01-19,2659,41,46,0
Itupeva,Itupeva,2021-01-20,2698,39,46,0
Itupeva,Itupeva,2021-01-21,2729,31,46,0
Itupeva,Itupeva,2021-01-22,2738,9,46,0
Itupeva,Itupeva,2021-01-23,2743,5,46,0
Itupeva,Itupeva,2021-01-24,2752,9,46,0
Itupeva,Itupeva,2021-01-25,2752,0,46,0
Itupeva,Itupeva,2021-01-26,2753,1,46,0
Itupeva,Itupeva,2021-01-27,2779,26,46,0
Itupeva,Itupeva,2021-01-28,2795,16,46,0
Itupeva,Itupeva,2021-01-29,2805,10,47,1
Itupeva,Itupeva,2021-01-30,2815,10,47,0
Itupeva,Itupeva,2021-01-31,2815,0,47,0
Itupeva,Itupeva,2021-02-01,2815,0,47,0
Itupeva,Itupeva,2021-02-02,2832,17,47,0
Itupeva,Itupeva,2021-02-03,2837,5,47,0
Itupeva,Itupeva,2021-02-04,2847,10,47,0
Itupeva,Itupeva,2021-02-05,2853,6,47,0
Itupeva,Itupeva,2021-02-06,2872,19,47,0
Itupeva,Itupeva,2021-02-07,2875,3,47,0
Itupeva,Itupeva,2021-02-08,2878,3,47,0
