city,city,date,cases,daily cases,deaths,daily deaths
Ivaiporã,Ivaiporã,2020-03-27,0,0,0,0
Ivaiporã,Ivaiporã,2020-03-28,0,0,0,0
Ivaiporã,Ivaiporã,2020-03-29,0,0,0,0
Ivaiporã,Ivaiporã,2020-03-30,0,0,0,0
Ivaiporã,Ivaiporã,2020-03-31,0,0,0,0
Ivaiporã,Ivaiporã,2020-04-01,0,0,0,0
Ivaiporã,Ivaiporã,2020-04-02,0,0,0,0
Ivaiporã,Ivaiporã,2020-04-03,0,0,0,0
Ivaiporã,Ivaiporã,2020-04-04,0,0,0,0
Ivaiporã,Ivaiporã,2020-04-05,0,0,0,0
Ivaiporã,Ivaiporã,2020-04-06,0,0,0,0
Ivaiporã,Ivaiporã,2020-04-07,0,0,0,0
Ivaiporã,Ivaiporã,2020-04-08,1,1,0,0
Ivaiporã,Ivaiporã,2020-04-09,1,0,0,0
Ivaiporã,Ivaiporã,2020-04-10,1,0,0,0
Ivaiporã,Ivaiporã,2020-04-11,1,0,0,0
Ivaiporã,Ivaiporã,2020-04-12,1,0,0,0
Ivaiporã,Ivaiporã,2020-04-13,1,0,0,0
Ivaiporã,Ivaiporã,2020-04-14,3,2,0,0
Ivaiporã,Ivaiporã,2020-04-15,3,0,0,0
Ivaiporã,Ivaiporã,2020-04-16,3,0,1,1
Ivaiporã,Ivaiporã,2020-04-17,4,1,1,0
Ivaiporã,Ivaiporã,2020-04-18,6,2,1,0
Ivaiporã,Ivaiporã,2020-04-19,6,0,1,0
Ivaiporã,Ivaiporã,2020-04-20,6,0,1,0
Ivaiporã,Ivaiporã,2020-04-21,6,0,1,0
Ivaiporã,Ivaiporã,2020-04-22,6,0,1,0
Ivaiporã,Ivaiporã,2020-04-23,6,0,1,0
Ivaiporã,Ivaiporã,2020-04-24,6,0,1,0
Ivaiporã,Ivaiporã,2020-04-25,6,0,1,0
Ivaiporã,Ivaiporã,2020-04-26,6,0,1,0
Ivaiporã,Ivaiporã,2020-04-27,6,0,2,1
Ivaiporã,Ivaiporã,2020-04-28,6,0,2,0
Ivaiporã,Ivaiporã,2020-04-29,7,1,2,0
Ivaiporã,Ivaiporã,2020-04-30,7,0,2,0
Ivaiporã,Ivaiporã,2020-05-01,7,0,2,0
Ivaiporã,Ivaiporã,2020-05-02,7,0,2,0
Ivaiporã,Ivaiporã,2020-05-03,7,0,2,0
Ivaiporã,Ivaiporã,2020-05-04,7,0,2,0
Ivaiporã,Ivaiporã,2020-05-05,7,0,2,0
Ivaiporã,Ivaiporã,2020-05-06,7,0,2,0
Ivaiporã,Ivaiporã,2020-05-07,7,0,2,0
Ivaiporã,Ivaiporã,2020-05-08,7,0,2,0
Ivaiporã,Ivaiporã,2020-05-09,7,0,2,0
Ivaiporã,Ivaiporã,2020-05-10,7,0,2,0
Ivaiporã,Ivaiporã,2020-05-11,7,0,2,0
Ivaiporã,Ivaiporã,2020-05-12,7,0,2,0
Ivaiporã,Ivaiporã,2020-05-13,7,0,2,0
Ivaiporã,Ivaiporã,2020-05-14,7,0,2,0
Ivaiporã,Ivaiporã,2020-05-15,7,0,2,0
Ivaiporã,Ivaiporã,2020-05-16,7,0,2,0
Ivaiporã,Ivaiporã,2020-05-17,7,0,2,0
Ivaiporã,Ivaiporã,2020-05-18,7,0,2,0
Ivaiporã,Ivaiporã,2020-05-19,7,0,2,0
Ivaiporã,Ivaiporã,2020-05-20,7,0,2,0
Ivaiporã,Ivaiporã,2020-05-21,7,0,2,0
Ivaiporã,Ivaiporã,2020-05-22,7,0,2,0
Ivaiporã,Ivaiporã,2020-05-23,7,0,2,0
Ivaiporã,Ivaiporã,2020-05-24,7,0,2,0
Ivaiporã,Ivaiporã,2020-05-25,7,0,2,0
Ivaiporã,Ivaiporã,2020-05-26,7,0,2,0
Ivaiporã,Ivaiporã,2020-05-27,7,0,2,0
Ivaiporã,Ivaiporã,2020-05-28,9,2,2,0
Ivaiporã,Ivaiporã,2020-05-29,11,2,2,0
Ivaiporã,Ivaiporã,2020-05-30,11,0,2,0
Ivaiporã,Ivaiporã,2020-05-31,11,0,2,0
Ivaiporã,Ivaiporã,2020-06-01,11,0,2,0
Ivaiporã,Ivaiporã,2020-06-02,11,0,2,0
Ivaiporã,Ivaiporã,2020-06-03,11,0,2,0
Ivaiporã,Ivaiporã,2020-06-04,11,0,2,0
Ivaiporã,Ivaiporã,2020-06-05,11,0,2,0
Ivaiporã,Ivaiporã,2020-06-06,11,0,2,0
Ivaiporã,Ivaiporã,2020-06-07,11,0,2,0
Ivaiporã,Ivaiporã,2020-06-08,11,0,2,0
Ivaiporã,Ivaiporã,2020-06-09,11,0,2,0
Ivaiporã,Ivaiporã,2020-06-10,11,0,2,0
Ivaiporã,Ivaiporã,2020-06-11,11,0,2,0
Ivaiporã,Ivaiporã,2020-06-12,11,0,2,0
Ivaiporã,Ivaiporã,2020-06-13,11,0,2,0
Ivaiporã,Ivaiporã,2020-06-14,11,0,2,0
Ivaiporã,Ivaiporã,2020-06-15,10,-1,2,0
Ivaiporã,Ivaiporã,2020-06-16,10,0,2,0
Ivaiporã,Ivaiporã,2020-06-17,11,1,2,0
Ivaiporã,Ivaiporã,2020-06-18,12,1,2,0
Ivaiporã,Ivaiporã,2020-06-19,13,1,2,0
Ivaiporã,Ivaiporã,2020-06-20,13,0,2,0
Ivaiporã,Ivaiporã,2020-06-21,13,0,2,0
Ivaiporã,Ivaiporã,2020-06-22,15,2,2,0
Ivaiporã,Ivaiporã,2020-06-23,15,0,2,0
Ivaiporã,Ivaiporã,2020-06-24,15,0,2,0
Ivaiporã,Ivaiporã,2020-06-25,22,7,2,0
Ivaiporã,Ivaiporã,2020-06-26,22,0,2,0
Ivaiporã,Ivaiporã,2020-06-27,24,2,2,0
Ivaiporã,Ivaiporã,2020-06-28,27,3,2,0
Ivaiporã,Ivaiporã,2020-06-29,28,1,2,0
Ivaiporã,Ivaiporã,2020-06-30,38,10,2,0
Ivaiporã,Ivaiporã,2020-07-01,42,4,2,0
Ivaiporã,Ivaiporã,2020-07-02,63,21,2,0
Ivaiporã,Ivaiporã,2020-07-03,72,9,2,0
Ivaiporã,Ivaiporã,2020-07-04,90,18,2,0
Ivaiporã,Ivaiporã,2020-07-05,95,5,2,0
Ivaiporã,Ivaiporã,2020-07-06,97,2,2,0
Ivaiporã,Ivaiporã,2020-07-07,102,5,4,2
Ivaiporã,Ivaiporã,2020-07-08,104,2,5,1
Ivaiporã,Ivaiporã,2020-07-09,110,6,6,1
Ivaiporã,Ivaiporã,2020-07-10,116,6,6,0
Ivaiporã,Ivaiporã,2020-07-11,126,10,6,0
Ivaiporã,Ivaiporã,2020-07-12,129,3,6,0
Ivaiporã,Ivaiporã,2020-07-13,129,0,6,0
Ivaiporã,Ivaiporã,2020-07-14,145,16,6,0
Ivaiporã,Ivaiporã,2020-07-15,145,0,6,0
Ivaiporã,Ivaiporã,2020-07-16,149,4,7,1
Ivaiporã,Ivaiporã,2020-07-17,160,11,7,0
Ivaiporã,Ivaiporã,2020-07-18,167,7,7,0
Ivaiporã,Ivaiporã,2020-07-19,175,8,7,0
Ivaiporã,Ivaiporã,2020-07-20,176,1,6,-1
Ivaiporã,Ivaiporã,2020-07-21,176,0,6,0
Ivaiporã,Ivaiporã,2020-07-22,183,7,6,0
Ivaiporã,Ivaiporã,2020-07-23,189,6,6,0
Ivaiporã,Ivaiporã,2020-07-24,197,8,6,0
Ivaiporã,Ivaiporã,2020-07-25,199,2,7,1
Ivaiporã,Ivaiporã,2020-07-26,204,5,7,0
Ivaiporã,Ivaiporã,2020-07-27,203,-1,7,0
Ivaiporã,Ivaiporã,2020-07-28,214,11,7,0
Ivaiporã,Ivaiporã,2020-07-29,225,11,7,0
Ivaiporã,Ivaiporã,2020-07-30,227,2,7,0
Ivaiporã,Ivaiporã,2020-07-31,228,1,7,0
Ivaiporã,Ivaiporã,2020-08-01,232,4,7,0
Ivaiporã,Ivaiporã,2020-08-02,247,15,7,0
Ivaiporã,Ivaiporã,2020-08-03,248,1,7,0
Ivaiporã,Ivaiporã,2020-08-04,267,19,7,0
Ivaiporã,Ivaiporã,2020-08-05,268,1,7,0
Ivaiporã,Ivaiporã,2020-08-06,276,8,7,0
Ivaiporã,Ivaiporã,2020-08-07,278,2,9,2
Ivaiporã,Ivaiporã,2020-08-08,278,0,9,0
Ivaiporã,Ivaiporã,2020-08-09,278,0,9,0
Ivaiporã,Ivaiporã,2020-08-10,301,23,10,1
Ivaiporã,Ivaiporã,2020-08-11,303,2,11,1
Ivaiporã,Ivaiporã,2020-08-12,310,7,12,1
Ivaiporã,Ivaiporã,2020-08-13,323,13,12,0
Ivaiporã,Ivaiporã,2020-08-14,322,-1,12,0
Ivaiporã,Ivaiporã,2020-08-15,336,14,13,1
Ivaiporã,Ivaiporã,2020-08-16,343,7,13,0
Ivaiporã,Ivaiporã,2020-08-17,356,13,13,0
Ivaiporã,Ivaiporã,2020-08-18,360,4,13,0
Ivaiporã,Ivaiporã,2020-08-19,360,0,13,0
Ivaiporã,Ivaiporã,2020-08-20,375,15,13,0
Ivaiporã,Ivaiporã,2020-08-21,392,17,13,0
Ivaiporã,Ivaiporã,2020-08-22,408,16,13,0
Ivaiporã,Ivaiporã,2020-08-23,409,1,13,0
Ivaiporã,Ivaiporã,2020-08-24,416,7,13,0
Ivaiporã,Ivaiporã,2020-08-25,416,0,13,0
Ivaiporã,Ivaiporã,2020-08-26,420,4,13,0
Ivaiporã,Ivaiporã,2020-08-27,425,5,13,0
Ivaiporã,Ivaiporã,2020-08-28,446,21,13,0
Ivaiporã,Ivaiporã,2020-08-29,449,3,13,0
Ivaiporã,Ivaiporã,2020-08-30,452,3,13,0
Ivaiporã,Ivaiporã,2020-08-31,452,0,13,0
Ivaiporã,Ivaiporã,2020-09-01,453,1,13,0
Ivaiporã,Ivaiporã,2020-09-02,453,0,13,0
Ivaiporã,Ivaiporã,2020-09-03,467,14,13,0
Ivaiporã,Ivaiporã,2020-09-04,479,12,13,0
Ivaiporã,Ivaiporã,2020-09-05,489,10,13,0
Ivaiporã,Ivaiporã,2020-09-06,503,14,13,0
Ivaiporã,Ivaiporã,2020-09-07,503,0,13,0
Ivaiporã,Ivaiporã,2020-09-08,505,2,13,0
Ivaiporã,Ivaiporã,2020-09-09,508,3,13,0
Ivaiporã,Ivaiporã,2020-09-10,517,9,13,0
Ivaiporã,Ivaiporã,2020-09-11,526,9,13,0
Ivaiporã,Ivaiporã,2020-09-12,541,15,13,0
Ivaiporã,Ivaiporã,2020-09-13,546,5,14,1
Ivaiporã,Ivaiporã,2020-09-14,546,0,14,0
Ivaiporã,Ivaiporã,2020-09-15,551,5,14,0
Ivaiporã,Ivaiporã,2020-09-16,551,0,14,0
Ivaiporã,Ivaiporã,2020-09-17,573,22,14,0
Ivaiporã,Ivaiporã,2020-09-18,589,16,14,0
Ivaiporã,Ivaiporã,2020-09-19,593,4,14,0
Ivaiporã,Ivaiporã,2020-09-20,599,6,14,0
Ivaiporã,Ivaiporã,2020-09-21,600,1,14,0
Ivaiporã,Ivaiporã,2020-09-22,611,11,14,0
Ivaiporã,Ivaiporã,2020-09-23,628,17,14,0
Ivaiporã,Ivaiporã,2020-09-24,638,10,15,1
Ivaiporã,Ivaiporã,2020-09-25,639,1,15,0
Ivaiporã,Ivaiporã,2020-09-26,650,11,15,0
Ivaiporã,Ivaiporã,2020-09-27,659,9,15,0
Ivaiporã,Ivaiporã,2020-09-28,664,5,15,0
Ivaiporã,Ivaiporã,2020-09-29,669,5,15,0
Ivaiporã,Ivaiporã,2020-09-30,672,3,15,0
Ivaiporã,Ivaiporã,2020-10-01,684,12,15,0
Ivaiporã,Ivaiporã,2020-10-02,694,10,16,1
Ivaiporã,Ivaiporã,2020-10-03,695,1,16,0
Ivaiporã,Ivaiporã,2020-10-04,695,0,16,0
Ivaiporã,Ivaiporã,2020-10-05,700,5,17,1
Ivaiporã,Ivaiporã,2020-10-06,704,4,17,0
Ivaiporã,Ivaiporã,2020-10-07,706,2,17,0
Ivaiporã,Ivaiporã,2020-10-08,708,2,17,0
Ivaiporã,Ivaiporã,2020-10-09,707,-1,17,0
Ivaiporã,Ivaiporã,2020-10-10,708,1,17,0
Ivaiporã,Ivaiporã,2020-10-11,710,2,17,0
Ivaiporã,Ivaiporã,2020-10-12,715,5,17,0
Ivaiporã,Ivaiporã,2020-10-13,718,3,17,0
Ivaiporã,Ivaiporã,2020-10-14,718,0,17,0
Ivaiporã,Ivaiporã,2020-10-15,718,0,17,0
Ivaiporã,Ivaiporã,2020-10-16,713,-5,17,0
Ivaiporã,Ivaiporã,2020-10-17,715,2,17,0
Ivaiporã,Ivaiporã,2020-10-18,715,0,17,0
Ivaiporã,Ivaiporã,2020-10-19,717,2,17,0
Ivaiporã,Ivaiporã,2020-10-20,717,0,17,0
Ivaiporã,Ivaiporã,2020-10-21,717,0,17,0
Ivaiporã,Ivaiporã,2020-10-22,719,2,17,0
Ivaiporã,Ivaiporã,2020-10-23,719,0,17,0
Ivaiporã,Ivaiporã,2020-10-24,720,1,17,0
Ivaiporã,Ivaiporã,2020-10-25,724,4,17,0
Ivaiporã,Ivaiporã,2020-10-26,725,1,17,0
Ivaiporã,Ivaiporã,2020-10-27,726,1,17,0
Ivaiporã,Ivaiporã,2020-10-28,726,0,17,0
Ivaiporã,Ivaiporã,2020-10-29,728,2,18,1
Ivaiporã,Ivaiporã,2020-10-30,730,2,18,0
Ivaiporã,Ivaiporã,2020-10-31,734,4,18,0
Ivaiporã,Ivaiporã,2020-11-01,739,5,18,0
Ivaiporã,Ivaiporã,2020-11-02,741,2,18,0
Ivaiporã,Ivaiporã,2020-11-03,743,2,19,1
Ivaiporã,Ivaiporã,2020-11-04,743,0,19,0
Ivaiporã,Ivaiporã,2020-11-05,745,2,19,0
Ivaiporã,Ivaiporã,2020-11-06,748,3,19,0
Ivaiporã,Ivaiporã,2020-11-07,750,2,19,0
Ivaiporã,Ivaiporã,2020-11-08,751,1,19,0
Ivaiporã,Ivaiporã,2020-11-09,753,2,19,0
Ivaiporã,Ivaiporã,2020-11-10,753,0,19,0
Ivaiporã,Ivaiporã,2020-11-11,755,2,19,0
Ivaiporã,Ivaiporã,2020-11-12,760,5,20,1
Ivaiporã,Ivaiporã,2020-11-13,760,0,20,0
Ivaiporã,Ivaiporã,2020-11-14,799,39,19,-1
Ivaiporã,Ivaiporã,2020-11-15,800,1,19,0
Ivaiporã,Ivaiporã,2020-11-16,801,1,19,0
Ivaiporã,Ivaiporã,2020-11-17,804,3,20,1
Ivaiporã,Ivaiporã,2020-11-18,808,4,20,0
Ivaiporã,Ivaiporã,2020-11-19,812,4,20,0
Ivaiporã,Ivaiporã,2020-11-20,814,2,20,0
Ivaiporã,Ivaiporã,2020-11-21,814,0,20,0
Ivaiporã,Ivaiporã,2020-11-22,818,4,20,0
Ivaiporã,Ivaiporã,2020-11-23,819,1,20,0
Ivaiporã,Ivaiporã,2020-11-24,821,2,20,0
Ivaiporã,Ivaiporã,2020-11-25,822,1,20,0
Ivaiporã,Ivaiporã,2020-11-26,847,25,20,0
Ivaiporã,Ivaiporã,2020-11-27,853,6,20,0
Ivaiporã,Ivaiporã,2020-11-28,862,9,20,0
Ivaiporã,Ivaiporã,2020-11-29,862,0,20,0
Ivaiporã,Ivaiporã,2020-11-30,865,3,20,0
Ivaiporã,Ivaiporã,2020-12-01,875,10,20,0
Ivaiporã,Ivaiporã,2020-12-02,886,11,20,0
Ivaiporã,Ivaiporã,2020-12-03,886,0,20,0
Ivaiporã,Ivaiporã,2020-12-04,887,1,20,0
Ivaiporã,Ivaiporã,2020-12-05,888,1,21,1
Ivaiporã,Ivaiporã,2020-12-06,889,1,21,0
Ivaiporã,Ivaiporã,2020-12-07,906,17,21,0
Ivaiporã,Ivaiporã,2020-12-08,921,15,21,0
Ivaiporã,Ivaiporã,2020-12-09,922,1,21,0
Ivaiporã,Ivaiporã,2020-12-10,936,14,21,0
Ivaiporã,Ivaiporã,2020-12-11,942,6,21,0
Ivaiporã,Ivaiporã,2020-12-12,942,0,21,0
Ivaiporã,Ivaiporã,2020-12-13,943,1,21,0
Ivaiporã,Ivaiporã,2020-12-14,962,19,22,1
Ivaiporã,Ivaiporã,2020-12-15,973,11,22,0
Ivaiporã,Ivaiporã,2020-12-16,985,12,22,0
Ivaiporã,Ivaiporã,2020-12-17,993,8,22,0
Ivaiporã,Ivaiporã,2020-12-18,995,2,22,0
Ivaiporã,Ivaiporã,2020-12-19,995,0,22,0
Ivaiporã,Ivaiporã,2020-12-20,995,0,22,0
Ivaiporã,Ivaiporã,2020-12-21,999,4,23,1
Ivaiporã,Ivaiporã,2020-12-22,1015,16,23,0
Ivaiporã,Ivaiporã,2020-12-23,1020,5,23,0
Ivaiporã,Ivaiporã,2020-12-24,1024,4,23,0
Ivaiporã,Ivaiporã,2020-12-25,1025,1,23,0
Ivaiporã,Ivaiporã,2020-12-26,1025,0,23,0
Ivaiporã,Ivaiporã,2020-12-27,1025,0,23,0
Ivaiporã,Ivaiporã,2020-12-28,1026,1,23,0
Ivaiporã,Ivaiporã,2020-12-29,1027,1,23,0
Ivaiporã,Ivaiporã,2020-12-30,1028,1,23,0
Ivaiporã,Ivaiporã,2020-12-31,1031,3,23,0
Ivaiporã,Ivaiporã,2021-01-01,1036,5,23,0
Ivaiporã,Ivaiporã,2021-01-02,1040,4,23,0
Ivaiporã,Ivaiporã,2021-01-03,1041,1,23,0
Ivaiporã,Ivaiporã,2021-01-04,1041,0,23,0
Ivaiporã,Ivaiporã,2021-01-05,1041,0,23,0
Ivaiporã,Ivaiporã,2021-01-06,1041,0,23,0
Ivaiporã,Ivaiporã,2021-01-07,1127,86,25,2
Ivaiporã,Ivaiporã,2021-01-08,1127,0,25,0
Ivaiporã,Ivaiporã,2021-01-09,1146,19,25,0
Ivaiporã,Ivaiporã,2021-01-10,1155,9,25,0
Ivaiporã,Ivaiporã,2021-01-11,1158,3,25,0
Ivaiporã,Ivaiporã,2021-01-12,1182,24,26,1
Ivaiporã,Ivaiporã,2021-01-13,1175,-7,27,1
Ivaiporã,Ivaiporã,2021-01-14,1188,13,27,0
Ivaiporã,Ivaiporã,2021-01-15,1203,15,27,0
Ivaiporã,Ivaiporã,2021-01-16,1217,14,27,0
Ivaiporã,Ivaiporã,2021-01-17,1217,0,27,0
Ivaiporã,Ivaiporã,2021-01-18,1218,1,27,0
Ivaiporã,Ivaiporã,2021-01-19,1237,19,27,0
Ivaiporã,Ivaiporã,2021-01-20,1246,9,27,0
Ivaiporã,Ivaiporã,2021-01-21,1250,4,27,0
Ivaiporã,Ivaiporã,2021-01-22,1254,4,27,0
Ivaiporã,Ivaiporã,2021-01-23,1256,2,27,0
Ivaiporã,Ivaiporã,2021-01-24,1258,2,27,0
Ivaiporã,Ivaiporã,2021-01-25,1263,5,27,0
Ivaiporã,Ivaiporã,2021-01-26,1271,8,27,0
Ivaiporã,Ivaiporã,2021-01-27,1273,2,27,0
Ivaiporã,Ivaiporã,2021-01-28,1282,9,28,1
Ivaiporã,Ivaiporã,2021-01-29,1285,3,28,0
Ivaiporã,Ivaiporã,2021-01-30,1292,7,28,0
Ivaiporã,Ivaiporã,2021-01-31,1294,2,28,0
Ivaiporã,Ivaiporã,2021-02-01,1299,5,28,0
Ivaiporã,Ivaiporã,2021-02-02,1305,6,28,0
Ivaiporã,Ivaiporã,2021-02-03,1310,5,28,0
Ivaiporã,Ivaiporã,2021-02-04,1324,14,29,1
Ivaiporã,Ivaiporã,2021-02-05,1328,4,29,0
Ivaiporã,Ivaiporã,2021-02-06,1334,6,29,0
Ivaiporã,Ivaiporã,2021-02-07,1337,3,29,0
Ivaiporã,Ivaiporã,2021-02-08,1339,2,29,0
