city,city,date,cases,daily cases,deaths,daily deaths
Içara,Içara,2020-03-27,0,0,0,0
Içara,Içara,2020-03-28,1,1,0,0
Içara,Içara,2020-03-29,1,0,0,0
Içara,Içara,2020-03-30,1,0,0,0
Içara,Içara,2020-03-31,1,0,0,0
Içara,Içara,2020-04-01,1,0,0,0
Içara,Içara,2020-04-02,1,0,0,0
Içara,Içara,2020-04-03,1,0,0,0
Içara,Içara,2020-04-04,1,0,0,0
Içara,Içara,2020-04-05,1,0,0,0
Içara,Içara,2020-04-06,1,0,0,0
Içara,Içara,2020-04-07,1,0,0,0
Içara,Içara,2020-04-08,1,0,0,0
Içara,Içara,2020-04-09,1,0,0,0
Içara,Içara,2020-04-10,7,6,0,0
Içara,Içara,2020-04-11,7,0,0,0
Içara,Içara,2020-04-12,7,0,0,0
Içara,Içara,2020-04-13,7,0,0,0
Içara,Içara,2020-04-14,7,0,0,0
Içara,Içara,2020-04-15,7,0,0,0
Içara,Içara,2020-04-16,7,0,0,0
Içara,Içara,2020-04-17,7,0,0,0
Içara,Içara,2020-04-18,7,0,0,0
Içara,Içara,2020-04-19,7,0,0,0
Içara,Içara,2020-04-20,7,0,0,0
Içara,Içara,2020-04-21,7,0,0,0
Içara,Içara,2020-04-22,7,0,0,0
Içara,Içara,2020-04-23,7,0,0,0
Içara,Içara,2020-04-24,7,0,0,0
Içara,Içara,2020-04-25,8,1,0,0
Içara,Içara,2020-04-26,8,0,0,0
Içara,Içara,2020-04-27,8,0,0,0
Içara,Içara,2020-04-28,8,0,0,0
Içara,Içara,2020-04-29,7,-1,0,0
Içara,Içara,2020-04-30,7,0,0,0
Içara,Içara,2020-05-01,8,1,0,0
Içara,Içara,2020-05-02,8,0,0,0
Içara,Içara,2020-05-03,8,0,0,0
Içara,Içara,2020-05-04,9,1,0,0
Içara,Içara,2020-05-05,9,0,0,0
Içara,Içara,2020-05-06,13,4,0,0
Içara,Içara,2020-05-07,13,0,0,0
Içara,Içara,2020-05-08,13,0,0,0
Içara,Içara,2020-05-09,14,1,0,0
Içara,Içara,2020-05-10,13,-1,0,0
Içara,Içara,2020-05-11,13,0,0,0
Içara,Içara,2020-05-12,13,0,0,0
Içara,Içara,2020-05-13,13,0,0,0
Içara,Içara,2020-05-14,15,2,0,0
Içara,Içara,2020-05-15,15,0,0,0
Içara,Içara,2020-05-16,16,1,0,0
Içara,Içara,2020-05-17,16,0,0,0
Içara,Içara,2020-05-18,18,2,0,0
Içara,Içara,2020-05-19,19,1,0,0
Içara,Içara,2020-05-20,20,1,0,0
Içara,Içara,2020-05-21,20,0,0,0
Içara,Içara,2020-05-22,22,2,0,0
Içara,Içara,2020-05-23,22,0,0,0
Içara,Içara,2020-05-24,24,2,0,0
Içara,Içara,2020-05-25,24,0,0,0
Içara,Içara,2020-05-26,18,-6,0,0
Içara,Içara,2020-05-27,17,-1,0,0
Içara,Içara,2020-05-28,18,1,0,0
Içara,Içara,2020-05-29,18,0,0,0
Içara,Içara,2020-05-30,20,2,0,0
Içara,Içara,2020-05-31,20,0,0,0
Içara,Içara,2020-06-01,21,1,0,0
Içara,Içara,2020-06-02,22,1,0,0
Içara,Içara,2020-06-03,25,3,0,0
Içara,Içara,2020-06-04,26,1,0,0
Içara,Içara,2020-06-05,27,1,0,0
Içara,Içara,2020-06-06,28,1,0,0
Içara,Içara,2020-06-07,28,0,0,0
Içara,Içara,2020-06-08,28,0,0,0
Içara,Içara,2020-06-09,28,0,0,0
Içara,Içara,2020-06-10,29,1,0,0
Içara,Içara,2020-06-11,31,2,0,0
Içara,Içara,2020-06-12,31,0,0,0
Içara,Içara,2020-06-13,31,0,0,0
Içara,Içara,2020-06-14,31,0,0,0
Içara,Içara,2020-06-15,31,0,0,0
Içara,Içara,2020-06-16,31,0,0,0
Içara,Içara,2020-06-17,31,0,0,0
Içara,Içara,2020-06-18,32,1,0,0
Içara,Içara,2020-06-19,33,1,0,0
Içara,Içara,2020-06-20,36,3,0,0
Içara,Içara,2020-06-21,37,1,0,0
Içara,Içara,2020-06-22,38,1,0,0
Içara,Içara,2020-06-23,39,1,0,0
Içara,Içara,2020-06-24,42,3,0,0
Içara,Içara,2020-06-25,45,3,0,0
Içara,Içara,2020-06-26,44,-1,0,0
Içara,Içara,2020-06-27,49,5,0,0
Içara,Içara,2020-06-28,55,6,0,0
Içara,Içara,2020-06-29,57,2,1,1
Içara,Içara,2020-06-30,64,7,1,0
Içara,Içara,2020-07-01,72,8,1,0
Içara,Içara,2020-07-02,76,4,1,0
Içara,Içara,2020-07-03,82,6,1,0
Içara,Içara,2020-07-04,84,2,1,0
Içara,Içara,2020-07-05,86,2,1,0
Içara,Içara,2020-07-06,89,3,1,0
Içara,Içara,2020-07-07,97,8,1,0
Içara,Içara,2020-07-08,99,2,1,0
Içara,Içara,2020-07-09,102,3,1,0
Içara,Içara,2020-07-10,106,4,1,0
Içara,Içara,2020-07-11,113,7,1,0
Içara,Içara,2020-07-12,112,-1,1,0
Içara,Içara,2020-07-13,114,2,1,0
Içara,Içara,2020-07-14,126,12,1,0
Içara,Içara,2020-07-15,134,8,1,0
Içara,Içara,2020-07-16,138,4,1,0
Içara,Içara,2020-07-17,147,9,1,0
Içara,Içara,2020-07-18,149,2,1,0
Içara,Içara,2020-07-19,152,3,1,0
Içara,Içara,2020-07-20,157,5,1,0
Içara,Içara,2020-07-21,182,25,1,0
Içara,Içara,2020-07-22,198,16,3,2
Içara,Içara,2020-07-23,210,12,3,0
Içara,Içara,2020-07-24,220,10,2,-1
Içara,Içara,2020-07-25,235,15,2,0
Içara,Içara,2020-07-26,239,4,2,0
Içara,Içara,2020-07-27,249,10,2,0
Içara,Içara,2020-07-28,280,31,2,0
Içara,Içara,2020-07-29,299,19,2,0
Içara,Içara,2020-07-30,314,15,2,0
Içara,Içara,2020-07-31,332,18,2,0
Içara,Içara,2020-08-01,341,9,2,0
Içara,Içara,2020-08-02,343,2,2,0
Içara,Içara,2020-08-03,346,3,2,0
Içara,Içara,2020-08-04,362,16,2,0
Içara,Içara,2020-08-05,386,24,3,1
Içara,Içara,2020-08-06,404,18,3,0
Içara,Içara,2020-08-07,425,21,3,0
Içara,Içara,2020-08-08,451,26,3,0
Içara,Içara,2020-08-09,455,4,3,0
Içara,Içara,2020-08-10,463,8,3,0
Içara,Içara,2020-08-11,492,29,3,0
Içara,Içara,2020-08-12,522,30,5,2
Içara,Içara,2020-08-13,545,23,5,0
Içara,Içara,2020-08-14,577,32,5,0
Içara,Içara,2020-08-15,606,29,5,0
Içara,Içara,2020-08-16,606,0,6,1
Içara,Içara,2020-08-17,610,4,6,0
Içara,Içara,2020-08-18,658,48,7,1
Içara,Içara,2020-08-19,710,52,7,0
Içara,Içara,2020-08-20,747,37,7,0
Içara,Içara,2020-08-21,771,24,8,1
Içara,Içara,2020-08-22,794,23,8,0
Içara,Içara,2020-08-23,795,1,8,0
Içara,Içara,2020-08-24,804,9,8,0
Içara,Içara,2020-08-25,833,29,8,0
Içara,Içara,2020-08-26,852,19,9,1
Içara,Içara,2020-08-27,873,21,9,0
Içara,Içara,2020-08-28,897,24,9,0
Içara,Içara,2020-08-29,905,8,9,0
Içara,Içara,2020-08-30,906,1,9,0
Içara,Içara,2020-08-31,1151,245,9,0
Içara,Içara,2020-09-01,1176,25,9,0
Içara,Içara,2020-09-02,1186,10,9,0
Içara,Içara,2020-09-03,1196,10,9,0
Içara,Içara,2020-09-04,1215,19,9,0
Içara,Içara,2020-09-05,1236,21,9,0
Içara,Içara,2020-09-06,1239,3,9,0
Içara,Içara,2020-09-07,1240,1,9,0
Içara,Içara,2020-09-08,1256,16,9,0
Içara,Içara,2020-09-09,1297,41,9,0
Içara,Içara,2020-09-10,1319,22,9,0
Içara,Içara,2020-09-11,1325,6,9,0
Içara,Içara,2020-09-12,1332,7,9,0
Içara,Içara,2020-09-13,1333,1,9,0
Içara,Içara,2020-09-14,1337,4,9,0
Içara,Içara,2020-09-15,1349,12,9,0
Içara,Içara,2020-09-16,1354,5,10,1
Içara,Içara,2020-09-17,1362,8,10,0
Içara,Içara,2020-09-18,1367,5,11,1
Içara,Içara,2020-09-19,1369,2,11,0
Içara,Içara,2020-09-20,1371,2,11,0
Içara,Içara,2020-09-21,1373,2,11,0
Içara,Içara,2020-09-22,1378,5,11,0
Içara,Içara,2020-09-23,1383,5,11,0
Içara,Içara,2020-09-24,1391,8,11,0
Içara,Içara,2020-09-25,1398,7,11,0
Içara,Içara,2020-09-26,1403,5,11,0
Içara,Içara,2020-09-27,1404,1,11,0
Içara,Içara,2020-09-28,1408,4,11,0
Içara,Içara,2020-09-29,1412,4,12,1
Içara,Içara,2020-09-30,1414,2,12,0
Içara,Içara,2020-10-01,1421,7,12,0
Içara,Içara,2020-10-02,1425,4,12,0
Içara,Içara,2020-10-03,1428,3,12,0
Içara,Içara,2020-10-04,1428,0,12,0
Içara,Içara,2020-10-05,1430,2,12,0
Içara,Içara,2020-10-06,1435,5,12,0
Içara,Içara,2020-10-07,1437,2,12,0
Içara,Içara,2020-10-08,1441,4,12,0
Içara,Içara,2020-10-09,1442,1,11,-1
Içara,Içara,2020-10-10,1450,8,12,1
Içara,Içara,2020-10-11,1453,3,12,0
Içara,Içara,2020-10-12,1460,7,12,0
Içara,Içara,2020-10-13,1465,5,12,0
Içara,Içara,2020-10-14,1472,7,12,0
Içara,Içara,2020-10-15,1476,4,12,0
Içara,Içara,2020-10-16,1479,3,12,0
Içara,Içara,2020-10-17,1479,0,12,0
Içara,Içara,2020-10-18,1487,8,12,0
Içara,Içara,2020-10-19,1490,3,12,0
Içara,Içara,2020-10-20,1502,12,12,0
Içara,Içara,2020-10-21,1506,4,12,0
Içara,Içara,2020-10-22,1515,9,12,0
Içara,Içara,2020-10-23,1532,17,12,0
Içara,Içara,2020-10-24,1538,6,12,0
Içara,Içara,2020-10-25,1542,4,12,0
Içara,Içara,2020-10-26,1546,4,12,0
Içara,Içara,2020-10-27,1562,16,13,1
Içara,Içara,2020-10-28,1590,28,13,0
Içara,Içara,2020-10-29,1599,9,13,0
Içara,Içara,2020-10-30,1617,18,13,0
Içara,Içara,2020-10-31,1636,19,13,0
Içara,Içara,2020-11-01,1636,0,13,0
Içara,Içara,2020-11-02,1639,3,13,0
Içara,Içara,2020-11-03,1664,25,13,0
Içara,Içara,2020-11-04,1693,29,14,1
Içara,Içara,2020-11-05,1718,25,14,0
Içara,Içara,2020-11-06,1733,15,14,0
Içara,Içara,2020-11-07,1748,15,14,0
Içara,Içara,2020-11-08,1749,1,14,0
Içara,Içara,2020-11-09,1756,7,14,0
Içara,Içara,2020-11-10,1801,45,14,0
Içara,Içara,2020-11-11,1829,28,14,0
Içara,Içara,2020-11-12,1836,7,14,0
Içara,Içara,2020-11-13,1872,36,14,0
Içara,Içara,2020-11-14,1923,51,14,0
Içara,Içara,2020-11-15,1942,19,14,0
Içara,Içara,2020-11-16,1960,18,14,0
Içara,Içara,2020-11-17,2009,49,14,0
Içara,Içara,2020-11-18,2041,32,14,0
Içara,Içara,2020-11-19,2080,39,14,0
Içara,Içara,2020-11-20,2131,51,15,1
Içara,Içara,2020-11-21,2153,22,15,0
Içara,Içara,2020-11-22,2169,16,15,0
Içara,Içara,2020-11-23,2193,24,15,0
Içara,Içara,2020-11-24,2251,58,15,0
Içara,Içara,2020-11-25,2321,70,15,0
Içara,Içara,2020-11-26,2385,64,15,0
Içara,Içara,2020-11-27,2416,31,16,1
Içara,Içara,2020-11-28,2522,106,16,0
Içara,Içara,2020-11-29,2569,47,16,0
Içara,Içara,2020-11-30,2619,50,17,1
Içara,Içara,2020-12-01,2732,113,17,0
Içara,Içara,2020-12-02,2797,65,17,0
Içara,Içara,2020-12-03,2847,50,17,0
Içara,Içara,2020-12-04,2940,93,17,0
Içara,Içara,2020-12-05,2970,30,17,0
Içara,Içara,2020-12-06,2974,4,17,0
Içara,Içara,2020-12-07,3022,48,18,1
Içara,Içara,2020-12-08,3076,54,19,1
Içara,Içara,2020-12-09,3106,30,19,0
Içara,Içara,2020-12-10,3143,37,20,1
Içara,Içara,2020-12-11,3172,29,20,0
Içara,Içara,2020-12-12,3212,40,21,1
Içara,Içara,2020-12-13,3222,10,22,1
Içara,Içara,2020-12-14,3288,66,23,1
Içara,Içara,2020-12-15,3318,30,24,1
Içara,Içara,2020-12-16,3372,54,24,0
Içara,Içara,2020-12-17,3407,35,24,0
Içara,Içara,2020-12-18,3463,56,25,1
Içara,Içara,2020-12-19,3505,42,25,0
Içara,Içara,2020-12-20,3509,4,25,0
Içara,Içara,2020-12-21,3555,46,27,2
Içara,Içara,2020-12-22,3619,64,27,0
Içara,Içara,2020-12-23,3650,31,27,0
Içara,Içara,2020-12-24,3678,28,28,1
Içara,Içara,2020-12-25,3685,7,28,0
Içara,Içara,2020-12-26,3690,5,29,1
Içara,Içara,2020-12-27,3706,16,30,1
Içara,Içara,2020-12-28,3728,22,31,1
Içara,Içara,2020-12-29,3764,36,31,0
Içara,Içara,2020-12-30,3781,17,31,0
Içara,Içara,2020-12-31,3801,20,31,0
Içara,Içara,2021-01-01,3818,17,31,0
Içara,Içara,2021-01-02,3831,13,31,0
Içara,Içara,2021-01-03,3830,-1,32,1
Içara,Içara,2021-01-04,3847,17,34,2
Içara,Içara,2021-01-05,3869,22,38,4
Içara,Içara,2021-01-06,3887,18,38,0
Içara,Içara,2021-01-07,3896,9,38,0
Içara,Içara,2021-01-08,3912,16,39,1
Içara,Içara,2021-01-09,3936,24,39,0
Içara,Içara,2021-01-10,3944,8,39,0
Içara,Içara,2021-01-11,3949,5,39,0
Içara,Içara,2021-01-12,3955,6,40,1
Içara,Içara,2021-01-13,3973,18,41,1
Içara,Içara,2021-01-14,3989,16,42,1
Içara,Içara,2021-01-15,4001,12,43,1
Içara,Içara,2021-01-16,4018,17,44,1
Içara,Içara,2021-01-17,4020,2,44,0
Içara,Içara,2021-01-18,4028,8,44,0
Içara,Içara,2021-01-19,4046,18,44,0
Içara,Içara,2021-01-20,4050,4,44,0
Içara,Içara,2021-01-21,4059,9,44,0
Içara,Içara,2021-01-22,4068,9,45,1
Içara,Içara,2021-01-23,4076,8,45,0
Içara,Içara,2021-01-24,4080,4,45,0
Içara,Içara,2021-01-25,4085,5,46,1
Içara,Içara,2021-01-26,4095,10,46,0
Içara,Içara,2021-01-27,4104,9,46,0
Içara,Içara,2021-01-28,4108,4,45,-1
Içara,Içara,2021-01-29,4117,9,45,0
Içara,Içara,2021-01-30,4125,8,46,1
Içara,Içara,2021-01-31,4127,2,46,0
Içara,Içara,2021-02-01,4132,5,46,0
Içara,Içara,2021-02-02,4140,8,46,0
Içara,Içara,2021-02-03,4142,2,46,0
Içara,Içara,2021-02-04,4147,5,46,0
Içara,Içara,2021-02-05,4160,13,46,0
Içara,Içara,2021-02-06,4170,10,46,0
Içara,Içara,2021-02-07,4175,5,46,0
Içara,Içara,2021-02-08,4190,15,46,0
