city,city,date,cases,daily cases,deaths,daily deaths
Jacinto Machado,Jacinto Machado,2020-03-27,0,0,0,0
Jacinto Machado,Jacinto Machado,2020-03-28,0,0,0,0
Jacinto Machado,Jacinto Machado,2020-03-29,0,0,0,0
Jacinto Machado,Jacinto Machado,2020-03-30,0,0,0,0
Jacinto Machado,Jacinto Machado,2020-03-31,0,0,0,0
Jacinto Machado,Jacinto Machado,2020-04-01,0,0,0,0
Jacinto Machado,Jacinto Machado,2020-04-02,0,0,0,0
Jacinto Machado,Jacinto Machado,2020-04-03,0,0,0,0
Jacinto Machado,Jacinto Machado,2020-04-04,0,0,0,0
Jacinto Machado,Jacinto Machado,2020-04-05,0,0,0,0
Jacinto Machado,Jacinto Machado,2020-04-06,0,0,0,0
Jacinto Machado,Jacinto Machado,2020-04-07,0,0,0,0
Jacinto Machado,Jacinto Machado,2020-04-08,0,0,0,0
Jacinto Machado,Jacinto Machado,2020-04-09,0,0,0,0
Jacinto Machado,Jacinto Machado,2020-04-10,0,0,0,0
Jacinto Machado,Jacinto Machado,2020-04-11,0,0,0,0
Jacinto Machado,Jacinto Machado,2020-04-12,0,0,0,0
Jacinto Machado,Jacinto Machado,2020-04-13,0,0,0,0
Jacinto Machado,Jacinto Machado,2020-04-14,0,0,0,0
Jacinto Machado,Jacinto Machado,2020-04-15,0,0,0,0
Jacinto Machado,Jacinto Machado,2020-04-16,0,0,0,0
Jacinto Machado,Jacinto Machado,2020-04-17,0,0,0,0
Jacinto Machado,Jacinto Machado,2020-04-18,0,0,0,0
Jacinto Machado,Jacinto Machado,2020-04-19,0,0,0,0
Jacinto Machado,Jacinto Machado,2020-04-20,0,0,0,0
Jacinto Machado,Jacinto Machado,2020-04-21,0,0,0,0
Jacinto Machado,Jacinto Machado,2020-04-22,0,0,0,0
Jacinto Machado,Jacinto Machado,2020-04-23,0,0,0,0
Jacinto Machado,Jacinto Machado,2020-04-24,0,0,0,0
Jacinto Machado,Jacinto Machado,2020-04-25,0,0,0,0
Jacinto Machado,Jacinto Machado,2020-04-26,0,0,0,0
Jacinto Machado,Jacinto Machado,2020-04-27,0,0,0,0
Jacinto Machado,Jacinto Machado,2020-04-28,0,0,0,0
Jacinto Machado,Jacinto Machado,2020-04-29,0,0,0,0
Jacinto Machado,Jacinto Machado,2020-04-30,0,0,0,0
Jacinto Machado,Jacinto Machado,2020-05-01,0,0,0,0
Jacinto Machado,Jacinto Machado,2020-05-02,0,0,0,0
Jacinto Machado,Jacinto Machado,2020-05-03,0,0,0,0
Jacinto Machado,Jacinto Machado,2020-05-04,0,0,0,0
Jacinto Machado,Jacinto Machado,2020-05-05,0,0,0,0
Jacinto Machado,Jacinto Machado,2020-05-06,0,0,0,0
Jacinto Machado,Jacinto Machado,2020-05-07,0,0,0,0
Jacinto Machado,Jacinto Machado,2020-05-08,0,0,0,0
Jacinto Machado,Jacinto Machado,2020-05-09,0,0,0,0
Jacinto Machado,Jacinto Machado,2020-05-10,0,0,0,0
Jacinto Machado,Jacinto Machado,2020-05-11,0,0,0,0
Jacinto Machado,Jacinto Machado,2020-05-12,1,1,0,0
Jacinto Machado,Jacinto Machado,2020-05-13,1,0,0,0
Jacinto Machado,Jacinto Machado,2020-05-14,1,0,0,0
Jacinto Machado,Jacinto Machado,2020-05-15,1,0,0,0
Jacinto Machado,Jacinto Machado,2020-05-16,1,0,0,0
Jacinto Machado,Jacinto Machado,2020-05-17,1,0,0,0
Jacinto Machado,Jacinto Machado,2020-05-18,2,1,0,0
Jacinto Machado,Jacinto Machado,2020-05-19,2,0,0,0
Jacinto Machado,Jacinto Machado,2020-05-20,2,0,0,0
Jacinto Machado,Jacinto Machado,2020-05-21,2,0,0,0
Jacinto Machado,Jacinto Machado,2020-05-22,2,0,0,0
Jacinto Machado,Jacinto Machado,2020-05-23,2,0,0,0
Jacinto Machado,Jacinto Machado,2020-05-24,2,0,0,0
Jacinto Machado,Jacinto Machado,2020-05-25,2,0,0,0
Jacinto Machado,Jacinto Machado,2020-05-26,3,1,0,0
Jacinto Machado,Jacinto Machado,2020-05-27,3,0,0,0
Jacinto Machado,Jacinto Machado,2020-05-28,4,1,0,0
Jacinto Machado,Jacinto Machado,2020-05-29,5,1,0,0
Jacinto Machado,Jacinto Machado,2020-05-30,5,0,0,0
Jacinto Machado,Jacinto Machado,2020-05-31,5,0,0,0
Jacinto Machado,Jacinto Machado,2020-06-01,5,0,0,0
Jacinto Machado,Jacinto Machado,2020-06-02,5,0,0,0
Jacinto Machado,Jacinto Machado,2020-06-03,5,0,0,0
Jacinto Machado,Jacinto Machado,2020-06-04,5,0,0,0
Jacinto Machado,Jacinto Machado,2020-06-05,5,0,0,0
Jacinto Machado,Jacinto Machado,2020-06-06,5,0,0,0
Jacinto Machado,Jacinto Machado,2020-06-07,5,0,0,0
Jacinto Machado,Jacinto Machado,2020-06-08,5,0,0,0
Jacinto Machado,Jacinto Machado,2020-06-09,5,0,0,0
Jacinto Machado,Jacinto Machado,2020-06-10,5,0,0,0
Jacinto Machado,Jacinto Machado,2020-06-11,5,0,0,0
Jacinto Machado,Jacinto Machado,2020-06-12,5,0,0,0
Jacinto Machado,Jacinto Machado,2020-06-13,5,0,0,0
Jacinto Machado,Jacinto Machado,2020-06-14,5,0,0,0
Jacinto Machado,Jacinto Machado,2020-06-15,5,0,0,0
Jacinto Machado,Jacinto Machado,2020-06-16,5,0,0,0
Jacinto Machado,Jacinto Machado,2020-06-17,5,0,0,0
Jacinto Machado,Jacinto Machado,2020-06-18,5,0,0,0
Jacinto Machado,Jacinto Machado,2020-06-19,5,0,0,0
Jacinto Machado,Jacinto Machado,2020-06-20,6,1,0,0
Jacinto Machado,Jacinto Machado,2020-06-21,6,0,0,0
Jacinto Machado,Jacinto Machado,2020-06-22,6,0,0,0
Jacinto Machado,Jacinto Machado,2020-06-23,6,0,0,0
Jacinto Machado,Jacinto Machado,2020-06-24,6,0,0,0
Jacinto Machado,Jacinto Machado,2020-06-25,6,0,0,0
Jacinto Machado,Jacinto Machado,2020-06-26,6,0,0,0
Jacinto Machado,Jacinto Machado,2020-06-27,6,0,0,0
Jacinto Machado,Jacinto Machado,2020-06-28,6,0,0,0
Jacinto Machado,Jacinto Machado,2020-06-29,6,0,0,0
Jacinto Machado,Jacinto Machado,2020-06-30,6,0,0,0
Jacinto Machado,Jacinto Machado,2020-07-01,6,0,0,0
Jacinto Machado,Jacinto Machado,2020-07-02,6,0,0,0
Jacinto Machado,Jacinto Machado,2020-07-03,6,0,0,0
Jacinto Machado,Jacinto Machado,2020-07-04,6,0,0,0
Jacinto Machado,Jacinto Machado,2020-07-05,8,2,0,0
Jacinto Machado,Jacinto Machado,2020-07-06,8,0,0,0
Jacinto Machado,Jacinto Machado,2020-07-07,9,1,0,0
Jacinto Machado,Jacinto Machado,2020-07-08,10,1,0,0
Jacinto Machado,Jacinto Machado,2020-07-09,11,1,0,0
Jacinto Machado,Jacinto Machado,2020-07-10,11,0,0,0
Jacinto Machado,Jacinto Machado,2020-07-11,11,0,0,0
Jacinto Machado,Jacinto Machado,2020-07-12,14,3,0,0
Jacinto Machado,Jacinto Machado,2020-07-13,14,0,0,0
Jacinto Machado,Jacinto Machado,2020-07-14,16,2,0,0
Jacinto Machado,Jacinto Machado,2020-07-15,21,5,0,0
Jacinto Machado,Jacinto Machado,2020-07-16,21,0,0,0
Jacinto Machado,Jacinto Machado,2020-07-17,23,2,0,0
Jacinto Machado,Jacinto Machado,2020-07-18,23,0,1,1
Jacinto Machado,Jacinto Machado,2020-07-19,26,3,1,0
Jacinto Machado,Jacinto Machado,2020-07-20,27,1,1,0
Jacinto Machado,Jacinto Machado,2020-07-21,29,2,1,0
Jacinto Machado,Jacinto Machado,2020-07-22,30,1,1,0
Jacinto Machado,Jacinto Machado,2020-07-23,36,6,1,0
Jacinto Machado,Jacinto Machado,2020-07-24,41,5,1,0
Jacinto Machado,Jacinto Machado,2020-07-25,47,6,1,0
Jacinto Machado,Jacinto Machado,2020-07-26,54,7,1,0
Jacinto Machado,Jacinto Machado,2020-07-27,56,2,1,0
Jacinto Machado,Jacinto Machado,2020-07-28,61,5,1,0
Jacinto Machado,Jacinto Machado,2020-07-29,62,1,1,0
Jacinto Machado,Jacinto Machado,2020-07-30,68,6,1,0
Jacinto Machado,Jacinto Machado,2020-07-31,70,2,1,0
Jacinto Machado,Jacinto Machado,2020-08-01,72,2,2,1
Jacinto Machado,Jacinto Machado,2020-08-02,73,1,2,0
Jacinto Machado,Jacinto Machado,2020-08-03,75,2,2,0
Jacinto Machado,Jacinto Machado,2020-08-04,81,6,2,0
Jacinto Machado,Jacinto Machado,2020-08-05,84,3,2,0
Jacinto Machado,Jacinto Machado,2020-08-06,89,5,2,0
Jacinto Machado,Jacinto Machado,2020-08-07,93,4,2,0
Jacinto Machado,Jacinto Machado,2020-08-08,103,10,2,0
Jacinto Machado,Jacinto Machado,2020-08-09,105,2,3,1
Jacinto Machado,Jacinto Machado,2020-08-10,114,9,3,0
Jacinto Machado,Jacinto Machado,2020-08-11,121,7,2,-1
Jacinto Machado,Jacinto Machado,2020-08-12,125,4,2,0
Jacinto Machado,Jacinto Machado,2020-08-13,129,4,2,0
Jacinto Machado,Jacinto Machado,2020-08-14,138,9,2,0
Jacinto Machado,Jacinto Machado,2020-08-15,143,5,2,0
Jacinto Machado,Jacinto Machado,2020-08-16,149,6,2,0
Jacinto Machado,Jacinto Machado,2020-08-17,150,1,2,0
Jacinto Machado,Jacinto Machado,2020-08-18,151,1,2,0
Jacinto Machado,Jacinto Machado,2020-08-19,153,2,2,0
Jacinto Machado,Jacinto Machado,2020-08-20,155,2,2,0
Jacinto Machado,Jacinto Machado,2020-08-21,158,3,2,0
Jacinto Machado,Jacinto Machado,2020-08-22,167,9,2,0
Jacinto Machado,Jacinto Machado,2020-08-23,168,1,2,0
Jacinto Machado,Jacinto Machado,2020-08-24,167,-1,2,0
Jacinto Machado,Jacinto Machado,2020-08-25,172,5,2,0
Jacinto Machado,Jacinto Machado,2020-08-26,177,5,2,0
Jacinto Machado,Jacinto Machado,2020-08-27,177,0,2,0
Jacinto Machado,Jacinto Machado,2020-08-28,180,3,2,0
Jacinto Machado,Jacinto Machado,2020-08-29,178,-2,2,0
Jacinto Machado,Jacinto Machado,2020-08-30,179,1,2,0
Jacinto Machado,Jacinto Machado,2020-08-31,189,10,2,0
Jacinto Machado,Jacinto Machado,2020-09-01,189,0,2,0
Jacinto Machado,Jacinto Machado,2020-09-02,189,0,2,0
Jacinto Machado,Jacinto Machado,2020-09-03,192,3,2,0
Jacinto Machado,Jacinto Machado,2020-09-04,193,1,3,1
Jacinto Machado,Jacinto Machado,2020-09-05,193,0,3,0
Jacinto Machado,Jacinto Machado,2020-09-06,193,0,3,0
Jacinto Machado,Jacinto Machado,2020-09-07,193,0,3,0
Jacinto Machado,Jacinto Machado,2020-09-08,194,1,3,0
Jacinto Machado,Jacinto Machado,2020-09-09,195,1,3,0
Jacinto Machado,Jacinto Machado,2020-09-10,195,0,3,0
Jacinto Machado,Jacinto Machado,2020-09-11,196,1,3,0
Jacinto Machado,Jacinto Machado,2020-09-12,196,0,3,0
Jacinto Machado,Jacinto Machado,2020-09-13,196,0,3,0
Jacinto Machado,Jacinto Machado,2020-09-14,196,0,3,0
Jacinto Machado,Jacinto Machado,2020-09-15,197,1,3,0
Jacinto Machado,Jacinto Machado,2020-09-16,199,2,3,0
Jacinto Machado,Jacinto Machado,2020-09-17,198,-1,3,0
Jacinto Machado,Jacinto Machado,2020-09-18,199,1,3,0
Jacinto Machado,Jacinto Machado,2020-09-19,199,0,3,0
Jacinto Machado,Jacinto Machado,2020-09-20,200,1,3,0
Jacinto Machado,Jacinto Machado,2020-09-21,199,-1,3,0
Jacinto Machado,Jacinto Machado,2020-09-22,201,2,3,0
Jacinto Machado,Jacinto Machado,2020-09-23,201,0,3,0
Jacinto Machado,Jacinto Machado,2020-09-24,202,1,3,0
Jacinto Machado,Jacinto Machado,2020-09-25,202,0,3,0
Jacinto Machado,Jacinto Machado,2020-09-26,202,0,3,0
Jacinto Machado,Jacinto Machado,2020-09-27,202,0,3,0
Jacinto Machado,Jacinto Machado,2020-09-28,203,1,3,0
Jacinto Machado,Jacinto Machado,2020-09-29,203,0,3,0
Jacinto Machado,Jacinto Machado,2020-09-30,203,0,3,0
Jacinto Machado,Jacinto Machado,2020-10-01,203,0,3,0
Jacinto Machado,Jacinto Machado,2020-10-02,204,1,3,0
Jacinto Machado,Jacinto Machado,2020-10-03,204,0,3,0
Jacinto Machado,Jacinto Machado,2020-10-04,205,1,3,0
Jacinto Machado,Jacinto Machado,2020-10-05,205,0,3,0
Jacinto Machado,Jacinto Machado,2020-10-06,205,0,3,0
Jacinto Machado,Jacinto Machado,2020-10-07,205,0,3,0
Jacinto Machado,Jacinto Machado,2020-10-08,205,0,3,0
Jacinto Machado,Jacinto Machado,2020-10-09,205,0,3,0
Jacinto Machado,Jacinto Machado,2020-10-10,207,2,3,0
Jacinto Machado,Jacinto Machado,2020-10-11,207,0,3,0
Jacinto Machado,Jacinto Machado,2020-10-12,208,1,3,0
Jacinto Machado,Jacinto Machado,2020-10-13,208,0,3,0
Jacinto Machado,Jacinto Machado,2020-10-14,210,2,3,0
Jacinto Machado,Jacinto Machado,2020-10-15,212,2,3,0
Jacinto Machado,Jacinto Machado,2020-10-16,216,4,3,0
Jacinto Machado,Jacinto Machado,2020-10-17,216,0,3,0
Jacinto Machado,Jacinto Machado,2020-10-18,216,0,3,0
Jacinto Machado,Jacinto Machado,2020-10-19,220,4,3,0
Jacinto Machado,Jacinto Machado,2020-10-20,224,4,3,0
Jacinto Machado,Jacinto Machado,2020-10-21,224,0,3,0
Jacinto Machado,Jacinto Machado,2020-10-22,226,2,3,0
Jacinto Machado,Jacinto Machado,2020-10-23,231,5,3,0
Jacinto Machado,Jacinto Machado,2020-10-24,237,6,3,0
Jacinto Machado,Jacinto Machado,2020-10-25,237,0,3,0
Jacinto Machado,Jacinto Machado,2020-10-26,237,0,3,0
Jacinto Machado,Jacinto Machado,2020-10-27,246,9,3,0
Jacinto Machado,Jacinto Machado,2020-10-28,247,1,3,0
Jacinto Machado,Jacinto Machado,2020-10-29,252,5,3,0
Jacinto Machado,Jacinto Machado,2020-10-30,252,0,3,0
Jacinto Machado,Jacinto Machado,2020-10-31,256,4,3,0
Jacinto Machado,Jacinto Machado,2020-11-01,256,0,3,0
Jacinto Machado,Jacinto Machado,2020-11-02,259,3,3,0
Jacinto Machado,Jacinto Machado,2020-11-03,265,6,3,0
Jacinto Machado,Jacinto Machado,2020-11-04,271,6,3,0
Jacinto Machado,Jacinto Machado,2020-11-05,271,0,3,0
Jacinto Machado,Jacinto Machado,2020-11-06,272,1,3,0
Jacinto Machado,Jacinto Machado,2020-11-07,273,1,3,0
Jacinto Machado,Jacinto Machado,2020-11-08,273,0,3,0
Jacinto Machado,Jacinto Machado,2020-11-09,275,2,3,0
Jacinto Machado,Jacinto Machado,2020-11-10,287,12,3,0
Jacinto Machado,Jacinto Machado,2020-11-11,293,6,3,0
Jacinto Machado,Jacinto Machado,2020-11-12,297,4,3,0
Jacinto Machado,Jacinto Machado,2020-11-13,303,6,4,1
Jacinto Machado,Jacinto Machado,2020-11-14,307,4,4,0
Jacinto Machado,Jacinto Machado,2020-11-15,307,0,4,0
Jacinto Machado,Jacinto Machado,2020-11-16,306,-1,4,0
Jacinto Machado,Jacinto Machado,2020-11-17,311,5,4,0
Jacinto Machado,Jacinto Machado,2020-11-18,318,7,4,0
Jacinto Machado,Jacinto Machado,2020-11-19,321,3,4,0
Jacinto Machado,Jacinto Machado,2020-11-20,335,14,5,1
Jacinto Machado,Jacinto Machado,2020-11-21,341,6,5,0
Jacinto Machado,Jacinto Machado,2020-11-22,348,7,5,0
Jacinto Machado,Jacinto Machado,2020-11-23,350,2,5,0
Jacinto Machado,Jacinto Machado,2020-11-24,363,13,5,0
Jacinto Machado,Jacinto Machado,2020-11-25,377,14,5,0
Jacinto Machado,Jacinto Machado,2020-11-26,388,11,6,1
Jacinto Machado,Jacinto Machado,2020-11-27,388,0,6,0
Jacinto Machado,Jacinto Machado,2020-11-28,423,35,6,0
Jacinto Machado,Jacinto Machado,2020-11-29,428,5,6,0
Jacinto Machado,Jacinto Machado,2020-11-30,438,10,6,0
Jacinto Machado,Jacinto Machado,2020-12-01,462,24,6,0
Jacinto Machado,Jacinto Machado,2020-12-02,470,8,6,0
Jacinto Machado,Jacinto Machado,2020-12-03,487,17,6,0
Jacinto Machado,Jacinto Machado,2020-12-04,503,16,6,0
Jacinto Machado,Jacinto Machado,2020-12-05,506,3,6,0
Jacinto Machado,Jacinto Machado,2020-12-06,507,1,6,0
Jacinto Machado,Jacinto Machado,2020-12-07,510,3,6,0
Jacinto Machado,Jacinto Machado,2020-12-08,530,20,6,0
Jacinto Machado,Jacinto Machado,2020-12-09,541,11,6,0
Jacinto Machado,Jacinto Machado,2020-12-10,558,17,6,0
Jacinto Machado,Jacinto Machado,2020-12-11,563,5,7,1
Jacinto Machado,Jacinto Machado,2020-12-12,570,7,8,1
Jacinto Machado,Jacinto Machado,2020-12-13,571,1,8,0
Jacinto Machado,Jacinto Machado,2020-12-14,576,5,9,1
Jacinto Machado,Jacinto Machado,2020-12-15,590,14,9,0
Jacinto Machado,Jacinto Machado,2020-12-16,615,25,9,0
Jacinto Machado,Jacinto Machado,2020-12-17,621,6,9,0
Jacinto Machado,Jacinto Machado,2020-12-18,626,5,10,1
Jacinto Machado,Jacinto Machado,2020-12-19,633,7,10,0
Jacinto Machado,Jacinto Machado,2020-12-20,633,0,10,0
Jacinto Machado,Jacinto Machado,2020-12-21,634,1,10,0
Jacinto Machado,Jacinto Machado,2020-12-22,638,4,11,1
Jacinto Machado,Jacinto Machado,2020-12-23,642,4,11,0
Jacinto Machado,Jacinto Machado,2020-12-24,658,16,11,0
Jacinto Machado,Jacinto Machado,2020-12-25,660,2,11,0
Jacinto Machado,Jacinto Machado,2020-12-26,663,3,11,0
Jacinto Machado,Jacinto Machado,2020-12-27,664,1,11,0
Jacinto Machado,Jacinto Machado,2020-12-28,668,4,12,1
Jacinto Machado,Jacinto Machado,2020-12-29,677,9,12,0
Jacinto Machado,Jacinto Machado,2020-12-30,681,4,12,0
Jacinto Machado,Jacinto Machado,2020-12-31,686,5,12,0
Jacinto Machado,Jacinto Machado,2021-01-01,688,2,12,0
Jacinto Machado,Jacinto Machado,2021-01-02,688,0,12,0
Jacinto Machado,Jacinto Machado,2021-01-03,688,0,12,0
Jacinto Machado,Jacinto Machado,2021-01-04,691,3,12,0
Jacinto Machado,Jacinto Machado,2021-01-05,696,5,12,0
Jacinto Machado,Jacinto Machado,2021-01-06,705,9,12,0
Jacinto Machado,Jacinto Machado,2021-01-07,711,6,12,0
Jacinto Machado,Jacinto Machado,2021-01-08,712,1,12,0
Jacinto Machado,Jacinto Machado,2021-01-09,712,0,12,0
Jacinto Machado,Jacinto Machado,2021-01-10,713,1,12,0
Jacinto Machado,Jacinto Machado,2021-01-11,714,1,12,0
Jacinto Machado,Jacinto Machado,2021-01-12,715,1,12,0
Jacinto Machado,Jacinto Machado,2021-01-13,722,7,12,0
Jacinto Machado,Jacinto Machado,2021-01-14,725,3,12,0
Jacinto Machado,Jacinto Machado,2021-01-15,725,0,12,0
Jacinto Machado,Jacinto Machado,2021-01-16,726,1,12,0
Jacinto Machado,Jacinto Machado,2021-01-17,726,0,12,0
Jacinto Machado,Jacinto Machado,2021-01-18,730,4,12,0
Jacinto Machado,Jacinto Machado,2021-01-19,733,3,12,0
Jacinto Machado,Jacinto Machado,2021-01-20,735,2,12,0
Jacinto Machado,Jacinto Machado,2021-01-21,735,0,12,0
Jacinto Machado,Jacinto Machado,2021-01-22,737,2,12,0
Jacinto Machado,Jacinto Machado,2021-01-23,739,2,12,0
Jacinto Machado,Jacinto Machado,2021-01-24,739,0,12,0
Jacinto Machado,Jacinto Machado,2021-01-25,742,3,12,0
Jacinto Machado,Jacinto Machado,2021-01-26,743,1,12,0
Jacinto Machado,Jacinto Machado,2021-01-27,745,2,12,0
Jacinto Machado,Jacinto Machado,2021-01-28,746,1,12,0
Jacinto Machado,Jacinto Machado,2021-01-29,746,0,12,0
Jacinto Machado,Jacinto Machado,2021-01-30,749,3,13,1
Jacinto Machado,Jacinto Machado,2021-01-31,750,1,13,0
Jacinto Machado,Jacinto Machado,2021-02-01,751,1,13,0
Jacinto Machado,Jacinto Machado,2021-02-02,756,5,13,0
Jacinto Machado,Jacinto Machado,2021-02-03,756,0,13,0
Jacinto Machado,Jacinto Machado,2021-02-04,756,0,13,0
Jacinto Machado,Jacinto Machado,2021-02-05,758,2,13,0
Jacinto Machado,Jacinto Machado,2021-02-06,762,4,13,0
Jacinto Machado,Jacinto Machado,2021-02-07,762,0,13,0
Jacinto Machado,Jacinto Machado,2021-02-08,762,0,13,0
