city,city,date,cases,daily cases,deaths,daily deaths
Jaci,Jaci,2020-03-27,0,0,0,0
Jaci,Jaci,2020-03-28,0,0,0,0
Jaci,Jaci,2020-03-29,0,0,0,0
Jaci,Jaci,2020-03-30,0,0,0,0
Jaci,Jaci,2020-03-31,0,0,0,0
Jaci,Jaci,2020-04-01,0,0,0,0
Jaci,Jaci,2020-04-02,0,0,0,0
Jaci,Jaci,2020-04-03,0,0,0,0
Jaci,Jaci,2020-04-04,0,0,0,0
Jaci,Jaci,2020-04-05,0,0,0,0
Jaci,Jaci,2020-04-06,0,0,0,0
Jaci,Jaci,2020-04-07,0,0,0,0
Jaci,Jaci,2020-04-08,0,0,0,0
Jaci,Jaci,2020-04-09,1,1,0,0
Jaci,Jaci,2020-04-10,1,0,0,0
Jaci,Jaci,2020-04-11,1,0,0,0
Jaci,Jaci,2020-04-12,1,0,0,0
Jaci,Jaci,2020-04-13,1,0,0,0
Jaci,Jaci,2020-04-14,1,0,0,0
Jaci,Jaci,2020-04-15,2,1,0,0
Jaci,Jaci,2020-04-16,2,0,0,0
Jaci,Jaci,2020-04-17,2,0,0,0
Jaci,Jaci,2020-04-18,5,3,0,0
Jaci,Jaci,2020-04-19,6,1,0,0
Jaci,Jaci,2020-04-20,6,0,0,0
Jaci,Jaci,2020-04-21,6,0,0,0
Jaci,Jaci,2020-04-22,6,0,0,0
Jaci,Jaci,2020-04-23,6,0,0,0
Jaci,Jaci,2020-04-24,8,2,0,0
Jaci,Jaci,2020-04-25,8,0,0,0
Jaci,Jaci,2020-04-26,8,0,0,0
Jaci,Jaci,2020-04-27,8,0,0,0
Jaci,Jaci,2020-04-28,11,3,0,0
Jaci,Jaci,2020-04-29,11,0,0,0
Jaci,Jaci,2020-04-30,11,0,0,0
Jaci,Jaci,2020-05-01,12,1,0,0
Jaci,Jaci,2020-05-02,13,1,0,0
Jaci,Jaci,2020-05-03,14,1,0,0
Jaci,Jaci,2020-05-04,14,0,0,0
Jaci,Jaci,2020-05-05,15,1,0,0
Jaci,Jaci,2020-05-06,18,3,0,0
Jaci,Jaci,2020-05-07,17,-1,0,0
Jaci,Jaci,2020-05-08,17,0,0,0
Jaci,Jaci,2020-05-09,17,0,0,0
Jaci,Jaci,2020-05-10,17,0,0,0
Jaci,Jaci,2020-05-11,17,0,1,1
Jaci,Jaci,2020-05-12,17,0,1,0
Jaci,Jaci,2020-05-13,24,7,1,0
Jaci,Jaci,2020-05-14,82,58,1,0
Jaci,Jaci,2020-05-15,85,3,1,0
Jaci,Jaci,2020-05-16,86,1,1,0
Jaci,Jaci,2020-05-17,86,0,1,0
Jaci,Jaci,2020-05-18,86,0,1,0
Jaci,Jaci,2020-05-19,87,1,1,0
Jaci,Jaci,2020-05-20,74,-13,1,0
Jaci,Jaci,2020-05-21,75,1,1,0
Jaci,Jaci,2020-05-22,75,0,1,0
Jaci,Jaci,2020-05-23,76,1,1,0
Jaci,Jaci,2020-05-24,77,1,1,0
Jaci,Jaci,2020-05-25,77,0,1,0
Jaci,Jaci,2020-05-26,77,0,1,0
Jaci,Jaci,2020-05-27,77,0,2,1
Jaci,Jaci,2020-05-28,77,0,2,0
Jaci,Jaci,2020-05-29,78,1,2,0
Jaci,Jaci,2020-05-30,78,0,2,0
Jaci,Jaci,2020-05-31,78,0,2,0
Jaci,Jaci,2020-06-01,78,0,2,0
Jaci,Jaci,2020-06-02,78,0,2,0
Jaci,Jaci,2020-06-03,78,0,2,0
Jaci,Jaci,2020-06-04,78,0,2,0
Jaci,Jaci,2020-06-05,79,1,2,0
Jaci,Jaci,2020-06-06,79,0,2,0
Jaci,Jaci,2020-06-07,79,0,2,0
Jaci,Jaci,2020-06-08,79,0,2,0
Jaci,Jaci,2020-06-09,79,0,2,0
Jaci,Jaci,2020-06-10,79,0,2,0
Jaci,Jaci,2020-06-11,80,1,2,0
Jaci,Jaci,2020-06-12,80,0,2,0
Jaci,Jaci,2020-06-13,80,0,2,0
Jaci,Jaci,2020-06-14,80,0,2,0
Jaci,Jaci,2020-06-15,80,0,2,0
Jaci,Jaci,2020-06-16,80,0,2,0
Jaci,Jaci,2020-06-17,80,0,2,0
Jaci,Jaci,2020-06-18,80,0,2,0
Jaci,Jaci,2020-06-19,81,1,2,0
Jaci,Jaci,2020-06-20,82,1,2,0
Jaci,Jaci,2020-06-21,82,0,2,0
Jaci,Jaci,2020-06-22,82,0,2,0
Jaci,Jaci,2020-06-23,82,0,2,0
Jaci,Jaci,2020-06-24,82,0,2,0
Jaci,Jaci,2020-06-25,82,0,2,0
Jaci,Jaci,2020-06-26,82,0,2,0
Jaci,Jaci,2020-06-27,82,0,2,0
Jaci,Jaci,2020-06-28,82,0,2,0
Jaci,Jaci,2020-06-29,82,0,2,0
Jaci,Jaci,2020-06-30,82,0,2,0
Jaci,Jaci,2020-07-01,82,0,2,0
Jaci,Jaci,2020-07-02,83,1,2,0
Jaci,Jaci,2020-07-03,84,1,2,0
Jaci,Jaci,2020-07-04,84,0,2,0
Jaci,Jaci,2020-07-05,85,1,2,0
Jaci,Jaci,2020-07-06,85,0,2,0
Jaci,Jaci,2020-07-07,87,2,2,0
Jaci,Jaci,2020-07-08,87,0,2,0
Jaci,Jaci,2020-07-09,89,2,2,0
Jaci,Jaci,2020-07-10,95,6,2,0
Jaci,Jaci,2020-07-11,98,3,2,0
Jaci,Jaci,2020-07-12,98,0,2,0
Jaci,Jaci,2020-07-13,98,0,2,0
Jaci,Jaci,2020-07-14,104,6,2,0
Jaci,Jaci,2020-07-15,103,-1,2,0
Jaci,Jaci,2020-07-16,103,0,2,0
Jaci,Jaci,2020-07-17,104,1,2,0
Jaci,Jaci,2020-07-18,104,0,2,0
Jaci,Jaci,2020-07-19,104,0,2,0
Jaci,Jaci,2020-07-20,104,0,2,0
Jaci,Jaci,2020-07-21,105,1,2,0
Jaci,Jaci,2020-07-22,114,9,2,0
Jaci,Jaci,2020-07-23,115,1,2,0
Jaci,Jaci,2020-07-24,118,3,2,0
Jaci,Jaci,2020-07-25,128,10,2,0
Jaci,Jaci,2020-07-26,130,2,2,0
Jaci,Jaci,2020-07-27,130,0,2,0
Jaci,Jaci,2020-07-28,130,0,2,0
Jaci,Jaci,2020-07-29,149,19,2,0
Jaci,Jaci,2020-07-30,149,0,2,0
Jaci,Jaci,2020-07-31,150,1,2,0
Jaci,Jaci,2020-08-01,152,2,2,0
Jaci,Jaci,2020-08-02,164,12,2,0
Jaci,Jaci,2020-08-03,164,0,2,0
Jaci,Jaci,2020-08-04,175,11,3,1
Jaci,Jaci,2020-08-05,177,2,3,0
Jaci,Jaci,2020-08-06,180,3,3,0
Jaci,Jaci,2020-08-07,181,1,3,0
Jaci,Jaci,2020-08-08,194,13,3,0
Jaci,Jaci,2020-08-09,199,5,3,0
Jaci,Jaci,2020-08-10,199,0,4,1
Jaci,Jaci,2020-08-11,200,1,4,0
Jaci,Jaci,2020-08-12,201,1,4,0
Jaci,Jaci,2020-08-13,209,8,4,0
Jaci,Jaci,2020-08-14,211,2,4,0
Jaci,Jaci,2020-08-15,215,4,4,0
Jaci,Jaci,2020-08-16,216,1,4,0
Jaci,Jaci,2020-08-17,217,1,4,0
Jaci,Jaci,2020-08-18,217,0,4,0
Jaci,Jaci,2020-08-19,220,3,4,0
Jaci,Jaci,2020-08-20,220,0,4,0
Jaci,Jaci,2020-08-21,225,5,4,0
Jaci,Jaci,2020-08-22,226,1,4,0
Jaci,Jaci,2020-08-23,227,1,4,0
Jaci,Jaci,2020-08-24,227,0,4,0
Jaci,Jaci,2020-08-25,227,0,4,0
Jaci,Jaci,2020-08-26,230,3,4,0
Jaci,Jaci,2020-08-27,230,0,4,0
Jaci,Jaci,2020-08-28,231,1,4,0
Jaci,Jaci,2020-08-29,231,0,4,0
Jaci,Jaci,2020-08-30,231,0,4,0
Jaci,Jaci,2020-08-31,231,0,4,0
Jaci,Jaci,2020-09-01,233,2,4,0
Jaci,Jaci,2020-09-02,239,6,4,0
Jaci,Jaci,2020-09-03,240,1,4,0
Jaci,Jaci,2020-09-04,241,1,4,0
Jaci,Jaci,2020-09-05,241,0,4,0
Jaci,Jaci,2020-09-06,243,2,4,0
Jaci,Jaci,2020-09-07,248,5,4,0
Jaci,Jaci,2020-09-08,248,0,4,0
Jaci,Jaci,2020-09-09,248,0,4,0
Jaci,Jaci,2020-09-10,259,11,4,0
Jaci,Jaci,2020-09-11,263,4,4,0
Jaci,Jaci,2020-09-12,264,1,4,0
Jaci,Jaci,2020-09-13,265,1,4,0
Jaci,Jaci,2020-09-14,265,0,4,0
Jaci,Jaci,2020-09-15,267,2,4,0
Jaci,Jaci,2020-09-16,283,16,4,0
Jaci,Jaci,2020-09-17,283,0,4,0
Jaci,Jaci,2020-09-18,284,1,4,0
Jaci,Jaci,2020-09-19,291,7,4,0
Jaci,Jaci,2020-09-20,310,19,4,0
Jaci,Jaci,2020-09-21,313,3,4,0
Jaci,Jaci,2020-09-22,315,2,4,0
Jaci,Jaci,2020-09-23,318,3,4,0
Jaci,Jaci,2020-09-24,319,1,4,0
Jaci,Jaci,2020-09-25,324,5,4,0
Jaci,Jaci,2020-09-26,325,1,4,0
Jaci,Jaci,2020-09-27,325,0,4,0
Jaci,Jaci,2020-09-28,325,0,4,0
Jaci,Jaci,2020-09-29,326,1,4,0
Jaci,Jaci,2020-09-30,329,3,4,0
Jaci,Jaci,2020-10-01,329,0,4,0
Jaci,Jaci,2020-10-02,330,1,4,0
Jaci,Jaci,2020-10-03,331,1,4,0
Jaci,Jaci,2020-10-04,331,0,4,0
Jaci,Jaci,2020-10-05,331,0,4,0
Jaci,Jaci,2020-10-06,331,0,4,0
Jaci,Jaci,2020-10-07,333,2,4,0
Jaci,Jaci,2020-10-08,334,1,4,0
Jaci,Jaci,2020-10-09,336,2,4,0
Jaci,Jaci,2020-10-10,339,3,4,0
Jaci,Jaci,2020-10-11,340,1,4,0
Jaci,Jaci,2020-10-12,342,2,4,0
Jaci,Jaci,2020-10-13,343,1,4,0
Jaci,Jaci,2020-10-14,344,1,4,0
Jaci,Jaci,2020-10-15,345,1,4,0
Jaci,Jaci,2020-10-16,349,4,4,0
Jaci,Jaci,2020-10-17,353,4,4,0
Jaci,Jaci,2020-10-18,353,0,4,0
Jaci,Jaci,2020-10-19,354,1,4,0
Jaci,Jaci,2020-10-20,354,0,5,1
Jaci,Jaci,2020-10-21,355,1,5,0
Jaci,Jaci,2020-10-22,355,0,5,0
Jaci,Jaci,2020-10-23,355,0,6,1
Jaci,Jaci,2020-10-24,355,0,6,0
Jaci,Jaci,2020-10-25,356,1,7,1
Jaci,Jaci,2020-10-26,356,0,7,0
Jaci,Jaci,2020-10-27,355,-1,6,-1
Jaci,Jaci,2020-10-28,356,1,6,0
Jaci,Jaci,2020-10-29,356,0,6,0
Jaci,Jaci,2020-10-30,356,0,6,0
Jaci,Jaci,2020-10-31,356,0,6,0
Jaci,Jaci,2020-11-01,356,0,6,0
Jaci,Jaci,2020-11-02,356,0,6,0
Jaci,Jaci,2020-11-03,356,0,6,0
Jaci,Jaci,2020-11-04,356,0,6,0
Jaci,Jaci,2020-11-05,356,0,6,0
Jaci,Jaci,2020-11-06,356,0,6,0
Jaci,Jaci,2020-11-07,356,0,6,0
Jaci,Jaci,2020-11-08,356,0,6,0
Jaci,Jaci,2020-11-09,356,0,6,0
Jaci,Jaci,2020-11-10,356,0,6,0
Jaci,Jaci,2020-11-11,356,0,6,0
Jaci,Jaci,2020-11-12,356,0,6,0
Jaci,Jaci,2020-11-13,356,0,6,0
Jaci,Jaci,2020-11-14,356,0,6,0
Jaci,Jaci,2020-11-15,356,0,6,0
Jaci,Jaci,2020-11-16,356,0,6,0
Jaci,Jaci,2020-11-17,357,1,6,0
Jaci,Jaci,2020-11-18,357,0,6,0
Jaci,Jaci,2020-11-19,357,0,6,0
Jaci,Jaci,2020-11-20,361,4,6,0
Jaci,Jaci,2020-11-21,363,2,6,0
Jaci,Jaci,2020-11-22,364,1,6,0
Jaci,Jaci,2020-11-23,365,1,6,0
Jaci,Jaci,2020-11-24,365,0,6,0
Jaci,Jaci,2020-11-25,365,0,6,0
Jaci,Jaci,2020-11-26,365,0,6,0
Jaci,Jaci,2020-11-27,366,1,6,0
Jaci,Jaci,2020-11-28,367,1,6,0
Jaci,Jaci,2020-11-29,367,0,6,0
Jaci,Jaci,2020-11-30,367,0,6,0
Jaci,Jaci,2020-12-01,368,1,6,0
Jaci,Jaci,2020-12-02,370,2,6,0
Jaci,Jaci,2020-12-03,370,0,6,0
Jaci,Jaci,2020-12-04,370,0,6,0
Jaci,Jaci,2020-12-05,373,3,6,0
Jaci,Jaci,2020-12-06,374,1,7,1
Jaci,Jaci,2020-12-07,374,0,7,0
Jaci,Jaci,2020-12-08,374,0,7,0
Jaci,Jaci,2020-12-09,375,1,7,0
Jaci,Jaci,2020-12-10,376,1,7,0
Jaci,Jaci,2020-12-11,378,2,7,0
Jaci,Jaci,2020-12-12,378,0,7,0
Jaci,Jaci,2020-12-13,379,1,7,0
Jaci,Jaci,2020-12-14,379,0,7,0
Jaci,Jaci,2020-12-15,380,1,7,0
Jaci,Jaci,2020-12-16,380,0,7,0
Jaci,Jaci,2020-12-17,380,0,7,0
Jaci,Jaci,2020-12-18,381,1,7,0
Jaci,Jaci,2020-12-19,381,0,7,0
Jaci,Jaci,2020-12-20,381,0,7,0
Jaci,Jaci,2020-12-21,381,0,7,0
Jaci,Jaci,2020-12-22,381,0,7,0
Jaci,Jaci,2020-12-23,381,0,7,0
Jaci,Jaci,2020-12-24,382,1,7,0
Jaci,Jaci,2020-12-25,382,0,7,0
Jaci,Jaci,2020-12-26,382,0,7,0
Jaci,Jaci,2020-12-27,382,0,7,0
Jaci,Jaci,2020-12-28,382,0,7,0
Jaci,Jaci,2020-12-29,384,2,7,0
Jaci,Jaci,2020-12-30,386,2,7,0
Jaci,Jaci,2020-12-31,386,0,7,0
Jaci,Jaci,2021-01-01,387,1,7,0
Jaci,Jaci,2021-01-02,387,0,7,0
Jaci,Jaci,2021-01-03,387,0,7,0
Jaci,Jaci,2021-01-04,389,2,7,0
Jaci,Jaci,2021-01-05,390,1,7,0
Jaci,Jaci,2021-01-06,391,1,7,0
Jaci,Jaci,2021-01-07,391,0,7,0
Jaci,Jaci,2021-01-08,391,0,7,0
Jaci,Jaci,2021-01-09,391,0,7,0
Jaci,Jaci,2021-01-10,391,0,7,0
Jaci,Jaci,2021-01-11,391,0,7,0
Jaci,Jaci,2021-01-12,391,0,7,0
Jaci,Jaci,2021-01-13,392,1,7,0
Jaci,Jaci,2021-01-14,393,1,7,0
Jaci,Jaci,2021-01-15,395,2,8,1
Jaci,Jaci,2021-01-16,395,0,8,0
Jaci,Jaci,2021-01-17,395,0,8,0
Jaci,Jaci,2021-01-18,395,0,8,0
Jaci,Jaci,2021-01-19,396,1,8,0
Jaci,Jaci,2021-01-20,397,1,8,0
Jaci,Jaci,2021-01-21,400,3,8,0
Jaci,Jaci,2021-01-22,401,1,8,0
Jaci,Jaci,2021-01-23,401,0,8,0
Jaci,Jaci,2021-01-24,401,0,8,0
Jaci,Jaci,2021-01-25,404,3,8,0
Jaci,Jaci,2021-01-26,407,3,8,0
Jaci,Jaci,2021-01-27,410,3,8,0
Jaci,Jaci,2021-01-28,415,5,8,0
Jaci,Jaci,2021-01-29,417,2,8,0
Jaci,Jaci,2021-01-30,418,1,8,0
Jaci,Jaci,2021-01-31,419,1,8,0
Jaci,Jaci,2021-02-01,419,0,8,0
Jaci,Jaci,2021-02-02,418,-1,8,0
Jaci,Jaci,2021-02-03,421,3,8,0
Jaci,Jaci,2021-02-04,422,1,8,0
Jaci,Jaci,2021-02-05,422,0,8,0
Jaci,Jaci,2021-02-06,424,2,8,0
Jaci,Jaci,2021-02-07,425,1,8,0
Jaci,Jaci,2021-02-08,425,0,8,0
