city,city,date,cases,daily cases,deaths,daily deaths
Jaguaruana,Jaguaruana,2020-03-27,0,0,0,0
Jaguaruana,Jaguaruana,2020-03-28,0,0,0,0
Jaguaruana,Jaguaruana,2020-03-29,0,0,0,0
Jaguaruana,Jaguaruana,2020-03-30,0,0,0,0
Jaguaruana,Jaguaruana,2020-03-31,0,0,0,0
Jaguaruana,Jaguaruana,2020-04-01,0,0,0,0
Jaguaruana,Jaguaruana,2020-04-02,0,0,0,0
Jaguaruana,Jaguaruana,2020-04-03,0,0,0,0
Jaguaruana,Jaguaruana,2020-04-04,0,0,0,0
Jaguaruana,Jaguaruana,2020-04-05,0,0,0,0
Jaguaruana,Jaguaruana,2020-04-06,0,0,0,0
Jaguaruana,Jaguaruana,2020-04-07,0,0,0,0
Jaguaruana,Jaguaruana,2020-04-08,0,0,0,0
Jaguaruana,Jaguaruana,2020-04-09,0,0,0,0
Jaguaruana,Jaguaruana,2020-04-10,0,0,0,0
Jaguaruana,Jaguaruana,2020-04-11,0,0,0,0
Jaguaruana,Jaguaruana,2020-04-12,0,0,0,0
Jaguaruana,Jaguaruana,2020-04-13,0,0,0,0
Jaguaruana,Jaguaruana,2020-04-14,0,0,0,0
Jaguaruana,Jaguaruana,2020-04-15,0,0,0,0
Jaguaruana,Jaguaruana,2020-04-16,0,0,0,0
Jaguaruana,Jaguaruana,2020-04-17,0,0,0,0
Jaguaruana,Jaguaruana,2020-04-18,1,1,0,0
Jaguaruana,Jaguaruana,2020-04-19,3,2,0,0
Jaguaruana,Jaguaruana,2020-04-20,3,0,0,0
Jaguaruana,Jaguaruana,2020-04-21,3,0,0,0
Jaguaruana,Jaguaruana,2020-04-22,3,0,0,0
Jaguaruana,Jaguaruana,2020-04-23,3,0,0,0
Jaguaruana,Jaguaruana,2020-04-24,3,0,0,0
Jaguaruana,Jaguaruana,2020-04-25,3,0,0,0
Jaguaruana,Jaguaruana,2020-04-26,3,0,0,0
Jaguaruana,Jaguaruana,2020-04-27,3,0,0,0
Jaguaruana,Jaguaruana,2020-04-28,2,-1,0,0
Jaguaruana,Jaguaruana,2020-04-29,3,1,0,0
Jaguaruana,Jaguaruana,2020-04-30,3,0,0,0
Jaguaruana,Jaguaruana,2020-05-01,3,0,0,0
Jaguaruana,Jaguaruana,2020-05-02,3,0,0,0
Jaguaruana,Jaguaruana,2020-05-03,3,0,0,0
Jaguaruana,Jaguaruana,2020-05-04,6,3,0,0
Jaguaruana,Jaguaruana,2020-05-05,7,1,1,1
Jaguaruana,Jaguaruana,2020-05-06,7,0,1,0
Jaguaruana,Jaguaruana,2020-05-07,7,0,1,0
Jaguaruana,Jaguaruana,2020-05-08,7,0,1,0
Jaguaruana,Jaguaruana,2020-05-09,8,1,1,0
Jaguaruana,Jaguaruana,2020-05-10,8,0,1,0
Jaguaruana,Jaguaruana,2020-05-11,8,0,1,0
Jaguaruana,Jaguaruana,2020-05-12,8,0,1,0
Jaguaruana,Jaguaruana,2020-05-13,11,3,1,0
Jaguaruana,Jaguaruana,2020-05-14,12,1,1,0
Jaguaruana,Jaguaruana,2020-05-15,13,1,1,0
Jaguaruana,Jaguaruana,2020-05-16,13,0,1,0
Jaguaruana,Jaguaruana,2020-05-17,13,0,1,0
Jaguaruana,Jaguaruana,2020-05-18,14,1,1,0
Jaguaruana,Jaguaruana,2020-05-19,22,8,1,0
Jaguaruana,Jaguaruana,2020-05-20,22,0,1,0
Jaguaruana,Jaguaruana,2020-05-21,22,0,1,0
Jaguaruana,Jaguaruana,2020-05-22,32,10,1,0
Jaguaruana,Jaguaruana,2020-05-23,32,0,1,0
Jaguaruana,Jaguaruana,2020-05-24,32,0,1,0
Jaguaruana,Jaguaruana,2020-05-25,32,0,1,0
Jaguaruana,Jaguaruana,2020-05-26,33,1,1,0
Jaguaruana,Jaguaruana,2020-05-27,33,0,1,0
Jaguaruana,Jaguaruana,2020-05-28,35,2,1,0
Jaguaruana,Jaguaruana,2020-05-29,35,0,1,0
Jaguaruana,Jaguaruana,2020-05-30,70,35,2,1
Jaguaruana,Jaguaruana,2020-05-31,73,3,1,-1
Jaguaruana,Jaguaruana,2020-06-01,74,1,1,0
Jaguaruana,Jaguaruana,2020-06-02,85,11,1,0
Jaguaruana,Jaguaruana,2020-06-03,94,9,2,1
Jaguaruana,Jaguaruana,2020-06-04,99,5,2,0
Jaguaruana,Jaguaruana,2020-06-05,104,5,2,0
Jaguaruana,Jaguaruana,2020-06-06,110,6,3,1
Jaguaruana,Jaguaruana,2020-06-07,111,1,3,0
Jaguaruana,Jaguaruana,2020-06-08,114,3,3,0
Jaguaruana,Jaguaruana,2020-06-09,118,4,3,0
Jaguaruana,Jaguaruana,2020-06-10,135,17,4,1
Jaguaruana,Jaguaruana,2020-06-11,135,0,4,0
Jaguaruana,Jaguaruana,2020-06-12,136,1,4,0
Jaguaruana,Jaguaruana,2020-06-13,137,1,4,0
Jaguaruana,Jaguaruana,2020-06-14,137,0,4,0
Jaguaruana,Jaguaruana,2020-06-15,138,1,4,0
Jaguaruana,Jaguaruana,2020-06-16,138,0,4,0
Jaguaruana,Jaguaruana,2020-06-17,155,17,4,0
Jaguaruana,Jaguaruana,2020-06-18,164,9,4,0
Jaguaruana,Jaguaruana,2020-06-19,190,26,5,1
Jaguaruana,Jaguaruana,2020-06-20,196,6,5,0
Jaguaruana,Jaguaruana,2020-06-21,196,0,5,0
Jaguaruana,Jaguaruana,2020-06-22,198,2,5,0
Jaguaruana,Jaguaruana,2020-06-23,214,16,5,0
Jaguaruana,Jaguaruana,2020-06-24,214,0,5,0
Jaguaruana,Jaguaruana,2020-06-25,214,0,5,0
Jaguaruana,Jaguaruana,2020-06-26,256,42,5,0
Jaguaruana,Jaguaruana,2020-06-27,265,9,6,1
Jaguaruana,Jaguaruana,2020-06-28,264,-1,6,0
Jaguaruana,Jaguaruana,2020-06-29,264,0,6,0
Jaguaruana,Jaguaruana,2020-06-30,277,13,6,0
Jaguaruana,Jaguaruana,2020-07-01,287,10,6,0
Jaguaruana,Jaguaruana,2020-07-02,345,58,8,2
Jaguaruana,Jaguaruana,2020-07-03,354,9,8,0
Jaguaruana,Jaguaruana,2020-07-04,367,13,9,1
Jaguaruana,Jaguaruana,2020-07-05,366,-1,9,0
Jaguaruana,Jaguaruana,2020-07-06,372,6,10,1
Jaguaruana,Jaguaruana,2020-07-07,390,18,10,0
Jaguaruana,Jaguaruana,2020-07-08,396,6,11,1
Jaguaruana,Jaguaruana,2020-07-09,400,4,11,0
Jaguaruana,Jaguaruana,2020-07-10,413,13,11,0
Jaguaruana,Jaguaruana,2020-07-11,434,21,12,1
Jaguaruana,Jaguaruana,2020-07-12,436,2,12,0
Jaguaruana,Jaguaruana,2020-07-13,437,1,13,1
Jaguaruana,Jaguaruana,2020-07-14,464,27,13,0
Jaguaruana,Jaguaruana,2020-07-15,479,15,13,0
Jaguaruana,Jaguaruana,2020-07-16,513,34,13,0
Jaguaruana,Jaguaruana,2020-07-17,519,6,16,3
Jaguaruana,Jaguaruana,2020-07-18,520,1,16,0
Jaguaruana,Jaguaruana,2020-07-19,522,2,16,0
Jaguaruana,Jaguaruana,2020-07-20,527,5,16,0
Jaguaruana,Jaguaruana,2020-07-21,529,2,16,0
Jaguaruana,Jaguaruana,2020-07-22,557,28,17,1
Jaguaruana,Jaguaruana,2020-07-23,567,10,17,0
Jaguaruana,Jaguaruana,2020-07-24,570,3,17,0
Jaguaruana,Jaguaruana,2020-07-25,575,5,17,0
Jaguaruana,Jaguaruana,2020-07-26,574,-1,17,0
Jaguaruana,Jaguaruana,2020-07-27,574,0,17,0
Jaguaruana,Jaguaruana,2020-07-28,580,6,17,0
Jaguaruana,Jaguaruana,2020-07-29,594,14,17,0
Jaguaruana,Jaguaruana,2020-07-30,605,11,17,0
Jaguaruana,Jaguaruana,2020-07-31,606,1,17,0
Jaguaruana,Jaguaruana,2020-08-01,613,7,18,1
Jaguaruana,Jaguaruana,2020-08-02,617,4,18,0
Jaguaruana,Jaguaruana,2020-08-03,618,1,18,0
Jaguaruana,Jaguaruana,2020-08-04,625,7,18,0
Jaguaruana,Jaguaruana,2020-08-05,627,2,18,0
Jaguaruana,Jaguaruana,2020-08-06,635,8,18,0
Jaguaruana,Jaguaruana,2020-08-07,651,16,18,0
Jaguaruana,Jaguaruana,2020-08-08,658,7,18,0
Jaguaruana,Jaguaruana,2020-08-09,658,0,18,0
Jaguaruana,Jaguaruana,2020-08-10,659,1,18,0
Jaguaruana,Jaguaruana,2020-08-11,659,0,18,0
Jaguaruana,Jaguaruana,2020-08-12,687,28,18,0
Jaguaruana,Jaguaruana,2020-08-13,705,18,18,0
Jaguaruana,Jaguaruana,2020-08-14,712,7,18,0
Jaguaruana,Jaguaruana,2020-08-15,716,4,18,0
Jaguaruana,Jaguaruana,2020-08-16,716,0,18,0
Jaguaruana,Jaguaruana,2020-08-17,723,7,18,0
Jaguaruana,Jaguaruana,2020-08-18,727,4,18,0
Jaguaruana,Jaguaruana,2020-08-19,730,3,19,1
Jaguaruana,Jaguaruana,2020-08-20,731,1,19,0
Jaguaruana,Jaguaruana,2020-08-21,731,0,19,0
Jaguaruana,Jaguaruana,2020-08-22,736,5,19,0
Jaguaruana,Jaguaruana,2020-08-23,736,0,19,0
Jaguaruana,Jaguaruana,2020-08-24,736,0,19,0
Jaguaruana,Jaguaruana,2020-08-25,735,-1,19,0
Jaguaruana,Jaguaruana,2020-08-26,736,1,19,0
Jaguaruana,Jaguaruana,2020-08-27,746,10,19,0
Jaguaruana,Jaguaruana,2020-08-28,790,44,19,0
Jaguaruana,Jaguaruana,2020-08-29,794,4,19,0
Jaguaruana,Jaguaruana,2020-08-30,794,0,19,0
Jaguaruana,Jaguaruana,2020-08-31,797,3,20,1
Jaguaruana,Jaguaruana,2020-09-01,801,4,20,0
Jaguaruana,Jaguaruana,2020-09-02,809,8,20,0
Jaguaruana,Jaguaruana,2020-09-03,820,11,20,0
Jaguaruana,Jaguaruana,2020-09-04,860,40,20,0
Jaguaruana,Jaguaruana,2020-09-05,831,-29,20,0
Jaguaruana,Jaguaruana,2020-09-06,831,0,20,0
Jaguaruana,Jaguaruana,2020-09-07,831,0,20,0
Jaguaruana,Jaguaruana,2020-09-08,831,0,20,0
Jaguaruana,Jaguaruana,2020-09-09,837,6,20,0
Jaguaruana,Jaguaruana,2020-09-10,853,16,20,0
Jaguaruana,Jaguaruana,2020-09-11,859,6,20,0
Jaguaruana,Jaguaruana,2020-09-12,860,1,21,1
Jaguaruana,Jaguaruana,2020-09-13,860,0,21,0
Jaguaruana,Jaguaruana,2020-09-14,860,0,21,0
Jaguaruana,Jaguaruana,2020-09-15,868,8,22,1
Jaguaruana,Jaguaruana,2020-09-16,868,0,22,0
Jaguaruana,Jaguaruana,2020-09-17,871,3,22,0
Jaguaruana,Jaguaruana,2020-09-18,881,10,22,0
Jaguaruana,Jaguaruana,2020-09-19,882,1,22,0
Jaguaruana,Jaguaruana,2020-09-20,882,0,22,0
Jaguaruana,Jaguaruana,2020-09-21,882,0,22,0
Jaguaruana,Jaguaruana,2020-09-22,895,13,22,0
Jaguaruana,Jaguaruana,2020-09-23,895,0,22,0
Jaguaruana,Jaguaruana,2020-09-24,902,7,22,0
Jaguaruana,Jaguaruana,2020-09-25,902,0,22,0
Jaguaruana,Jaguaruana,2020-09-26,905,3,22,0
Jaguaruana,Jaguaruana,2020-09-27,905,0,22,0
Jaguaruana,Jaguaruana,2020-09-28,905,0,22,0
Jaguaruana,Jaguaruana,2020-09-29,908,3,22,0
Jaguaruana,Jaguaruana,2020-09-30,913,5,23,1
Jaguaruana,Jaguaruana,2020-10-01,915,2,23,0
Jaguaruana,Jaguaruana,2020-10-02,920,5,23,0
Jaguaruana,Jaguaruana,2020-10-03,920,0,23,0
Jaguaruana,Jaguaruana,2020-10-04,920,0,23,0
Jaguaruana,Jaguaruana,2020-10-05,920,0,23,0
Jaguaruana,Jaguaruana,2020-10-06,968,48,23,0
Jaguaruana,Jaguaruana,2020-10-07,971,3,23,0
Jaguaruana,Jaguaruana,2020-10-08,974,3,24,1
Jaguaruana,Jaguaruana,2020-10-09,975,1,25,1
Jaguaruana,Jaguaruana,2020-10-10,980,5,25,0
Jaguaruana,Jaguaruana,2020-10-11,980,0,25,0
Jaguaruana,Jaguaruana,2020-10-12,980,0,25,0
Jaguaruana,Jaguaruana,2020-10-13,982,2,25,0
Jaguaruana,Jaguaruana,2020-10-14,988,6,25,0
Jaguaruana,Jaguaruana,2020-10-15,996,8,25,0
Jaguaruana,Jaguaruana,2020-10-16,1000,4,25,0
Jaguaruana,Jaguaruana,2020-10-17,999,-1,25,0
Jaguaruana,Jaguaruana,2020-10-18,1001,2,25,0
Jaguaruana,Jaguaruana,2020-10-19,1002,1,25,0
Jaguaruana,Jaguaruana,2020-10-20,1004,2,25,0
Jaguaruana,Jaguaruana,2020-10-21,1005,1,25,0
Jaguaruana,Jaguaruana,2020-10-22,1011,6,26,1
Jaguaruana,Jaguaruana,2020-10-23,1016,5,26,0
Jaguaruana,Jaguaruana,2020-10-24,1016,0,26,0
Jaguaruana,Jaguaruana,2020-10-25,1017,1,26,0
Jaguaruana,Jaguaruana,2020-10-26,1017,0,26,0
Jaguaruana,Jaguaruana,2020-10-27,1018,1,27,1
Jaguaruana,Jaguaruana,2020-10-28,1018,0,27,0
Jaguaruana,Jaguaruana,2020-10-29,1019,1,27,0
Jaguaruana,Jaguaruana,2020-10-30,1021,2,27,0
Jaguaruana,Jaguaruana,2020-10-31,1021,0,28,1
Jaguaruana,Jaguaruana,2020-11-01,1021,0,28,0
Jaguaruana,Jaguaruana,2020-11-02,1021,0,28,0
Jaguaruana,Jaguaruana,2020-11-03,1021,0,28,0
Jaguaruana,Jaguaruana,2020-11-04,1023,2,28,0
Jaguaruana,Jaguaruana,2020-11-05,1025,2,29,1
Jaguaruana,Jaguaruana,2020-11-06,1046,21,29,0
Jaguaruana,Jaguaruana,2020-11-07,1047,1,29,0
Jaguaruana,Jaguaruana,2020-11-08,1047,0,29,0
Jaguaruana,Jaguaruana,2020-11-09,1048,1,29,0
Jaguaruana,Jaguaruana,2020-11-10,1048,0,29,0
Jaguaruana,Jaguaruana,2020-11-11,1085,37,29,0
Jaguaruana,Jaguaruana,2020-11-12,1097,12,30,1
Jaguaruana,Jaguaruana,2020-11-13,1097,0,30,0
Jaguaruana,Jaguaruana,2020-11-14,1101,4,29,-1
Jaguaruana,Jaguaruana,2020-11-15,1101,0,29,0
Jaguaruana,Jaguaruana,2020-11-16,1101,0,29,0
Jaguaruana,Jaguaruana,2020-11-17,1103,2,30,1
Jaguaruana,Jaguaruana,2020-11-18,1108,5,30,0
Jaguaruana,Jaguaruana,2020-11-19,1110,2,30,0
Jaguaruana,Jaguaruana,2020-11-20,1121,11,30,0
Jaguaruana,Jaguaruana,2020-11-21,1129,8,30,0
Jaguaruana,Jaguaruana,2020-11-22,1129,0,30,0
Jaguaruana,Jaguaruana,2020-11-23,1132,3,30,0
Jaguaruana,Jaguaruana,2020-11-24,1132,0,30,0
Jaguaruana,Jaguaruana,2020-11-25,1151,19,30,0
Jaguaruana,Jaguaruana,2020-11-26,1154,3,30,0
Jaguaruana,Jaguaruana,2020-11-27,1168,14,30,0
Jaguaruana,Jaguaruana,2020-11-28,1168,0,30,0
Jaguaruana,Jaguaruana,2020-11-29,1168,0,30,0
Jaguaruana,Jaguaruana,2020-11-30,1170,2,30,0
Jaguaruana,Jaguaruana,2020-12-01,1170,0,30,0
Jaguaruana,Jaguaruana,2020-12-02,1175,5,31,1
Jaguaruana,Jaguaruana,2020-12-03,1183,8,31,0
Jaguaruana,Jaguaruana,2020-12-04,1188,5,31,0
Jaguaruana,Jaguaruana,2020-12-05,1190,2,31,0
Jaguaruana,Jaguaruana,2020-12-06,1190,0,31,0
Jaguaruana,Jaguaruana,2020-12-07,1190,0,31,0
Jaguaruana,Jaguaruana,2020-12-08,1197,7,31,0
Jaguaruana,Jaguaruana,2020-12-09,1206,9,30,-1
Jaguaruana,Jaguaruana,2020-12-10,1211,5,30,0
Jaguaruana,Jaguaruana,2020-12-11,1211,0,30,0
Jaguaruana,Jaguaruana,2020-12-12,1211,0,30,0
Jaguaruana,Jaguaruana,2020-12-13,1213,2,30,0
Jaguaruana,Jaguaruana,2020-12-14,1213,0,30,0
Jaguaruana,Jaguaruana,2020-12-15,1216,3,30,0
Jaguaruana,Jaguaruana,2020-12-16,1220,4,30,0
Jaguaruana,Jaguaruana,2020-12-17,1225,5,30,0
Jaguaruana,Jaguaruana,2020-12-18,1232,7,30,0
Jaguaruana,Jaguaruana,2020-12-19,1232,0,30,0
Jaguaruana,Jaguaruana,2020-12-20,1233,1,30,0
Jaguaruana,Jaguaruana,2020-12-21,1233,0,30,0
Jaguaruana,Jaguaruana,2020-12-22,1237,4,30,0
Jaguaruana,Jaguaruana,2020-12-23,1238,1,30,0
Jaguaruana,Jaguaruana,2020-12-24,1243,5,30,0
Jaguaruana,Jaguaruana,2020-12-25,1243,0,30,0
Jaguaruana,Jaguaruana,2020-12-26,1245,2,30,0
Jaguaruana,Jaguaruana,2020-12-27,1245,0,30,0
Jaguaruana,Jaguaruana,2020-12-28,1244,-1,30,0
Jaguaruana,Jaguaruana,2020-12-29,1246,2,30,0
Jaguaruana,Jaguaruana,2020-12-30,1246,0,30,0
Jaguaruana,Jaguaruana,2020-12-31,1255,9,30,0
Jaguaruana,Jaguaruana,2021-01-01,1256,1,30,0
Jaguaruana,Jaguaruana,2021-01-02,1258,2,31,1
Jaguaruana,Jaguaruana,2021-01-03,1259,1,31,0
Jaguaruana,Jaguaruana,2021-01-04,1261,2,31,0
Jaguaruana,Jaguaruana,2021-01-05,1263,2,31,0
Jaguaruana,Jaguaruana,2021-01-06,1264,1,31,0
Jaguaruana,Jaguaruana,2021-01-07,1264,0,31,0
Jaguaruana,Jaguaruana,2021-01-08,1264,0,31,0
Jaguaruana,Jaguaruana,2021-01-09,1265,1,31,0
Jaguaruana,Jaguaruana,2021-01-10,1265,0,31,0
Jaguaruana,Jaguaruana,2021-01-11,1266,1,31,0
Jaguaruana,Jaguaruana,2021-01-12,1265,-1,31,0
Jaguaruana,Jaguaruana,2021-01-13,1267,2,31,0
Jaguaruana,Jaguaruana,2021-01-14,1268,1,31,0
Jaguaruana,Jaguaruana,2021-01-15,1273,5,31,0
Jaguaruana,Jaguaruana,2021-01-16,1277,4,31,0
Jaguaruana,Jaguaruana,2021-01-17,1277,0,31,0
Jaguaruana,Jaguaruana,2021-01-18,1277,0,31,0
Jaguaruana,Jaguaruana,2021-01-19,1277,0,31,0
Jaguaruana,Jaguaruana,2021-01-20,1281,4,31,0
Jaguaruana,Jaguaruana,2021-01-21,1286,5,31,0
Jaguaruana,Jaguaruana,2021-01-22,1297,11,31,0
Jaguaruana,Jaguaruana,2021-01-23,1297,0,31,0
Jaguaruana,Jaguaruana,2021-01-24,1297,0,31,0
Jaguaruana,Jaguaruana,2021-01-25,1320,23,31,0
Jaguaruana,Jaguaruana,2021-01-26,1330,10,32,1
Jaguaruana,Jaguaruana,2021-01-27,1331,1,32,0
Jaguaruana,Jaguaruana,2021-01-28,1332,1,32,0
Jaguaruana,Jaguaruana,2021-01-29,1332,0,32,0
Jaguaruana,Jaguaruana,2021-01-30,1347,15,32,0
Jaguaruana,Jaguaruana,2021-01-31,1353,6,32,0
Jaguaruana,Jaguaruana,2021-02-01,1384,31,32,0
Jaguaruana,Jaguaruana,2021-02-02,1384,0,32,0
Jaguaruana,Jaguaruana,2021-02-03,1393,9,34,2
Jaguaruana,Jaguaruana,2021-02-04,1393,0,34,0
Jaguaruana,Jaguaruana,2021-02-05,1396,3,34,0
Jaguaruana,Jaguaruana,2021-02-06,1403,7,34,0
Jaguaruana,Jaguaruana,2021-02-07,1403,0,34,0
Jaguaruana,Jaguaruana,2021-02-08,1405,2,34,0
