city,city,date,cases,daily cases,deaths,daily deaths
Jales,Jales,2020-03-27,0,0,0,0
Jales,Jales,2020-03-28,0,0,0,0
Jales,Jales,2020-03-29,0,0,0,0
Jales,Jales,2020-03-30,0,0,0,0
Jales,Jales,2020-03-31,0,0,0,0
Jales,Jales,2020-04-01,0,0,0,0
Jales,Jales,2020-04-02,0,0,0,0
Jales,Jales,2020-04-03,0,0,0,0
Jales,Jales,2020-04-04,0,0,0,0
Jales,Jales,2020-04-05,0,0,0,0
Jales,Jales,2020-04-06,0,0,0,0
Jales,Jales,2020-04-07,0,0,0,0
Jales,Jales,2020-04-08,1,1,0,0
Jales,Jales,2020-04-09,1,0,0,0
Jales,Jales,2020-04-10,1,0,0,0
Jales,Jales,2020-04-11,1,0,0,0
Jales,Jales,2020-04-12,1,0,0,0
Jales,Jales,2020-04-13,1,0,0,0
Jales,Jales,2020-04-14,1,0,0,0
Jales,Jales,2020-04-15,2,1,0,0
Jales,Jales,2020-04-16,2,0,0,0
Jales,Jales,2020-04-17,2,0,0,0
Jales,Jales,2020-04-18,2,0,0,0
Jales,Jales,2020-04-19,2,0,0,0
Jales,Jales,2020-04-20,2,0,0,0
Jales,Jales,2020-04-21,2,0,0,0
Jales,Jales,2020-04-22,2,0,0,0
Jales,Jales,2020-04-23,2,0,0,0
Jales,Jales,2020-04-24,2,0,0,0
Jales,Jales,2020-04-25,3,1,0,0
Jales,Jales,2020-04-26,4,1,0,0
Jales,Jales,2020-04-27,4,0,0,0
Jales,Jales,2020-04-28,4,0,0,0
Jales,Jales,2020-04-29,4,0,0,0
Jales,Jales,2020-04-30,4,0,0,0
Jales,Jales,2020-05-01,4,0,0,0
Jales,Jales,2020-05-02,4,0,0,0
Jales,Jales,2020-05-03,4,0,0,0
Jales,Jales,2020-05-04,4,0,0,0
Jales,Jales,2020-05-05,4,0,0,0
Jales,Jales,2020-05-06,4,0,0,0
Jales,Jales,2020-05-07,4,0,0,0
Jales,Jales,2020-05-08,5,1,0,0
Jales,Jales,2020-05-09,5,0,0,0
Jales,Jales,2020-05-10,5,0,0,0
Jales,Jales,2020-05-11,5,0,0,0
Jales,Jales,2020-05-12,5,0,0,0
Jales,Jales,2020-05-13,5,0,0,0
Jales,Jales,2020-05-14,6,1,0,0
Jales,Jales,2020-05-15,6,0,0,0
Jales,Jales,2020-05-16,6,0,0,0
Jales,Jales,2020-05-17,6,0,0,0
Jales,Jales,2020-05-18,6,0,0,0
Jales,Jales,2020-05-19,6,0,0,0
Jales,Jales,2020-05-20,6,0,0,0
Jales,Jales,2020-05-21,7,1,0,0
Jales,Jales,2020-05-22,7,0,0,0
Jales,Jales,2020-05-23,9,2,0,0
Jales,Jales,2020-05-24,9,0,0,0
Jales,Jales,2020-05-25,11,2,0,0
Jales,Jales,2020-05-26,13,2,0,0
Jales,Jales,2020-05-27,13,0,0,0
Jales,Jales,2020-05-28,18,5,0,0
Jales,Jales,2020-05-29,21,3,0,0
Jales,Jales,2020-05-30,27,6,0,0
Jales,Jales,2020-05-31,27,0,0,0
Jales,Jales,2020-06-01,27,0,0,0
Jales,Jales,2020-06-02,28,1,0,0
Jales,Jales,2020-06-03,29,1,0,0
Jales,Jales,2020-06-04,35,6,0,0
Jales,Jales,2020-06-05,42,7,0,0
Jales,Jales,2020-06-06,44,2,0,0
Jales,Jales,2020-06-07,49,5,0,0
Jales,Jales,2020-06-08,50,1,0,0
Jales,Jales,2020-06-09,53,3,0,0
Jales,Jales,2020-06-10,56,3,0,0
Jales,Jales,2020-06-11,61,5,0,0
Jales,Jales,2020-06-12,70,9,0,0
Jales,Jales,2020-06-13,72,2,0,0
Jales,Jales,2020-06-14,75,3,0,0
Jales,Jales,2020-06-15,75,0,0,0
Jales,Jales,2020-06-16,81,6,1,1
Jales,Jales,2020-06-17,83,2,1,0
Jales,Jales,2020-06-18,83,0,1,0
Jales,Jales,2020-06-19,112,29,1,0
Jales,Jales,2020-06-20,111,-1,1,0
Jales,Jales,2020-06-21,119,8,1,0
Jales,Jales,2020-06-22,123,4,1,0
Jales,Jales,2020-06-23,121,-2,1,0
Jales,Jales,2020-06-24,130,9,1,0
Jales,Jales,2020-06-25,142,12,1,0
Jales,Jales,2020-06-26,152,10,1,0
Jales,Jales,2020-06-27,165,13,1,0
Jales,Jales,2020-06-28,171,6,1,0
Jales,Jales,2020-06-29,179,8,1,0
Jales,Jales,2020-06-30,183,4,2,1
Jales,Jales,2020-07-01,192,9,2,0
Jales,Jales,2020-07-02,201,9,2,0
Jales,Jales,2020-07-03,207,6,3,1
Jales,Jales,2020-07-04,207,0,3,0
Jales,Jales,2020-07-05,218,11,3,0
Jales,Jales,2020-07-06,219,1,3,0
Jales,Jales,2020-07-07,232,13,4,1
Jales,Jales,2020-07-08,236,4,4,0
Jales,Jales,2020-07-09,243,7,4,0
Jales,Jales,2020-07-10,252,9,4,0
Jales,Jales,2020-07-11,258,6,4,0
Jales,Jales,2020-07-12,265,7,4,0
Jales,Jales,2020-07-13,268,3,4,0
Jales,Jales,2020-07-14,279,11,4,0
Jales,Jales,2020-07-15,305,26,4,0
Jales,Jales,2020-07-16,321,16,4,0
Jales,Jales,2020-07-17,321,0,4,0
Jales,Jales,2020-07-18,321,0,4,0
Jales,Jales,2020-07-19,322,1,4,0
Jales,Jales,2020-07-20,330,8,5,1
Jales,Jales,2020-07-21,333,3,5,0
Jales,Jales,2020-07-22,335,2,5,0
Jales,Jales,2020-07-23,335,0,5,0
Jales,Jales,2020-07-24,340,5,5,0
Jales,Jales,2020-07-25,392,52,5,0
Jales,Jales,2020-07-26,411,19,5,0
Jales,Jales,2020-07-27,415,4,5,0
Jales,Jales,2020-07-28,415,0,5,0
Jales,Jales,2020-07-29,449,34,5,0
Jales,Jales,2020-07-30,451,2,5,0
Jales,Jales,2020-07-31,479,28,5,0
Jales,Jales,2020-08-01,500,21,5,0
Jales,Jales,2020-08-02,545,45,5,0
Jales,Jales,2020-08-03,546,1,5,0
Jales,Jales,2020-08-04,581,35,5,0
Jales,Jales,2020-08-05,581,0,5,0
Jales,Jales,2020-08-06,615,34,5,0
Jales,Jales,2020-08-07,622,7,5,0
Jales,Jales,2020-08-08,644,22,5,0
Jales,Jales,2020-08-09,673,29,5,0
Jales,Jales,2020-08-10,673,0,5,0
Jales,Jales,2020-08-11,680,7,5,0
Jales,Jales,2020-08-12,682,2,5,0
Jales,Jales,2020-08-13,730,48,5,0
Jales,Jales,2020-08-14,742,12,5,0
Jales,Jales,2020-08-15,771,29,5,0
Jales,Jales,2020-08-16,772,1,5,0
Jales,Jales,2020-08-17,799,27,6,1
Jales,Jales,2020-08-18,804,5,6,0
Jales,Jales,2020-08-19,856,52,16,10
Jales,Jales,2020-08-20,866,10,16,0
Jales,Jales,2020-08-21,881,15,16,0
Jales,Jales,2020-08-22,941,60,16,0
Jales,Jales,2020-08-23,949,8,16,0
Jales,Jales,2020-08-24,981,32,16,0
Jales,Jales,2020-08-25,980,-1,16,0
Jales,Jales,2020-08-26,985,5,16,0
Jales,Jales,2020-08-27,1018,33,16,0
Jales,Jales,2020-08-28,1045,27,16,0
Jales,Jales,2020-08-29,1056,11,17,1
Jales,Jales,2020-08-30,1057,1,17,0
Jales,Jales,2020-08-31,1067,10,18,1
Jales,Jales,2020-09-01,1113,46,18,0
Jales,Jales,2020-09-02,1163,50,18,0
Jales,Jales,2020-09-03,1209,46,26,8
Jales,Jales,2020-09-04,1209,0,26,0
Jales,Jales,2020-09-05,1224,15,26,0
Jales,Jales,2020-09-06,1231,7,26,0
Jales,Jales,2020-09-07,1254,23,26,0
Jales,Jales,2020-09-08,1282,28,27,1
Jales,Jales,2020-09-09,1283,1,27,0
Jales,Jales,2020-09-10,1284,1,31,4
Jales,Jales,2020-09-11,1318,34,31,0
Jales,Jales,2020-09-12,1329,11,31,0
Jales,Jales,2020-09-13,1386,57,31,0
Jales,Jales,2020-09-14,1389,3,31,0
Jales,Jales,2020-09-15,1391,2,32,1
Jales,Jales,2020-09-16,1447,56,33,1
Jales,Jales,2020-09-17,1457,10,35,2
Jales,Jales,2020-09-18,1475,18,35,0
Jales,Jales,2020-09-19,1478,3,35,0
Jales,Jales,2020-09-20,1496,18,35,0
Jales,Jales,2020-09-21,1502,6,35,0
Jales,Jales,2020-09-22,1532,30,35,0
Jales,Jales,2020-09-23,1538,6,35,0
Jales,Jales,2020-09-24,1537,-1,35,0
Jales,Jales,2020-09-25,1560,23,36,1
Jales,Jales,2020-09-26,1594,34,36,0
Jales,Jales,2020-09-27,1591,-3,36,0
Jales,Jales,2020-09-28,1623,32,36,0
Jales,Jales,2020-09-29,1632,9,36,0
Jales,Jales,2020-09-30,1646,14,37,1
Jales,Jales,2020-10-01,1655,9,38,1
Jales,Jales,2020-10-02,1699,44,39,1
Jales,Jales,2020-10-03,1706,7,42,3
Jales,Jales,2020-10-04,1706,0,42,0
Jales,Jales,2020-10-05,1739,33,42,0
Jales,Jales,2020-10-06,1754,15,43,1
Jales,Jales,2020-10-07,1760,6,44,1
Jales,Jales,2020-10-08,1773,13,45,1
Jales,Jales,2020-10-09,1791,18,45,0
Jales,Jales,2020-10-10,1807,16,46,1
Jales,Jales,2020-10-11,1824,17,51,5
Jales,Jales,2020-10-12,1835,11,51,0
Jales,Jales,2020-10-13,1835,0,51,0
Jales,Jales,2020-10-14,1850,15,51,0
Jales,Jales,2020-10-15,1856,6,51,0
Jales,Jales,2020-10-16,1857,1,53,2
Jales,Jales,2020-10-17,1878,21,54,1
Jales,Jales,2020-10-18,1878,0,54,0
Jales,Jales,2020-10-19,1878,0,54,0
Jales,Jales,2020-10-20,1887,9,54,0
Jales,Jales,2020-10-21,1889,2,54,0
Jales,Jales,2020-10-22,1891,2,56,2
Jales,Jales,2020-10-23,1898,7,57,1
Jales,Jales,2020-10-24,1903,5,57,0
Jales,Jales,2020-10-25,1919,16,57,0
Jales,Jales,2020-10-26,1923,4,57,0
Jales,Jales,2020-10-27,1934,11,59,2
Jales,Jales,2020-10-28,1939,5,60,1
Jales,Jales,2020-10-29,1951,12,60,0
Jales,Jales,2020-10-30,1973,22,60,0
Jales,Jales,2020-10-31,1974,1,61,1
Jales,Jales,2020-11-01,1974,0,61,0
Jales,Jales,2020-11-02,1974,0,61,0
Jales,Jales,2020-11-03,1974,0,61,0
Jales,Jales,2020-11-04,1997,23,61,0
Jales,Jales,2020-11-05,2007,10,61,0
Jales,Jales,2020-11-06,2007,0,61,0
Jales,Jales,2020-11-07,2007,0,61,0
Jales,Jales,2020-11-08,2007,0,61,0
Jales,Jales,2020-11-09,2007,0,61,0
Jales,Jales,2020-11-10,2007,0,61,0
Jales,Jales,2020-11-11,2020,13,61,0
Jales,Jales,2020-11-12,2039,19,62,1
Jales,Jales,2020-11-13,2049,10,62,0
Jales,Jales,2020-11-14,2072,23,61,-1
Jales,Jales,2020-11-15,2072,0,61,0
Jales,Jales,2020-11-16,2072,0,61,0
Jales,Jales,2020-11-17,2079,7,61,0
Jales,Jales,2020-11-18,2090,11,62,1
Jales,Jales,2020-11-19,2097,7,62,0
Jales,Jales,2020-11-20,2102,5,62,0
Jales,Jales,2020-11-21,2153,51,62,0
Jales,Jales,2020-11-22,2162,9,63,1
Jales,Jales,2020-11-23,2162,0,63,0
Jales,Jales,2020-11-24,2163,1,63,0
Jales,Jales,2020-11-25,2171,8,63,0
Jales,Jales,2020-11-26,2176,5,63,0
Jales,Jales,2020-11-27,2176,0,63,0
Jales,Jales,2020-11-28,2176,0,63,0
Jales,Jales,2020-11-29,2180,4,63,0
Jales,Jales,2020-11-30,2181,1,63,0
Jales,Jales,2020-12-01,2184,3,63,0
Jales,Jales,2020-12-02,2189,5,64,1
Jales,Jales,2020-12-03,2194,5,64,0
Jales,Jales,2020-12-04,2200,6,64,0
Jales,Jales,2020-12-05,2207,7,64,0
Jales,Jales,2020-12-06,2225,18,64,0
Jales,Jales,2020-12-07,2226,1,64,0
Jales,Jales,2020-12-08,2230,4,65,1
Jales,Jales,2020-12-09,2249,19,65,0
Jales,Jales,2020-12-10,2260,11,65,0
Jales,Jales,2020-12-11,2272,12,65,0
Jales,Jales,2020-12-12,2285,13,65,0
Jales,Jales,2020-12-13,2287,2,65,0
Jales,Jales,2020-12-14,2311,24,65,0
Jales,Jales,2020-12-15,2312,1,66,1
Jales,Jales,2020-12-16,2312,0,66,0
Jales,Jales,2020-12-17,2337,25,68,2
Jales,Jales,2020-12-18,2343,6,68,0
Jales,Jales,2020-12-19,2350,7,68,0
Jales,Jales,2020-12-20,2350,0,68,0
Jales,Jales,2020-12-21,2391,41,69,1
Jales,Jales,2020-12-22,2394,3,69,0
Jales,Jales,2020-12-23,2401,7,69,0
Jales,Jales,2020-12-24,2417,16,70,1
Jales,Jales,2020-12-25,2424,7,71,1
Jales,Jales,2020-12-26,2434,10,71,0
Jales,Jales,2020-12-27,2449,15,71,0
Jales,Jales,2020-12-28,2449,0,71,0
Jales,Jales,2020-12-29,2474,25,71,0
Jales,Jales,2020-12-30,2480,6,71,0
Jales,Jales,2020-12-31,2481,1,71,0
Jales,Jales,2021-01-01,2494,13,73,2
Jales,Jales,2021-01-02,2517,23,73,0
Jales,Jales,2021-01-03,2517,0,76,3
Jales,Jales,2021-01-04,2519,2,76,0
Jales,Jales,2021-01-05,2526,7,78,2
Jales,Jales,2021-01-06,2540,14,78,0
Jales,Jales,2021-01-07,2546,6,78,0
Jales,Jales,2021-01-08,2579,33,78,0
Jales,Jales,2021-01-09,2590,11,78,0
Jales,Jales,2021-01-10,2612,22,78,0
Jales,Jales,2021-01-11,2612,0,78,0
Jales,Jales,2021-01-12,2632,20,78,0
Jales,Jales,2021-01-13,2649,17,78,0
Jales,Jales,2021-01-14,2651,2,78,0
Jales,Jales,2021-01-15,2670,19,78,0
Jales,Jales,2021-01-16,2670,0,78,0
Jales,Jales,2021-01-17,2679,9,78,0
Jales,Jales,2021-01-18,2696,17,78,0
Jales,Jales,2021-01-19,2702,6,78,0
Jales,Jales,2021-01-20,2713,11,78,0
Jales,Jales,2021-01-21,2734,21,78,0
Jales,Jales,2021-01-22,2748,14,78,0
Jales,Jales,2021-01-23,2778,30,78,0
Jales,Jales,2021-01-24,2806,28,78,0
Jales,Jales,2021-01-25,2825,19,78,0
Jales,Jales,2021-01-26,2837,12,79,1
Jales,Jales,2021-01-27,2856,19,79,0
Jales,Jales,2021-01-28,2873,17,89,10
Jales,Jales,2021-01-29,2884,11,90,1
Jales,Jales,2021-01-30,2916,32,95,5
Jales,Jales,2021-01-31,2943,27,95,0
Jales,Jales,2021-02-01,2952,9,96,1
Jales,Jales,2021-02-02,2957,5,96,0
Jales,Jales,2021-02-03,2973,16,96,0
Jales,Jales,2021-02-04,2998,25,96,0
Jales,Jales,2021-02-05,3017,19,96,0
Jales,Jales,2021-02-06,3042,25,96,0
Jales,Jales,2021-02-07,3056,14,96,0
Jales,Jales,2021-02-08,3065,9,96,0
