city,city,date,cases,daily cases,deaths,daily deaths
Jardim,Jardim,2020-03-27,0,0,0,0
Jardim,Jardim,2020-03-28,0,0,0,0
Jardim,Jardim,2020-03-29,0,0,0,0
Jardim,Jardim,2020-03-30,0,0,0,0
Jardim,Jardim,2020-03-31,0,0,0,0
Jardim,Jardim,2020-04-01,0,0,0,0
Jardim,Jardim,2020-04-02,0,0,0,0
Jardim,Jardim,2020-04-03,0,0,0,0
Jardim,Jardim,2020-04-04,0,0,0,0
Jardim,Jardim,2020-04-05,0,0,0,0
Jardim,Jardim,2020-04-06,0,0,0,0
Jardim,Jardim,2020-04-07,0,0,0,0
Jardim,Jardim,2020-04-08,0,0,0,0
Jardim,Jardim,2020-04-09,0,0,0,0
Jardim,Jardim,2020-04-10,0,0,0,0
Jardim,Jardim,2020-04-11,0,0,0,0
Jardim,Jardim,2020-04-12,0,0,0,0
Jardim,Jardim,2020-04-13,0,0,0,0
Jardim,Jardim,2020-04-14,0,0,0,0
Jardim,Jardim,2020-04-15,0,0,0,0
Jardim,Jardim,2020-04-16,0,0,0,0
Jardim,Jardim,2020-04-17,0,0,0,0
Jardim,Jardim,2020-04-18,0,0,0,0
Jardim,Jardim,2020-04-19,1,1,0,0
Jardim,Jardim,2020-04-20,1,0,0,0
Jardim,Jardim,2020-04-21,1,0,0,0
Jardim,Jardim,2020-04-22,1,0,0,0
Jardim,Jardim,2020-04-23,1,0,0,0
Jardim,Jardim,2020-04-24,1,0,0,0
Jardim,Jardim,2020-04-25,1,0,0,0
Jardim,Jardim,2020-04-26,1,0,0,0
Jardim,Jardim,2020-04-27,1,0,0,0
Jardim,Jardim,2020-04-28,1,0,0,0
Jardim,Jardim,2020-04-29,1,0,0,0
Jardim,Jardim,2020-04-30,1,0,0,0
Jardim,Jardim,2020-05-01,1,0,0,0
Jardim,Jardim,2020-05-02,1,0,0,0
Jardim,Jardim,2020-05-03,1,0,0,0
Jardim,Jardim,2020-05-04,1,0,0,0
Jardim,Jardim,2020-05-05,1,0,0,0
Jardim,Jardim,2020-05-06,1,0,0,0
Jardim,Jardim,2020-05-07,3,2,0,0
Jardim,Jardim,2020-05-08,4,1,0,0
Jardim,Jardim,2020-05-09,5,1,0,0
Jardim,Jardim,2020-05-10,8,3,0,0
Jardim,Jardim,2020-05-11,9,1,0,0
Jardim,Jardim,2020-05-12,13,4,0,0
Jardim,Jardim,2020-05-13,15,2,0,0
Jardim,Jardim,2020-05-14,15,0,0,0
Jardim,Jardim,2020-05-15,16,1,0,0
Jardim,Jardim,2020-05-16,18,2,0,0
Jardim,Jardim,2020-05-17,21,3,0,0
Jardim,Jardim,2020-05-18,21,0,0,0
Jardim,Jardim,2020-05-19,23,2,0,0
Jardim,Jardim,2020-05-20,25,2,0,0
Jardim,Jardim,2020-05-21,25,0,0,0
Jardim,Jardim,2020-05-22,27,2,0,0
Jardim,Jardim,2020-05-23,32,5,0,0
Jardim,Jardim,2020-05-24,31,-1,0,0
Jardim,Jardim,2020-05-25,31,0,0,0
Jardim,Jardim,2020-05-26,30,-1,0,0
Jardim,Jardim,2020-05-27,34,4,0,0
Jardim,Jardim,2020-05-28,33,-1,0,0
Jardim,Jardim,2020-05-29,35,2,0,0
Jardim,Jardim,2020-05-30,36,1,0,0
Jardim,Jardim,2020-05-31,36,0,0,0
Jardim,Jardim,2020-06-01,36,0,0,0
Jardim,Jardim,2020-06-02,38,2,1,1
Jardim,Jardim,2020-06-03,38,0,1,0
Jardim,Jardim,2020-06-04,40,2,1,0
Jardim,Jardim,2020-06-05,39,-1,1,0
Jardim,Jardim,2020-06-06,42,3,1,0
Jardim,Jardim,2020-06-07,41,-1,1,0
Jardim,Jardim,2020-06-08,41,0,1,0
Jardim,Jardim,2020-06-09,45,4,1,0
Jardim,Jardim,2020-06-10,47,2,1,0
Jardim,Jardim,2020-06-11,47,0,1,0
Jardim,Jardim,2020-06-12,47,0,1,0
Jardim,Jardim,2020-06-13,53,6,1,0
Jardim,Jardim,2020-06-14,54,1,1,0
Jardim,Jardim,2020-06-15,54,0,1,0
Jardim,Jardim,2020-06-16,58,4,1,0
Jardim,Jardim,2020-06-17,59,1,1,0
Jardim,Jardim,2020-06-18,62,3,1,0
Jardim,Jardim,2020-06-19,65,3,2,1
Jardim,Jardim,2020-06-20,68,3,2,0
Jardim,Jardim,2020-06-21,68,0,2,0
Jardim,Jardim,2020-06-22,70,2,2,0
Jardim,Jardim,2020-06-23,79,9,2,0
Jardim,Jardim,2020-06-24,79,0,2,0
Jardim,Jardim,2020-06-25,82,3,2,0
Jardim,Jardim,2020-06-26,83,1,2,0
Jardim,Jardim,2020-06-27,83,0,2,0
Jardim,Jardim,2020-06-28,85,2,2,0
Jardim,Jardim,2020-06-29,91,6,2,0
Jardim,Jardim,2020-06-30,94,3,2,0
Jardim,Jardim,2020-07-01,102,8,2,0
Jardim,Jardim,2020-07-02,102,0,2,0
Jardim,Jardim,2020-07-03,109,7,2,0
Jardim,Jardim,2020-07-04,112,3,3,1
Jardim,Jardim,2020-07-05,112,0,3,0
Jardim,Jardim,2020-07-06,112,0,3,0
Jardim,Jardim,2020-07-07,115,3,3,0
Jardim,Jardim,2020-07-08,116,1,3,0
Jardim,Jardim,2020-07-09,121,5,3,0
Jardim,Jardim,2020-07-10,125,4,3,0
Jardim,Jardim,2020-07-11,129,4,3,0
Jardim,Jardim,2020-07-12,131,2,4,1
Jardim,Jardim,2020-07-13,130,-1,4,0
Jardim,Jardim,2020-07-14,135,5,4,0
Jardim,Jardim,2020-07-15,138,3,4,0
Jardim,Jardim,2020-07-16,140,2,4,0
Jardim,Jardim,2020-07-17,140,0,4,0
Jardim,Jardim,2020-07-18,145,5,4,0
Jardim,Jardim,2020-07-19,145,0,4,0
Jardim,Jardim,2020-07-20,146,1,4,0
Jardim,Jardim,2020-07-21,148,2,4,0
Jardim,Jardim,2020-07-22,160,12,4,0
Jardim,Jardim,2020-07-23,163,3,4,0
Jardim,Jardim,2020-07-24,169,6,4,0
Jardim,Jardim,2020-07-25,172,3,4,0
Jardim,Jardim,2020-07-26,173,1,4,0
Jardim,Jardim,2020-07-27,173,0,4,0
Jardim,Jardim,2020-07-28,175,2,4,0
Jardim,Jardim,2020-07-29,183,8,4,0
Jardim,Jardim,2020-07-30,184,1,4,0
Jardim,Jardim,2020-07-31,188,4,4,0
Jardim,Jardim,2020-08-01,195,7,4,0
Jardim,Jardim,2020-08-02,199,4,4,0
Jardim,Jardim,2020-08-03,199,0,5,1
Jardim,Jardim,2020-08-04,204,5,6,1
Jardim,Jardim,2020-08-05,209,5,6,0
Jardim,Jardim,2020-08-06,216,7,6,0
Jardim,Jardim,2020-08-07,218,2,6,0
Jardim,Jardim,2020-08-08,219,1,6,0
Jardim,Jardim,2020-08-09,220,1,7,1
Jardim,Jardim,2020-08-10,222,2,8,1
Jardim,Jardim,2020-08-11,226,4,8,0
Jardim,Jardim,2020-08-12,233,7,9,1
Jardim,Jardim,2020-08-13,237,4,9,0
Jardim,Jardim,2020-08-14,241,4,10,1
Jardim,Jardim,2020-08-15,243,2,10,0
Jardim,Jardim,2020-08-16,246,3,11,1
Jardim,Jardim,2020-08-17,247,1,11,0
Jardim,Jardim,2020-08-18,249,2,11,0
Jardim,Jardim,2020-08-19,254,5,11,0
Jardim,Jardim,2020-08-20,260,6,11,0
Jardim,Jardim,2020-08-21,262,2,11,0
Jardim,Jardim,2020-08-22,274,12,12,1
Jardim,Jardim,2020-08-23,276,2,12,0
Jardim,Jardim,2020-08-24,279,3,12,0
Jardim,Jardim,2020-08-25,285,6,12,0
Jardim,Jardim,2020-08-26,291,6,12,0
Jardim,Jardim,2020-08-27,298,7,12,0
Jardim,Jardim,2020-08-28,301,3,12,0
Jardim,Jardim,2020-08-29,306,5,12,0
Jardim,Jardim,2020-08-30,307,1,12,0
Jardim,Jardim,2020-08-31,309,2,12,0
Jardim,Jardim,2020-09-01,314,5,12,0
Jardim,Jardim,2020-09-02,314,0,12,0
Jardim,Jardim,2020-09-03,315,1,12,0
Jardim,Jardim,2020-09-04,327,12,12,0
Jardim,Jardim,2020-09-05,319,-8,12,0
Jardim,Jardim,2020-09-06,319,0,12,0
Jardim,Jardim,2020-09-07,319,0,12,0
Jardim,Jardim,2020-09-08,319,0,12,0
Jardim,Jardim,2020-09-09,323,4,12,0
Jardim,Jardim,2020-09-10,329,6,12,0
Jardim,Jardim,2020-09-11,330,1,12,0
Jardim,Jardim,2020-09-12,337,7,12,0
Jardim,Jardim,2020-09-13,342,5,12,0
Jardim,Jardim,2020-09-14,342,0,12,0
Jardim,Jardim,2020-09-15,360,18,12,0
Jardim,Jardim,2020-09-16,365,5,12,0
Jardim,Jardim,2020-09-17,368,3,12,0
Jardim,Jardim,2020-09-18,374,6,13,1
Jardim,Jardim,2020-09-19,376,2,13,0
Jardim,Jardim,2020-09-20,380,4,13,0
Jardim,Jardim,2020-09-21,383,3,14,1
Jardim,Jardim,2020-09-22,393,10,14,0
Jardim,Jardim,2020-09-23,397,4,14,0
Jardim,Jardim,2020-09-24,402,5,14,0
Jardim,Jardim,2020-09-25,405,3,14,0
Jardim,Jardim,2020-09-26,411,6,14,0
Jardim,Jardim,2020-09-27,411,0,14,0
Jardim,Jardim,2020-09-28,411,0,14,0
Jardim,Jardim,2020-09-29,413,2,14,0
Jardim,Jardim,2020-09-30,436,23,14,0
Jardim,Jardim,2020-10-01,448,12,14,0
Jardim,Jardim,2020-10-02,454,6,14,0
Jardim,Jardim,2020-10-03,468,14,14,0
Jardim,Jardim,2020-10-04,468,0,14,0
Jardim,Jardim,2020-10-05,471,3,14,0
Jardim,Jardim,2020-10-06,507,36,16,2
Jardim,Jardim,2020-10-07,514,7,16,0
Jardim,Jardim,2020-10-08,525,11,17,1
Jardim,Jardim,2020-10-09,533,8,17,0
Jardim,Jardim,2020-10-10,548,15,17,0
Jardim,Jardim,2020-10-11,548,0,17,0
Jardim,Jardim,2020-10-12,548,0,17,0
Jardim,Jardim,2020-10-13,550,2,18,1
Jardim,Jardim,2020-10-14,572,22,19,1
Jardim,Jardim,2020-10-15,574,2,19,0
Jardim,Jardim,2020-10-16,588,14,20,1
Jardim,Jardim,2020-10-17,601,13,20,0
Jardim,Jardim,2020-10-18,602,1,20,0
Jardim,Jardim,2020-10-19,603,1,20,0
Jardim,Jardim,2020-10-20,605,2,20,0
Jardim,Jardim,2020-10-21,612,7,20,0
Jardim,Jardim,2020-10-22,617,5,20,0
Jardim,Jardim,2020-10-23,617,0,20,0
Jardim,Jardim,2020-10-24,616,-1,20,0
Jardim,Jardim,2020-10-25,622,6,20,0
Jardim,Jardim,2020-10-26,622,0,21,1
Jardim,Jardim,2020-10-27,626,4,22,1
Jardim,Jardim,2020-10-28,627,1,22,0
Jardim,Jardim,2020-10-29,633,6,23,1
Jardim,Jardim,2020-10-30,633,0,24,1
Jardim,Jardim,2020-10-31,635,2,24,0
Jardim,Jardim,2020-11-01,639,4,24,0
Jardim,Jardim,2020-11-02,639,0,24,0
Jardim,Jardim,2020-11-03,639,0,24,0
Jardim,Jardim,2020-11-04,638,-1,24,0
Jardim,Jardim,2020-11-05,638,0,23,-1
Jardim,Jardim,2020-11-06,640,2,23,0
Jardim,Jardim,2020-11-07,642,2,23,0
Jardim,Jardim,2020-11-08,642,0,23,0
Jardim,Jardim,2020-11-09,644,2,23,0
Jardim,Jardim,2020-11-10,645,1,23,0
Jardim,Jardim,2020-11-11,646,1,23,0
Jardim,Jardim,2020-11-12,646,0,23,0
Jardim,Jardim,2020-11-13,647,1,23,0
Jardim,Jardim,2020-11-14,649,2,23,0
Jardim,Jardim,2020-11-15,651,2,23,0
Jardim,Jardim,2020-11-16,651,0,23,0
Jardim,Jardim,2020-11-17,651,0,24,1
Jardim,Jardim,2020-11-18,656,5,24,0
Jardim,Jardim,2020-11-19,657,1,24,0
Jardim,Jardim,2020-11-20,655,-2,24,0
Jardim,Jardim,2020-11-21,657,2,25,1
Jardim,Jardim,2020-11-22,657,0,25,0
Jardim,Jardim,2020-11-23,658,1,25,0
Jardim,Jardim,2020-11-24,664,6,25,0
Jardim,Jardim,2020-11-25,671,7,26,1
Jardim,Jardim,2020-11-26,672,1,26,0
Jardim,Jardim,2020-11-27,679,7,26,0
Jardim,Jardim,2020-11-28,688,9,26,0
Jardim,Jardim,2020-11-29,693,5,26,0
Jardim,Jardim,2020-11-30,693,0,26,0
Jardim,Jardim,2020-12-01,707,14,26,0
Jardim,Jardim,2020-12-02,709,2,26,0
Jardim,Jardim,2020-12-03,717,8,27,1
Jardim,Jardim,2020-12-04,726,9,27,0
Jardim,Jardim,2020-12-05,731,5,27,0
Jardim,Jardim,2020-12-06,731,0,27,0
Jardim,Jardim,2020-12-07,731,0,27,0
Jardim,Jardim,2020-12-08,750,19,27,0
Jardim,Jardim,2020-12-09,762,12,27,0
Jardim,Jardim,2020-12-10,764,2,27,0
Jardim,Jardim,2020-12-11,773,9,27,0
Jardim,Jardim,2020-12-12,775,2,27,0
Jardim,Jardim,2020-12-13,778,3,27,0
Jardim,Jardim,2020-12-14,778,0,27,0
Jardim,Jardim,2020-12-15,795,17,29,2
Jardim,Jardim,2020-12-16,812,17,29,0
Jardim,Jardim,2020-12-17,822,10,30,1
Jardim,Jardim,2020-12-18,826,4,31,1
Jardim,Jardim,2020-12-19,831,5,31,0
Jardim,Jardim,2020-12-20,832,1,31,0
Jardim,Jardim,2020-12-21,832,0,31,0
Jardim,Jardim,2020-12-22,842,10,33,2
Jardim,Jardim,2020-12-23,855,13,33,0
Jardim,Jardim,2020-12-24,863,8,35,2
Jardim,Jardim,2020-12-25,866,3,35,0
Jardim,Jardim,2020-12-26,870,4,35,0
Jardim,Jardim,2020-12-27,881,11,35,0
Jardim,Jardim,2020-12-28,881,0,35,0
Jardim,Jardim,2020-12-29,888,7,35,0
Jardim,Jardim,2020-12-30,896,8,35,0
Jardim,Jardim,2020-12-31,911,15,35,0
Jardim,Jardim,2021-01-01,922,11,37,2
Jardim,Jardim,2021-01-02,924,2,37,0
Jardim,Jardim,2021-01-03,924,0,37,0
Jardim,Jardim,2021-01-04,925,1,37,0
Jardim,Jardim,2021-01-05,930,5,37,0
Jardim,Jardim,2021-01-06,939,9,37,0
Jardim,Jardim,2021-01-07,948,9,37,0
Jardim,Jardim,2021-01-08,969,21,37,0
Jardim,Jardim,2021-01-09,979,10,37,0
Jardim,Jardim,2021-01-10,989,10,37,0
Jardim,Jardim,2021-01-11,989,0,37,0
Jardim,Jardim,2021-01-12,996,7,37,0
Jardim,Jardim,2021-01-13,1004,8,41,4
Jardim,Jardim,2021-01-14,1011,7,41,0
Jardim,Jardim,2021-01-15,1026,15,41,0
Jardim,Jardim,2021-01-16,1028,2,41,0
Jardim,Jardim,2021-01-17,1035,7,41,0
Jardim,Jardim,2021-01-18,1034,-1,41,0
Jardim,Jardim,2021-01-19,1052,18,43,2
Jardim,Jardim,2021-01-20,1056,4,44,1
Jardim,Jardim,2021-01-21,1066,10,44,0
Jardim,Jardim,2021-01-22,1068,2,46,2
Jardim,Jardim,2021-01-23,1075,7,46,0
Jardim,Jardim,2021-01-24,1091,16,46,0
Jardim,Jardim,2021-01-25,1101,10,46,0
Jardim,Jardim,2021-01-26,1112,11,47,1
Jardim,Jardim,2021-01-27,1115,3,47,0
Jardim,Jardim,2021-01-28,1116,1,47,0
Jardim,Jardim,2021-01-29,1116,0,47,0
Jardim,Jardim,2021-01-30,1126,10,47,0
Jardim,Jardim,2021-01-31,1141,15,47,0
Jardim,Jardim,2021-02-01,1141,0,47,0
Jardim,Jardim,2021-02-02,1143,2,47,0
Jardim,Jardim,2021-02-03,1152,9,49,2
Jardim,Jardim,2021-02-04,1154,2,49,0
Jardim,Jardim,2021-02-05,1159,5,49,0
Jardim,Jardim,2021-02-06,1167,8,50,1
Jardim,Jardim,2021-02-07,1167,0,50,0
Jardim,Jardim,2021-02-08,1171,4,50,0
