city,city,date,cases,daily cases,deaths,daily deaths
Jataí,Jataí,2020-03-27,0,0,0,0
Jataí,Jataí,2020-03-28,2,2,0,0
Jataí,Jataí,2020-03-29,2,0,0,0
Jataí,Jataí,2020-03-30,2,0,0,0
Jataí,Jataí,2020-03-31,2,0,0,0
Jataí,Jataí,2020-04-01,2,0,0,0
Jataí,Jataí,2020-04-02,2,0,0,0
Jataí,Jataí,2020-04-03,2,0,0,0
Jataí,Jataí,2020-04-04,2,0,0,0
Jataí,Jataí,2020-04-05,3,1,0,0
Jataí,Jataí,2020-04-06,3,0,0,0
Jataí,Jataí,2020-04-07,3,0,0,0
Jataí,Jataí,2020-04-08,4,1,0,0
Jataí,Jataí,2020-04-09,4,0,0,0
Jataí,Jataí,2020-04-10,4,0,0,0
Jataí,Jataí,2020-04-11,4,0,0,0
Jataí,Jataí,2020-04-12,4,0,0,0
Jataí,Jataí,2020-04-13,4,0,0,0
Jataí,Jataí,2020-04-14,5,1,0,0
Jataí,Jataí,2020-04-15,4,-1,0,0
Jataí,Jataí,2020-04-16,4,0,0,0
Jataí,Jataí,2020-04-17,4,0,0,0
Jataí,Jataí,2020-04-18,4,0,0,0
Jataí,Jataí,2020-04-19,4,0,0,0
Jataí,Jataí,2020-04-20,4,0,0,0
Jataí,Jataí,2020-04-21,4,0,0,0
Jataí,Jataí,2020-04-22,4,0,0,0
Jataí,Jataí,2020-04-23,4,0,0,0
Jataí,Jataí,2020-04-24,6,2,0,0
Jataí,Jataí,2020-04-25,6,0,0,0
Jataí,Jataí,2020-04-26,6,0,0,0
Jataí,Jataí,2020-04-27,6,0,0,0
Jataí,Jataí,2020-04-28,6,0,0,0
Jataí,Jataí,2020-04-29,6,0,0,0
Jataí,Jataí,2020-04-30,7,1,0,0
Jataí,Jataí,2020-05-01,7,0,0,0
Jataí,Jataí,2020-05-02,9,2,0,0
Jataí,Jataí,2020-05-03,9,0,0,0
Jataí,Jataí,2020-05-04,11,2,0,0
Jataí,Jataí,2020-05-05,11,0,0,0
Jataí,Jataí,2020-05-06,26,15,0,0
Jataí,Jataí,2020-05-07,26,0,0,0
Jataí,Jataí,2020-05-08,28,2,0,0
Jataí,Jataí,2020-05-09,28,0,0,0
Jataí,Jataí,2020-05-10,28,0,0,0
Jataí,Jataí,2020-05-11,28,0,0,0
Jataí,Jataí,2020-05-12,28,0,0,0
Jataí,Jataí,2020-05-13,28,0,0,0
Jataí,Jataí,2020-05-14,30,2,0,0
Jataí,Jataí,2020-05-15,30,0,0,0
Jataí,Jataí,2020-05-16,33,3,0,0
Jataí,Jataí,2020-05-17,33,0,0,0
Jataí,Jataí,2020-05-18,34,1,0,0
Jataí,Jataí,2020-05-19,35,1,0,0
Jataí,Jataí,2020-05-20,38,3,0,0
Jataí,Jataí,2020-05-21,39,1,0,0
Jataí,Jataí,2020-05-22,40,1,0,0
Jataí,Jataí,2020-05-23,41,1,0,0
Jataí,Jataí,2020-05-24,41,0,0,0
Jataí,Jataí,2020-05-25,42,1,0,0
Jataí,Jataí,2020-05-26,42,0,1,1
Jataí,Jataí,2020-05-27,46,4,1,0
Jataí,Jataí,2020-05-28,66,20,1,0
Jataí,Jataí,2020-05-29,78,12,1,0
Jataí,Jataí,2020-05-30,81,3,1,0
Jataí,Jataí,2020-05-31,81,0,1,0
Jataí,Jataí,2020-06-01,81,0,1,0
Jataí,Jataí,2020-06-02,85,4,1,0
Jataí,Jataí,2020-06-03,85,0,1,0
Jataí,Jataí,2020-06-04,94,9,1,0
Jataí,Jataí,2020-06-05,103,9,1,0
Jataí,Jataí,2020-06-06,103,0,1,0
Jataí,Jataí,2020-06-07,104,1,1,0
Jataí,Jataí,2020-06-08,106,2,1,0
Jataí,Jataí,2020-06-09,116,10,1,0
Jataí,Jataí,2020-06-10,123,7,2,1
Jataí,Jataí,2020-06-11,132,9,2,0
Jataí,Jataí,2020-06-12,133,1,2,0
Jataí,Jataí,2020-06-13,135,2,2,0
Jataí,Jataí,2020-06-14,135,0,2,0
Jataí,Jataí,2020-06-15,142,7,2,0
Jataí,Jataí,2020-06-16,157,15,2,0
Jataí,Jataí,2020-06-17,181,24,2,0
Jataí,Jataí,2020-06-18,212,31,2,0
Jataí,Jataí,2020-06-19,219,7,2,0
Jataí,Jataí,2020-06-20,221,2,2,0
Jataí,Jataí,2020-06-21,227,6,2,0
Jataí,Jataí,2020-06-22,230,3,2,0
Jataí,Jataí,2020-06-23,243,13,2,0
Jataí,Jataí,2020-06-24,259,16,2,0
Jataí,Jataí,2020-06-25,266,7,2,0
Jataí,Jataí,2020-06-26,285,19,2,0
Jataí,Jataí,2020-06-27,285,0,2,0
Jataí,Jataí,2020-06-28,285,0,2,0
Jataí,Jataí,2020-06-29,298,13,2,0
Jataí,Jataí,2020-06-30,313,15,2,0
Jataí,Jataí,2020-07-01,318,5,2,0
Jataí,Jataí,2020-07-02,328,10,2,0
Jataí,Jataí,2020-07-03,329,1,3,1
Jataí,Jataí,2020-07-04,378,49,3,0
Jataí,Jataí,2020-07-05,378,0,3,0
Jataí,Jataí,2020-07-06,404,26,3,0
Jataí,Jataí,2020-07-07,408,4,3,0
Jataí,Jataí,2020-07-08,419,11,3,0
Jataí,Jataí,2020-07-09,432,13,3,0
Jataí,Jataí,2020-07-10,447,15,5,2
Jataí,Jataí,2020-07-11,466,19,5,0
Jataí,Jataí,2020-07-12,467,1,6,1
Jataí,Jataí,2020-07-13,467,0,6,0
Jataí,Jataí,2020-07-14,482,15,7,1
Jataí,Jataí,2020-07-15,513,31,10,3
Jataí,Jataí,2020-07-16,561,48,11,1
Jataí,Jataí,2020-07-17,565,4,12,1
Jataí,Jataí,2020-07-18,566,1,12,0
Jataí,Jataí,2020-07-19,564,-2,12,0
Jataí,Jataí,2020-07-20,564,0,12,0
Jataí,Jataí,2020-07-21,678,114,12,0
Jataí,Jataí,2020-07-22,715,37,12,0
Jataí,Jataí,2020-07-23,754,39,13,1
Jataí,Jataí,2020-07-24,817,63,15,2
Jataí,Jataí,2020-07-25,836,19,16,1
Jataí,Jataí,2020-07-26,837,1,16,0
Jataí,Jataí,2020-07-27,861,24,16,0
Jataí,Jataí,2020-07-28,902,41,18,2
Jataí,Jataí,2020-07-29,995,93,19,1
Jataí,Jataí,2020-07-30,1018,23,19,0
Jataí,Jataí,2020-07-31,1056,38,20,1
Jataí,Jataí,2020-08-01,1068,12,21,1
Jataí,Jataí,2020-08-02,1067,-1,21,0
Jataí,Jataí,2020-08-03,1067,0,21,0
Jataí,Jataí,2020-08-04,1191,124,23,2
Jataí,Jataí,2020-08-05,1279,88,24,1
Jataí,Jataí,2020-08-06,1303,24,26,2
Jataí,Jataí,2020-08-07,1366,63,29,3
Jataí,Jataí,2020-08-08,1411,45,30,1
Jataí,Jataí,2020-08-09,1411,0,30,0
Jataí,Jataí,2020-08-10,1428,17,30,0
Jataí,Jataí,2020-08-11,1554,126,31,1
Jataí,Jataí,2020-08-12,1609,55,31,0
Jataí,Jataí,2020-08-13,1786,177,33,2
Jataí,Jataí,2020-08-14,1934,148,34,1
Jataí,Jataí,2020-08-15,1943,9,34,0
Jataí,Jataí,2020-08-16,1943,0,34,0
Jataí,Jataí,2020-08-17,1956,13,34,0
Jataí,Jataí,2020-08-18,2068,112,36,2
Jataí,Jataí,2020-08-19,2131,63,36,0
Jataí,Jataí,2020-08-20,2199,68,36,0
Jataí,Jataí,2020-08-21,2230,31,36,0
Jataí,Jataí,2020-08-22,2271,41,38,2
Jataí,Jataí,2020-08-23,2272,1,38,0
Jataí,Jataí,2020-08-24,2367,95,38,0
Jataí,Jataí,2020-08-25,2454,87,39,1
Jataí,Jataí,2020-08-26,2502,48,39,0
Jataí,Jataí,2020-08-27,2553,51,41,2
Jataí,Jataí,2020-08-28,2587,34,44,3
Jataí,Jataí,2020-08-29,2609,22,45,1
Jataí,Jataí,2020-08-30,2610,1,46,1
Jataí,Jataí,2020-08-31,2634,24,47,1
Jataí,Jataí,2020-09-01,2683,49,49,2
Jataí,Jataí,2020-09-02,2744,61,49,0
Jataí,Jataí,2020-09-03,2753,9,49,0
Jataí,Jataí,2020-09-04,2803,50,50,1
Jataí,Jataí,2020-09-05,2828,25,51,1
Jataí,Jataí,2020-09-06,2828,0,51,0
Jataí,Jataí,2020-09-07,2827,-1,51,0
Jataí,Jataí,2020-09-08,2844,17,51,0
Jataí,Jataí,2020-09-09,2884,40,52,1
Jataí,Jataí,2020-09-10,2916,32,53,1
Jataí,Jataí,2020-09-11,2916,0,53,0
Jataí,Jataí,2020-09-12,2939,23,53,0
Jataí,Jataí,2020-09-13,2944,5,53,0
Jataí,Jataí,2020-09-14,2940,-4,53,0
Jataí,Jataí,2020-09-15,2959,19,53,0
Jataí,Jataí,2020-09-16,3010,51,53,0
Jataí,Jataí,2020-09-17,3047,37,54,1
Jataí,Jataí,2020-09-18,3070,23,53,-1
Jataí,Jataí,2020-09-19,3117,47,54,1
Jataí,Jataí,2020-09-20,3238,121,54,0
Jataí,Jataí,2020-09-21,3246,8,54,0
Jataí,Jataí,2020-09-22,3274,28,57,3
Jataí,Jataí,2020-09-23,3303,29,57,0
Jataí,Jataí,2020-09-24,3354,51,57,0
Jataí,Jataí,2020-09-25,3401,47,58,1
Jataí,Jataí,2020-09-26,3469,68,59,1
Jataí,Jataí,2020-09-27,3469,0,59,0
Jataí,Jataí,2020-09-28,3468,-1,59,0
Jataí,Jataí,2020-09-29,3523,55,62,3
Jataí,Jataí,2020-09-30,3543,20,62,0
Jataí,Jataí,2020-10-01,3581,38,62,0
Jataí,Jataí,2020-10-02,3608,27,64,2
Jataí,Jataí,2020-10-03,3618,10,65,1
Jataí,Jataí,2020-10-04,3618,0,65,0
Jataí,Jataí,2020-10-05,3630,12,65,0
Jataí,Jataí,2020-10-06,3654,24,65,0
Jataí,Jataí,2020-10-07,3658,4,66,1
Jataí,Jataí,2020-10-08,3665,7,66,0
Jataí,Jataí,2020-10-09,3700,35,67,1
Jataí,Jataí,2020-10-10,3788,88,67,0
Jataí,Jataí,2020-10-11,3789,1,67,0
Jataí,Jataí,2020-10-12,3788,-1,67,0
Jataí,Jataí,2020-10-13,3785,-3,67,0
Jataí,Jataí,2020-10-14,3803,18,66,-1
Jataí,Jataí,2020-10-15,3824,21,71,5
Jataí,Jataí,2020-10-16,3840,16,73,2
Jataí,Jataí,2020-10-17,3852,12,73,0
Jataí,Jataí,2020-10-18,3852,0,73,0
Jataí,Jataí,2020-10-19,3862,10,73,0
Jataí,Jataí,2020-10-20,3897,35,77,4
Jataí,Jataí,2020-10-21,3940,43,79,2
Jataí,Jataí,2020-10-22,3956,16,79,0
Jataí,Jataí,2020-10-23,3961,5,80,1
Jataí,Jataí,2020-10-24,3982,21,80,0
Jataí,Jataí,2020-10-25,3990,8,80,0
Jataí,Jataí,2020-10-26,3989,-1,82,2
Jataí,Jataí,2020-10-27,4008,19,83,1
Jataí,Jataí,2020-10-28,4013,5,83,0
Jataí,Jataí,2020-10-29,4014,1,84,1
Jataí,Jataí,2020-10-30,4028,14,84,0
Jataí,Jataí,2020-10-31,4034,6,85,1
Jataí,Jataí,2020-11-01,4034,0,86,1
Jataí,Jataí,2020-11-02,4044,10,86,0
Jataí,Jataí,2020-11-03,4043,-1,86,0
Jataí,Jataí,2020-11-04,4055,12,86,0
Jataí,Jataí,2020-11-05,4068,13,87,1
Jataí,Jataí,2020-11-06,4100,32,87,0
Jataí,Jataí,2020-11-07,4107,7,87,0
Jataí,Jataí,2020-11-08,4107,0,87,0
Jataí,Jataí,2020-11-09,4106,-1,87,0
Jataí,Jataí,2020-11-10,4119,13,87,0
Jataí,Jataí,2020-11-11,4130,11,87,0
Jataí,Jataí,2020-11-12,4150,20,87,0
Jataí,Jataí,2020-11-13,4153,3,87,0
Jataí,Jataí,2020-11-14,4187,34,87,0
Jataí,Jataí,2020-11-15,4187,0,87,0
Jataí,Jataí,2020-11-16,4187,0,87,0
Jataí,Jataí,2020-11-17,4217,30,87,0
Jataí,Jataí,2020-11-18,4227,10,88,1
Jataí,Jataí,2020-11-19,4246,19,88,0
Jataí,Jataí,2020-11-20,4259,13,88,0
Jataí,Jataí,2020-11-21,4273,14,88,0
Jataí,Jataí,2020-11-22,4277,4,90,2
Jataí,Jataí,2020-11-23,4283,6,90,0
Jataí,Jataí,2020-11-24,4314,31,90,0
Jataí,Jataí,2020-11-25,4348,34,89,-1
Jataí,Jataí,2020-11-26,4391,43,89,0
Jataí,Jataí,2020-11-27,4391,0,89,0
Jataí,Jataí,2020-11-28,4440,49,90,1
Jataí,Jataí,2020-11-29,4441,1,91,1
Jataí,Jataí,2020-11-30,4459,18,91,0
Jataí,Jataí,2020-12-01,4476,17,95,4
Jataí,Jataí,2020-12-02,4493,17,95,0
Jataí,Jataí,2020-12-03,4523,30,95,0
Jataí,Jataí,2020-12-04,4590,67,97,2
Jataí,Jataí,2020-12-05,4610,20,97,0
Jataí,Jataí,2020-12-06,4610,0,97,0
Jataí,Jataí,2020-12-07,4610,0,97,0
Jataí,Jataí,2020-12-08,4633,23,98,1
Jataí,Jataí,2020-12-09,4643,10,99,1
Jataí,Jataí,2020-12-10,4745,102,101,2
Jataí,Jataí,2020-12-11,4888,143,101,0
Jataí,Jataí,2020-12-12,4888,0,101,0
Jataí,Jataí,2020-12-13,4888,0,101,0
Jataí,Jataí,2020-12-14,5017,129,101,0
Jataí,Jataí,2020-12-15,5099,82,101,0
Jataí,Jataí,2020-12-16,5178,79,101,0
Jataí,Jataí,2020-12-17,5239,61,101,0
Jataí,Jataí,2020-12-18,5289,50,101,0
Jataí,Jataí,2020-12-19,5299,10,103,2
Jataí,Jataí,2020-12-20,5299,0,103,0
Jataí,Jataí,2020-12-21,5298,-1,103,0
Jataí,Jataí,2020-12-22,5320,22,103,0
Jataí,Jataí,2020-12-23,5345,25,103,0
Jataí,Jataí,2020-12-24,5354,9,103,0
Jataí,Jataí,2020-12-25,5354,0,103,0
Jataí,Jataí,2020-12-26,5354,0,103,0
Jataí,Jataí,2020-12-27,5354,0,103,0
Jataí,Jataí,2020-12-28,5354,0,103,0
Jataí,Jataí,2020-12-29,5373,19,104,1
Jataí,Jataí,2020-12-30,5396,23,104,0
Jataí,Jataí,2020-12-31,5402,6,104,0
Jataí,Jataí,2021-01-01,5402,0,104,0
Jataí,Jataí,2021-01-02,5402,0,104,0
Jataí,Jataí,2021-01-03,5402,0,104,0
Jataí,Jataí,2021-01-04,5402,0,105,1
Jataí,Jataí,2021-01-05,5404,2,105,0
Jataí,Jataí,2021-01-06,5403,-1,105,0
Jataí,Jataí,2021-01-07,5413,10,105,0
Jataí,Jataí,2021-01-08,5420,7,105,0
Jataí,Jataí,2021-01-09,5420,0,106,1
Jataí,Jataí,2021-01-10,5420,0,106,0
Jataí,Jataí,2021-01-11,5419,-1,106,0
Jataí,Jataí,2021-01-12,5421,2,106,0
Jataí,Jataí,2021-01-13,5431,10,106,0
Jataí,Jataí,2021-01-14,5439,8,106,0
Jataí,Jataí,2021-01-15,5450,11,108,2
Jataí,Jataí,2021-01-16,5470,20,108,0
Jataí,Jataí,2021-01-17,5472,2,108,0
Jataí,Jataí,2021-01-18,5490,18,108,0
Jataí,Jataí,2021-01-19,5503,13,108,0
Jataí,Jataí,2021-01-20,5510,7,108,0
Jataí,Jataí,2021-01-21,5546,36,108,0
Jataí,Jataí,2021-01-22,5564,18,108,0
Jataí,Jataí,2021-01-23,5583,19,109,1
Jataí,Jataí,2021-01-24,5583,0,109,0
Jataí,Jataí,2021-01-25,5586,3,109,0
Jataí,Jataí,2021-01-26,5596,10,109,0
Jataí,Jataí,2021-01-27,5602,6,109,0
Jataí,Jataí,2021-01-28,5736,134,110,1
Jataí,Jataí,2021-01-29,5858,122,112,2
Jataí,Jataí,2021-01-30,5861,3,112,0
Jataí,Jataí,2021-01-31,5861,0,112,0
Jataí,Jataí,2021-02-01,5879,18,112,0
Jataí,Jataí,2021-02-02,5880,1,115,3
Jataí,Jataí,2021-02-03,5942,62,115,0
Jataí,Jataí,2021-02-04,5971,29,118,3
Jataí,Jataí,2021-02-05,5971,0,122,4
Jataí,Jataí,2021-02-06,5975,4,123,1
Jataí,Jataí,2021-02-07,5987,12,123,0
Jataí,Jataí,2021-02-08,5987,0,123,0
