city,city,date,cases,daily cases,deaths,daily deaths
Jitaúna,Jitaúna,2020-03-27,0,0,0,0
Jitaúna,Jitaúna,2020-03-28,0,0,0,0
Jitaúna,Jitaúna,2020-03-29,0,0,0,0
Jitaúna,Jitaúna,2020-03-30,0,0,0,0
Jitaúna,Jitaúna,2020-03-31,0,0,0,0
Jitaúna,Jitaúna,2020-04-01,0,0,0,0
Jitaúna,Jitaúna,2020-04-02,0,0,0,0
Jitaúna,Jitaúna,2020-04-03,0,0,0,0
Jitaúna,Jitaúna,2020-04-04,0,0,0,0
Jitaúna,Jitaúna,2020-04-05,0,0,0,0
Jitaúna,Jitaúna,2020-04-06,0,0,0,0
Jitaúna,Jitaúna,2020-04-07,0,0,0,0
Jitaúna,Jitaúna,2020-04-08,0,0,0,0
Jitaúna,Jitaúna,2020-04-09,0,0,0,0
Jitaúna,Jitaúna,2020-04-10,0,0,0,0
Jitaúna,Jitaúna,2020-04-11,0,0,0,0
Jitaúna,Jitaúna,2020-04-12,0,0,0,0
Jitaúna,Jitaúna,2020-04-13,0,0,0,0
Jitaúna,Jitaúna,2020-04-14,0,0,0,0
Jitaúna,Jitaúna,2020-04-15,0,0,0,0
Jitaúna,Jitaúna,2020-04-16,0,0,0,0
Jitaúna,Jitaúna,2020-04-17,0,0,0,0
Jitaúna,Jitaúna,2020-04-18,0,0,0,0
Jitaúna,Jitaúna,2020-04-19,0,0,0,0
Jitaúna,Jitaúna,2020-04-20,0,0,0,0
Jitaúna,Jitaúna,2020-04-21,0,0,0,0
Jitaúna,Jitaúna,2020-04-22,0,0,0,0
Jitaúna,Jitaúna,2020-04-23,0,0,0,0
Jitaúna,Jitaúna,2020-04-24,0,0,0,0
Jitaúna,Jitaúna,2020-04-25,0,0,0,0
Jitaúna,Jitaúna,2020-04-26,0,0,0,0
Jitaúna,Jitaúna,2020-04-27,0,0,0,0
Jitaúna,Jitaúna,2020-04-28,0,0,0,0
Jitaúna,Jitaúna,2020-04-29,0,0,0,0
Jitaúna,Jitaúna,2020-04-30,0,0,0,0
Jitaúna,Jitaúna,2020-05-01,0,0,0,0
Jitaúna,Jitaúna,2020-05-02,0,0,0,0
Jitaúna,Jitaúna,2020-05-03,0,0,0,0
Jitaúna,Jitaúna,2020-05-04,0,0,0,0
Jitaúna,Jitaúna,2020-05-05,0,0,0,0
Jitaúna,Jitaúna,2020-05-06,1,1,0,0
Jitaúna,Jitaúna,2020-05-07,1,0,0,0
Jitaúna,Jitaúna,2020-05-08,1,0,0,0
Jitaúna,Jitaúna,2020-05-09,1,0,1,1
Jitaúna,Jitaúna,2020-05-10,1,0,1,0
Jitaúna,Jitaúna,2020-05-11,1,0,0,-1
Jitaúna,Jitaúna,2020-05-12,1,0,1,1
Jitaúna,Jitaúna,2020-05-13,1,0,1,0
Jitaúna,Jitaúna,2020-05-14,1,0,1,0
Jitaúna,Jitaúna,2020-05-15,1,0,0,-1
Jitaúna,Jitaúna,2020-05-16,1,0,1,1
Jitaúna,Jitaúna,2020-05-17,1,0,0,-1
Jitaúna,Jitaúna,2020-05-18,2,1,0,0
Jitaúna,Jitaúna,2020-05-19,4,2,1,1
Jitaúna,Jitaúna,2020-05-20,5,1,1,0
Jitaúna,Jitaúna,2020-05-21,5,0,1,0
Jitaúna,Jitaúna,2020-05-22,5,0,1,0
Jitaúna,Jitaúna,2020-05-23,5,0,1,0
Jitaúna,Jitaúna,2020-05-24,5,0,1,0
Jitaúna,Jitaúna,2020-05-25,5,0,1,0
Jitaúna,Jitaúna,2020-05-26,5,0,1,0
Jitaúna,Jitaúna,2020-05-27,5,0,1,0
Jitaúna,Jitaúna,2020-05-28,6,1,1,0
Jitaúna,Jitaúna,2020-05-29,6,0,1,0
Jitaúna,Jitaúna,2020-05-30,8,2,1,0
Jitaúna,Jitaúna,2020-05-31,9,1,1,0
Jitaúna,Jitaúna,2020-06-01,9,0,1,0
Jitaúna,Jitaúna,2020-06-02,10,1,1,0
Jitaúna,Jitaúna,2020-06-03,10,0,1,0
Jitaúna,Jitaúna,2020-06-04,11,1,1,0
Jitaúna,Jitaúna,2020-06-05,11,0,1,0
Jitaúna,Jitaúna,2020-06-06,15,4,2,1
Jitaúna,Jitaúna,2020-06-07,15,0,2,0
Jitaúna,Jitaúna,2020-06-08,15,0,2,0
Jitaúna,Jitaúna,2020-06-09,15,0,2,0
Jitaúna,Jitaúna,2020-06-10,16,1,2,0
Jitaúna,Jitaúna,2020-06-11,16,0,2,0
Jitaúna,Jitaúna,2020-06-12,16,0,2,0
Jitaúna,Jitaúna,2020-06-13,16,0,2,0
Jitaúna,Jitaúna,2020-06-14,16,0,2,0
Jitaúna,Jitaúna,2020-06-15,16,0,2,0
Jitaúna,Jitaúna,2020-06-16,16,0,2,0
Jitaúna,Jitaúna,2020-06-17,23,7,2,0
Jitaúna,Jitaúna,2020-06-18,23,0,2,0
Jitaúna,Jitaúna,2020-06-19,23,0,2,0
Jitaúna,Jitaúna,2020-06-20,23,0,2,0
Jitaúna,Jitaúna,2020-06-21,23,0,2,0
Jitaúna,Jitaúna,2020-06-22,26,3,2,0
Jitaúna,Jitaúna,2020-06-23,26,0,2,0
Jitaúna,Jitaúna,2020-06-24,26,0,2,0
Jitaúna,Jitaúna,2020-06-25,26,0,2,0
Jitaúna,Jitaúna,2020-06-26,29,3,2,0
Jitaúna,Jitaúna,2020-06-27,30,1,2,0
Jitaúna,Jitaúna,2020-06-28,31,1,2,0
Jitaúna,Jitaúna,2020-06-29,32,1,2,0
Jitaúna,Jitaúna,2020-06-30,33,1,2,0
Jitaúna,Jitaúna,2020-07-01,34,1,2,0
Jitaúna,Jitaúna,2020-07-02,36,2,2,0
Jitaúna,Jitaúna,2020-07-03,37,1,2,0
Jitaúna,Jitaúna,2020-07-04,37,0,2,0
Jitaúna,Jitaúna,2020-07-05,37,0,2,0
Jitaúna,Jitaúna,2020-07-06,37,0,2,0
Jitaúna,Jitaúna,2020-07-07,42,5,2,0
Jitaúna,Jitaúna,2020-07-08,43,1,2,0
Jitaúna,Jitaúna,2020-07-09,43,0,2,0
Jitaúna,Jitaúna,2020-07-10,44,1,2,0
Jitaúna,Jitaúna,2020-07-11,46,2,2,0
Jitaúna,Jitaúna,2020-07-12,47,1,2,0
Jitaúna,Jitaúna,2020-07-13,48,1,2,0
Jitaúna,Jitaúna,2020-07-14,53,5,2,0
Jitaúna,Jitaúna,2020-07-15,60,7,2,0
Jitaúna,Jitaúna,2020-07-16,62,2,2,0
Jitaúna,Jitaúna,2020-07-17,66,4,2,0
Jitaúna,Jitaúna,2020-07-18,67,1,2,0
Jitaúna,Jitaúna,2020-07-19,68,1,2,0
Jitaúna,Jitaúna,2020-07-20,86,18,2,0
Jitaúna,Jitaúna,2020-07-21,92,6,2,0
Jitaúna,Jitaúna,2020-07-22,107,15,3,1
Jitaúna,Jitaúna,2020-07-23,109,2,3,0
Jitaúna,Jitaúna,2020-07-24,110,1,3,0
Jitaúna,Jitaúna,2020-07-25,113,3,4,1
Jitaúna,Jitaúna,2020-07-26,116,3,4,0
Jitaúna,Jitaúna,2020-07-27,117,1,4,0
Jitaúna,Jitaúna,2020-07-28,136,19,4,0
Jitaúna,Jitaúna,2020-07-29,153,17,5,1
Jitaúna,Jitaúna,2020-07-30,155,2,5,0
Jitaúna,Jitaúna,2020-07-31,160,5,5,0
Jitaúna,Jitaúna,2020-08-01,164,4,5,0
Jitaúna,Jitaúna,2020-08-02,166,2,5,0
Jitaúna,Jitaúna,2020-08-03,166,0,6,1
Jitaúna,Jitaúna,2020-08-04,171,5,6,0
Jitaúna,Jitaúna,2020-08-05,173,2,6,0
Jitaúna,Jitaúna,2020-08-06,177,4,6,0
Jitaúna,Jitaúna,2020-08-07,182,5,6,0
Jitaúna,Jitaúna,2020-08-08,183,1,6,0
Jitaúna,Jitaúna,2020-08-09,184,1,6,0
Jitaúna,Jitaúna,2020-08-10,184,0,6,0
Jitaúna,Jitaúna,2020-08-11,189,5,6,0
Jitaúna,Jitaúna,2020-08-12,195,6,6,0
Jitaúna,Jitaúna,2020-08-13,198,3,6,0
Jitaúna,Jitaúna,2020-08-14,215,17,6,0
Jitaúna,Jitaúna,2020-08-15,218,3,6,0
Jitaúna,Jitaúna,2020-08-16,221,3,6,0
Jitaúna,Jitaúna,2020-08-17,223,2,6,0
Jitaúna,Jitaúna,2020-08-18,227,4,6,0
Jitaúna,Jitaúna,2020-08-19,232,5,6,0
Jitaúna,Jitaúna,2020-08-20,237,5,6,0
Jitaúna,Jitaúna,2020-08-21,237,0,6,0
Jitaúna,Jitaúna,2020-08-22,238,1,7,1
Jitaúna,Jitaúna,2020-08-23,240,2,8,1
Jitaúna,Jitaúna,2020-08-24,240,0,8,0
Jitaúna,Jitaúna,2020-08-25,243,3,8,0
Jitaúna,Jitaúna,2020-08-26,244,1,8,0
Jitaúna,Jitaúna,2020-08-27,245,1,9,1
Jitaúna,Jitaúna,2020-08-28,246,1,9,0
Jitaúna,Jitaúna,2020-08-29,246,0,9,0
Jitaúna,Jitaúna,2020-08-30,247,1,9,0
Jitaúna,Jitaúna,2020-08-31,247,0,9,0
Jitaúna,Jitaúna,2020-09-01,247,0,9,0
Jitaúna,Jitaúna,2020-09-02,247,0,9,0
Jitaúna,Jitaúna,2020-09-03,258,11,9,0
Jitaúna,Jitaúna,2020-09-04,258,0,10,1
Jitaúna,Jitaúna,2020-09-05,258,0,10,0
Jitaúna,Jitaúna,2020-09-06,258,0,10,0
Jitaúna,Jitaúna,2020-09-07,258,0,10,0
Jitaúna,Jitaúna,2020-09-08,258,0,10,0
Jitaúna,Jitaúna,2020-09-09,258,0,10,0
Jitaúna,Jitaúna,2020-09-10,258,0,10,0
Jitaúna,Jitaúna,2020-09-11,260,2,10,0
Jitaúna,Jitaúna,2020-09-12,260,0,10,0
Jitaúna,Jitaúna,2020-09-13,260,0,10,0
Jitaúna,Jitaúna,2020-09-14,260,0,10,0
Jitaúna,Jitaúna,2020-09-15,264,4,10,0
Jitaúna,Jitaúna,2020-09-16,265,1,10,0
Jitaúna,Jitaúna,2020-09-17,265,0,10,0
Jitaúna,Jitaúna,2020-09-18,267,2,10,0
Jitaúna,Jitaúna,2020-09-19,269,2,11,1
Jitaúna,Jitaúna,2020-09-20,269,0,11,0
Jitaúna,Jitaúna,2020-09-21,269,0,11,0
Jitaúna,Jitaúna,2020-09-22,270,1,11,0
Jitaúna,Jitaúna,2020-09-23,271,1,12,1
Jitaúna,Jitaúna,2020-09-24,271,0,12,0
Jitaúna,Jitaúna,2020-09-25,272,1,12,0
Jitaúna,Jitaúna,2020-09-26,272,0,12,0
Jitaúna,Jitaúna,2020-09-27,284,12,12,0
Jitaúna,Jitaúna,2020-09-28,286,2,12,0
Jitaúna,Jitaúna,2020-09-29,287,1,12,0
Jitaúna,Jitaúna,2020-09-30,287,0,12,0
Jitaúna,Jitaúna,2020-10-01,288,1,12,0
Jitaúna,Jitaúna,2020-10-02,289,1,12,0
Jitaúna,Jitaúna,2020-10-03,292,3,12,0
Jitaúna,Jitaúna,2020-10-04,293,1,12,0
Jitaúna,Jitaúna,2020-10-05,293,0,12,0
Jitaúna,Jitaúna,2020-10-06,298,5,12,0
Jitaúna,Jitaúna,2020-10-07,298,0,12,0
Jitaúna,Jitaúna,2020-10-08,301,3,12,0
Jitaúna,Jitaúna,2020-10-09,301,0,12,0
Jitaúna,Jitaúna,2020-10-10,304,3,12,0
Jitaúna,Jitaúna,2020-10-11,304,0,12,0
Jitaúna,Jitaúna,2020-10-12,304,0,12,0
Jitaúna,Jitaúna,2020-10-13,305,1,12,0
Jitaúna,Jitaúna,2020-10-14,305,0,12,0
Jitaúna,Jitaúna,2020-10-15,305,0,12,0
Jitaúna,Jitaúna,2020-10-16,305,0,12,0
Jitaúna,Jitaúna,2020-10-17,305,0,12,0
Jitaúna,Jitaúna,2020-10-18,305,0,12,0
Jitaúna,Jitaúna,2020-10-19,307,2,12,0
Jitaúna,Jitaúna,2020-10-20,307,0,12,0
Jitaúna,Jitaúna,2020-10-21,307,0,12,0
Jitaúna,Jitaúna,2020-10-22,307,0,12,0
Jitaúna,Jitaúna,2020-10-23,307,0,12,0
Jitaúna,Jitaúna,2020-10-24,308,1,12,0
Jitaúna,Jitaúna,2020-10-25,308,0,12,0
Jitaúna,Jitaúna,2020-10-26,308,0,12,0
Jitaúna,Jitaúna,2020-10-27,311,3,12,0
Jitaúna,Jitaúna,2020-10-28,313,2,12,0
Jitaúna,Jitaúna,2020-10-29,313,0,12,0
Jitaúna,Jitaúna,2020-10-30,314,1,12,0
Jitaúna,Jitaúna,2020-10-31,315,1,12,0
Jitaúna,Jitaúna,2020-11-01,315,0,12,0
Jitaúna,Jitaúna,2020-11-02,316,1,12,0
Jitaúna,Jitaúna,2020-11-03,316,0,12,0
Jitaúna,Jitaúna,2020-11-04,316,0,12,0
Jitaúna,Jitaúna,2020-11-05,318,2,12,0
Jitaúna,Jitaúna,2020-11-06,318,0,12,0
Jitaúna,Jitaúna,2020-11-07,319,1,12,0
Jitaúna,Jitaúna,2020-11-08,319,0,12,0
Jitaúna,Jitaúna,2020-11-09,320,1,12,0
Jitaúna,Jitaúna,2020-11-10,320,0,12,0
Jitaúna,Jitaúna,2020-11-11,320,0,12,0
Jitaúna,Jitaúna,2020-11-12,321,1,12,0
Jitaúna,Jitaúna,2020-11-13,322,1,12,0
Jitaúna,Jitaúna,2020-11-14,323,1,12,0
Jitaúna,Jitaúna,2020-11-15,323,0,12,0
Jitaúna,Jitaúna,2020-11-16,324,1,12,0
Jitaúna,Jitaúna,2020-11-17,325,1,12,0
Jitaúna,Jitaúna,2020-11-18,326,1,12,0
Jitaúna,Jitaúna,2020-11-19,326,0,12,0
Jitaúna,Jitaúna,2020-11-20,328,2,12,0
Jitaúna,Jitaúna,2020-11-21,329,1,12,0
Jitaúna,Jitaúna,2020-11-22,332,3,12,0
Jitaúna,Jitaúna,2020-11-23,332,0,12,0
Jitaúna,Jitaúna,2020-11-24,333,1,12,0
Jitaúna,Jitaúna,2020-11-25,334,1,12,0
Jitaúna,Jitaúna,2020-11-26,334,0,12,0
Jitaúna,Jitaúna,2020-11-27,334,0,12,0
Jitaúna,Jitaúna,2020-11-28,350,16,12,0
Jitaúna,Jitaúna,2020-11-29,352,2,12,0
Jitaúna,Jitaúna,2020-11-30,353,1,12,0
Jitaúna,Jitaúna,2020-12-01,356,3,12,0
Jitaúna,Jitaúna,2020-12-02,359,3,12,0
Jitaúna,Jitaúna,2020-12-03,359,0,12,0
Jitaúna,Jitaúna,2020-12-04,364,5,12,0
Jitaúna,Jitaúna,2020-12-05,365,1,13,1
Jitaúna,Jitaúna,2020-12-06,365,0,13,0
Jitaúna,Jitaúna,2020-12-07,365,0,14,1
Jitaúna,Jitaúna,2020-12-08,366,1,14,0
Jitaúna,Jitaúna,2020-12-09,366,0,14,0
Jitaúna,Jitaúna,2020-12-10,366,0,14,0
Jitaúna,Jitaúna,2020-12-11,368,2,14,0
Jitaúna,Jitaúna,2020-12-12,368,0,14,0
Jitaúna,Jitaúna,2020-12-13,368,0,14,0
Jitaúna,Jitaúna,2020-12-14,371,3,14,0
Jitaúna,Jitaúna,2020-12-15,378,7,14,0
Jitaúna,Jitaúna,2020-12-16,383,5,14,0
Jitaúna,Jitaúna,2020-12-17,383,0,14,0
Jitaúna,Jitaúna,2020-12-18,383,0,14,0
Jitaúna,Jitaúna,2020-12-19,383,0,14,0
Jitaúna,Jitaúna,2020-12-20,383,0,14,0
Jitaúna,Jitaúna,2020-12-21,387,4,14,0
Jitaúna,Jitaúna,2020-12-22,387,0,14,0
Jitaúna,Jitaúna,2020-12-23,387,0,14,0
Jitaúna,Jitaúna,2020-12-24,387,0,14,0
Jitaúna,Jitaúna,2020-12-25,387,0,14,0
Jitaúna,Jitaúna,2020-12-26,387,0,14,0
Jitaúna,Jitaúna,2020-12-27,387,0,14,0
Jitaúna,Jitaúna,2020-12-28,387,0,14,0
Jitaúna,Jitaúna,2020-12-29,390,3,14,0
Jitaúna,Jitaúna,2020-12-30,398,8,14,0
Jitaúna,Jitaúna,2020-12-31,400,2,14,0
Jitaúna,Jitaúna,2021-01-01,401,1,14,0
Jitaúna,Jitaúna,2021-01-02,403,2,14,0
Jitaúna,Jitaúna,2021-01-03,403,0,14,0
Jitaúna,Jitaúna,2021-01-04,403,0,14,0
Jitaúna,Jitaúna,2021-01-05,403,0,14,0
Jitaúna,Jitaúna,2021-01-06,403,0,14,0
Jitaúna,Jitaúna,2021-01-07,403,0,14,0
Jitaúna,Jitaúna,2021-01-08,403,0,14,0
Jitaúna,Jitaúna,2021-01-09,404,1,14,0
Jitaúna,Jitaúna,2021-01-10,404,0,14,0
Jitaúna,Jitaúna,2021-01-11,405,1,14,0
Jitaúna,Jitaúna,2021-01-12,406,1,14,0
Jitaúna,Jitaúna,2021-01-13,408,2,14,0
Jitaúna,Jitaúna,2021-01-14,408,0,14,0
Jitaúna,Jitaúna,2021-01-15,408,0,14,0
Jitaúna,Jitaúna,2021-01-16,408,0,14,0
Jitaúna,Jitaúna,2021-01-17,408,0,14,0
Jitaúna,Jitaúna,2021-01-18,409,1,14,0
Jitaúna,Jitaúna,2021-01-19,411,2,15,1
Jitaúna,Jitaúna,2021-01-20,411,0,15,0
Jitaúna,Jitaúna,2021-01-21,419,8,15,0
Jitaúna,Jitaúna,2021-01-22,428,9,15,0
Jitaúna,Jitaúna,2021-01-23,429,1,15,0
Jitaúna,Jitaúna,2021-01-24,430,1,15,0
Jitaúna,Jitaúna,2021-01-25,445,15,15,0
Jitaúna,Jitaúna,2021-01-26,450,5,15,0
Jitaúna,Jitaúna,2021-01-27,450,0,15,0
Jitaúna,Jitaúna,2021-01-28,464,14,15,0
Jitaúna,Jitaúna,2021-01-29,464,0,15,0
Jitaúna,Jitaúna,2021-01-30,467,3,15,0
Jitaúna,Jitaúna,2021-01-31,470,3,15,0
Jitaúna,Jitaúna,2021-02-01,475,5,15,0
Jitaúna,Jitaúna,2021-02-02,476,1,16,1
Jitaúna,Jitaúna,2021-02-03,481,5,16,0
Jitaúna,Jitaúna,2021-02-04,499,18,16,0
Jitaúna,Jitaúna,2021-02-05,501,2,16,0
Jitaúna,Jitaúna,2021-02-06,502,1,16,0
Jitaúna,Jitaúna,2021-02-07,518,16,16,0
Jitaúna,Jitaúna,2021-02-08,519,1,16,0
