city,city,date,cases,daily cases,deaths,daily deaths
João Pessoa,João Pessoa,2020-03-27,0,0,0,0
João Pessoa,João Pessoa,2020-03-28,10,10,0,0
João Pessoa,João Pessoa,2020-03-29,10,0,0,0
João Pessoa,João Pessoa,2020-03-30,11,1,0,0
João Pessoa,João Pessoa,2020-03-31,12,1,0,0
João Pessoa,João Pessoa,2020-04-01,15,3,0,0
João Pessoa,João Pessoa,2020-04-02,15,0,0,0
João Pessoa,João Pessoa,2020-04-03,23,8,0,0
João Pessoa,João Pessoa,2020-04-04,24,1,0,0
João Pessoa,João Pessoa,2020-04-05,26,2,2,2
João Pessoa,João Pessoa,2020-04-06,26,0,2,0
João Pessoa,João Pessoa,2020-04-07,27,1,2,0
João Pessoa,João Pessoa,2020-04-08,30,3,2,0
João Pessoa,João Pessoa,2020-04-09,40,10,4,2
João Pessoa,João Pessoa,2020-04-10,58,18,7,3
João Pessoa,João Pessoa,2020-04-11,64,6,7,0
João Pessoa,João Pessoa,2020-04-12,78,14,8,1
João Pessoa,João Pessoa,2020-04-13,86,8,8,0
João Pessoa,João Pessoa,2020-04-14,103,17,11,3
João Pessoa,João Pessoa,2020-04-15,115,12,14,3
João Pessoa,João Pessoa,2020-04-16,124,9,16,2
João Pessoa,João Pessoa,2020-04-17,142,18,16,0
João Pessoa,João Pessoa,2020-04-18,148,6,17,1
João Pessoa,João Pessoa,2020-04-19,163,15,17,0
João Pessoa,João Pessoa,2020-04-20,172,9,19,2
João Pessoa,João Pessoa,2020-04-21,185,13,20,1
João Pessoa,João Pessoa,2020-04-22,205,20,25,5
João Pessoa,João Pessoa,2020-04-23,230,25,25,0
João Pessoa,João Pessoa,2020-04-24,254,24,28,3
João Pessoa,João Pessoa,2020-04-25,286,32,28,0
João Pessoa,João Pessoa,2020-04-26,313,27,28,0
João Pessoa,João Pessoa,2020-04-27,349,36,28,0
João Pessoa,João Pessoa,2020-04-28,410,61,28,0
João Pessoa,João Pessoa,2020-04-29,436,26,29,1
João Pessoa,João Pessoa,2020-04-30,499,63,32,3
João Pessoa,João Pessoa,2020-05-01,563,64,33,1
João Pessoa,João Pessoa,2020-05-02,614,51,36,3
João Pessoa,João Pessoa,2020-05-03,701,87,37,1
João Pessoa,João Pessoa,2020-05-04,711,10,39,2
João Pessoa,João Pessoa,2020-05-05,802,91,40,1
João Pessoa,João Pessoa,2020-05-06,865,63,44,4
João Pessoa,João Pessoa,2020-05-07,907,42,47,3
João Pessoa,João Pessoa,2020-05-08,1062,155,52,5
João Pessoa,João Pessoa,2020-05-09,1114,52,54,2
João Pessoa,João Pessoa,2020-05-10,1179,65,58,4
João Pessoa,João Pessoa,2020-05-11,1230,51,59,1
João Pessoa,João Pessoa,2020-05-12,1316,86,62,3
João Pessoa,João Pessoa,2020-05-13,1368,52,63,1
João Pessoa,João Pessoa,2020-05-14,1451,83,64,1
João Pessoa,João Pessoa,2020-05-15,1478,27,68,4
João Pessoa,João Pessoa,2020-05-16,1540,62,72,4
João Pessoa,João Pessoa,2020-05-17,1697,157,75,3
João Pessoa,João Pessoa,2020-05-18,1799,102,78,3
João Pessoa,João Pessoa,2020-05-19,1889,90,81,3
João Pessoa,João Pessoa,2020-05-20,2088,199,83,2
João Pessoa,João Pessoa,2020-05-21,2226,138,89,6
João Pessoa,João Pessoa,2020-05-22,2226,0,89,0
João Pessoa,João Pessoa,2020-05-23,2454,228,91,2
João Pessoa,João Pessoa,2020-05-24,2612,158,96,5
João Pessoa,João Pessoa,2020-05-25,2687,75,98,2
João Pessoa,João Pessoa,2020-05-26,2945,258,100,2
João Pessoa,João Pessoa,2020-05-27,3232,287,102,2
João Pessoa,João Pessoa,2020-05-28,3472,240,109,7
João Pessoa,João Pessoa,2020-05-29,3685,213,114,5
João Pessoa,João Pessoa,2020-05-30,3902,217,126,12
João Pessoa,João Pessoa,2020-05-31,3959,57,130,4
João Pessoa,João Pessoa,2020-06-01,4151,192,131,1
João Pessoa,João Pessoa,2020-06-02,4467,316,131,0
João Pessoa,João Pessoa,2020-06-03,4820,353,153,22
João Pessoa,João Pessoa,2020-06-04,5319,499,157,4
João Pessoa,João Pessoa,2020-06-05,5552,233,159,2
João Pessoa,João Pessoa,2020-06-06,5918,366,167,8
João Pessoa,João Pessoa,2020-06-07,6004,86,170,3
João Pessoa,João Pessoa,2020-06-08,6246,242,183,13
João Pessoa,João Pessoa,2020-06-09,6583,337,198,15
João Pessoa,João Pessoa,2020-06-10,6905,322,199,1
João Pessoa,João Pessoa,2020-06-11,7133,228,202,3
João Pessoa,João Pessoa,2020-06-12,7394,261,217,15
João Pessoa,João Pessoa,2020-06-13,7610,216,221,4
João Pessoa,João Pessoa,2020-06-14,7890,280,223,2
João Pessoa,João Pessoa,2020-06-15,8041,151,229,6
João Pessoa,João Pessoa,2020-06-16,8464,423,234,5
João Pessoa,João Pessoa,2020-06-17,8952,488,246,12
João Pessoa,João Pessoa,2020-06-18,8984,32,250,4
João Pessoa,João Pessoa,2020-06-19,10065,1081,250,0
João Pessoa,João Pessoa,2020-06-20,10402,337,253,3
João Pessoa,João Pessoa,2020-06-21,10466,64,262,9
João Pessoa,João Pessoa,2020-06-22,10581,115,268,6
João Pessoa,João Pessoa,2020-06-23,10993,412,276,8
João Pessoa,João Pessoa,2020-06-24,11130,137,287,11
João Pessoa,João Pessoa,2020-06-25,11369,239,288,1
João Pessoa,João Pessoa,2020-06-26,12015,646,296,8
João Pessoa,João Pessoa,2020-06-27,12449,434,306,10
João Pessoa,João Pessoa,2020-06-28,12580,131,311,5
João Pessoa,João Pessoa,2020-06-29,12694,114,318,7
João Pessoa,João Pessoa,2020-06-30,13298,604,341,23
João Pessoa,João Pessoa,2020-07-01,13588,290,345,4
João Pessoa,João Pessoa,2020-07-02,13977,389,369,24
João Pessoa,João Pessoa,2020-07-03,14208,231,372,3
João Pessoa,João Pessoa,2020-07-04,14631,423,374,2
João Pessoa,João Pessoa,2020-07-05,14777,146,378,4
João Pessoa,João Pessoa,2020-07-06,14849,72,383,5
João Pessoa,João Pessoa,2020-07-07,15330,481,386,3
João Pessoa,João Pessoa,2020-07-08,15594,264,396,10
João Pessoa,João Pessoa,2020-07-09,15817,223,405,9
João Pessoa,João Pessoa,2020-07-10,16217,400,427,22
João Pessoa,João Pessoa,2020-07-11,16566,349,443,16
João Pessoa,João Pessoa,2020-07-12,16635,69,452,9
João Pessoa,João Pessoa,2020-07-13,16702,67,458,6
João Pessoa,João Pessoa,2020-07-14,16930,228,471,13
João Pessoa,João Pessoa,2020-07-15,17223,293,485,14
João Pessoa,João Pessoa,2020-07-16,17407,184,497,12
João Pessoa,João Pessoa,2020-07-17,17579,172,506,9
João Pessoa,João Pessoa,2020-07-18,17667,88,518,12
João Pessoa,João Pessoa,2020-07-19,17821,154,518,0
João Pessoa,João Pessoa,2020-07-20,17869,48,525,7
João Pessoa,João Pessoa,2020-07-21,18002,133,536,11
João Pessoa,João Pessoa,2020-07-22,18499,497,545,9
João Pessoa,João Pessoa,2020-07-23,19166,667,556,11
João Pessoa,João Pessoa,2020-07-24,19659,493,573,17
João Pessoa,João Pessoa,2020-07-25,19908,249,583,10
João Pessoa,João Pessoa,2020-07-26,20125,217,591,8
João Pessoa,João Pessoa,2020-07-27,20245,120,601,10
João Pessoa,João Pessoa,2020-07-28,20418,173,607,6
João Pessoa,João Pessoa,2020-07-29,20689,271,618,11
João Pessoa,João Pessoa,2020-07-30,21000,311,625,7
João Pessoa,João Pessoa,2020-07-31,21330,330,631,6
João Pessoa,João Pessoa,2020-08-01,21551,221,643,12
João Pessoa,João Pessoa,2020-08-02,21863,312,649,6
João Pessoa,João Pessoa,2020-08-03,21878,15,653,4
João Pessoa,João Pessoa,2020-08-04,22107,229,663,10
João Pessoa,João Pessoa,2020-08-05,22384,277,668,5
João Pessoa,João Pessoa,2020-08-06,22675,291,675,7
João Pessoa,João Pessoa,2020-08-07,22739,64,680,5
João Pessoa,João Pessoa,2020-08-08,22879,140,685,5
João Pessoa,João Pessoa,2020-08-09,22929,50,699,14
João Pessoa,João Pessoa,2020-08-10,23012,83,711,12
João Pessoa,João Pessoa,2020-08-11,23298,286,719,8
João Pessoa,João Pessoa,2020-08-12,23704,406,727,8
João Pessoa,João Pessoa,2020-08-13,23963,259,741,14
João Pessoa,João Pessoa,2020-08-14,24182,219,751,10
João Pessoa,João Pessoa,2020-08-15,24341,159,753,2
João Pessoa,João Pessoa,2020-08-16,24596,255,756,3
João Pessoa,João Pessoa,2020-08-17,24597,1,762,6
João Pessoa,João Pessoa,2020-08-18,24915,318,769,7
João Pessoa,João Pessoa,2020-08-19,25053,138,774,5
João Pessoa,João Pessoa,2020-08-20,25299,246,777,3
João Pessoa,João Pessoa,2020-08-21,25589,290,783,6
João Pessoa,João Pessoa,2020-08-22,25768,179,788,5
João Pessoa,João Pessoa,2020-08-23,25791,23,792,4
João Pessoa,João Pessoa,2020-08-24,25819,28,800,8
João Pessoa,João Pessoa,2020-08-25,26109,290,805,5
João Pessoa,João Pessoa,2020-08-26,26351,242,809,4
João Pessoa,João Pessoa,2020-08-27,26529,178,812,3
João Pessoa,João Pessoa,2020-08-28,26637,108,817,5
João Pessoa,João Pessoa,2020-08-29,26833,196,825,8
João Pessoa,João Pessoa,2020-08-30,26848,15,828,3
João Pessoa,João Pessoa,2020-08-31,26885,37,835,7
João Pessoa,João Pessoa,2020-09-01,26935,50,836,1
João Pessoa,João Pessoa,2020-09-02,27089,154,837,1
João Pessoa,João Pessoa,2020-09-03,27269,180,839,2
João Pessoa,João Pessoa,2020-09-04,27475,206,844,5
João Pessoa,João Pessoa,2020-09-05,27542,67,846,2
João Pessoa,João Pessoa,2020-09-06,27557,15,847,1
João Pessoa,João Pessoa,2020-09-07,27565,8,848,1
João Pessoa,João Pessoa,2020-09-08,27583,18,852,4
João Pessoa,João Pessoa,2020-09-09,27723,140,855,3
João Pessoa,João Pessoa,2020-09-10,27852,129,855,0
João Pessoa,João Pessoa,2020-09-11,27961,109,856,1
João Pessoa,João Pessoa,2020-09-12,28120,159,858,2
João Pessoa,João Pessoa,2020-09-13,28299,179,860,2
João Pessoa,João Pessoa,2020-09-14,28314,15,860,0
João Pessoa,João Pessoa,2020-09-15,28485,171,861,1
João Pessoa,João Pessoa,2020-09-16,28612,127,866,5
João Pessoa,João Pessoa,2020-09-17,28765,153,867,1
João Pessoa,João Pessoa,2020-09-18,28844,79,868,1
João Pessoa,João Pessoa,2020-09-19,29000,156,871,3
João Pessoa,João Pessoa,2020-09-20,29041,41,875,4
João Pessoa,João Pessoa,2020-09-21,29068,27,878,3
João Pessoa,João Pessoa,2020-09-22,29118,50,880,2
João Pessoa,João Pessoa,2020-09-23,29145,27,883,3
João Pessoa,João Pessoa,2020-09-24,29244,99,886,3
João Pessoa,João Pessoa,2020-09-25,29339,95,892,6
João Pessoa,João Pessoa,2020-09-26,29458,119,893,1
João Pessoa,João Pessoa,2020-09-27,29463,5,895,2
João Pessoa,João Pessoa,2020-09-28,29493,30,900,5
João Pessoa,João Pessoa,2020-09-29,29589,96,901,1
João Pessoa,João Pessoa,2020-09-30,29692,103,901,0
João Pessoa,João Pessoa,2020-10-01,29796,104,904,3
João Pessoa,João Pessoa,2020-10-02,29909,113,905,1
João Pessoa,João Pessoa,2020-10-03,29959,50,906,1
João Pessoa,João Pessoa,2020-10-04,29959,0,906,0
João Pessoa,João Pessoa,2020-10-05,30009,50,908,2
João Pessoa,João Pessoa,2020-10-06,30109,100,911,3
João Pessoa,João Pessoa,2020-10-07,30255,146,913,2
João Pessoa,João Pessoa,2020-10-08,30349,94,916,3
João Pessoa,João Pessoa,2020-10-09,30453,104,917,1
João Pessoa,João Pessoa,2020-10-10,30578,125,921,4
João Pessoa,João Pessoa,2020-10-11,30591,13,925,4
João Pessoa,João Pessoa,2020-10-12,30591,0,928,3
João Pessoa,João Pessoa,2020-10-13,30597,6,933,5
João Pessoa,João Pessoa,2020-10-14,30858,261,939,6
João Pessoa,João Pessoa,2020-10-15,31096,238,944,5
João Pessoa,João Pessoa,2020-10-16,31310,214,947,3
João Pessoa,João Pessoa,2020-10-17,31421,111,951,4
João Pessoa,João Pessoa,2020-10-18,31430,9,958,7
João Pessoa,João Pessoa,2020-10-19,31430,0,961,3
João Pessoa,João Pessoa,2020-10-20,31606,176,965,4
João Pessoa,João Pessoa,2020-10-21,31699,93,970,5
João Pessoa,João Pessoa,2020-10-22,31826,127,971,1
João Pessoa,João Pessoa,2020-10-23,31953,127,974,3
João Pessoa,João Pessoa,2020-10-24,32036,83,978,4
João Pessoa,João Pessoa,2020-10-25,32090,54,981,3
João Pessoa,João Pessoa,2020-10-26,32097,7,984,3
João Pessoa,João Pessoa,2020-10-27,32226,129,985,1
João Pessoa,João Pessoa,2020-10-28,32449,223,987,2
João Pessoa,João Pessoa,2020-10-29,32506,57,989,2
João Pessoa,João Pessoa,2020-10-30,32651,145,991,2
João Pessoa,João Pessoa,2020-10-31,32788,137,993,2
João Pessoa,João Pessoa,2020-11-01,32788,0,995,2
João Pessoa,João Pessoa,2020-11-02,32795,7,995,0
João Pessoa,João Pessoa,2020-11-03,32827,32,1000,5
João Pessoa,João Pessoa,2020-11-04,32984,157,1005,5
João Pessoa,João Pessoa,2020-11-05,33107,123,1008,3
João Pessoa,João Pessoa,2020-11-06,33205,98,1011,3
João Pessoa,João Pessoa,2020-11-07,33370,165,1011,0
João Pessoa,João Pessoa,2020-11-08,33484,114,1013,2
João Pessoa,João Pessoa,2020-11-09,33500,16,1017,4
João Pessoa,João Pessoa,2020-11-10,33676,176,1020,3
João Pessoa,João Pessoa,2020-11-11,33894,218,1025,5
João Pessoa,João Pessoa,2020-11-12,34240,346,1027,2
João Pessoa,João Pessoa,2020-11-13,34436,196,1029,2
João Pessoa,João Pessoa,2020-11-14,34660,224,1032,3
João Pessoa,João Pessoa,2020-11-15,34694,34,1034,2
João Pessoa,João Pessoa,2020-11-16,34999,305,1037,3
João Pessoa,João Pessoa,2020-11-17,35326,327,1038,1
João Pessoa,João Pessoa,2020-11-18,35548,222,1043,5
João Pessoa,João Pessoa,2020-11-19,35732,184,1047,4
João Pessoa,João Pessoa,2020-11-20,35898,166,1051,4
João Pessoa,João Pessoa,2020-11-21,36035,137,1054,3
João Pessoa,João Pessoa,2020-11-22,36139,104,1054,0
João Pessoa,João Pessoa,2020-11-23,36167,28,1060,6
João Pessoa,João Pessoa,2020-11-24,36259,92,1060,0
João Pessoa,João Pessoa,2020-11-25,36380,121,1061,1
João Pessoa,João Pessoa,2020-11-26,36551,171,1062,1
João Pessoa,João Pessoa,2020-11-27,36640,89,1064,2
João Pessoa,João Pessoa,2020-11-28,36742,102,1068,4
João Pessoa,João Pessoa,2020-11-29,36803,61,1068,0
João Pessoa,João Pessoa,2020-11-30,36813,10,1068,0
João Pessoa,João Pessoa,2020-12-01,36921,108,1071,3
João Pessoa,João Pessoa,2020-12-02,37103,182,1075,4
João Pessoa,João Pessoa,2020-12-03,37289,186,1080,5
João Pessoa,João Pessoa,2020-12-04,37480,191,1086,6
João Pessoa,João Pessoa,2020-12-05,37646,166,1087,1
João Pessoa,João Pessoa,2020-12-06,37895,249,1089,2
João Pessoa,João Pessoa,2020-12-07,37989,94,1091,2
João Pessoa,João Pessoa,2020-12-08,38080,91,1096,5
João Pessoa,João Pessoa,2020-12-09,38280,200,1096,0
João Pessoa,João Pessoa,2020-12-10,38395,115,1103,7
João Pessoa,João Pessoa,2020-12-11,38660,265,1110,7
João Pessoa,João Pessoa,2020-12-12,38767,107,1113,3
João Pessoa,João Pessoa,2020-12-13,38816,49,1114,1
João Pessoa,João Pessoa,2020-12-14,38858,42,1120,6
João Pessoa,João Pessoa,2020-12-15,39115,257,1124,4
João Pessoa,João Pessoa,2020-12-16,39370,255,1131,7
João Pessoa,João Pessoa,2020-12-17,39615,245,1138,7
João Pessoa,João Pessoa,2020-12-18,39759,144,1140,2
João Pessoa,João Pessoa,2020-12-19,39875,116,1141,1
João Pessoa,João Pessoa,2020-12-20,39885,10,1143,2
João Pessoa,João Pessoa,2020-12-21,39910,25,1147,4
João Pessoa,João Pessoa,2020-12-22,40074,164,1149,2
João Pessoa,João Pessoa,2020-12-23,40222,148,1151,2
João Pessoa,João Pessoa,2020-12-24,40541,319,1155,4
João Pessoa,João Pessoa,2020-12-25,40607,66,1160,5
João Pessoa,João Pessoa,2020-12-26,40718,111,1161,1
João Pessoa,João Pessoa,2020-12-27,40804,86,1162,1
João Pessoa,João Pessoa,2020-12-28,41251,447,1169,7
João Pessoa,João Pessoa,2020-12-29,41452,201,1172,3
João Pessoa,João Pessoa,2020-12-30,41654,202,1178,6
João Pessoa,João Pessoa,2020-12-31,41879,225,1181,3
João Pessoa,João Pessoa,2021-01-01,42020,141,1183,2
João Pessoa,João Pessoa,2021-01-02,42303,283,1184,1
João Pessoa,João Pessoa,2021-01-03,42550,247,1188,4
João Pessoa,João Pessoa,2021-01-04,42581,31,1192,4
João Pessoa,João Pessoa,2021-01-05,42697,116,1198,6
João Pessoa,João Pessoa,2021-01-06,42963,266,1203,5
João Pessoa,João Pessoa,2021-01-07,43230,267,1206,3
João Pessoa,João Pessoa,2021-01-08,43527,297,1211,5
João Pessoa,João Pessoa,2021-01-09,43684,157,1215,4
João Pessoa,João Pessoa,2021-01-10,43809,125,1216,1
João Pessoa,João Pessoa,2021-01-11,44044,235,1221,5
João Pessoa,João Pessoa,2021-01-12,44085,41,1224,3
João Pessoa,João Pessoa,2021-01-13,44214,129,1224,0
João Pessoa,João Pessoa,2021-01-14,44494,280,1227,3
João Pessoa,João Pessoa,2021-01-15,44658,164,1228,1
João Pessoa,João Pessoa,2021-01-16,44848,190,1229,1
João Pessoa,João Pessoa,2021-01-17,45077,229,1230,1
João Pessoa,João Pessoa,2021-01-18,45154,77,1231,1
João Pessoa,João Pessoa,2021-01-19,45219,65,1232,1
João Pessoa,João Pessoa,2021-01-20,45641,422,1233,1
João Pessoa,João Pessoa,2021-01-21,45999,358,1239,6
João Pessoa,João Pessoa,2021-01-22,46509,510,1244,5
João Pessoa,João Pessoa,2021-01-23,46855,346,1248,4
João Pessoa,João Pessoa,2021-01-24,47052,197,1251,3
João Pessoa,João Pessoa,2021-01-25,47579,527,1254,3
João Pessoa,João Pessoa,2021-01-26,48098,519,1255,1
João Pessoa,João Pessoa,2021-01-27,48436,338,1259,4
João Pessoa,João Pessoa,2021-01-28,48789,353,1261,2
João Pessoa,João Pessoa,2021-01-29,49197,408,1263,2
João Pessoa,João Pessoa,2021-01-30,49499,302,1264,1
João Pessoa,João Pessoa,2021-01-31,49778,279,1265,1
João Pessoa,João Pessoa,2021-02-01,50249,471,1267,2
João Pessoa,João Pessoa,2021-02-02,50496,247,1269,2
João Pessoa,João Pessoa,2021-02-03,50794,298,1273,4
João Pessoa,João Pessoa,2021-02-04,51080,286,1278,5
João Pessoa,João Pessoa,2021-02-05,51080,0,1282,4
João Pessoa,João Pessoa,2021-02-06,51771,691,1284,2
João Pessoa,João Pessoa,2021-02-07,51982,211,1284,0
João Pessoa,João Pessoa,2021-02-08,52087,105,1286,2
