city,city,date,cases,daily cases,deaths,daily deaths
Junqueiro,Junqueiro,2020-03-27,0,0,0,0
Junqueiro,Junqueiro,2020-03-28,0,0,0,0
Junqueiro,Junqueiro,2020-03-29,0,0,0,0
Junqueiro,Junqueiro,2020-03-30,0,0,0,0
Junqueiro,Junqueiro,2020-03-31,0,0,0,0
Junqueiro,Junqueiro,2020-04-01,0,0,0,0
Junqueiro,Junqueiro,2020-04-02,0,0,0,0
Junqueiro,Junqueiro,2020-04-03,0,0,0,0
Junqueiro,Junqueiro,2020-04-04,0,0,0,0
Junqueiro,Junqueiro,2020-04-05,0,0,0,0
Junqueiro,Junqueiro,2020-04-06,0,0,0,0
Junqueiro,Junqueiro,2020-04-07,0,0,0,0
Junqueiro,Junqueiro,2020-04-08,0,0,0,0
Junqueiro,Junqueiro,2020-04-09,0,0,0,0
Junqueiro,Junqueiro,2020-04-10,0,0,0,0
Junqueiro,Junqueiro,2020-04-11,0,0,0,0
Junqueiro,Junqueiro,2020-04-12,0,0,0,0
Junqueiro,Junqueiro,2020-04-13,0,0,0,0
Junqueiro,Junqueiro,2020-04-14,0,0,0,0
Junqueiro,Junqueiro,2020-04-15,0,0,0,0
Junqueiro,Junqueiro,2020-04-16,0,0,0,0
Junqueiro,Junqueiro,2020-04-17,0,0,0,0
Junqueiro,Junqueiro,2020-04-18,0,0,0,0
Junqueiro,Junqueiro,2020-04-19,0,0,0,0
Junqueiro,Junqueiro,2020-04-20,0,0,0,0
Junqueiro,Junqueiro,2020-04-21,0,0,0,0
Junqueiro,Junqueiro,2020-04-22,0,0,0,0
Junqueiro,Junqueiro,2020-04-23,0,0,0,0
Junqueiro,Junqueiro,2020-04-24,0,0,0,0
Junqueiro,Junqueiro,2020-04-25,0,0,0,0
Junqueiro,Junqueiro,2020-04-26,0,0,0,0
Junqueiro,Junqueiro,2020-04-27,0,0,0,0
Junqueiro,Junqueiro,2020-04-28,0,0,0,0
Junqueiro,Junqueiro,2020-04-29,1,1,0,0
Junqueiro,Junqueiro,2020-04-30,2,1,0,0
Junqueiro,Junqueiro,2020-05-01,6,4,0,0
Junqueiro,Junqueiro,2020-05-02,6,0,0,0
Junqueiro,Junqueiro,2020-05-03,6,0,0,0
Junqueiro,Junqueiro,2020-05-04,6,0,0,0
Junqueiro,Junqueiro,2020-05-05,6,0,0,0
Junqueiro,Junqueiro,2020-05-06,6,0,0,0
Junqueiro,Junqueiro,2020-05-07,6,0,0,0
Junqueiro,Junqueiro,2020-05-08,6,0,0,0
Junqueiro,Junqueiro,2020-05-09,11,5,0,0
Junqueiro,Junqueiro,2020-05-10,11,0,0,0
Junqueiro,Junqueiro,2020-05-11,11,0,0,0
Junqueiro,Junqueiro,2020-05-12,11,0,0,0
Junqueiro,Junqueiro,2020-05-13,11,0,0,0
Junqueiro,Junqueiro,2020-05-14,11,0,0,0
Junqueiro,Junqueiro,2020-05-15,11,0,0,0
Junqueiro,Junqueiro,2020-05-16,14,3,0,0
Junqueiro,Junqueiro,2020-05-17,14,0,0,0
Junqueiro,Junqueiro,2020-05-18,14,0,0,0
Junqueiro,Junqueiro,2020-05-19,24,10,0,0
Junqueiro,Junqueiro,2020-05-20,24,0,0,0
Junqueiro,Junqueiro,2020-05-21,24,0,0,0
Junqueiro,Junqueiro,2020-05-22,42,18,0,0
Junqueiro,Junqueiro,2020-05-23,55,13,0,0
Junqueiro,Junqueiro,2020-05-24,56,1,1,1
Junqueiro,Junqueiro,2020-05-25,57,1,1,0
Junqueiro,Junqueiro,2020-05-26,57,0,1,0
Junqueiro,Junqueiro,2020-05-27,57,0,1,0
Junqueiro,Junqueiro,2020-05-28,70,13,1,0
Junqueiro,Junqueiro,2020-05-29,95,25,1,0
Junqueiro,Junqueiro,2020-05-30,111,16,1,0
Junqueiro,Junqueiro,2020-05-31,112,1,1,0
Junqueiro,Junqueiro,2020-06-01,112,0,1,0
Junqueiro,Junqueiro,2020-06-02,126,14,1,0
Junqueiro,Junqueiro,2020-06-03,140,14,1,0
Junqueiro,Junqueiro,2020-06-04,140,0,1,0
Junqueiro,Junqueiro,2020-06-05,160,20,2,1
Junqueiro,Junqueiro,2020-06-06,166,6,2,0
Junqueiro,Junqueiro,2020-06-07,169,3,2,0
Junqueiro,Junqueiro,2020-06-08,169,0,2,0
Junqueiro,Junqueiro,2020-06-09,182,13,3,1
Junqueiro,Junqueiro,2020-06-10,205,23,3,0
Junqueiro,Junqueiro,2020-06-11,249,44,3,0
Junqueiro,Junqueiro,2020-06-12,256,7,3,0
Junqueiro,Junqueiro,2020-06-13,256,0,4,1
Junqueiro,Junqueiro,2020-06-14,256,0,4,0
Junqueiro,Junqueiro,2020-06-15,262,6,4,0
Junqueiro,Junqueiro,2020-06-16,263,1,4,0
Junqueiro,Junqueiro,2020-06-17,265,2,5,1
Junqueiro,Junqueiro,2020-06-18,293,28,5,0
Junqueiro,Junqueiro,2020-06-19,301,8,5,0
Junqueiro,Junqueiro,2020-06-20,301,0,5,0
Junqueiro,Junqueiro,2020-06-21,303,2,5,0
Junqueiro,Junqueiro,2020-06-22,308,5,5,0
Junqueiro,Junqueiro,2020-06-23,310,2,6,1
Junqueiro,Junqueiro,2020-06-24,318,8,6,0
Junqueiro,Junqueiro,2020-06-25,320,2,6,0
Junqueiro,Junqueiro,2020-06-26,321,1,6,0
Junqueiro,Junqueiro,2020-06-27,321,0,6,0
Junqueiro,Junqueiro,2020-06-28,322,1,6,0
Junqueiro,Junqueiro,2020-06-29,326,4,6,0
Junqueiro,Junqueiro,2020-06-30,320,-6,6,0
Junqueiro,Junqueiro,2020-07-01,323,3,7,1
Junqueiro,Junqueiro,2020-07-02,332,9,7,0
Junqueiro,Junqueiro,2020-07-03,334,2,7,0
Junqueiro,Junqueiro,2020-07-04,334,0,8,1
Junqueiro,Junqueiro,2020-07-05,337,3,8,0
Junqueiro,Junqueiro,2020-07-06,337,0,9,1
Junqueiro,Junqueiro,2020-07-07,331,-6,9,0
Junqueiro,Junqueiro,2020-07-08,331,0,9,0
Junqueiro,Junqueiro,2020-07-09,332,1,9,0
Junqueiro,Junqueiro,2020-07-10,335,3,9,0
Junqueiro,Junqueiro,2020-07-11,336,1,9,0
Junqueiro,Junqueiro,2020-07-12,336,0,9,0
Junqueiro,Junqueiro,2020-07-13,342,6,9,0
Junqueiro,Junqueiro,2020-07-14,343,1,10,1
Junqueiro,Junqueiro,2020-07-15,349,6,10,0
Junqueiro,Junqueiro,2020-07-16,357,8,10,0
Junqueiro,Junqueiro,2020-07-17,376,19,10,0
Junqueiro,Junqueiro,2020-07-18,381,5,10,0
Junqueiro,Junqueiro,2020-07-19,382,1,10,0
Junqueiro,Junqueiro,2020-07-20,383,1,10,0
Junqueiro,Junqueiro,2020-07-21,385,2,10,0
Junqueiro,Junqueiro,2020-07-22,385,0,10,0
Junqueiro,Junqueiro,2020-07-23,401,16,10,0
Junqueiro,Junqueiro,2020-07-24,401,0,10,0
Junqueiro,Junqueiro,2020-07-25,405,4,10,0
Junqueiro,Junqueiro,2020-07-26,405,0,10,0
Junqueiro,Junqueiro,2020-07-27,423,18,10,0
Junqueiro,Junqueiro,2020-07-28,426,3,10,0
Junqueiro,Junqueiro,2020-07-29,431,5,10,0
Junqueiro,Junqueiro,2020-07-30,436,5,11,1
Junqueiro,Junqueiro,2020-07-31,437,1,11,0
Junqueiro,Junqueiro,2020-08-01,439,2,11,0
Junqueiro,Junqueiro,2020-08-02,440,1,11,0
Junqueiro,Junqueiro,2020-08-03,441,1,11,0
Junqueiro,Junqueiro,2020-08-04,442,1,11,0
Junqueiro,Junqueiro,2020-08-05,442,0,11,0
Junqueiro,Junqueiro,2020-08-06,443,1,11,0
Junqueiro,Junqueiro,2020-08-07,446,3,11,0
Junqueiro,Junqueiro,2020-08-08,446,0,11,0
Junqueiro,Junqueiro,2020-08-09,447,1,12,1
Junqueiro,Junqueiro,2020-08-10,447,0,12,0
Junqueiro,Junqueiro,2020-08-11,449,2,12,0
Junqueiro,Junqueiro,2020-08-12,455,6,12,0
Junqueiro,Junqueiro,2020-08-13,460,5,12,0
Junqueiro,Junqueiro,2020-08-14,464,4,13,1
Junqueiro,Junqueiro,2020-08-15,474,10,13,0
Junqueiro,Junqueiro,2020-08-16,477,3,13,0
Junqueiro,Junqueiro,2020-08-17,478,1,13,0
Junqueiro,Junqueiro,2020-08-18,487,9,13,0
Junqueiro,Junqueiro,2020-08-19,488,1,13,0
Junqueiro,Junqueiro,2020-08-20,492,4,13,0
Junqueiro,Junqueiro,2020-08-21,492,0,13,0
Junqueiro,Junqueiro,2020-08-22,494,2,13,0
Junqueiro,Junqueiro,2020-08-23,494,0,13,0
Junqueiro,Junqueiro,2020-08-24,500,6,13,0
Junqueiro,Junqueiro,2020-08-25,500,0,13,0
Junqueiro,Junqueiro,2020-08-26,502,2,13,0
Junqueiro,Junqueiro,2020-08-27,504,2,13,0
Junqueiro,Junqueiro,2020-08-28,506,2,13,0
Junqueiro,Junqueiro,2020-08-29,506,0,13,0
Junqueiro,Junqueiro,2020-08-30,506,0,13,0
Junqueiro,Junqueiro,2020-08-31,510,4,13,0
Junqueiro,Junqueiro,2020-09-01,516,6,13,0
Junqueiro,Junqueiro,2020-09-02,516,0,13,0
Junqueiro,Junqueiro,2020-09-03,521,5,13,0
Junqueiro,Junqueiro,2020-09-04,524,3,14,1
Junqueiro,Junqueiro,2020-09-05,526,2,14,0
Junqueiro,Junqueiro,2020-09-06,527,1,14,0
Junqueiro,Junqueiro,2020-09-07,527,0,14,0
Junqueiro,Junqueiro,2020-09-08,527,0,15,1
Junqueiro,Junqueiro,2020-09-09,529,2,15,0
Junqueiro,Junqueiro,2020-09-10,534,5,15,0
Junqueiro,Junqueiro,2020-09-11,535,1,15,0
Junqueiro,Junqueiro,2020-09-12,538,3,15,0
Junqueiro,Junqueiro,2020-09-13,538,0,15,0
Junqueiro,Junqueiro,2020-09-14,538,0,15,0
Junqueiro,Junqueiro,2020-09-15,538,0,15,0
Junqueiro,Junqueiro,2020-09-16,541,3,15,0
Junqueiro,Junqueiro,2020-09-17,541,0,15,0
Junqueiro,Junqueiro,2020-09-18,544,3,15,0
Junqueiro,Junqueiro,2020-09-19,546,2,15,0
Junqueiro,Junqueiro,2020-09-20,548,2,15,0
Junqueiro,Junqueiro,2020-09-21,548,0,15,0
Junqueiro,Junqueiro,2020-09-22,550,2,15,0
Junqueiro,Junqueiro,2020-09-23,550,0,15,0
Junqueiro,Junqueiro,2020-09-24,551,1,15,0
Junqueiro,Junqueiro,2020-09-25,551,0,15,0
Junqueiro,Junqueiro,2020-09-26,551,0,15,0
Junqueiro,Junqueiro,2020-09-27,552,1,15,0
Junqueiro,Junqueiro,2020-09-28,552,0,15,0
Junqueiro,Junqueiro,2020-09-29,552,0,15,0
Junqueiro,Junqueiro,2020-09-30,552,0,15,0
Junqueiro,Junqueiro,2020-10-01,552,0,15,0
Junqueiro,Junqueiro,2020-10-02,552,0,16,1
Junqueiro,Junqueiro,2020-10-03,552,0,16,0
Junqueiro,Junqueiro,2020-10-04,552,0,17,1
Junqueiro,Junqueiro,2020-10-05,553,1,17,0
Junqueiro,Junqueiro,2020-10-06,553,0,18,1
Junqueiro,Junqueiro,2020-10-07,553,0,18,0
Junqueiro,Junqueiro,2020-10-08,553,0,18,0
Junqueiro,Junqueiro,2020-10-09,553,0,18,0
Junqueiro,Junqueiro,2020-10-10,553,0,18,0
Junqueiro,Junqueiro,2020-10-11,553,0,18,0
Junqueiro,Junqueiro,2020-10-12,553,0,18,0
Junqueiro,Junqueiro,2020-10-13,556,3,18,0
Junqueiro,Junqueiro,2020-10-14,558,2,18,0
Junqueiro,Junqueiro,2020-10-15,558,0,18,0
Junqueiro,Junqueiro,2020-10-16,558,0,18,0
Junqueiro,Junqueiro,2020-10-17,558,0,18,0
Junqueiro,Junqueiro,2020-10-18,559,1,18,0
Junqueiro,Junqueiro,2020-10-19,559,0,18,0
Junqueiro,Junqueiro,2020-10-20,560,1,18,0
Junqueiro,Junqueiro,2020-10-21,561,1,18,0
Junqueiro,Junqueiro,2020-10-22,561,0,18,0
Junqueiro,Junqueiro,2020-10-23,562,1,18,0
Junqueiro,Junqueiro,2020-10-24,562,0,18,0
Junqueiro,Junqueiro,2020-10-25,562,0,18,0
Junqueiro,Junqueiro,2020-10-26,562,0,18,0
Junqueiro,Junqueiro,2020-10-27,563,1,18,0
Junqueiro,Junqueiro,2020-10-28,564,1,18,0
Junqueiro,Junqueiro,2020-10-29,564,0,18,0
Junqueiro,Junqueiro,2020-10-30,564,0,18,0
Junqueiro,Junqueiro,2020-10-31,565,1,18,0
Junqueiro,Junqueiro,2020-11-01,565,0,18,0
Junqueiro,Junqueiro,2020-11-02,565,0,18,0
Junqueiro,Junqueiro,2020-11-03,567,2,18,0
Junqueiro,Junqueiro,2020-11-04,568,1,18,0
Junqueiro,Junqueiro,2020-11-05,568,0,18,0
Junqueiro,Junqueiro,2020-11-06,569,1,19,1
Junqueiro,Junqueiro,2020-11-07,571,2,19,0
Junqueiro,Junqueiro,2020-11-08,571,0,19,0
Junqueiro,Junqueiro,2020-11-09,571,0,19,0
Junqueiro,Junqueiro,2020-11-10,571,0,19,0
Junqueiro,Junqueiro,2020-11-11,571,0,19,0
Junqueiro,Junqueiro,2020-11-12,571,0,19,0
Junqueiro,Junqueiro,2020-11-13,571,0,19,0
Junqueiro,Junqueiro,2020-11-14,572,1,19,0
Junqueiro,Junqueiro,2020-11-15,572,0,19,0
Junqueiro,Junqueiro,2020-11-16,572,0,19,0
Junqueiro,Junqueiro,2020-11-17,572,0,19,0
Junqueiro,Junqueiro,2020-11-18,572,0,19,0
Junqueiro,Junqueiro,2020-11-19,574,2,20,1
Junqueiro,Junqueiro,2020-11-20,574,0,20,0
Junqueiro,Junqueiro,2020-11-21,574,0,20,0
Junqueiro,Junqueiro,2020-11-22,574,0,20,0
Junqueiro,Junqueiro,2020-11-23,574,0,20,0
Junqueiro,Junqueiro,2020-11-24,575,1,20,0
Junqueiro,Junqueiro,2020-11-25,577,2,20,0
Junqueiro,Junqueiro,2020-11-26,578,1,20,0
Junqueiro,Junqueiro,2020-11-27,579,1,20,0
Junqueiro,Junqueiro,2020-11-28,581,2,20,0
Junqueiro,Junqueiro,2020-11-29,582,1,20,0
Junqueiro,Junqueiro,2020-11-30,582,0,20,0
Junqueiro,Junqueiro,2020-12-01,582,0,20,0
Junqueiro,Junqueiro,2020-12-02,582,0,20,0
Junqueiro,Junqueiro,2020-12-03,583,1,20,0
Junqueiro,Junqueiro,2020-12-04,583,0,20,0
Junqueiro,Junqueiro,2020-12-05,583,0,20,0
Junqueiro,Junqueiro,2020-12-06,583,0,20,0
Junqueiro,Junqueiro,2020-12-07,583,0,20,0
Junqueiro,Junqueiro,2020-12-08,583,0,20,0
Junqueiro,Junqueiro,2020-12-09,584,1,20,0
Junqueiro,Junqueiro,2020-12-10,584,0,20,0
Junqueiro,Junqueiro,2020-12-11,585,1,20,0
Junqueiro,Junqueiro,2020-12-12,585,0,20,0
Junqueiro,Junqueiro,2020-12-13,585,0,20,0
Junqueiro,Junqueiro,2020-12-14,585,0,20,0
Junqueiro,Junqueiro,2020-12-15,585,0,20,0
Junqueiro,Junqueiro,2020-12-16,585,0,20,0
Junqueiro,Junqueiro,2020-12-17,585,0,20,0
Junqueiro,Junqueiro,2020-12-18,585,0,20,0
Junqueiro,Junqueiro,2020-12-19,585,0,20,0
Junqueiro,Junqueiro,2020-12-20,585,0,20,0
Junqueiro,Junqueiro,2020-12-21,585,0,20,0
Junqueiro,Junqueiro,2020-12-22,585,0,20,0
Junqueiro,Junqueiro,2020-12-23,587,2,20,0
Junqueiro,Junqueiro,2020-12-24,587,0,20,0
Junqueiro,Junqueiro,2020-12-25,587,0,20,0
Junqueiro,Junqueiro,2020-12-26,588,1,20,0
Junqueiro,Junqueiro,2020-12-27,588,0,20,0
Junqueiro,Junqueiro,2020-12-28,588,0,20,0
Junqueiro,Junqueiro,2020-12-29,588,0,20,0
Junqueiro,Junqueiro,2020-12-30,589,1,20,0
Junqueiro,Junqueiro,2020-12-31,589,0,20,0
Junqueiro,Junqueiro,2021-01-01,590,1,20,0
Junqueiro,Junqueiro,2021-01-02,590,0,20,0
Junqueiro,Junqueiro,2021-01-03,593,3,20,0
Junqueiro,Junqueiro,2021-01-04,593,0,20,0
Junqueiro,Junqueiro,2021-01-05,593,0,20,0
Junqueiro,Junqueiro,2021-01-06,594,1,20,0
Junqueiro,Junqueiro,2021-01-07,594,0,20,0
Junqueiro,Junqueiro,2021-01-08,594,0,20,0
Junqueiro,Junqueiro,2021-01-09,595,1,20,0
Junqueiro,Junqueiro,2021-01-10,596,1,20,0
Junqueiro,Junqueiro,2021-01-11,596,0,20,0
Junqueiro,Junqueiro,2021-01-12,599,3,20,0
Junqueiro,Junqueiro,2021-01-13,599,0,20,0
Junqueiro,Junqueiro,2021-01-14,601,2,20,0
Junqueiro,Junqueiro,2021-01-15,603,2,20,0
Junqueiro,Junqueiro,2021-01-16,604,1,20,0
Junqueiro,Junqueiro,2021-01-17,604,0,20,0
Junqueiro,Junqueiro,2021-01-18,604,0,20,0
Junqueiro,Junqueiro,2021-01-19,604,0,20,0
Junqueiro,Junqueiro,2021-01-20,604,0,20,0
Junqueiro,Junqueiro,2021-01-21,604,0,20,0
Junqueiro,Junqueiro,2021-01-22,604,0,20,0
Junqueiro,Junqueiro,2021-01-23,604,0,20,0
Junqueiro,Junqueiro,2021-01-24,606,2,20,0
Junqueiro,Junqueiro,2021-01-25,606,0,20,0
Junqueiro,Junqueiro,2021-01-26,607,1,20,0
Junqueiro,Junqueiro,2021-01-27,607,0,20,0
Junqueiro,Junqueiro,2021-01-28,608,1,20,0
Junqueiro,Junqueiro,2021-01-29,608,0,20,0
Junqueiro,Junqueiro,2021-01-30,608,0,20,0
Junqueiro,Junqueiro,2021-01-31,610,2,20,0
Junqueiro,Junqueiro,2021-02-01,613,3,20,0
Junqueiro,Junqueiro,2021-02-02,613,0,21,1
Junqueiro,Junqueiro,2021-02-03,613,0,21,0
Junqueiro,Junqueiro,2021-02-04,613,0,21,0
Junqueiro,Junqueiro,2021-02-05,613,0,22,1
Junqueiro,Junqueiro,2021-02-06,613,0,22,0
Junqueiro,Junqueiro,2021-02-07,613,0,22,0
Junqueiro,Junqueiro,2021-02-08,623,10,22,0
