city,city,date,cases,daily cases,deaths,daily deaths
Lagoa da Canoa,Lagoa da Canoa,2020-03-27,0,0,0,0
Lagoa da Canoa,Lagoa da Canoa,2020-03-28,0,0,0,0
Lagoa da Canoa,Lagoa da Canoa,2020-03-29,0,0,0,0
Lagoa da Canoa,Lagoa da Canoa,2020-03-30,0,0,0,0
Lagoa da Canoa,Lagoa da Canoa,2020-03-31,0,0,0,0
Lagoa da Canoa,Lagoa da Canoa,2020-04-01,0,0,0,0
Lagoa da Canoa,Lagoa da Canoa,2020-04-02,0,0,0,0
Lagoa da Canoa,Lagoa da Canoa,2020-04-03,0,0,0,0
Lagoa da Canoa,Lagoa da Canoa,2020-04-04,0,0,0,0
Lagoa da Canoa,Lagoa da Canoa,2020-04-05,0,0,0,0
Lagoa da Canoa,Lagoa da Canoa,2020-04-06,0,0,0,0
Lagoa da Canoa,Lagoa da Canoa,2020-04-07,0,0,0,0
Lagoa da Canoa,Lagoa da Canoa,2020-04-08,0,0,0,0
Lagoa da Canoa,Lagoa da Canoa,2020-04-09,0,0,0,0
Lagoa da Canoa,Lagoa da Canoa,2020-04-10,0,0,0,0
Lagoa da Canoa,Lagoa da Canoa,2020-04-11,0,0,0,0
Lagoa da Canoa,Lagoa da Canoa,2020-04-12,0,0,0,0
Lagoa da Canoa,Lagoa da Canoa,2020-04-13,0,0,0,0
Lagoa da Canoa,Lagoa da Canoa,2020-04-14,0,0,0,0
Lagoa da Canoa,Lagoa da Canoa,2020-04-15,0,0,0,0
Lagoa da Canoa,Lagoa da Canoa,2020-04-16,0,0,0,0
Lagoa da Canoa,Lagoa da Canoa,2020-04-17,0,0,0,0
Lagoa da Canoa,Lagoa da Canoa,2020-04-18,0,0,0,0
Lagoa da Canoa,Lagoa da Canoa,2020-04-19,0,0,0,0
Lagoa da Canoa,Lagoa da Canoa,2020-04-20,0,0,0,0
Lagoa da Canoa,Lagoa da Canoa,2020-04-21,0,0,0,0
Lagoa da Canoa,Lagoa da Canoa,2020-04-22,0,0,0,0
Lagoa da Canoa,Lagoa da Canoa,2020-04-23,0,0,0,0
Lagoa da Canoa,Lagoa da Canoa,2020-04-24,0,0,0,0
Lagoa da Canoa,Lagoa da Canoa,2020-04-25,0,0,0,0
Lagoa da Canoa,Lagoa da Canoa,2020-04-26,0,0,0,0
Lagoa da Canoa,Lagoa da Canoa,2020-04-27,0,0,0,0
Lagoa da Canoa,Lagoa da Canoa,2020-04-28,0,0,0,0
Lagoa da Canoa,Lagoa da Canoa,2020-04-29,1,1,1,1
Lagoa da Canoa,Lagoa da Canoa,2020-04-30,1,0,1,0
Lagoa da Canoa,Lagoa da Canoa,2020-05-01,1,0,1,0
Lagoa da Canoa,Lagoa da Canoa,2020-05-02,1,0,1,0
Lagoa da Canoa,Lagoa da Canoa,2020-05-03,1,0,1,0
Lagoa da Canoa,Lagoa da Canoa,2020-05-04,1,0,1,0
Lagoa da Canoa,Lagoa da Canoa,2020-05-05,1,0,1,0
Lagoa da Canoa,Lagoa da Canoa,2020-05-06,1,0,1,0
Lagoa da Canoa,Lagoa da Canoa,2020-05-07,1,0,1,0
Lagoa da Canoa,Lagoa da Canoa,2020-05-08,1,0,1,0
Lagoa da Canoa,Lagoa da Canoa,2020-05-09,1,0,1,0
Lagoa da Canoa,Lagoa da Canoa,2020-05-10,1,0,1,0
Lagoa da Canoa,Lagoa da Canoa,2020-05-11,1,0,1,0
Lagoa da Canoa,Lagoa da Canoa,2020-05-12,1,0,1,0
Lagoa da Canoa,Lagoa da Canoa,2020-05-13,1,0,1,0
Lagoa da Canoa,Lagoa da Canoa,2020-05-14,1,0,1,0
Lagoa da Canoa,Lagoa da Canoa,2020-05-15,1,0,1,0
Lagoa da Canoa,Lagoa da Canoa,2020-05-16,1,0,1,0
Lagoa da Canoa,Lagoa da Canoa,2020-05-17,1,0,1,0
Lagoa da Canoa,Lagoa da Canoa,2020-05-18,1,0,1,0
Lagoa da Canoa,Lagoa da Canoa,2020-05-19,1,0,1,0
Lagoa da Canoa,Lagoa da Canoa,2020-05-20,1,0,1,0
Lagoa da Canoa,Lagoa da Canoa,2020-05-21,1,0,1,0
Lagoa da Canoa,Lagoa da Canoa,2020-05-22,1,0,1,0
Lagoa da Canoa,Lagoa da Canoa,2020-05-23,5,4,1,0
Lagoa da Canoa,Lagoa da Canoa,2020-05-24,5,0,1,0
Lagoa da Canoa,Lagoa da Canoa,2020-05-25,5,0,1,0
Lagoa da Canoa,Lagoa da Canoa,2020-05-26,5,0,1,0
Lagoa da Canoa,Lagoa da Canoa,2020-05-27,6,1,1,0
Lagoa da Canoa,Lagoa da Canoa,2020-05-28,6,0,1,0
Lagoa da Canoa,Lagoa da Canoa,2020-05-29,6,0,2,1
Lagoa da Canoa,Lagoa da Canoa,2020-05-30,11,5,2,0
Lagoa da Canoa,Lagoa da Canoa,2020-05-31,11,0,2,0
Lagoa da Canoa,Lagoa da Canoa,2020-06-01,11,0,2,0
Lagoa da Canoa,Lagoa da Canoa,2020-06-02,11,0,2,0
Lagoa da Canoa,Lagoa da Canoa,2020-06-03,11,0,2,0
Lagoa da Canoa,Lagoa da Canoa,2020-06-04,11,0,2,0
Lagoa da Canoa,Lagoa da Canoa,2020-06-05,11,0,2,0
Lagoa da Canoa,Lagoa da Canoa,2020-06-06,12,1,2,0
Lagoa da Canoa,Lagoa da Canoa,2020-06-07,39,27,2,0
Lagoa da Canoa,Lagoa da Canoa,2020-06-08,39,0,2,0
Lagoa da Canoa,Lagoa da Canoa,2020-06-09,40,1,2,0
Lagoa da Canoa,Lagoa da Canoa,2020-06-10,41,1,2,0
Lagoa da Canoa,Lagoa da Canoa,2020-06-11,44,3,2,0
Lagoa da Canoa,Lagoa da Canoa,2020-06-12,44,0,2,0
Lagoa da Canoa,Lagoa da Canoa,2020-06-13,44,0,2,0
Lagoa da Canoa,Lagoa da Canoa,2020-06-14,61,17,2,0
Lagoa da Canoa,Lagoa da Canoa,2020-06-15,68,7,2,0
Lagoa da Canoa,Lagoa da Canoa,2020-06-16,68,0,2,0
Lagoa da Canoa,Lagoa da Canoa,2020-06-17,86,18,2,0
Lagoa da Canoa,Lagoa da Canoa,2020-06-18,86,0,2,0
Lagoa da Canoa,Lagoa da Canoa,2020-06-19,86,0,2,0
Lagoa da Canoa,Lagoa da Canoa,2020-06-20,93,7,2,0
Lagoa da Canoa,Lagoa da Canoa,2020-06-21,93,0,2,0
Lagoa da Canoa,Lagoa da Canoa,2020-06-22,95,2,2,0
Lagoa da Canoa,Lagoa da Canoa,2020-06-23,96,1,2,0
Lagoa da Canoa,Lagoa da Canoa,2020-06-24,96,0,2,0
Lagoa da Canoa,Lagoa da Canoa,2020-06-25,102,6,2,0
Lagoa da Canoa,Lagoa da Canoa,2020-06-26,109,7,3,1
Lagoa da Canoa,Lagoa da Canoa,2020-06-27,109,0,3,0
Lagoa da Canoa,Lagoa da Canoa,2020-06-28,112,3,3,0
Lagoa da Canoa,Lagoa da Canoa,2020-06-29,115,3,3,0
Lagoa da Canoa,Lagoa da Canoa,2020-06-30,116,1,3,0
Lagoa da Canoa,Lagoa da Canoa,2020-07-01,117,1,3,0
Lagoa da Canoa,Lagoa da Canoa,2020-07-02,124,7,3,0
Lagoa da Canoa,Lagoa da Canoa,2020-07-03,126,2,3,0
Lagoa da Canoa,Lagoa da Canoa,2020-07-04,128,2,3,0
Lagoa da Canoa,Lagoa da Canoa,2020-07-05,128,0,3,0
Lagoa da Canoa,Lagoa da Canoa,2020-07-06,128,0,3,0
Lagoa da Canoa,Lagoa da Canoa,2020-07-07,129,1,3,0
Lagoa da Canoa,Lagoa da Canoa,2020-07-08,131,2,3,0
Lagoa da Canoa,Lagoa da Canoa,2020-07-09,134,3,3,0
Lagoa da Canoa,Lagoa da Canoa,2020-07-10,135,1,3,0
Lagoa da Canoa,Lagoa da Canoa,2020-07-11,138,3,3,0
Lagoa da Canoa,Lagoa da Canoa,2020-07-12,171,33,3,0
Lagoa da Canoa,Lagoa da Canoa,2020-07-13,189,18,3,0
Lagoa da Canoa,Lagoa da Canoa,2020-07-14,190,1,3,0
Lagoa da Canoa,Lagoa da Canoa,2020-07-15,191,1,4,1
Lagoa da Canoa,Lagoa da Canoa,2020-07-16,197,6,4,0
Lagoa da Canoa,Lagoa da Canoa,2020-07-17,201,4,4,0
Lagoa da Canoa,Lagoa da Canoa,2020-07-18,202,1,4,0
Lagoa da Canoa,Lagoa da Canoa,2020-07-19,203,1,4,0
Lagoa da Canoa,Lagoa da Canoa,2020-07-20,203,0,4,0
Lagoa da Canoa,Lagoa da Canoa,2020-07-21,205,2,4,0
Lagoa da Canoa,Lagoa da Canoa,2020-07-22,206,1,4,0
Lagoa da Canoa,Lagoa da Canoa,2020-07-23,206,0,4,0
Lagoa da Canoa,Lagoa da Canoa,2020-07-24,240,34,4,0
Lagoa da Canoa,Lagoa da Canoa,2020-07-25,240,0,5,1
Lagoa da Canoa,Lagoa da Canoa,2020-07-26,241,1,5,0
Lagoa da Canoa,Lagoa da Canoa,2020-07-27,257,16,5,0
Lagoa da Canoa,Lagoa da Canoa,2020-07-28,257,0,5,0
Lagoa da Canoa,Lagoa da Canoa,2020-07-29,258,1,5,0
Lagoa da Canoa,Lagoa da Canoa,2020-07-30,260,2,5,0
Lagoa da Canoa,Lagoa da Canoa,2020-07-31,260,0,5,0
Lagoa da Canoa,Lagoa da Canoa,2020-08-01,263,3,5,0
Lagoa da Canoa,Lagoa da Canoa,2020-08-02,268,5,6,1
Lagoa da Canoa,Lagoa da Canoa,2020-08-03,270,2,6,0
Lagoa da Canoa,Lagoa da Canoa,2020-08-04,271,1,6,0
Lagoa da Canoa,Lagoa da Canoa,2020-08-05,273,2,6,0
Lagoa da Canoa,Lagoa da Canoa,2020-08-06,272,-1,6,0
Lagoa da Canoa,Lagoa da Canoa,2020-08-07,272,0,6,0
Lagoa da Canoa,Lagoa da Canoa,2020-08-08,272,0,6,0
Lagoa da Canoa,Lagoa da Canoa,2020-08-09,272,0,6,0
Lagoa da Canoa,Lagoa da Canoa,2020-08-10,272,0,6,0
Lagoa da Canoa,Lagoa da Canoa,2020-08-11,273,1,6,0
Lagoa da Canoa,Lagoa da Canoa,2020-08-12,281,8,6,0
Lagoa da Canoa,Lagoa da Canoa,2020-08-13,285,4,6,0
Lagoa da Canoa,Lagoa da Canoa,2020-08-14,293,8,6,0
Lagoa da Canoa,Lagoa da Canoa,2020-08-15,295,2,6,0
Lagoa da Canoa,Lagoa da Canoa,2020-08-16,301,6,6,0
Lagoa da Canoa,Lagoa da Canoa,2020-08-17,302,1,6,0
Lagoa da Canoa,Lagoa da Canoa,2020-08-18,303,1,6,0
Lagoa da Canoa,Lagoa da Canoa,2020-08-19,303,0,6,0
Lagoa da Canoa,Lagoa da Canoa,2020-08-20,310,7,6,0
Lagoa da Canoa,Lagoa da Canoa,2020-08-21,310,0,6,0
Lagoa da Canoa,Lagoa da Canoa,2020-08-22,318,8,6,0
Lagoa da Canoa,Lagoa da Canoa,2020-08-23,318,0,6,0
Lagoa da Canoa,Lagoa da Canoa,2020-08-24,360,42,6,0
Lagoa da Canoa,Lagoa da Canoa,2020-08-25,360,0,7,1
Lagoa da Canoa,Lagoa da Canoa,2020-08-26,361,1,7,0
Lagoa da Canoa,Lagoa da Canoa,2020-08-27,373,12,7,0
Lagoa da Canoa,Lagoa da Canoa,2020-08-28,374,1,7,0
Lagoa da Canoa,Lagoa da Canoa,2020-08-29,374,0,7,0
Lagoa da Canoa,Lagoa da Canoa,2020-08-30,374,0,7,0
Lagoa da Canoa,Lagoa da Canoa,2020-08-31,374,0,7,0
Lagoa da Canoa,Lagoa da Canoa,2020-09-01,381,7,7,0
Lagoa da Canoa,Lagoa da Canoa,2020-09-02,384,3,7,0
Lagoa da Canoa,Lagoa da Canoa,2020-09-03,386,2,7,0
Lagoa da Canoa,Lagoa da Canoa,2020-09-04,386,0,7,0
Lagoa da Canoa,Lagoa da Canoa,2020-09-05,389,3,7,0
Lagoa da Canoa,Lagoa da Canoa,2020-09-06,389,0,7,0
Lagoa da Canoa,Lagoa da Canoa,2020-09-07,389,0,7,0
Lagoa da Canoa,Lagoa da Canoa,2020-09-08,389,0,7,0
Lagoa da Canoa,Lagoa da Canoa,2020-09-09,390,1,7,0
Lagoa da Canoa,Lagoa da Canoa,2020-09-10,391,1,7,0
Lagoa da Canoa,Lagoa da Canoa,2020-09-11,392,1,7,0
Lagoa da Canoa,Lagoa da Canoa,2020-09-12,397,5,7,0
Lagoa da Canoa,Lagoa da Canoa,2020-09-13,397,0,7,0
Lagoa da Canoa,Lagoa da Canoa,2020-09-14,397,0,7,0
Lagoa da Canoa,Lagoa da Canoa,2020-09-15,399,2,7,0
Lagoa da Canoa,Lagoa da Canoa,2020-09-16,408,9,7,0
Lagoa da Canoa,Lagoa da Canoa,2020-09-17,409,1,7,0
Lagoa da Canoa,Lagoa da Canoa,2020-09-18,410,1,7,0
Lagoa da Canoa,Lagoa da Canoa,2020-09-19,413,3,7,0
Lagoa da Canoa,Lagoa da Canoa,2020-09-20,413,0,7,0
Lagoa da Canoa,Lagoa da Canoa,2020-09-21,449,36,7,0
Lagoa da Canoa,Lagoa da Canoa,2020-09-22,486,37,7,0
Lagoa da Canoa,Lagoa da Canoa,2020-09-23,511,25,7,0
Lagoa da Canoa,Lagoa da Canoa,2020-09-24,511,0,7,0
Lagoa da Canoa,Lagoa da Canoa,2020-09-25,512,1,7,0
Lagoa da Canoa,Lagoa da Canoa,2020-09-26,517,5,7,0
Lagoa da Canoa,Lagoa da Canoa,2020-09-27,526,9,7,0
Lagoa da Canoa,Lagoa da Canoa,2020-09-28,529,3,7,0
Lagoa da Canoa,Lagoa da Canoa,2020-09-29,531,2,7,0
Lagoa da Canoa,Lagoa da Canoa,2020-09-30,531,0,7,0
Lagoa da Canoa,Lagoa da Canoa,2020-10-01,531,0,7,0
Lagoa da Canoa,Lagoa da Canoa,2020-10-02,531,0,7,0
Lagoa da Canoa,Lagoa da Canoa,2020-10-03,535,4,7,0
Lagoa da Canoa,Lagoa da Canoa,2020-10-04,552,17,7,0
Lagoa da Canoa,Lagoa da Canoa,2020-10-05,552,0,7,0
Lagoa da Canoa,Lagoa da Canoa,2020-10-06,552,0,7,0
Lagoa da Canoa,Lagoa da Canoa,2020-10-07,553,1,7,0
Lagoa da Canoa,Lagoa da Canoa,2020-10-08,554,1,7,0
Lagoa da Canoa,Lagoa da Canoa,2020-10-09,554,0,7,0
Lagoa da Canoa,Lagoa da Canoa,2020-10-10,555,1,7,0
Lagoa da Canoa,Lagoa da Canoa,2020-10-11,555,0,7,0
Lagoa da Canoa,Lagoa da Canoa,2020-10-12,555,0,7,0
Lagoa da Canoa,Lagoa da Canoa,2020-10-13,557,2,7,0
Lagoa da Canoa,Lagoa da Canoa,2020-10-14,557,0,7,0
Lagoa da Canoa,Lagoa da Canoa,2020-10-15,556,-1,7,0
Lagoa da Canoa,Lagoa da Canoa,2020-10-16,559,3,7,0
Lagoa da Canoa,Lagoa da Canoa,2020-10-17,559,0,8,1
Lagoa da Canoa,Lagoa da Canoa,2020-10-18,562,3,8,0
Lagoa da Canoa,Lagoa da Canoa,2020-10-19,562,0,8,0
Lagoa da Canoa,Lagoa da Canoa,2020-10-20,563,1,8,0
Lagoa da Canoa,Lagoa da Canoa,2020-10-21,564,1,8,0
Lagoa da Canoa,Lagoa da Canoa,2020-10-22,565,1,8,0
Lagoa da Canoa,Lagoa da Canoa,2020-10-23,565,0,8,0
Lagoa da Canoa,Lagoa da Canoa,2020-10-24,565,0,9,1
Lagoa da Canoa,Lagoa da Canoa,2020-10-25,565,0,9,0
Lagoa da Canoa,Lagoa da Canoa,2020-10-26,565,0,9,0
Lagoa da Canoa,Lagoa da Canoa,2020-10-27,565,0,9,0
Lagoa da Canoa,Lagoa da Canoa,2020-10-28,566,1,9,0
Lagoa da Canoa,Lagoa da Canoa,2020-10-29,566,0,9,0
Lagoa da Canoa,Lagoa da Canoa,2020-10-30,566,0,9,0
Lagoa da Canoa,Lagoa da Canoa,2020-10-31,566,0,9,0
Lagoa da Canoa,Lagoa da Canoa,2020-11-01,566,0,9,0
Lagoa da Canoa,Lagoa da Canoa,2020-11-02,566,0,9,0
Lagoa da Canoa,Lagoa da Canoa,2020-11-03,566,0,9,0
Lagoa da Canoa,Lagoa da Canoa,2020-11-04,568,2,9,0
Lagoa da Canoa,Lagoa da Canoa,2020-11-05,569,1,9,0
Lagoa da Canoa,Lagoa da Canoa,2020-11-06,569,0,9,0
Lagoa da Canoa,Lagoa da Canoa,2020-11-07,569,0,9,0
Lagoa da Canoa,Lagoa da Canoa,2020-11-08,570,1,9,0
Lagoa da Canoa,Lagoa da Canoa,2020-11-09,570,0,9,0
Lagoa da Canoa,Lagoa da Canoa,2020-11-10,570,0,9,0
Lagoa da Canoa,Lagoa da Canoa,2020-11-11,571,1,9,0
Lagoa da Canoa,Lagoa da Canoa,2020-11-12,573,2,9,0
Lagoa da Canoa,Lagoa da Canoa,2020-11-13,573,0,9,0
Lagoa da Canoa,Lagoa da Canoa,2020-11-14,573,0,9,0
Lagoa da Canoa,Lagoa da Canoa,2020-11-15,573,0,9,0
Lagoa da Canoa,Lagoa da Canoa,2020-11-16,573,0,9,0
Lagoa da Canoa,Lagoa da Canoa,2020-11-17,581,8,9,0
Lagoa da Canoa,Lagoa da Canoa,2020-11-18,584,3,9,0
Lagoa da Canoa,Lagoa da Canoa,2020-11-19,585,1,9,0
Lagoa da Canoa,Lagoa da Canoa,2020-11-20,585,0,9,0
Lagoa da Canoa,Lagoa da Canoa,2020-11-21,585,0,10,1
Lagoa da Canoa,Lagoa da Canoa,2020-11-22,585,0,10,0
Lagoa da Canoa,Lagoa da Canoa,2020-11-23,587,2,10,0
Lagoa da Canoa,Lagoa da Canoa,2020-11-24,587,0,10,0
Lagoa da Canoa,Lagoa da Canoa,2020-11-25,588,1,10,0
Lagoa da Canoa,Lagoa da Canoa,2020-11-26,588,0,10,0
Lagoa da Canoa,Lagoa da Canoa,2020-11-27,589,1,10,0
Lagoa da Canoa,Lagoa da Canoa,2020-11-28,590,1,10,0
Lagoa da Canoa,Lagoa da Canoa,2020-11-29,590,0,10,0
Lagoa da Canoa,Lagoa da Canoa,2020-11-30,590,0,10,0
Lagoa da Canoa,Lagoa da Canoa,2020-12-01,590,0,10,0
Lagoa da Canoa,Lagoa da Canoa,2020-12-02,590,0,10,0
Lagoa da Canoa,Lagoa da Canoa,2020-12-03,590,0,10,0
Lagoa da Canoa,Lagoa da Canoa,2020-12-04,590,0,10,0
Lagoa da Canoa,Lagoa da Canoa,2020-12-05,590,0,11,1
Lagoa da Canoa,Lagoa da Canoa,2020-12-06,593,3,11,0
Lagoa da Canoa,Lagoa da Canoa,2020-12-07,593,0,11,0
Lagoa da Canoa,Lagoa da Canoa,2020-12-08,594,1,11,0
Lagoa da Canoa,Lagoa da Canoa,2020-12-09,594,0,11,0
Lagoa da Canoa,Lagoa da Canoa,2020-12-10,594,0,11,0
Lagoa da Canoa,Lagoa da Canoa,2020-12-11,594,0,11,0
Lagoa da Canoa,Lagoa da Canoa,2020-12-12,594,0,11,0
Lagoa da Canoa,Lagoa da Canoa,2020-12-13,595,1,12,1
Lagoa da Canoa,Lagoa da Canoa,2020-12-14,596,1,12,0
Lagoa da Canoa,Lagoa da Canoa,2020-12-15,596,0,12,0
Lagoa da Canoa,Lagoa da Canoa,2020-12-16,596,0,12,0
Lagoa da Canoa,Lagoa da Canoa,2020-12-17,596,0,12,0
Lagoa da Canoa,Lagoa da Canoa,2020-12-18,596,0,12,0
Lagoa da Canoa,Lagoa da Canoa,2020-12-19,596,0,12,0
Lagoa da Canoa,Lagoa da Canoa,2020-12-20,596,0,12,0
Lagoa da Canoa,Lagoa da Canoa,2020-12-21,596,0,12,0
Lagoa da Canoa,Lagoa da Canoa,2020-12-22,596,0,12,0
Lagoa da Canoa,Lagoa da Canoa,2020-12-23,596,0,12,0
Lagoa da Canoa,Lagoa da Canoa,2020-12-24,596,0,12,0
Lagoa da Canoa,Lagoa da Canoa,2020-12-25,596,0,12,0
Lagoa da Canoa,Lagoa da Canoa,2020-12-26,596,0,12,0
Lagoa da Canoa,Lagoa da Canoa,2020-12-27,596,0,12,0
Lagoa da Canoa,Lagoa da Canoa,2020-12-28,596,0,12,0
Lagoa da Canoa,Lagoa da Canoa,2020-12-29,596,0,12,0
Lagoa da Canoa,Lagoa da Canoa,2020-12-30,596,0,12,0
Lagoa da Canoa,Lagoa da Canoa,2020-12-31,598,2,12,0
Lagoa da Canoa,Lagoa da Canoa,2021-01-01,598,0,12,0
Lagoa da Canoa,Lagoa da Canoa,2021-01-02,599,1,12,0
Lagoa da Canoa,Lagoa da Canoa,2021-01-03,602,3,12,0
Lagoa da Canoa,Lagoa da Canoa,2021-01-04,602,0,12,0
Lagoa da Canoa,Lagoa da Canoa,2021-01-05,602,0,12,0
Lagoa da Canoa,Lagoa da Canoa,2021-01-06,602,0,12,0
Lagoa da Canoa,Lagoa da Canoa,2021-01-07,602,0,12,0
Lagoa da Canoa,Lagoa da Canoa,2021-01-08,603,1,12,0
Lagoa da Canoa,Lagoa da Canoa,2021-01-09,603,0,12,0
Lagoa da Canoa,Lagoa da Canoa,2021-01-10,603,0,12,0
Lagoa da Canoa,Lagoa da Canoa,2021-01-11,603,0,12,0
Lagoa da Canoa,Lagoa da Canoa,2021-01-12,603,0,12,0
Lagoa da Canoa,Lagoa da Canoa,2021-01-13,603,0,13,1
Lagoa da Canoa,Lagoa da Canoa,2021-01-14,603,0,13,0
Lagoa da Canoa,Lagoa da Canoa,2021-01-15,603,0,13,0
Lagoa da Canoa,Lagoa da Canoa,2021-01-16,606,3,13,0
Lagoa da Canoa,Lagoa da Canoa,2021-01-17,607,1,13,0
Lagoa da Canoa,Lagoa da Canoa,2021-01-18,608,1,13,0
Lagoa da Canoa,Lagoa da Canoa,2021-01-19,608,0,13,0
Lagoa da Canoa,Lagoa da Canoa,2021-01-20,608,0,13,0
Lagoa da Canoa,Lagoa da Canoa,2021-01-21,608,0,13,0
Lagoa da Canoa,Lagoa da Canoa,2021-01-22,609,1,13,0
Lagoa da Canoa,Lagoa da Canoa,2021-01-23,609,0,13,0
Lagoa da Canoa,Lagoa da Canoa,2021-01-24,609,0,13,0
Lagoa da Canoa,Lagoa da Canoa,2021-01-25,610,1,13,0
Lagoa da Canoa,Lagoa da Canoa,2021-01-26,610,0,13,0
Lagoa da Canoa,Lagoa da Canoa,2021-01-27,610,0,13,0
Lagoa da Canoa,Lagoa da Canoa,2021-01-28,611,1,13,0
Lagoa da Canoa,Lagoa da Canoa,2021-01-29,611,0,13,0
Lagoa da Canoa,Lagoa da Canoa,2021-01-30,612,1,13,0
Lagoa da Canoa,Lagoa da Canoa,2021-01-31,612,0,13,0
Lagoa da Canoa,Lagoa da Canoa,2021-02-01,612,0,13,0
Lagoa da Canoa,Lagoa da Canoa,2021-02-02,612,0,13,0
Lagoa da Canoa,Lagoa da Canoa,2021-02-03,612,0,13,0
Lagoa da Canoa,Lagoa da Canoa,2021-02-04,612,0,13,0
Lagoa da Canoa,Lagoa da Canoa,2021-02-05,612,0,13,0
Lagoa da Canoa,Lagoa da Canoa,2021-02-06,612,0,13,0
Lagoa da Canoa,Lagoa da Canoa,2021-02-07,612,0,13,0
Lagoa da Canoa,Lagoa da Canoa,2021-02-08,612,0,13,0
