city,city,date,cases,daily cases,deaths,daily deaths
Lagoa dos Gatos,Lagoa dos Gatos,2020-03-27,0,0,0,0
Lagoa dos Gatos,Lagoa dos Gatos,2020-03-28,0,0,0,0
Lagoa dos Gatos,Lagoa dos Gatos,2020-03-29,0,0,0,0
Lagoa dos Gatos,Lagoa dos Gatos,2020-03-30,0,0,0,0
Lagoa dos Gatos,Lagoa dos Gatos,2020-03-31,0,0,0,0
Lagoa dos Gatos,Lagoa dos Gatos,2020-04-01,0,0,0,0
Lagoa dos Gatos,Lagoa dos Gatos,2020-04-02,0,0,0,0
Lagoa dos Gatos,Lagoa dos Gatos,2020-04-03,0,0,0,0
Lagoa dos Gatos,Lagoa dos Gatos,2020-04-04,0,0,0,0
Lagoa dos Gatos,Lagoa dos Gatos,2020-04-05,0,0,0,0
Lagoa dos Gatos,Lagoa dos Gatos,2020-04-06,0,0,0,0
Lagoa dos Gatos,Lagoa dos Gatos,2020-04-07,0,0,0,0
Lagoa dos Gatos,Lagoa dos Gatos,2020-04-08,0,0,0,0
Lagoa dos Gatos,Lagoa dos Gatos,2020-04-09,0,0,0,0
Lagoa dos Gatos,Lagoa dos Gatos,2020-04-10,0,0,0,0
Lagoa dos Gatos,Lagoa dos Gatos,2020-04-11,0,0,0,0
Lagoa dos Gatos,Lagoa dos Gatos,2020-04-12,0,0,0,0
Lagoa dos Gatos,Lagoa dos Gatos,2020-04-13,1,1,1,1
Lagoa dos Gatos,Lagoa dos Gatos,2020-04-14,1,0,1,0
Lagoa dos Gatos,Lagoa dos Gatos,2020-04-15,1,0,1,0
Lagoa dos Gatos,Lagoa dos Gatos,2020-04-16,1,0,1,0
Lagoa dos Gatos,Lagoa dos Gatos,2020-04-17,1,0,1,0
Lagoa dos Gatos,Lagoa dos Gatos,2020-04-18,1,0,1,0
Lagoa dos Gatos,Lagoa dos Gatos,2020-04-19,1,0,1,0
Lagoa dos Gatos,Lagoa dos Gatos,2020-04-20,1,0,1,0
Lagoa dos Gatos,Lagoa dos Gatos,2020-04-21,1,0,1,0
Lagoa dos Gatos,Lagoa dos Gatos,2020-04-22,1,0,1,0
Lagoa dos Gatos,Lagoa dos Gatos,2020-04-23,1,0,1,0
Lagoa dos Gatos,Lagoa dos Gatos,2020-04-24,1,0,1,0
Lagoa dos Gatos,Lagoa dos Gatos,2020-04-25,2,1,1,0
Lagoa dos Gatos,Lagoa dos Gatos,2020-04-26,2,0,1,0
Lagoa dos Gatos,Lagoa dos Gatos,2020-04-27,2,0,1,0
Lagoa dos Gatos,Lagoa dos Gatos,2020-04-28,2,0,1,0
Lagoa dos Gatos,Lagoa dos Gatos,2020-04-29,2,0,1,0
Lagoa dos Gatos,Lagoa dos Gatos,2020-04-30,2,0,1,0
Lagoa dos Gatos,Lagoa dos Gatos,2020-05-01,2,0,1,0
Lagoa dos Gatos,Lagoa dos Gatos,2020-05-02,2,0,1,0
Lagoa dos Gatos,Lagoa dos Gatos,2020-05-03,2,0,1,0
Lagoa dos Gatos,Lagoa dos Gatos,2020-05-04,2,0,1,0
Lagoa dos Gatos,Lagoa dos Gatos,2020-05-05,2,0,1,0
Lagoa dos Gatos,Lagoa dos Gatos,2020-05-06,2,0,1,0
Lagoa dos Gatos,Lagoa dos Gatos,2020-05-07,2,0,1,0
Lagoa dos Gatos,Lagoa dos Gatos,2020-05-08,3,1,2,1
Lagoa dos Gatos,Lagoa dos Gatos,2020-05-09,3,0,1,-1
Lagoa dos Gatos,Lagoa dos Gatos,2020-05-10,3,0,2,1
Lagoa dos Gatos,Lagoa dos Gatos,2020-05-11,3,0,2,0
Lagoa dos Gatos,Lagoa dos Gatos,2020-05-12,3,0,2,0
Lagoa dos Gatos,Lagoa dos Gatos,2020-05-13,3,0,2,0
Lagoa dos Gatos,Lagoa dos Gatos,2020-05-14,3,0,2,0
Lagoa dos Gatos,Lagoa dos Gatos,2020-05-15,3,0,2,0
Lagoa dos Gatos,Lagoa dos Gatos,2020-05-16,3,0,2,0
Lagoa dos Gatos,Lagoa dos Gatos,2020-05-17,6,3,2,0
Lagoa dos Gatos,Lagoa dos Gatos,2020-05-18,6,0,2,0
Lagoa dos Gatos,Lagoa dos Gatos,2020-05-19,9,3,2,0
Lagoa dos Gatos,Lagoa dos Gatos,2020-05-20,9,0,2,0
Lagoa dos Gatos,Lagoa dos Gatos,2020-05-21,9,0,2,0
Lagoa dos Gatos,Lagoa dos Gatos,2020-05-22,19,10,2,0
Lagoa dos Gatos,Lagoa dos Gatos,2020-05-23,21,2,2,0
Lagoa dos Gatos,Lagoa dos Gatos,2020-05-24,21,0,2,0
Lagoa dos Gatos,Lagoa dos Gatos,2020-05-25,22,1,2,0
Lagoa dos Gatos,Lagoa dos Gatos,2020-05-26,22,0,2,0
Lagoa dos Gatos,Lagoa dos Gatos,2020-05-27,22,0,2,0
Lagoa dos Gatos,Lagoa dos Gatos,2020-05-28,22,0,2,0
Lagoa dos Gatos,Lagoa dos Gatos,2020-05-29,22,0,2,0
Lagoa dos Gatos,Lagoa dos Gatos,2020-05-30,22,0,2,0
Lagoa dos Gatos,Lagoa dos Gatos,2020-05-31,22,0,2,0
Lagoa dos Gatos,Lagoa dos Gatos,2020-06-01,23,1,2,0
Lagoa dos Gatos,Lagoa dos Gatos,2020-06-02,23,0,2,0
Lagoa dos Gatos,Lagoa dos Gatos,2020-06-03,24,1,2,0
Lagoa dos Gatos,Lagoa dos Gatos,2020-06-04,24,0,2,0
Lagoa dos Gatos,Lagoa dos Gatos,2020-06-05,24,0,2,0
Lagoa dos Gatos,Lagoa dos Gatos,2020-06-06,27,3,3,1
Lagoa dos Gatos,Lagoa dos Gatos,2020-06-07,27,0,3,0
Lagoa dos Gatos,Lagoa dos Gatos,2020-06-08,27,0,3,0
Lagoa dos Gatos,Lagoa dos Gatos,2020-06-09,27,0,3,0
Lagoa dos Gatos,Lagoa dos Gatos,2020-06-10,29,2,3,0
Lagoa dos Gatos,Lagoa dos Gatos,2020-06-11,31,2,3,0
Lagoa dos Gatos,Lagoa dos Gatos,2020-06-12,31,0,3,0
Lagoa dos Gatos,Lagoa dos Gatos,2020-06-13,46,15,3,0
Lagoa dos Gatos,Lagoa dos Gatos,2020-06-14,59,13,3,0
Lagoa dos Gatos,Lagoa dos Gatos,2020-06-15,59,0,3,0
Lagoa dos Gatos,Lagoa dos Gatos,2020-06-16,61,2,3,0
Lagoa dos Gatos,Lagoa dos Gatos,2020-06-17,61,0,3,0
Lagoa dos Gatos,Lagoa dos Gatos,2020-06-18,70,9,3,0
Lagoa dos Gatos,Lagoa dos Gatos,2020-06-19,92,22,3,0
Lagoa dos Gatos,Lagoa dos Gatos,2020-06-20,97,5,3,0
Lagoa dos Gatos,Lagoa dos Gatos,2020-06-21,127,30,3,0
Lagoa dos Gatos,Lagoa dos Gatos,2020-06-22,127,0,3,0
Lagoa dos Gatos,Lagoa dos Gatos,2020-06-23,146,19,3,0
Lagoa dos Gatos,Lagoa dos Gatos,2020-06-24,150,4,3,0
Lagoa dos Gatos,Lagoa dos Gatos,2020-06-25,158,8,3,0
Lagoa dos Gatos,Lagoa dos Gatos,2020-06-26,161,3,3,0
Lagoa dos Gatos,Lagoa dos Gatos,2020-06-27,166,5,4,1
Lagoa dos Gatos,Lagoa dos Gatos,2020-06-28,166,0,4,0
Lagoa dos Gatos,Lagoa dos Gatos,2020-06-29,172,6,4,0
Lagoa dos Gatos,Lagoa dos Gatos,2020-06-30,173,1,4,0
Lagoa dos Gatos,Lagoa dos Gatos,2020-07-01,173,0,4,0
Lagoa dos Gatos,Lagoa dos Gatos,2020-07-02,173,0,4,0
Lagoa dos Gatos,Lagoa dos Gatos,2020-07-03,173,0,4,0
Lagoa dos Gatos,Lagoa dos Gatos,2020-07-04,181,8,4,0
Lagoa dos Gatos,Lagoa dos Gatos,2020-07-05,203,22,4,0
Lagoa dos Gatos,Lagoa dos Gatos,2020-07-06,203,0,4,0
Lagoa dos Gatos,Lagoa dos Gatos,2020-07-07,205,2,4,0
Lagoa dos Gatos,Lagoa dos Gatos,2020-07-08,205,0,4,0
Lagoa dos Gatos,Lagoa dos Gatos,2020-07-09,211,6,4,0
Lagoa dos Gatos,Lagoa dos Gatos,2020-07-10,213,2,4,0
Lagoa dos Gatos,Lagoa dos Gatos,2020-07-11,214,1,4,0
Lagoa dos Gatos,Lagoa dos Gatos,2020-07-12,226,12,4,0
Lagoa dos Gatos,Lagoa dos Gatos,2020-07-13,226,0,4,0
Lagoa dos Gatos,Lagoa dos Gatos,2020-07-14,234,8,4,0
Lagoa dos Gatos,Lagoa dos Gatos,2020-07-15,235,1,4,0
Lagoa dos Gatos,Lagoa dos Gatos,2020-07-16,241,6,4,0
Lagoa dos Gatos,Lagoa dos Gatos,2020-07-17,249,8,4,0
Lagoa dos Gatos,Lagoa dos Gatos,2020-07-18,251,2,4,0
Lagoa dos Gatos,Lagoa dos Gatos,2020-07-19,255,4,4,0
Lagoa dos Gatos,Lagoa dos Gatos,2020-07-20,256,1,4,0
Lagoa dos Gatos,Lagoa dos Gatos,2020-07-21,256,0,4,0
Lagoa dos Gatos,Lagoa dos Gatos,2020-07-22,257,1,4,0
Lagoa dos Gatos,Lagoa dos Gatos,2020-07-23,262,5,4,0
Lagoa dos Gatos,Lagoa dos Gatos,2020-07-24,268,6,4,0
Lagoa dos Gatos,Lagoa dos Gatos,2020-07-25,273,5,4,0
Lagoa dos Gatos,Lagoa dos Gatos,2020-07-26,274,1,4,0
Lagoa dos Gatos,Lagoa dos Gatos,2020-07-27,274,0,4,0
Lagoa dos Gatos,Lagoa dos Gatos,2020-07-28,279,5,4,0
Lagoa dos Gatos,Lagoa dos Gatos,2020-07-29,280,1,4,0
Lagoa dos Gatos,Lagoa dos Gatos,2020-07-30,280,0,4,0
Lagoa dos Gatos,Lagoa dos Gatos,2020-07-31,285,5,4,0
Lagoa dos Gatos,Lagoa dos Gatos,2020-08-01,292,7,4,0
Lagoa dos Gatos,Lagoa dos Gatos,2020-08-02,295,3,4,0
Lagoa dos Gatos,Lagoa dos Gatos,2020-08-03,295,0,4,0
Lagoa dos Gatos,Lagoa dos Gatos,2020-08-04,297,2,4,0
Lagoa dos Gatos,Lagoa dos Gatos,2020-08-05,297,0,4,0
Lagoa dos Gatos,Lagoa dos Gatos,2020-08-06,298,1,4,0
Lagoa dos Gatos,Lagoa dos Gatos,2020-08-07,301,3,4,0
Lagoa dos Gatos,Lagoa dos Gatos,2020-08-08,301,0,4,0
Lagoa dos Gatos,Lagoa dos Gatos,2020-08-09,301,0,4,0
Lagoa dos Gatos,Lagoa dos Gatos,2020-08-10,302,1,4,0
Lagoa dos Gatos,Lagoa dos Gatos,2020-08-11,302,0,4,0
Lagoa dos Gatos,Lagoa dos Gatos,2020-08-12,302,0,4,0
Lagoa dos Gatos,Lagoa dos Gatos,2020-08-13,305,3,4,0
Lagoa dos Gatos,Lagoa dos Gatos,2020-08-14,306,1,4,0
Lagoa dos Gatos,Lagoa dos Gatos,2020-08-15,306,0,4,0
Lagoa dos Gatos,Lagoa dos Gatos,2020-08-16,307,1,4,0
Lagoa dos Gatos,Lagoa dos Gatos,2020-08-17,307,0,4,0
Lagoa dos Gatos,Lagoa dos Gatos,2020-08-18,309,2,4,0
Lagoa dos Gatos,Lagoa dos Gatos,2020-08-19,309,0,4,0
Lagoa dos Gatos,Lagoa dos Gatos,2020-08-20,309,0,4,0
Lagoa dos Gatos,Lagoa dos Gatos,2020-08-21,310,1,4,0
Lagoa dos Gatos,Lagoa dos Gatos,2020-08-22,311,1,4,0
Lagoa dos Gatos,Lagoa dos Gatos,2020-08-23,312,1,4,0
Lagoa dos Gatos,Lagoa dos Gatos,2020-08-24,312,0,4,0
Lagoa dos Gatos,Lagoa dos Gatos,2020-08-25,312,0,4,0
Lagoa dos Gatos,Lagoa dos Gatos,2020-08-26,313,1,5,1
Lagoa dos Gatos,Lagoa dos Gatos,2020-08-27,313,0,5,0
Lagoa dos Gatos,Lagoa dos Gatos,2020-08-28,313,0,5,0
Lagoa dos Gatos,Lagoa dos Gatos,2020-08-29,313,0,5,0
Lagoa dos Gatos,Lagoa dos Gatos,2020-08-30,315,2,5,0
Lagoa dos Gatos,Lagoa dos Gatos,2020-08-31,315,0,5,0
Lagoa dos Gatos,Lagoa dos Gatos,2020-09-01,329,14,5,0
Lagoa dos Gatos,Lagoa dos Gatos,2020-09-02,351,22,5,0
Lagoa dos Gatos,Lagoa dos Gatos,2020-09-03,353,2,5,0
Lagoa dos Gatos,Lagoa dos Gatos,2020-09-04,353,0,5,0
Lagoa dos Gatos,Lagoa dos Gatos,2020-09-05,353,0,6,1
Lagoa dos Gatos,Lagoa dos Gatos,2020-09-06,353,0,6,0
Lagoa dos Gatos,Lagoa dos Gatos,2020-09-07,353,0,6,0
Lagoa dos Gatos,Lagoa dos Gatos,2020-09-08,353,0,6,0
Lagoa dos Gatos,Lagoa dos Gatos,2020-09-09,353,0,6,0
Lagoa dos Gatos,Lagoa dos Gatos,2020-09-10,353,0,6,0
Lagoa dos Gatos,Lagoa dos Gatos,2020-09-11,353,0,6,0
Lagoa dos Gatos,Lagoa dos Gatos,2020-09-12,353,0,6,0
Lagoa dos Gatos,Lagoa dos Gatos,2020-09-13,353,0,6,0
Lagoa dos Gatos,Lagoa dos Gatos,2020-09-14,353,0,6,0
Lagoa dos Gatos,Lagoa dos Gatos,2020-09-15,354,1,6,0
Lagoa dos Gatos,Lagoa dos Gatos,2020-09-16,354,0,6,0
Lagoa dos Gatos,Lagoa dos Gatos,2020-09-17,354,0,6,0
Lagoa dos Gatos,Lagoa dos Gatos,2020-09-18,354,0,6,0
Lagoa dos Gatos,Lagoa dos Gatos,2020-09-19,354,0,6,0
Lagoa dos Gatos,Lagoa dos Gatos,2020-09-20,354,0,6,0
Lagoa dos Gatos,Lagoa dos Gatos,2020-09-21,354,0,6,0
Lagoa dos Gatos,Lagoa dos Gatos,2020-09-22,354,0,6,0
Lagoa dos Gatos,Lagoa dos Gatos,2020-09-23,354,0,6,0
Lagoa dos Gatos,Lagoa dos Gatos,2020-09-24,354,0,6,0
Lagoa dos Gatos,Lagoa dos Gatos,2020-09-25,354,0,6,0
Lagoa dos Gatos,Lagoa dos Gatos,2020-09-26,354,0,6,0
Lagoa dos Gatos,Lagoa dos Gatos,2020-09-27,354,0,6,0
Lagoa dos Gatos,Lagoa dos Gatos,2020-09-28,354,0,6,0
Lagoa dos Gatos,Lagoa dos Gatos,2020-09-29,354,0,6,0
Lagoa dos Gatos,Lagoa dos Gatos,2020-09-30,354,0,6,0
Lagoa dos Gatos,Lagoa dos Gatos,2020-10-01,354,0,6,0
Lagoa dos Gatos,Lagoa dos Gatos,2020-10-02,354,0,6,0
Lagoa dos Gatos,Lagoa dos Gatos,2020-10-03,354,0,6,0
Lagoa dos Gatos,Lagoa dos Gatos,2020-10-04,354,0,6,0
Lagoa dos Gatos,Lagoa dos Gatos,2020-10-05,354,0,6,0
Lagoa dos Gatos,Lagoa dos Gatos,2020-10-06,354,0,6,0
Lagoa dos Gatos,Lagoa dos Gatos,2020-10-07,354,0,6,0
Lagoa dos Gatos,Lagoa dos Gatos,2020-10-08,354,0,6,0
Lagoa dos Gatos,Lagoa dos Gatos,2020-10-09,354,0,6,0
Lagoa dos Gatos,Lagoa dos Gatos,2020-10-10,354,0,6,0
Lagoa dos Gatos,Lagoa dos Gatos,2020-10-11,354,0,6,0
Lagoa dos Gatos,Lagoa dos Gatos,2020-10-12,354,0,6,0
Lagoa dos Gatos,Lagoa dos Gatos,2020-10-13,354,0,6,0
Lagoa dos Gatos,Lagoa dos Gatos,2020-10-14,354,0,6,0
Lagoa dos Gatos,Lagoa dos Gatos,2020-10-15,354,0,6,0
Lagoa dos Gatos,Lagoa dos Gatos,2020-10-16,354,0,6,0
Lagoa dos Gatos,Lagoa dos Gatos,2020-10-17,354,0,6,0
Lagoa dos Gatos,Lagoa dos Gatos,2020-10-18,354,0,6,0
Lagoa dos Gatos,Lagoa dos Gatos,2020-10-19,354,0,6,0
Lagoa dos Gatos,Lagoa dos Gatos,2020-10-20,354,0,6,0
Lagoa dos Gatos,Lagoa dos Gatos,2020-10-21,354,0,6,0
Lagoa dos Gatos,Lagoa dos Gatos,2020-10-22,359,5,6,0
Lagoa dos Gatos,Lagoa dos Gatos,2020-10-23,359,0,6,0
Lagoa dos Gatos,Lagoa dos Gatos,2020-10-24,359,0,6,0
Lagoa dos Gatos,Lagoa dos Gatos,2020-10-25,359,0,6,0
Lagoa dos Gatos,Lagoa dos Gatos,2020-10-26,359,0,6,0
Lagoa dos Gatos,Lagoa dos Gatos,2020-10-27,359,0,6,0
Lagoa dos Gatos,Lagoa dos Gatos,2020-10-28,359,0,6,0
Lagoa dos Gatos,Lagoa dos Gatos,2020-10-29,359,0,6,0
Lagoa dos Gatos,Lagoa dos Gatos,2020-10-30,359,0,6,0
Lagoa dos Gatos,Lagoa dos Gatos,2020-10-31,359,0,6,0
Lagoa dos Gatos,Lagoa dos Gatos,2020-11-01,359,0,6,0
Lagoa dos Gatos,Lagoa dos Gatos,2020-11-02,359,0,6,0
Lagoa dos Gatos,Lagoa dos Gatos,2020-11-03,359,0,6,0
Lagoa dos Gatos,Lagoa dos Gatos,2020-11-04,359,0,6,0
Lagoa dos Gatos,Lagoa dos Gatos,2020-11-05,359,0,6,0
Lagoa dos Gatos,Lagoa dos Gatos,2020-11-06,359,0,6,0
Lagoa dos Gatos,Lagoa dos Gatos,2020-11-07,359,0,6,0
Lagoa dos Gatos,Lagoa dos Gatos,2020-11-08,359,0,6,0
Lagoa dos Gatos,Lagoa dos Gatos,2020-11-09,359,0,6,0
Lagoa dos Gatos,Lagoa dos Gatos,2020-11-10,366,7,6,0
Lagoa dos Gatos,Lagoa dos Gatos,2020-11-11,366,0,6,0
Lagoa dos Gatos,Lagoa dos Gatos,2020-11-12,366,0,6,0
Lagoa dos Gatos,Lagoa dos Gatos,2020-11-13,366,0,6,0
Lagoa dos Gatos,Lagoa dos Gatos,2020-11-14,366,0,6,0
Lagoa dos Gatos,Lagoa dos Gatos,2020-11-15,366,0,6,0
Lagoa dos Gatos,Lagoa dos Gatos,2020-11-16,366,0,6,0
Lagoa dos Gatos,Lagoa dos Gatos,2020-11-17,367,1,6,0
Lagoa dos Gatos,Lagoa dos Gatos,2020-11-18,367,0,6,0
Lagoa dos Gatos,Lagoa dos Gatos,2020-11-19,373,6,6,0
Lagoa dos Gatos,Lagoa dos Gatos,2020-11-20,373,0,6,0
Lagoa dos Gatos,Lagoa dos Gatos,2020-11-21,374,1,6,0
Lagoa dos Gatos,Lagoa dos Gatos,2020-11-22,374,0,6,0
Lagoa dos Gatos,Lagoa dos Gatos,2020-11-23,374,0,6,0
Lagoa dos Gatos,Lagoa dos Gatos,2020-11-24,374,0,6,0
Lagoa dos Gatos,Lagoa dos Gatos,2020-11-25,376,2,6,0
Lagoa dos Gatos,Lagoa dos Gatos,2020-11-26,376,0,6,0
Lagoa dos Gatos,Lagoa dos Gatos,2020-11-27,376,0,6,0
Lagoa dos Gatos,Lagoa dos Gatos,2020-11-28,376,0,6,0
Lagoa dos Gatos,Lagoa dos Gatos,2020-11-29,376,0,6,0
Lagoa dos Gatos,Lagoa dos Gatos,2020-11-30,376,0,6,0
Lagoa dos Gatos,Lagoa dos Gatos,2020-12-01,376,0,6,0
Lagoa dos Gatos,Lagoa dos Gatos,2020-12-02,377,1,6,0
Lagoa dos Gatos,Lagoa dos Gatos,2020-12-03,377,0,6,0
Lagoa dos Gatos,Lagoa dos Gatos,2020-12-04,377,0,6,0
Lagoa dos Gatos,Lagoa dos Gatos,2020-12-05,377,0,6,0
Lagoa dos Gatos,Lagoa dos Gatos,2020-12-06,377,0,6,0
Lagoa dos Gatos,Lagoa dos Gatos,2020-12-07,377,0,6,0
Lagoa dos Gatos,Lagoa dos Gatos,2020-12-08,378,1,6,0
Lagoa dos Gatos,Lagoa dos Gatos,2020-12-09,378,0,6,0
Lagoa dos Gatos,Lagoa dos Gatos,2020-12-10,378,0,6,0
Lagoa dos Gatos,Lagoa dos Gatos,2020-12-11,378,0,6,0
Lagoa dos Gatos,Lagoa dos Gatos,2020-12-12,378,0,6,0
Lagoa dos Gatos,Lagoa dos Gatos,2020-12-13,378,0,6,0
Lagoa dos Gatos,Lagoa dos Gatos,2020-12-14,378,0,6,0
Lagoa dos Gatos,Lagoa dos Gatos,2020-12-15,378,0,6,0
Lagoa dos Gatos,Lagoa dos Gatos,2020-12-16,378,0,6,0
Lagoa dos Gatos,Lagoa dos Gatos,2020-12-17,378,0,6,0
Lagoa dos Gatos,Lagoa dos Gatos,2020-12-18,378,0,6,0
Lagoa dos Gatos,Lagoa dos Gatos,2020-12-19,378,0,6,0
Lagoa dos Gatos,Lagoa dos Gatos,2020-12-20,378,0,6,0
Lagoa dos Gatos,Lagoa dos Gatos,2020-12-21,378,0,6,0
Lagoa dos Gatos,Lagoa dos Gatos,2020-12-22,378,0,6,0
Lagoa dos Gatos,Lagoa dos Gatos,2020-12-23,378,0,6,0
Lagoa dos Gatos,Lagoa dos Gatos,2020-12-24,378,0,6,0
Lagoa dos Gatos,Lagoa dos Gatos,2020-12-25,378,0,6,0
Lagoa dos Gatos,Lagoa dos Gatos,2020-12-26,378,0,6,0
Lagoa dos Gatos,Lagoa dos Gatos,2020-12-27,378,0,6,0
Lagoa dos Gatos,Lagoa dos Gatos,2020-12-28,378,0,6,0
Lagoa dos Gatos,Lagoa dos Gatos,2020-12-29,378,0,6,0
Lagoa dos Gatos,Lagoa dos Gatos,2020-12-30,378,0,6,0
Lagoa dos Gatos,Lagoa dos Gatos,2020-12-31,378,0,6,0
Lagoa dos Gatos,Lagoa dos Gatos,2021-01-01,378,0,6,0
Lagoa dos Gatos,Lagoa dos Gatos,2021-01-02,378,0,6,0
Lagoa dos Gatos,Lagoa dos Gatos,2021-01-03,378,0,6,0
Lagoa dos Gatos,Lagoa dos Gatos,2021-01-04,378,0,6,0
Lagoa dos Gatos,Lagoa dos Gatos,2021-01-05,378,0,6,0
Lagoa dos Gatos,Lagoa dos Gatos,2021-01-06,378,0,6,0
Lagoa dos Gatos,Lagoa dos Gatos,2021-01-07,378,0,6,0
Lagoa dos Gatos,Lagoa dos Gatos,2021-01-08,378,0,6,0
Lagoa dos Gatos,Lagoa dos Gatos,2021-01-09,382,4,6,0
Lagoa dos Gatos,Lagoa dos Gatos,2021-01-10,382,0,6,0
Lagoa dos Gatos,Lagoa dos Gatos,2021-01-11,382,0,6,0
Lagoa dos Gatos,Lagoa dos Gatos,2021-01-12,382,0,6,0
Lagoa dos Gatos,Lagoa dos Gatos,2021-01-13,382,0,6,0
Lagoa dos Gatos,Lagoa dos Gatos,2021-01-14,382,0,6,0
Lagoa dos Gatos,Lagoa dos Gatos,2021-01-15,389,7,6,0
Lagoa dos Gatos,Lagoa dos Gatos,2021-01-16,389,0,6,0
Lagoa dos Gatos,Lagoa dos Gatos,2021-01-17,389,0,6,0
Lagoa dos Gatos,Lagoa dos Gatos,2021-01-18,389,0,6,0
Lagoa dos Gatos,Lagoa dos Gatos,2021-01-19,389,0,6,0
Lagoa dos Gatos,Lagoa dos Gatos,2021-01-20,389,0,6,0
Lagoa dos Gatos,Lagoa dos Gatos,2021-01-21,389,0,6,0
Lagoa dos Gatos,Lagoa dos Gatos,2021-01-22,389,0,6,0
Lagoa dos Gatos,Lagoa dos Gatos,2021-01-23,390,1,6,0
Lagoa dos Gatos,Lagoa dos Gatos,2021-01-24,390,0,6,0
Lagoa dos Gatos,Lagoa dos Gatos,2021-01-25,390,0,6,0
Lagoa dos Gatos,Lagoa dos Gatos,2021-01-26,390,0,6,0
Lagoa dos Gatos,Lagoa dos Gatos,2021-01-27,390,0,6,0
Lagoa dos Gatos,Lagoa dos Gatos,2021-01-28,390,0,6,0
Lagoa dos Gatos,Lagoa dos Gatos,2021-01-29,398,8,6,0
Lagoa dos Gatos,Lagoa dos Gatos,2021-01-30,398,0,6,0
Lagoa dos Gatos,Lagoa dos Gatos,2021-01-31,398,0,6,0
Lagoa dos Gatos,Lagoa dos Gatos,2021-02-01,398,0,6,0
Lagoa dos Gatos,Lagoa dos Gatos,2021-02-02,398,0,6,0
Lagoa dos Gatos,Lagoa dos Gatos,2021-02-03,398,0,6,0
Lagoa dos Gatos,Lagoa dos Gatos,2021-02-04,398,0,6,0
Lagoa dos Gatos,Lagoa dos Gatos,2021-02-05,398,0,6,0
Lagoa dos Gatos,Lagoa dos Gatos,2021-02-06,398,0,6,0
Lagoa dos Gatos,Lagoa dos Gatos,2021-02-07,398,0,6,0
Lagoa dos Gatos,Lagoa dos Gatos,2021-02-08,398,0,6,0
