city,city,date,cases,daily cases,deaths,daily deaths
Laranjeiras,Laranjeiras,2020-03-27,0,0,0,0
Laranjeiras,Laranjeiras,2020-03-28,0,0,0,0
Laranjeiras,Laranjeiras,2020-03-29,0,0,0,0
Laranjeiras,Laranjeiras,2020-03-30,0,0,0,0
Laranjeiras,Laranjeiras,2020-03-31,0,0,0,0
Laranjeiras,Laranjeiras,2020-04-01,0,0,0,0
Laranjeiras,Laranjeiras,2020-04-02,0,0,0,0
Laranjeiras,Laranjeiras,2020-04-03,0,0,0,0
Laranjeiras,Laranjeiras,2020-04-04,0,0,0,0
Laranjeiras,Laranjeiras,2020-04-05,0,0,0,0
Laranjeiras,Laranjeiras,2020-04-06,0,0,0,0
Laranjeiras,Laranjeiras,2020-04-07,0,0,0,0
Laranjeiras,Laranjeiras,2020-04-08,0,0,0,0
Laranjeiras,Laranjeiras,2020-04-09,0,0,0,0
Laranjeiras,Laranjeiras,2020-04-10,0,0,0,0
Laranjeiras,Laranjeiras,2020-04-11,0,0,0,0
Laranjeiras,Laranjeiras,2020-04-12,0,0,0,0
Laranjeiras,Laranjeiras,2020-04-13,0,0,0,0
Laranjeiras,Laranjeiras,2020-04-14,0,0,0,0
Laranjeiras,Laranjeiras,2020-04-15,0,0,0,0
Laranjeiras,Laranjeiras,2020-04-16,0,0,0,0
Laranjeiras,Laranjeiras,2020-04-17,0,0,0,0
Laranjeiras,Laranjeiras,2020-04-18,0,0,0,0
Laranjeiras,Laranjeiras,2020-04-19,0,0,0,0
Laranjeiras,Laranjeiras,2020-04-20,0,0,0,0
Laranjeiras,Laranjeiras,2020-04-21,0,0,0,0
Laranjeiras,Laranjeiras,2020-04-22,0,0,0,0
Laranjeiras,Laranjeiras,2020-04-23,0,0,0,0
Laranjeiras,Laranjeiras,2020-04-24,0,0,0,0
Laranjeiras,Laranjeiras,2020-04-25,0,0,0,0
Laranjeiras,Laranjeiras,2020-04-26,0,0,0,0
Laranjeiras,Laranjeiras,2020-04-27,0,0,0,0
Laranjeiras,Laranjeiras,2020-04-28,0,0,0,0
Laranjeiras,Laranjeiras,2020-04-29,0,0,0,0
Laranjeiras,Laranjeiras,2020-04-30,2,2,0,0
Laranjeiras,Laranjeiras,2020-05-01,2,0,0,0
Laranjeiras,Laranjeiras,2020-05-02,3,1,0,0
Laranjeiras,Laranjeiras,2020-05-03,4,1,0,0
Laranjeiras,Laranjeiras,2020-05-04,4,0,0,0
Laranjeiras,Laranjeiras,2020-05-05,4,0,0,0
Laranjeiras,Laranjeiras,2020-05-06,4,0,0,0
Laranjeiras,Laranjeiras,2020-05-07,5,1,0,0
Laranjeiras,Laranjeiras,2020-05-08,5,0,0,0
Laranjeiras,Laranjeiras,2020-05-09,5,0,0,0
Laranjeiras,Laranjeiras,2020-05-10,6,1,0,0
Laranjeiras,Laranjeiras,2020-05-11,6,0,0,0
Laranjeiras,Laranjeiras,2020-05-12,7,1,0,0
Laranjeiras,Laranjeiras,2020-05-13,9,2,0,0
Laranjeiras,Laranjeiras,2020-05-14,11,2,0,0
Laranjeiras,Laranjeiras,2020-05-15,11,0,0,0
Laranjeiras,Laranjeiras,2020-05-16,14,3,1,1
Laranjeiras,Laranjeiras,2020-05-17,14,0,1,0
Laranjeiras,Laranjeiras,2020-05-18,14,0,1,0
Laranjeiras,Laranjeiras,2020-05-19,14,0,1,0
Laranjeiras,Laranjeiras,2020-05-20,17,3,1,0
Laranjeiras,Laranjeiras,2020-05-21,18,1,2,1
Laranjeiras,Laranjeiras,2020-05-22,18,0,2,0
Laranjeiras,Laranjeiras,2020-05-23,18,0,2,0
Laranjeiras,Laranjeiras,2020-05-24,18,0,2,0
Laranjeiras,Laranjeiras,2020-05-25,18,0,2,0
Laranjeiras,Laranjeiras,2020-05-26,19,1,2,0
Laranjeiras,Laranjeiras,2020-05-27,19,0,2,0
Laranjeiras,Laranjeiras,2020-05-28,19,0,2,0
Laranjeiras,Laranjeiras,2020-05-29,23,4,2,0
Laranjeiras,Laranjeiras,2020-05-30,23,0,2,0
Laranjeiras,Laranjeiras,2020-05-31,25,2,2,0
Laranjeiras,Laranjeiras,2020-06-01,25,0,2,0
Laranjeiras,Laranjeiras,2020-06-02,26,1,2,0
Laranjeiras,Laranjeiras,2020-06-03,26,0,2,0
Laranjeiras,Laranjeiras,2020-06-04,27,1,2,0
Laranjeiras,Laranjeiras,2020-06-05,28,1,2,0
Laranjeiras,Laranjeiras,2020-06-06,32,4,2,0
Laranjeiras,Laranjeiras,2020-06-07,33,1,2,0
Laranjeiras,Laranjeiras,2020-06-08,35,2,2,0
Laranjeiras,Laranjeiras,2020-06-09,36,1,2,0
Laranjeiras,Laranjeiras,2020-06-10,36,0,2,0
Laranjeiras,Laranjeiras,2020-06-11,39,3,2,0
Laranjeiras,Laranjeiras,2020-06-12,46,7,2,0
Laranjeiras,Laranjeiras,2020-06-13,51,5,2,0
Laranjeiras,Laranjeiras,2020-06-14,61,10,2,0
Laranjeiras,Laranjeiras,2020-06-15,73,12,2,0
Laranjeiras,Laranjeiras,2020-06-16,72,-1,2,0
Laranjeiras,Laranjeiras,2020-06-17,81,9,2,0
Laranjeiras,Laranjeiras,2020-06-18,83,2,2,0
Laranjeiras,Laranjeiras,2020-06-19,84,1,2,0
Laranjeiras,Laranjeiras,2020-06-20,89,5,2,0
Laranjeiras,Laranjeiras,2020-06-21,88,-1,2,0
Laranjeiras,Laranjeiras,2020-06-22,89,1,4,2
Laranjeiras,Laranjeiras,2020-06-23,91,2,4,0
Laranjeiras,Laranjeiras,2020-06-24,100,9,4,0
Laranjeiras,Laranjeiras,2020-06-25,101,1,4,0
Laranjeiras,Laranjeiras,2020-06-26,106,5,4,0
Laranjeiras,Laranjeiras,2020-06-27,110,4,4,0
Laranjeiras,Laranjeiras,2020-06-28,110,0,4,0
Laranjeiras,Laranjeiras,2020-06-29,111,1,5,1
Laranjeiras,Laranjeiras,2020-06-30,113,2,5,0
Laranjeiras,Laranjeiras,2020-07-01,115,2,5,0
Laranjeiras,Laranjeiras,2020-07-02,116,1,5,0
Laranjeiras,Laranjeiras,2020-07-03,119,3,6,1
Laranjeiras,Laranjeiras,2020-07-04,123,4,6,0
Laranjeiras,Laranjeiras,2020-07-05,128,5,6,0
Laranjeiras,Laranjeiras,2020-07-06,128,0,7,1
Laranjeiras,Laranjeiras,2020-07-07,128,0,7,0
Laranjeiras,Laranjeiras,2020-07-08,130,2,7,0
Laranjeiras,Laranjeiras,2020-07-09,135,5,7,0
Laranjeiras,Laranjeiras,2020-07-10,142,7,8,1
Laranjeiras,Laranjeiras,2020-07-11,143,1,9,1
Laranjeiras,Laranjeiras,2020-07-12,150,7,9,0
Laranjeiras,Laranjeiras,2020-07-13,151,1,10,1
Laranjeiras,Laranjeiras,2020-07-14,152,1,10,0
Laranjeiras,Laranjeiras,2020-07-15,157,5,10,0
Laranjeiras,Laranjeiras,2020-07-16,158,1,11,1
Laranjeiras,Laranjeiras,2020-07-17,161,3,11,0
Laranjeiras,Laranjeiras,2020-07-18,163,2,11,0
Laranjeiras,Laranjeiras,2020-07-19,169,6,11,0
Laranjeiras,Laranjeiras,2020-07-20,171,2,12,1
Laranjeiras,Laranjeiras,2020-07-21,186,15,12,0
Laranjeiras,Laranjeiras,2020-07-22,188,2,12,0
Laranjeiras,Laranjeiras,2020-07-23,192,4,13,1
Laranjeiras,Laranjeiras,2020-07-24,203,11,13,0
Laranjeiras,Laranjeiras,2020-07-25,205,2,13,0
Laranjeiras,Laranjeiras,2020-07-26,205,0,13,0
Laranjeiras,Laranjeiras,2020-07-27,210,5,13,0
Laranjeiras,Laranjeiras,2020-07-28,224,14,14,1
Laranjeiras,Laranjeiras,2020-07-29,227,3,14,0
Laranjeiras,Laranjeiras,2020-07-30,227,0,14,0
Laranjeiras,Laranjeiras,2020-07-31,229,2,14,0
Laranjeiras,Laranjeiras,2020-08-01,229,0,15,1
Laranjeiras,Laranjeiras,2020-08-02,239,10,15,0
Laranjeiras,Laranjeiras,2020-08-03,240,1,15,0
Laranjeiras,Laranjeiras,2020-08-04,242,2,15,0
Laranjeiras,Laranjeiras,2020-08-05,242,0,15,0
Laranjeiras,Laranjeiras,2020-08-06,242,0,15,0
Laranjeiras,Laranjeiras,2020-08-07,244,2,15,0
Laranjeiras,Laranjeiras,2020-08-08,248,4,15,0
Laranjeiras,Laranjeiras,2020-08-09,250,2,15,0
Laranjeiras,Laranjeiras,2020-08-10,256,6,15,0
Laranjeiras,Laranjeiras,2020-08-11,256,0,15,0
Laranjeiras,Laranjeiras,2020-08-12,259,3,15,0
Laranjeiras,Laranjeiras,2020-08-13,260,1,16,1
Laranjeiras,Laranjeiras,2020-08-14,260,0,16,0
Laranjeiras,Laranjeiras,2020-08-15,266,6,16,0
Laranjeiras,Laranjeiras,2020-08-16,271,5,16,0
Laranjeiras,Laranjeiras,2020-08-17,271,0,16,0
Laranjeiras,Laranjeiras,2020-08-18,273,2,17,1
Laranjeiras,Laranjeiras,2020-08-19,272,-1,17,0
Laranjeiras,Laranjeiras,2020-08-20,274,2,18,1
Laranjeiras,Laranjeiras,2020-08-21,273,-1,18,0
Laranjeiras,Laranjeiras,2020-08-22,274,1,18,0
Laranjeiras,Laranjeiras,2020-08-23,275,1,18,0
Laranjeiras,Laranjeiras,2020-08-24,275,0,18,0
Laranjeiras,Laranjeiras,2020-08-25,275,0,18,0
Laranjeiras,Laranjeiras,2020-08-26,275,0,18,0
Laranjeiras,Laranjeiras,2020-08-27,276,1,18,0
Laranjeiras,Laranjeiras,2020-08-28,279,3,18,0
Laranjeiras,Laranjeiras,2020-08-29,278,-1,18,0
Laranjeiras,Laranjeiras,2020-08-30,279,1,18,0
Laranjeiras,Laranjeiras,2020-08-31,279,0,18,0
Laranjeiras,Laranjeiras,2020-09-01,278,-1,18,0
Laranjeiras,Laranjeiras,2020-09-02,278,0,19,1
Laranjeiras,Laranjeiras,2020-09-03,278,0,19,0
Laranjeiras,Laranjeiras,2020-09-04,280,2,19,0
Laranjeiras,Laranjeiras,2020-09-05,279,-1,19,0
Laranjeiras,Laranjeiras,2020-09-06,281,2,19,0
Laranjeiras,Laranjeiras,2020-09-07,282,1,19,0
Laranjeiras,Laranjeiras,2020-09-08,282,0,19,0
Laranjeiras,Laranjeiras,2020-09-09,282,0,19,0
Laranjeiras,Laranjeiras,2020-09-10,282,0,19,0
Laranjeiras,Laranjeiras,2020-09-11,283,1,19,0
Laranjeiras,Laranjeiras,2020-09-12,283,0,19,0
Laranjeiras,Laranjeiras,2020-09-13,283,0,19,0
Laranjeiras,Laranjeiras,2020-09-14,283,0,19,0
Laranjeiras,Laranjeiras,2020-09-15,284,1,19,0
Laranjeiras,Laranjeiras,2020-09-16,284,0,19,0
Laranjeiras,Laranjeiras,2020-09-17,283,-1,19,0
Laranjeiras,Laranjeiras,2020-09-18,284,1,19,0
Laranjeiras,Laranjeiras,2020-09-19,284,0,19,0
Laranjeiras,Laranjeiras,2020-09-20,284,0,19,0
Laranjeiras,Laranjeiras,2020-09-21,284,0,19,0
Laranjeiras,Laranjeiras,2020-09-22,284,0,19,0
Laranjeiras,Laranjeiras,2020-09-23,284,0,19,0
Laranjeiras,Laranjeiras,2020-09-24,285,1,19,0
Laranjeiras,Laranjeiras,2020-09-25,288,3,19,0
Laranjeiras,Laranjeiras,2020-09-26,288,0,20,1
Laranjeiras,Laranjeiras,2020-09-27,290,2,20,0
Laranjeiras,Laranjeiras,2020-09-28,291,1,20,0
Laranjeiras,Laranjeiras,2020-09-29,292,1,20,0
Laranjeiras,Laranjeiras,2020-09-30,293,1,20,0
Laranjeiras,Laranjeiras,2020-10-01,294,1,20,0
Laranjeiras,Laranjeiras,2020-10-02,294,0,20,0
Laranjeiras,Laranjeiras,2020-10-03,294,0,20,0
Laranjeiras,Laranjeiras,2020-10-04,303,9,20,0
Laranjeiras,Laranjeiras,2020-10-05,304,1,20,0
Laranjeiras,Laranjeiras,2020-10-06,304,0,20,0
Laranjeiras,Laranjeiras,2020-10-07,304,0,20,0
Laranjeiras,Laranjeiras,2020-10-08,305,1,20,0
Laranjeiras,Laranjeiras,2020-10-09,306,1,20,0
Laranjeiras,Laranjeiras,2020-10-10,306,0,20,0
Laranjeiras,Laranjeiras,2020-10-11,311,5,20,0
Laranjeiras,Laranjeiras,2020-10-12,311,0,20,0
Laranjeiras,Laranjeiras,2020-10-13,312,1,20,0
Laranjeiras,Laranjeiras,2020-10-14,313,1,20,0
Laranjeiras,Laranjeiras,2020-10-15,313,0,20,0
Laranjeiras,Laranjeiras,2020-10-16,313,0,20,0
Laranjeiras,Laranjeiras,2020-10-17,315,2,20,0
Laranjeiras,Laranjeiras,2020-10-18,319,4,20,0
Laranjeiras,Laranjeiras,2020-10-19,319,0,20,0
Laranjeiras,Laranjeiras,2020-10-20,323,4,20,0
Laranjeiras,Laranjeiras,2020-10-21,325,2,20,0
Laranjeiras,Laranjeiras,2020-10-22,325,0,20,0
Laranjeiras,Laranjeiras,2020-10-23,326,1,20,0
Laranjeiras,Laranjeiras,2020-10-24,326,0,20,0
Laranjeiras,Laranjeiras,2020-10-25,328,2,20,0
Laranjeiras,Laranjeiras,2020-10-26,328,0,21,1
Laranjeiras,Laranjeiras,2020-10-27,329,1,21,0
Laranjeiras,Laranjeiras,2020-10-28,329,0,21,0
Laranjeiras,Laranjeiras,2020-10-29,329,0,22,1
Laranjeiras,Laranjeiras,2020-10-30,329,0,22,0
Laranjeiras,Laranjeiras,2020-10-31,330,1,23,1
Laranjeiras,Laranjeiras,2020-11-01,330,0,23,0
Laranjeiras,Laranjeiras,2020-11-02,330,0,23,0
Laranjeiras,Laranjeiras,2020-11-03,330,0,23,0
Laranjeiras,Laranjeiras,2020-11-04,330,0,23,0
Laranjeiras,Laranjeiras,2020-11-05,331,1,23,0
Laranjeiras,Laranjeiras,2020-11-06,331,0,23,0
Laranjeiras,Laranjeiras,2020-11-07,331,0,23,0
Laranjeiras,Laranjeiras,2020-11-08,331,0,23,0
Laranjeiras,Laranjeiras,2020-11-09,331,0,23,0
Laranjeiras,Laranjeiras,2020-11-10,331,0,23,0
Laranjeiras,Laranjeiras,2020-11-11,331,0,23,0
Laranjeiras,Laranjeiras,2020-11-12,331,0,23,0
Laranjeiras,Laranjeiras,2020-11-13,331,0,23,0
Laranjeiras,Laranjeiras,2020-11-14,331,0,23,0
Laranjeiras,Laranjeiras,2020-11-15,331,0,23,0
Laranjeiras,Laranjeiras,2020-11-16,331,0,23,0
Laranjeiras,Laranjeiras,2020-11-17,331,0,23,0
Laranjeiras,Laranjeiras,2020-11-18,331,0,23,0
Laranjeiras,Laranjeiras,2020-11-19,332,1,23,0
Laranjeiras,Laranjeiras,2020-11-20,332,0,23,0
Laranjeiras,Laranjeiras,2020-11-21,340,8,23,0
Laranjeiras,Laranjeiras,2020-11-22,343,3,23,0
Laranjeiras,Laranjeiras,2020-11-23,344,1,23,0
Laranjeiras,Laranjeiras,2020-11-24,346,2,23,0
Laranjeiras,Laranjeiras,2020-11-25,346,0,23,0
Laranjeiras,Laranjeiras,2020-11-26,346,0,23,0
Laranjeiras,Laranjeiras,2020-11-27,347,1,23,0
Laranjeiras,Laranjeiras,2020-11-28,348,1,23,0
Laranjeiras,Laranjeiras,2020-11-29,352,4,23,0
Laranjeiras,Laranjeiras,2020-11-30,353,1,23,0
Laranjeiras,Laranjeiras,2020-12-01,353,0,23,0
Laranjeiras,Laranjeiras,2020-12-02,353,0,23,0
Laranjeiras,Laranjeiras,2020-12-03,356,3,23,0
Laranjeiras,Laranjeiras,2020-12-04,356,0,23,0
Laranjeiras,Laranjeiras,2020-12-05,356,0,23,0
Laranjeiras,Laranjeiras,2020-12-06,364,8,23,0
Laranjeiras,Laranjeiras,2020-12-07,364,0,23,0
Laranjeiras,Laranjeiras,2020-12-08,365,1,23,0
Laranjeiras,Laranjeiras,2020-12-09,369,4,23,0
Laranjeiras,Laranjeiras,2020-12-10,370,1,23,0
Laranjeiras,Laranjeiras,2020-12-11,370,0,23,0
Laranjeiras,Laranjeiras,2020-12-12,371,1,23,0
Laranjeiras,Laranjeiras,2020-12-13,371,0,23,0
Laranjeiras,Laranjeiras,2020-12-14,371,0,23,0
Laranjeiras,Laranjeiras,2020-12-15,371,0,23,0
Laranjeiras,Laranjeiras,2020-12-16,374,3,23,0
Laranjeiras,Laranjeiras,2020-12-17,376,2,23,0
Laranjeiras,Laranjeiras,2020-12-18,375,-1,23,0
Laranjeiras,Laranjeiras,2020-12-19,379,4,23,0
Laranjeiras,Laranjeiras,2020-12-20,380,1,23,0
Laranjeiras,Laranjeiras,2020-12-21,380,0,23,0
Laranjeiras,Laranjeiras,2020-12-22,382,2,23,0
Laranjeiras,Laranjeiras,2020-12-23,386,4,23,0
Laranjeiras,Laranjeiras,2020-12-24,392,6,23,0
Laranjeiras,Laranjeiras,2020-12-25,414,22,23,0
Laranjeiras,Laranjeiras,2020-12-26,416,2,23,0
Laranjeiras,Laranjeiras,2020-12-27,418,2,23,0
Laranjeiras,Laranjeiras,2020-12-28,418,0,23,0
Laranjeiras,Laranjeiras,2020-12-29,418,0,23,0
Laranjeiras,Laranjeiras,2020-12-30,420,2,23,0
Laranjeiras,Laranjeiras,2020-12-31,425,5,23,0
Laranjeiras,Laranjeiras,2021-01-01,426,1,23,0
Laranjeiras,Laranjeiras,2021-01-02,428,2,23,0
Laranjeiras,Laranjeiras,2021-01-03,428,0,24,1
Laranjeiras,Laranjeiras,2021-01-04,429,1,24,0
Laranjeiras,Laranjeiras,2021-01-05,430,1,25,1
Laranjeiras,Laranjeiras,2021-01-06,432,2,25,0
Laranjeiras,Laranjeiras,2021-01-07,434,2,25,0
Laranjeiras,Laranjeiras,2021-01-08,440,6,25,0
Laranjeiras,Laranjeiras,2021-01-09,451,11,25,0
Laranjeiras,Laranjeiras,2021-01-10,455,4,25,0
Laranjeiras,Laranjeiras,2021-01-11,456,1,25,0
Laranjeiras,Laranjeiras,2021-01-12,456,0,25,0
Laranjeiras,Laranjeiras,2021-01-13,459,3,25,0
Laranjeiras,Laranjeiras,2021-01-14,462,3,25,0
Laranjeiras,Laranjeiras,2021-01-15,464,2,25,0
Laranjeiras,Laranjeiras,2021-01-16,464,0,25,0
Laranjeiras,Laranjeiras,2021-01-17,464,0,25,0
Laranjeiras,Laranjeiras,2021-01-18,474,10,25,0
Laranjeiras,Laranjeiras,2021-01-19,475,1,25,0
Laranjeiras,Laranjeiras,2021-01-20,475,0,25,0
Laranjeiras,Laranjeiras,2021-01-21,475,0,25,0
Laranjeiras,Laranjeiras,2021-01-22,476,1,25,0
Laranjeiras,Laranjeiras,2021-01-23,476,0,25,0
Laranjeiras,Laranjeiras,2021-01-24,504,28,25,0
Laranjeiras,Laranjeiras,2021-01-25,508,4,25,0
Laranjeiras,Laranjeiras,2021-01-26,510,2,25,0
Laranjeiras,Laranjeiras,2021-01-27,510,0,25,0
Laranjeiras,Laranjeiras,2021-01-28,511,1,25,0
Laranjeiras,Laranjeiras,2021-01-29,511,0,25,0
Laranjeiras,Laranjeiras,2021-01-30,513,2,25,0
Laranjeiras,Laranjeiras,2021-01-31,560,47,25,0
Laranjeiras,Laranjeiras,2021-02-01,563,3,25,0
Laranjeiras,Laranjeiras,2021-02-02,563,0,25,0
Laranjeiras,Laranjeiras,2021-02-03,570,7,25,0
Laranjeiras,Laranjeiras,2021-02-04,570,0,25,0
Laranjeiras,Laranjeiras,2021-02-05,571,1,25,0
Laranjeiras,Laranjeiras,2021-02-06,571,0,25,0
Laranjeiras,Laranjeiras,2021-02-07,574,3,25,0
Laranjeiras,Laranjeiras,2021-02-08,583,9,25,0
