city,city,date,cases,daily cases,deaths,daily deaths
Luziânia,Luziânia,2020-03-27,0,0,0,0
Luziânia,Luziânia,2020-03-28,1,1,1,1
Luziânia,Luziânia,2020-03-29,1,0,1,0
Luziânia,Luziânia,2020-03-30,1,0,1,0
Luziânia,Luziânia,2020-03-31,1,0,1,0
Luziânia,Luziânia,2020-04-01,2,1,1,0
Luziânia,Luziânia,2020-04-02,1,-1,1,0
Luziânia,Luziânia,2020-04-03,1,0,1,0
Luziânia,Luziânia,2020-04-04,1,0,1,0
Luziânia,Luziânia,2020-04-05,1,0,1,0
Luziânia,Luziânia,2020-04-06,6,5,1,0
Luziânia,Luziânia,2020-04-07,6,0,1,0
Luziânia,Luziânia,2020-04-08,6,0,1,0
Luziânia,Luziânia,2020-04-09,6,0,1,0
Luziânia,Luziânia,2020-04-10,6,0,1,0
Luziânia,Luziânia,2020-04-11,8,2,2,1
Luziânia,Luziânia,2020-04-12,8,0,2,0
Luziânia,Luziânia,2020-04-13,8,0,2,0
Luziânia,Luziânia,2020-04-14,8,0,2,0
Luziânia,Luziânia,2020-04-15,8,0,2,0
Luziânia,Luziânia,2020-04-16,8,0,2,0
Luziânia,Luziânia,2020-04-17,8,0,2,0
Luziânia,Luziânia,2020-04-18,8,0,2,0
Luziânia,Luziânia,2020-04-19,10,2,2,0
Luziânia,Luziânia,2020-04-20,10,0,2,0
Luziânia,Luziânia,2020-04-21,9,-1,2,0
Luziânia,Luziânia,2020-04-22,9,0,2,0
Luziânia,Luziânia,2020-04-23,9,0,2,0
Luziânia,Luziânia,2020-04-24,9,0,2,0
Luziânia,Luziânia,2020-04-25,11,2,2,0
Luziânia,Luziânia,2020-04-26,11,0,2,0
Luziânia,Luziânia,2020-04-27,11,0,3,1
Luziânia,Luziânia,2020-04-28,13,2,3,0
Luziânia,Luziânia,2020-04-29,13,0,3,0
Luziânia,Luziânia,2020-04-30,13,0,3,0
Luziânia,Luziânia,2020-05-01,13,0,3,0
Luziânia,Luziânia,2020-05-02,13,0,3,0
Luziânia,Luziânia,2020-05-03,13,0,3,0
Luziânia,Luziânia,2020-05-04,13,0,3,0
Luziânia,Luziânia,2020-05-05,13,0,3,0
Luziânia,Luziânia,2020-05-06,14,1,1,-2
Luziânia,Luziânia,2020-05-07,15,1,3,2
Luziânia,Luziânia,2020-05-08,13,-2,3,0
Luziânia,Luziânia,2020-05-09,14,1,0,-3
Luziânia,Luziânia,2020-05-10,14,0,3,3
Luziânia,Luziânia,2020-05-11,14,0,3,0
Luziânia,Luziânia,2020-05-12,14,0,3,0
Luziânia,Luziânia,2020-05-13,14,0,3,0
Luziânia,Luziânia,2020-05-14,26,12,3,0
Luziânia,Luziânia,2020-05-15,35,9,3,0
Luziânia,Luziânia,2020-05-16,43,8,3,0
Luziânia,Luziânia,2020-05-17,43,0,3,0
Luziânia,Luziânia,2020-05-18,44,1,3,0
Luziânia,Luziânia,2020-05-19,45,1,3,0
Luziânia,Luziânia,2020-05-20,43,-2,3,0
Luziânia,Luziânia,2020-05-21,48,5,3,0
Luziânia,Luziânia,2020-05-22,55,7,3,0
Luziânia,Luziânia,2020-05-23,56,1,3,0
Luziânia,Luziânia,2020-05-24,56,0,3,0
Luziânia,Luziânia,2020-05-25,56,0,3,0
Luziânia,Luziânia,2020-05-26,57,1,3,0
Luziânia,Luziânia,2020-05-27,71,14,3,0
Luziânia,Luziânia,2020-05-28,74,3,4,1
Luziânia,Luziânia,2020-05-29,75,1,4,0
Luziânia,Luziânia,2020-05-30,74,-1,4,0
Luziânia,Luziânia,2020-05-31,74,0,4,0
Luziânia,Luziânia,2020-06-01,78,4,4,0
Luziânia,Luziânia,2020-06-02,88,10,4,0
Luziânia,Luziânia,2020-06-03,93,5,4,0
Luziânia,Luziânia,2020-06-04,97,4,4,0
Luziânia,Luziânia,2020-06-05,97,0,4,0
Luziânia,Luziânia,2020-06-06,101,4,4,0
Luziânia,Luziânia,2020-06-07,101,0,4,0
Luziânia,Luziânia,2020-06-08,139,38,4,0
Luziânia,Luziânia,2020-06-09,155,16,4,0
Luziânia,Luziânia,2020-06-10,157,2,4,0
Luziânia,Luziânia,2020-06-11,172,15,4,0
Luziânia,Luziânia,2020-06-12,171,-1,4,0
Luziânia,Luziânia,2020-06-13,174,3,5,1
Luziânia,Luziânia,2020-06-14,174,0,5,0
Luziânia,Luziânia,2020-06-15,222,48,5,0
Luziânia,Luziânia,2020-06-16,295,73,6,1
Luziânia,Luziânia,2020-06-17,351,56,6,0
Luziânia,Luziânia,2020-06-18,380,29,6,0
Luziânia,Luziânia,2020-06-19,386,6,6,0
Luziânia,Luziânia,2020-06-20,403,17,6,0
Luziânia,Luziânia,2020-06-21,413,10,6,0
Luziânia,Luziânia,2020-06-22,416,3,6,0
Luziânia,Luziânia,2020-06-23,416,0,6,0
Luziânia,Luziânia,2020-06-24,443,27,6,0
Luziânia,Luziânia,2020-06-25,466,23,6,0
Luziânia,Luziânia,2020-06-26,504,38,6,0
Luziânia,Luziânia,2020-06-27,547,43,6,0
Luziânia,Luziânia,2020-06-28,549,2,6,0
Luziânia,Luziânia,2020-06-29,566,17,6,0
Luziânia,Luziânia,2020-06-30,589,23,7,1
Luziânia,Luziânia,2020-07-01,781,192,7,0
Luziânia,Luziânia,2020-07-02,794,13,7,0
Luziânia,Luziânia,2020-07-03,794,0,7,0
Luziânia,Luziânia,2020-07-04,802,8,11,4
Luziânia,Luziânia,2020-07-05,804,2,12,1
Luziânia,Luziânia,2020-07-06,827,23,12,0
Luziânia,Luziânia,2020-07-07,864,37,16,4
Luziânia,Luziânia,2020-07-08,902,38,17,1
Luziânia,Luziânia,2020-07-09,977,75,18,1
Luziânia,Luziânia,2020-07-10,1042,65,22,4
Luziânia,Luziânia,2020-07-11,1063,21,21,-1
Luziânia,Luziânia,2020-07-12,1065,2,21,0
Luziânia,Luziânia,2020-07-13,1073,8,21,0
Luziânia,Luziânia,2020-07-14,1091,18,21,0
Luziânia,Luziânia,2020-07-15,1164,73,21,0
Luziânia,Luziânia,2020-07-16,1214,50,21,0
Luziânia,Luziânia,2020-07-17,1218,4,21,0
Luziânia,Luziânia,2020-07-18,1225,7,23,2
Luziânia,Luziânia,2020-07-19,1227,2,23,0
Luziânia,Luziânia,2020-07-20,1227,0,23,0
Luziânia,Luziânia,2020-07-21,1255,28,23,0
Luziânia,Luziânia,2020-07-22,1196,-59,25,2
Luziânia,Luziânia,2020-07-23,1256,60,25,0
Luziânia,Luziânia,2020-07-24,1279,23,30,5
Luziânia,Luziânia,2020-07-25,1336,57,32,2
Luziânia,Luziânia,2020-07-26,1348,12,32,0
Luziânia,Luziânia,2020-07-27,1402,54,33,1
Luziânia,Luziânia,2020-07-28,1415,13,33,0
Luziânia,Luziânia,2020-07-29,1530,115,33,0
Luziânia,Luziânia,2020-07-30,1594,64,33,0
Luziânia,Luziânia,2020-07-31,1628,34,35,2
Luziânia,Luziânia,2020-08-01,1672,44,39,4
Luziânia,Luziânia,2020-08-02,1685,13,39,0
Luziânia,Luziânia,2020-08-03,1691,6,39,0
Luziânia,Luziânia,2020-08-04,1745,54,40,1
Luziânia,Luziânia,2020-08-05,1839,94,42,2
Luziânia,Luziânia,2020-08-06,1969,130,43,1
Luziânia,Luziânia,2020-08-07,2025,56,46,3
Luziânia,Luziânia,2020-08-08,2073,48,47,1
Luziânia,Luziânia,2020-08-09,2079,6,47,0
Luziânia,Luziânia,2020-08-10,2106,27,47,0
Luziânia,Luziânia,2020-08-11,2190,84,47,0
Luziânia,Luziânia,2020-08-12,2275,85,48,1
Luziânia,Luziânia,2020-08-13,2321,46,52,4
Luziânia,Luziânia,2020-08-14,2376,55,53,1
Luziânia,Luziânia,2020-08-15,2420,44,53,0
Luziânia,Luziânia,2020-08-16,2428,8,54,1
Luziânia,Luziânia,2020-08-17,2449,21,55,1
Luziânia,Luziânia,2020-08-18,2452,3,55,0
Luziânia,Luziânia,2020-08-19,2471,19,57,2
Luziânia,Luziânia,2020-08-20,2507,36,58,1
Luziânia,Luziânia,2020-08-21,2563,56,59,1
Luziânia,Luziânia,2020-08-22,2603,40,60,1
Luziânia,Luziânia,2020-08-23,2618,15,60,0
Luziânia,Luziânia,2020-08-24,2640,22,60,0
Luziânia,Luziânia,2020-08-25,2716,76,61,1
Luziânia,Luziânia,2020-08-26,2804,88,62,1
Luziânia,Luziânia,2020-08-27,2906,102,65,3
Luziânia,Luziânia,2020-08-28,3003,97,67,2
Luziânia,Luziânia,2020-08-29,3037,34,70,3
Luziânia,Luziânia,2020-08-30,3077,40,70,0
Luziânia,Luziânia,2020-08-31,3136,59,70,0
Luziânia,Luziânia,2020-09-01,3272,136,74,4
Luziânia,Luziânia,2020-09-02,3425,153,75,1
Luziânia,Luziânia,2020-09-03,3472,47,86,11
Luziânia,Luziânia,2020-09-04,3519,47,87,1
Luziânia,Luziânia,2020-09-05,3563,44,86,-1
Luziânia,Luziânia,2020-09-06,3563,0,86,0
Luziânia,Luziânia,2020-09-07,3560,-3,86,0
Luziânia,Luziânia,2020-09-08,3601,41,86,0
Luziânia,Luziânia,2020-09-09,3736,135,87,1
Luziânia,Luziânia,2020-09-10,3760,24,88,1
Luziânia,Luziânia,2020-09-11,3844,84,88,0
Luziânia,Luziânia,2020-09-12,3874,30,90,2
Luziânia,Luziânia,2020-09-13,3879,5,90,0
Luziânia,Luziânia,2020-09-14,4051,172,90,0
Luziânia,Luziânia,2020-09-15,4089,38,90,0
Luziânia,Luziânia,2020-09-16,4211,122,94,4
Luziânia,Luziânia,2020-09-17,4298,87,94,0
Luziânia,Luziânia,2020-09-18,4367,69,95,1
Luziânia,Luziânia,2020-09-19,4415,48,96,1
Luziânia,Luziânia,2020-09-20,4415,0,96,0
Luziânia,Luziânia,2020-09-21,4454,39,96,0
Luziânia,Luziânia,2020-09-22,4475,21,97,1
Luziânia,Luziânia,2020-09-23,4579,104,100,3
Luziânia,Luziânia,2020-09-24,4691,112,102,2
Luziânia,Luziânia,2020-09-25,4754,63,102,0
Luziânia,Luziânia,2020-09-26,4790,36,103,1
Luziânia,Luziânia,2020-09-27,4793,3,103,0
Luziânia,Luziânia,2020-09-28,4843,50,103,0
Luziânia,Luziânia,2020-09-29,4989,146,105,2
Luziânia,Luziânia,2020-09-30,4963,-26,105,0
Luziânia,Luziânia,2020-10-01,5038,75,106,1
Luziânia,Luziânia,2020-10-02,5048,10,109,3
Luziânia,Luziânia,2020-10-03,5097,49,109,0
Luziânia,Luziânia,2020-10-04,5098,1,109,0
Luziânia,Luziânia,2020-10-05,5144,46,109,0
Luziânia,Luziânia,2020-10-06,5201,57,111,2
Luziânia,Luziânia,2020-10-07,5263,62,111,0
Luziânia,Luziânia,2020-10-08,5273,10,112,1
Luziânia,Luziânia,2020-10-09,5284,11,113,1
Luziânia,Luziânia,2020-10-10,5291,7,115,2
Luziânia,Luziânia,2020-10-11,5291,0,115,0
Luziânia,Luziânia,2020-10-12,5291,0,115,0
Luziânia,Luziânia,2020-10-13,5348,57,115,0
Luziânia,Luziânia,2020-10-14,5451,103,115,0
Luziânia,Luziânia,2020-10-15,5485,34,118,3
Luziânia,Luziânia,2020-10-16,5555,70,118,0
Luziânia,Luziânia,2020-10-17,5572,17,118,0
Luziânia,Luziânia,2020-10-18,5572,0,118,0
Luziânia,Luziânia,2020-10-19,5633,61,120,2
Luziânia,Luziânia,2020-10-20,5645,12,121,1
Luziânia,Luziânia,2020-10-21,5647,2,120,-1
Luziânia,Luziânia,2020-10-22,5677,30,120,0
Luziânia,Luziânia,2020-10-23,5795,118,120,0
Luziânia,Luziânia,2020-10-24,5849,54,122,2
Luziânia,Luziânia,2020-10-25,5849,0,122,0
Luziânia,Luziânia,2020-10-26,5886,37,122,0
Luziânia,Luziânia,2020-10-27,5922,36,124,2
Luziânia,Luziânia,2020-10-28,5957,35,124,0
Luziânia,Luziânia,2020-10-29,5974,17,126,2
Luziânia,Luziânia,2020-10-30,5998,24,126,0
Luziânia,Luziânia,2020-10-31,6001,3,126,0
Luziânia,Luziânia,2020-11-01,6002,1,126,0
Luziânia,Luziânia,2020-11-02,6005,3,126,0
Luziânia,Luziânia,2020-11-03,6021,16,126,0
Luziânia,Luziânia,2020-11-04,6059,38,131,5
Luziânia,Luziânia,2020-11-05,6080,21,131,0
Luziânia,Luziânia,2020-11-06,6088,8,131,0
Luziânia,Luziânia,2020-11-07,6103,15,131,0
Luziânia,Luziânia,2020-11-08,6103,0,131,0
Luziânia,Luziânia,2020-11-09,6105,2,131,0
Luziânia,Luziânia,2020-11-10,6167,62,131,0
Luziânia,Luziânia,2020-11-11,6170,3,131,0
Luziânia,Luziânia,2020-11-12,6258,88,132,1
Luziânia,Luziânia,2020-11-13,6264,6,132,0
Luziânia,Luziânia,2020-11-14,6269,5,135,3
Luziânia,Luziânia,2020-11-15,6269,0,135,0
Luziânia,Luziânia,2020-11-16,6282,13,135,0
Luziânia,Luziânia,2020-11-17,6298,16,135,0
Luziânia,Luziânia,2020-11-18,6326,28,135,0
Luziânia,Luziânia,2020-11-19,6375,49,137,2
Luziânia,Luziânia,2020-11-20,6422,47,138,1
Luziânia,Luziânia,2020-11-21,6423,1,139,1
Luziânia,Luziânia,2020-11-22,6423,0,139,0
Luziânia,Luziânia,2020-11-23,6440,17,139,0
Luziânia,Luziânia,2020-11-24,6452,12,139,0
Luziânia,Luziânia,2020-11-25,6501,49,139,0
Luziânia,Luziânia,2020-11-26,6514,13,139,0
Luziânia,Luziânia,2020-11-27,6514,0,139,0
Luziânia,Luziânia,2020-11-28,6575,61,139,0
Luziânia,Luziânia,2020-11-29,6579,4,139,0
Luziânia,Luziânia,2020-11-30,6578,-1,139,0
Luziânia,Luziânia,2020-12-01,6601,23,139,0
Luziânia,Luziânia,2020-12-02,6618,17,139,0
Luziânia,Luziânia,2020-12-03,6650,32,139,0
Luziânia,Luziânia,2020-12-04,6707,57,139,0
Luziânia,Luziânia,2020-12-05,6721,14,140,1
Luziânia,Luziânia,2020-12-06,6723,2,140,0
Luziânia,Luziânia,2020-12-07,6727,4,140,0
Luziânia,Luziânia,2020-12-08,6739,12,140,0
Luziânia,Luziânia,2020-12-09,6744,5,140,0
Luziânia,Luziânia,2020-12-10,6817,73,139,-1
Luziânia,Luziânia,2020-12-11,6856,39,140,1
Luziânia,Luziânia,2020-12-12,6856,0,140,0
Luziânia,Luziânia,2020-12-13,6856,0,140,0
Luziânia,Luziânia,2020-12-14,6863,7,140,0
Luziânia,Luziânia,2020-12-15,6891,28,141,1
Luziânia,Luziânia,2020-12-16,6930,39,141,0
Luziânia,Luziânia,2020-12-17,6998,68,142,1
Luziânia,Luziânia,2020-12-18,7063,65,142,0
Luziânia,Luziânia,2020-12-19,7081,18,142,0
Luziânia,Luziânia,2020-12-20,7081,0,142,0
Luziânia,Luziânia,2020-12-21,7081,0,142,0
Luziânia,Luziânia,2020-12-22,7096,15,142,0
Luziânia,Luziânia,2020-12-23,7137,41,142,0
Luziânia,Luziânia,2020-12-24,7151,14,143,1
Luziânia,Luziânia,2020-12-25,7151,0,143,0
Luziânia,Luziânia,2020-12-26,7151,0,143,0
Luziânia,Luziânia,2020-12-27,7150,-1,143,0
Luziânia,Luziânia,2020-12-28,7151,1,143,0
Luziânia,Luziânia,2020-12-29,7208,57,143,0
Luziânia,Luziânia,2020-12-30,7233,25,143,0
Luziânia,Luziânia,2020-12-31,7256,23,143,0
Luziânia,Luziânia,2021-01-01,7249,-7,143,0
Luziânia,Luziânia,2021-01-02,7249,0,143,0
Luziânia,Luziânia,2021-01-03,7252,3,143,0
Luziânia,Luziânia,2021-01-04,7253,1,146,3
Luziânia,Luziânia,2021-01-05,7320,67,146,0
Luziânia,Luziânia,2021-01-06,7443,123,149,3
Luziânia,Luziânia,2021-01-07,7540,97,150,1
Luziânia,Luziânia,2021-01-08,7608,68,150,0
Luziânia,Luziânia,2021-01-09,7631,23,150,0
Luziânia,Luziânia,2021-01-10,7636,5,150,0
Luziânia,Luziânia,2021-01-11,7682,46,150,0
Luziânia,Luziânia,2021-01-12,7694,12,150,0
Luziânia,Luziânia,2021-01-13,7760,66,151,1
Luziânia,Luziânia,2021-01-14,7822,62,152,1
Luziânia,Luziânia,2021-01-15,7869,47,152,0
Luziânia,Luziânia,2021-01-16,7878,9,152,0
Luziânia,Luziânia,2021-01-17,7879,1,152,0
Luziânia,Luziânia,2021-01-18,7892,13,152,0
Luziânia,Luziânia,2021-01-19,7907,15,152,0
Luziânia,Luziânia,2021-01-20,7915,8,153,1
Luziânia,Luziânia,2021-01-21,7943,28,153,0
Luziânia,Luziânia,2021-01-22,7971,28,154,1
Luziânia,Luziânia,2021-01-23,8004,33,158,4
Luziânia,Luziânia,2021-01-24,8007,3,158,0
Luziânia,Luziânia,2021-01-25,8016,9,158,0
Luziânia,Luziânia,2021-01-26,8069,53,158,0
Luziânia,Luziânia,2021-01-27,8089,20,158,0
Luziânia,Luziânia,2021-01-28,8140,51,161,3
Luziânia,Luziânia,2021-01-29,8176,36,162,1
Luziânia,Luziânia,2021-01-30,8184,8,162,0
Luziânia,Luziânia,2021-01-31,8184,0,162,0
Luziânia,Luziânia,2021-02-01,8193,9,162,0
Luziânia,Luziânia,2021-02-02,8210,17,162,0
Luziânia,Luziânia,2021-02-03,8237,27,163,1
Luziânia,Luziânia,2021-02-04,8249,12,163,0
Luziânia,Luziânia,2021-02-05,8257,8,163,0
Luziânia,Luziânia,2021-02-06,8263,6,163,0
Luziânia,Luziânia,2021-02-07,8264,1,164,1
Luziânia,Luziânia,2021-02-08,8282,18,164,0
