city,city,date,cases,daily cases,deaths,daily deaths
Macaíba,Macaíba,2020-03-27,0,0,0,0
Macaíba,Macaíba,2020-03-28,1,1,0,0
Macaíba,Macaíba,2020-03-29,1,0,0,0
Macaíba,Macaíba,2020-03-30,1,0,0,0
Macaíba,Macaíba,2020-03-31,1,0,0,0
Macaíba,Macaíba,2020-04-01,1,0,0,0
Macaíba,Macaíba,2020-04-02,1,0,0,0
Macaíba,Macaíba,2020-04-03,1,0,0,0
Macaíba,Macaíba,2020-04-04,2,1,0,0
Macaíba,Macaíba,2020-04-05,2,0,0,0
Macaíba,Macaíba,2020-04-06,2,0,0,0
Macaíba,Macaíba,2020-04-07,2,0,0,0
Macaíba,Macaíba,2020-04-08,2,0,0,0
Macaíba,Macaíba,2020-04-09,2,0,0,0
Macaíba,Macaíba,2020-04-10,2,0,0,0
Macaíba,Macaíba,2020-04-11,2,0,0,0
Macaíba,Macaíba,2020-04-12,3,1,0,0
Macaíba,Macaíba,2020-04-13,4,1,0,0
Macaíba,Macaíba,2020-04-14,6,2,0,0
Macaíba,Macaíba,2020-04-15,6,0,0,0
Macaíba,Macaíba,2020-04-16,6,0,0,0
Macaíba,Macaíba,2020-04-17,6,0,0,0
Macaíba,Macaíba,2020-04-18,8,2,0,0
Macaíba,Macaíba,2020-04-19,10,2,0,0
Macaíba,Macaíba,2020-04-20,10,0,0,0
Macaíba,Macaíba,2020-04-21,10,0,0,0
Macaíba,Macaíba,2020-04-22,11,1,0,0
Macaíba,Macaíba,2020-04-23,11,0,0,0
Macaíba,Macaíba,2020-04-24,10,-1,0,0
Macaíba,Macaíba,2020-04-25,11,1,0,0
Macaíba,Macaíba,2020-04-26,15,4,1,1
Macaíba,Macaíba,2020-04-27,15,0,1,0
Macaíba,Macaíba,2020-04-28,16,1,1,0
Macaíba,Macaíba,2020-04-29,15,-1,1,0
Macaíba,Macaíba,2020-04-30,17,2,1,0
Macaíba,Macaíba,2020-05-01,16,-1,1,0
Macaíba,Macaíba,2020-05-02,16,0,2,1
Macaíba,Macaíba,2020-05-03,16,0,2,0
Macaíba,Macaíba,2020-05-04,19,3,2,0
Macaíba,Macaíba,2020-05-05,20,1,2,0
Macaíba,Macaíba,2020-05-06,19,-1,2,0
Macaíba,Macaíba,2020-05-07,21,2,3,1
Macaíba,Macaíba,2020-05-08,25,4,3,0
Macaíba,Macaíba,2020-05-09,26,1,3,0
Macaíba,Macaíba,2020-05-10,26,0,3,0
Macaíba,Macaíba,2020-05-11,31,5,3,0
Macaíba,Macaíba,2020-05-12,30,-1,3,0
Macaíba,Macaíba,2020-05-13,31,1,3,0
Macaíba,Macaíba,2020-05-14,32,1,3,0
Macaíba,Macaíba,2020-05-15,35,3,3,0
Macaíba,Macaíba,2020-05-16,39,4,3,0
Macaíba,Macaíba,2020-05-17,41,2,3,0
Macaíba,Macaíba,2020-05-18,41,0,3,0
Macaíba,Macaíba,2020-05-19,53,12,4,1
Macaíba,Macaíba,2020-05-20,58,5,4,0
Macaíba,Macaíba,2020-05-21,60,2,5,1
Macaíba,Macaíba,2020-05-22,60,0,5,0
Macaíba,Macaíba,2020-05-23,66,6,5,0
Macaíba,Macaíba,2020-05-24,71,5,5,0
Macaíba,Macaíba,2020-05-25,74,3,5,0
Macaíba,Macaíba,2020-05-26,93,19,5,0
Macaíba,Macaíba,2020-05-27,94,1,5,0
Macaíba,Macaíba,2020-05-28,94,0,5,0
Macaíba,Macaíba,2020-05-29,107,13,5,0
Macaíba,Macaíba,2020-05-30,143,36,5,0
Macaíba,Macaíba,2020-05-31,143,0,5,0
Macaíba,Macaíba,2020-06-01,148,5,5,0
Macaíba,Macaíba,2020-06-02,164,16,6,1
Macaíba,Macaíba,2020-06-03,177,13,6,0
Macaíba,Macaíba,2020-06-04,177,0,6,0
Macaíba,Macaíba,2020-06-05,178,1,7,1
Macaíba,Macaíba,2020-06-06,178,0,8,1
Macaíba,Macaíba,2020-06-07,178,0,8,0
Macaíba,Macaíba,2020-06-08,195,17,8,0
Macaíba,Macaíba,2020-06-09,199,4,10,2
Macaíba,Macaíba,2020-06-10,216,17,12,2
Macaíba,Macaíba,2020-06-11,230,14,12,0
Macaíba,Macaíba,2020-06-12,235,5,12,0
Macaíba,Macaíba,2020-06-13,247,12,12,0
Macaíba,Macaíba,2020-06-14,267,20,12,0
Macaíba,Macaíba,2020-06-15,267,0,12,0
Macaíba,Macaíba,2020-06-16,276,9,13,1
Macaíba,Macaíba,2020-06-17,276,0,13,0
Macaíba,Macaíba,2020-06-18,285,9,14,1
Macaíba,Macaíba,2020-06-19,285,0,14,0
Macaíba,Macaíba,2020-06-20,330,45,14,0
Macaíba,Macaíba,2020-06-21,335,5,14,0
Macaíba,Macaíba,2020-06-22,364,29,14,0
Macaíba,Macaíba,2020-06-23,367,3,14,0
Macaíba,Macaíba,2020-06-24,396,29,19,5
Macaíba,Macaíba,2020-06-25,410,14,21,2
Macaíba,Macaíba,2020-06-26,415,5,21,0
Macaíba,Macaíba,2020-06-27,423,8,21,0
Macaíba,Macaíba,2020-06-28,427,4,21,0
Macaíba,Macaíba,2020-06-29,517,90,22,1
Macaíba,Macaíba,2020-06-30,522,5,23,1
Macaíba,Macaíba,2020-07-01,543,21,23,0
Macaíba,Macaíba,2020-07-02,547,4,25,2
Macaíba,Macaíba,2020-07-03,551,4,26,1
Macaíba,Macaíba,2020-07-04,568,17,27,1
Macaíba,Macaíba,2020-07-05,568,0,27,0
Macaíba,Macaíba,2020-07-06,569,1,27,0
Macaíba,Macaíba,2020-07-07,579,10,28,1
Macaíba,Macaíba,2020-07-08,586,7,29,1
Macaíba,Macaíba,2020-07-09,594,8,30,1
Macaíba,Macaíba,2020-07-10,604,10,30,0
Macaíba,Macaíba,2020-07-11,605,1,30,0
Macaíba,Macaíba,2020-07-12,612,7,31,1
Macaíba,Macaíba,2020-07-13,613,1,31,0
Macaíba,Macaíba,2020-07-14,616,3,32,1
Macaíba,Macaíba,2020-07-15,619,3,32,0
Macaíba,Macaíba,2020-07-16,619,0,32,0
Macaíba,Macaíba,2020-07-17,620,1,32,0
Macaíba,Macaíba,2020-07-18,634,14,33,1
Macaíba,Macaíba,2020-07-19,638,4,34,1
Macaíba,Macaíba,2020-07-20,638,0,34,0
Macaíba,Macaíba,2020-07-21,640,2,34,0
Macaíba,Macaíba,2020-07-22,644,4,34,0
Macaíba,Macaíba,2020-07-23,652,8,34,0
Macaíba,Macaíba,2020-07-24,654,2,34,0
Macaíba,Macaíba,2020-07-25,655,1,34,0
Macaíba,Macaíba,2020-07-26,658,3,34,0
Macaíba,Macaíba,2020-07-27,659,1,34,0
Macaíba,Macaíba,2020-07-28,665,6,35,1
Macaíba,Macaíba,2020-07-29,668,3,36,1
Macaíba,Macaíba,2020-07-30,674,6,38,2
Macaíba,Macaíba,2020-07-31,678,4,38,0
Macaíba,Macaíba,2020-08-01,684,6,42,4
Macaíba,Macaíba,2020-08-02,687,3,42,0
Macaíba,Macaíba,2020-08-03,688,1,43,1
Macaíba,Macaíba,2020-08-04,694,6,58,15
Macaíba,Macaíba,2020-08-05,701,7,60,2
Macaíba,Macaíba,2020-08-06,708,7,60,0
Macaíba,Macaíba,2020-08-07,711,3,60,0
Macaíba,Macaíba,2020-08-08,712,1,60,0
Macaíba,Macaíba,2020-08-09,713,1,60,0
Macaíba,Macaíba,2020-08-10,714,1,60,0
Macaíba,Macaíba,2020-08-11,747,33,61,1
Macaíba,Macaíba,2020-08-12,723,-24,61,0
Macaíba,Macaíba,2020-08-13,725,2,62,1
Macaíba,Macaíba,2020-08-14,733,8,63,1
Macaíba,Macaíba,2020-08-15,736,3,64,1
Macaíba,Macaíba,2020-08-16,739,3,64,0
Macaíba,Macaíba,2020-08-17,741,2,65,1
Macaíba,Macaíba,2020-08-18,743,2,66,1
Macaíba,Macaíba,2020-08-19,742,-1,66,0
Macaíba,Macaíba,2020-08-20,744,2,66,0
Macaíba,Macaíba,2020-08-21,744,0,67,1
Macaíba,Macaíba,2020-08-22,747,3,67,0
Macaíba,Macaíba,2020-08-23,749,2,67,0
Macaíba,Macaíba,2020-08-24,749,0,67,0
Macaíba,Macaíba,2020-08-25,751,2,68,1
Macaíba,Macaíba,2020-08-26,752,1,68,0
Macaíba,Macaíba,2020-08-27,753,1,68,0
Macaíba,Macaíba,2020-08-28,754,1,68,0
Macaíba,Macaíba,2020-08-29,757,3,68,0
Macaíba,Macaíba,2020-08-30,758,1,68,0
Macaíba,Macaíba,2020-08-31,760,2,68,0
Macaíba,Macaíba,2020-09-01,762,2,69,1
Macaíba,Macaíba,2020-09-02,764,2,70,1
Macaíba,Macaíba,2020-09-03,768,4,70,0
Macaíba,Macaíba,2020-09-04,769,1,70,0
Macaíba,Macaíba,2020-09-05,779,10,70,0
Macaíba,Macaíba,2020-09-06,779,0,70,0
Macaíba,Macaíba,2020-09-07,779,0,70,0
Macaíba,Macaíba,2020-09-08,780,1,70,0
Macaíba,Macaíba,2020-09-09,784,4,71,1
Macaíba,Macaíba,2020-09-10,784,0,71,0
Macaíba,Macaíba,2020-09-11,786,2,71,0
Macaíba,Macaíba,2020-09-12,787,1,71,0
Macaíba,Macaíba,2020-09-13,787,0,71,0
Macaíba,Macaíba,2020-09-14,787,0,71,0
Macaíba,Macaíba,2020-09-15,787,0,71,0
Macaíba,Macaíba,2020-09-16,788,1,71,0
Macaíba,Macaíba,2020-09-17,789,1,71,0
Macaíba,Macaíba,2020-09-18,791,2,71,0
Macaíba,Macaíba,2020-09-19,793,2,71,0
Macaíba,Macaíba,2020-09-20,800,7,71,0
Macaíba,Macaíba,2020-09-21,801,1,71,0
Macaíba,Macaíba,2020-09-22,801,0,71,0
Macaíba,Macaíba,2020-09-23,802,1,71,0
Macaíba,Macaíba,2020-09-24,804,2,71,0
Macaíba,Macaíba,2020-09-25,806,2,71,0
Macaíba,Macaíba,2020-09-26,809,3,71,0
Macaíba,Macaíba,2020-09-27,809,0,72,1
Macaíba,Macaíba,2020-09-28,810,1,72,0
Macaíba,Macaíba,2020-09-29,810,0,72,0
Macaíba,Macaíba,2020-09-30,814,4,72,0
Macaíba,Macaíba,2020-10-01,827,13,72,0
Macaíba,Macaíba,2020-10-02,828,1,72,0
Macaíba,Macaíba,2020-10-03,830,2,72,0
Macaíba,Macaíba,2020-10-04,832,2,72,0
Macaíba,Macaíba,2020-10-05,834,2,72,0
Macaíba,Macaíba,2020-10-06,836,2,72,0
Macaíba,Macaíba,2020-10-07,841,5,72,0
Macaíba,Macaíba,2020-10-08,843,2,72,0
Macaíba,Macaíba,2020-10-09,843,0,72,0
Macaíba,Macaíba,2020-10-10,845,2,72,0
Macaíba,Macaíba,2020-10-11,847,2,72,0
Macaíba,Macaíba,2020-10-12,847,0,72,0
Macaíba,Macaíba,2020-10-13,847,0,72,0
Macaíba,Macaíba,2020-10-14,848,1,73,1
Macaíba,Macaíba,2020-10-15,853,5,73,0
Macaíba,Macaíba,2020-10-16,884,31,76,3
Macaíba,Macaíba,2020-10-17,886,2,76,0
Macaíba,Macaíba,2020-10-18,887,1,76,0
Macaíba,Macaíba,2020-10-19,939,52,76,0
Macaíba,Macaíba,2020-10-20,939,0,76,0
Macaíba,Macaíba,2020-10-21,939,0,76,0
Macaíba,Macaíba,2020-10-22,939,0,77,1
Macaíba,Macaíba,2020-10-23,906,-33,77,0
Macaíba,Macaíba,2020-10-24,905,-1,77,0
Macaíba,Macaíba,2020-10-25,905,0,77,0
Macaíba,Macaíba,2020-10-26,907,2,77,0
Macaíba,Macaíba,2020-10-27,908,1,77,0
Macaíba,Macaíba,2020-10-28,910,2,77,0
Macaíba,Macaíba,2020-10-29,911,1,77,0
Macaíba,Macaíba,2020-10-30,912,1,77,0
Macaíba,Macaíba,2020-10-31,907,-5,77,0
Macaíba,Macaíba,2020-11-01,906,-1,77,0
Macaíba,Macaíba,2020-11-02,906,0,77,0
Macaíba,Macaíba,2020-11-03,906,0,77,0
Macaíba,Macaíba,2020-11-04,908,2,77,0
Macaíba,Macaíba,2020-11-05,916,8,77,0
Macaíba,Macaíba,2020-11-06,910,-6,78,1
Macaíba,Macaíba,2020-11-07,909,-1,78,0
Macaíba,Macaíba,2020-11-08,909,0,78,0
Macaíba,Macaíba,2020-11-09,909,0,78,0
Macaíba,Macaíba,2020-11-10,913,4,78,0
Macaíba,Macaíba,2020-11-11,910,-3,78,0
Macaíba,Macaíba,2020-11-12,910,0,79,1
Macaíba,Macaíba,2020-11-13,916,6,80,1
Macaíba,Macaíba,2020-11-14,917,1,80,0
Macaíba,Macaíba,2020-11-15,917,0,80,0
Macaíba,Macaíba,2020-11-16,918,1,80,0
Macaíba,Macaíba,2020-11-17,926,8,80,0
Macaíba,Macaíba,2020-11-18,930,4,80,0
Macaíba,Macaíba,2020-11-19,926,-4,80,0
Macaíba,Macaíba,2020-11-20,932,6,80,0
Macaíba,Macaíba,2020-11-21,936,4,80,0
Macaíba,Macaíba,2020-11-22,948,12,80,0
Macaíba,Macaíba,2020-11-23,949,1,80,0
Macaíba,Macaíba,2020-11-24,949,0,80,0
Macaíba,Macaíba,2020-11-25,962,13,80,0
Macaíba,Macaíba,2020-11-26,972,10,80,0
Macaíba,Macaíba,2020-11-27,1007,35,80,0
Macaíba,Macaíba,2020-11-28,1019,12,80,0
Macaíba,Macaíba,2020-11-29,1028,9,80,0
Macaíba,Macaíba,2020-11-30,1033,5,80,0
Macaíba,Macaíba,2020-12-01,1041,8,80,0
Macaíba,Macaíba,2020-12-02,1058,17,80,0
Macaíba,Macaíba,2020-12-03,1072,14,80,0
Macaíba,Macaíba,2020-12-04,1074,2,80,0
Macaíba,Macaíba,2020-12-05,1076,2,81,1
Macaíba,Macaíba,2020-12-06,1079,3,81,0
Macaíba,Macaíba,2020-12-07,1091,12,82,1
Macaíba,Macaíba,2020-12-08,1101,10,84,2
Macaíba,Macaíba,2020-12-09,1106,5,84,0
Macaíba,Macaíba,2020-12-10,1136,30,84,0
Macaíba,Macaíba,2020-12-11,1147,11,84,0
Macaíba,Macaíba,2020-12-12,1151,4,84,0
Macaíba,Macaíba,2020-12-13,1166,15,84,0
Macaíba,Macaíba,2020-12-14,1176,10,84,0
Macaíba,Macaíba,2020-12-15,1184,8,85,1
Macaíba,Macaíba,2020-12-16,1199,15,85,0
Macaíba,Macaíba,2020-12-17,1201,2,85,0
Macaíba,Macaíba,2020-12-18,1212,11,85,0
Macaíba,Macaíba,2020-12-19,1217,5,85,0
Macaíba,Macaíba,2020-12-20,1242,25,85,0
Macaíba,Macaíba,2020-12-21,1249,7,85,0
Macaíba,Macaíba,2020-12-22,1258,9,86,1
Macaíba,Macaíba,2020-12-23,1285,27,86,0
Macaíba,Macaíba,2020-12-24,1296,11,85,-1
Macaíba,Macaíba,2020-12-25,1302,6,85,0
Macaíba,Macaíba,2020-12-26,1301,-1,84,-1
Macaíba,Macaíba,2020-12-27,1315,14,84,0
Macaíba,Macaíba,2020-12-28,1319,4,84,0
Macaíba,Macaíba,2020-12-29,1336,17,84,0
Macaíba,Macaíba,2020-12-30,1358,22,84,0
Macaíba,Macaíba,2020-12-31,1391,33,84,0
Macaíba,Macaíba,2021-01-01,1401,10,84,0
Macaíba,Macaíba,2021-01-02,1415,14,84,0
Macaíba,Macaíba,2021-01-03,1421,6,84,0
Macaíba,Macaíba,2021-01-04,1421,0,84,0
Macaíba,Macaíba,2021-01-05,1439,18,86,2
Macaíba,Macaíba,2021-01-06,1442,3,86,0
Macaíba,Macaíba,2021-01-07,1451,9,86,0
Macaíba,Macaíba,2021-01-08,1455,4,86,0
Macaíba,Macaíba,2021-01-09,1469,14,86,0
Macaíba,Macaíba,2021-01-10,1478,9,86,0
Macaíba,Macaíba,2021-01-11,1485,7,86,0
Macaíba,Macaíba,2021-01-12,1503,18,86,0
Macaíba,Macaíba,2021-01-13,1503,0,86,0
Macaíba,Macaíba,2021-01-14,1525,22,86,0
Macaíba,Macaíba,2021-01-15,1544,19,86,0
Macaíba,Macaíba,2021-01-16,1570,26,86,0
Macaíba,Macaíba,2021-01-17,1576,6,87,1
Macaíba,Macaíba,2021-01-18,1588,12,87,0
Macaíba,Macaíba,2021-01-19,1589,1,87,0
Macaíba,Macaíba,2021-01-20,1609,20,87,0
Macaíba,Macaíba,2021-01-21,1620,11,87,0
Macaíba,Macaíba,2021-01-22,1631,11,88,1
Macaíba,Macaíba,2021-01-23,1633,2,88,0
Macaíba,Macaíba,2021-01-24,1649,16,88,0
Macaíba,Macaíba,2021-01-25,1664,15,88,0
Macaíba,Macaíba,2021-01-26,1665,1,88,0
Macaíba,Macaíba,2021-01-27,1673,8,88,0
Macaíba,Macaíba,2021-01-28,1685,12,88,0
Macaíba,Macaíba,2021-01-29,1698,13,88,0
Macaíba,Macaíba,2021-01-30,1729,31,88,0
Macaíba,Macaíba,2021-01-31,1741,12,88,0
Macaíba,Macaíba,2021-02-01,1742,1,88,0
Macaíba,Macaíba,2021-02-02,1748,6,89,1
Macaíba,Macaíba,2021-02-03,1749,1,89,0
Macaíba,Macaíba,2021-02-04,1759,10,89,0
Macaíba,Macaíba,2021-02-05,1759,0,89,0
Macaíba,Macaíba,2021-02-06,1768,9,89,0
Macaíba,Macaíba,2021-02-07,1789,21,89,0
Macaíba,Macaíba,2021-02-08,1796,7,89,0
