city,city,date,cases,daily cases,deaths,daily deaths
Macatuba,Macatuba,2020-03-27,0,0,0,0
Macatuba,Macatuba,2020-03-28,0,0,0,0
Macatuba,Macatuba,2020-03-29,0,0,0,0
Macatuba,Macatuba,2020-03-30,0,0,0,0
Macatuba,Macatuba,2020-03-31,0,0,0,0
Macatuba,Macatuba,2020-04-01,0,0,0,0
Macatuba,Macatuba,2020-04-02,0,0,0,0
Macatuba,Macatuba,2020-04-03,0,0,0,0
Macatuba,Macatuba,2020-04-04,0,0,0,0
Macatuba,Macatuba,2020-04-05,0,0,0,0
Macatuba,Macatuba,2020-04-06,0,0,0,0
Macatuba,Macatuba,2020-04-07,0,0,0,0
Macatuba,Macatuba,2020-04-08,0,0,0,0
Macatuba,Macatuba,2020-04-09,0,0,0,0
Macatuba,Macatuba,2020-04-10,0,0,0,0
Macatuba,Macatuba,2020-04-11,0,0,0,0
Macatuba,Macatuba,2020-04-12,0,0,0,0
Macatuba,Macatuba,2020-04-13,1,1,0,0
Macatuba,Macatuba,2020-04-14,1,0,0,0
Macatuba,Macatuba,2020-04-15,1,0,0,0
Macatuba,Macatuba,2020-04-16,1,0,0,0
Macatuba,Macatuba,2020-04-17,1,0,0,0
Macatuba,Macatuba,2020-04-18,1,0,0,0
Macatuba,Macatuba,2020-04-19,1,0,0,0
Macatuba,Macatuba,2020-04-20,1,0,0,0
Macatuba,Macatuba,2020-04-21,1,0,0,0
Macatuba,Macatuba,2020-04-22,1,0,0,0
Macatuba,Macatuba,2020-04-23,1,0,0,0
Macatuba,Macatuba,2020-04-24,1,0,0,0
Macatuba,Macatuba,2020-04-25,1,0,0,0
Macatuba,Macatuba,2020-04-26,1,0,0,0
Macatuba,Macatuba,2020-04-27,1,0,0,0
Macatuba,Macatuba,2020-04-28,1,0,0,0
Macatuba,Macatuba,2020-04-29,1,0,0,0
Macatuba,Macatuba,2020-04-30,1,0,0,0
Macatuba,Macatuba,2020-05-01,2,1,0,0
Macatuba,Macatuba,2020-05-02,2,0,0,0
Macatuba,Macatuba,2020-05-03,2,0,0,0
Macatuba,Macatuba,2020-05-04,2,0,0,0
Macatuba,Macatuba,2020-05-05,2,0,0,0
Macatuba,Macatuba,2020-05-06,2,0,0,0
Macatuba,Macatuba,2020-05-07,2,0,0,0
Macatuba,Macatuba,2020-05-08,2,0,0,0
Macatuba,Macatuba,2020-05-09,2,0,0,0
Macatuba,Macatuba,2020-05-10,2,0,0,0
Macatuba,Macatuba,2020-05-11,2,0,0,0
Macatuba,Macatuba,2020-05-12,3,1,0,0
Macatuba,Macatuba,2020-05-13,3,0,0,0
Macatuba,Macatuba,2020-05-14,3,0,0,0
Macatuba,Macatuba,2020-05-15,3,0,0,0
Macatuba,Macatuba,2020-05-16,3,0,0,0
Macatuba,Macatuba,2020-05-17,3,0,0,0
Macatuba,Macatuba,2020-05-18,3,0,0,0
Macatuba,Macatuba,2020-05-19,4,1,1,1
Macatuba,Macatuba,2020-05-20,5,1,1,0
Macatuba,Macatuba,2020-05-21,7,2,1,0
Macatuba,Macatuba,2020-05-22,9,2,1,0
Macatuba,Macatuba,2020-05-23,10,1,1,0
Macatuba,Macatuba,2020-05-24,10,0,1,0
Macatuba,Macatuba,2020-05-25,10,0,1,0
Macatuba,Macatuba,2020-05-26,12,2,1,0
Macatuba,Macatuba,2020-05-27,15,3,1,0
Macatuba,Macatuba,2020-05-28,16,1,1,0
Macatuba,Macatuba,2020-05-29,16,0,1,0
Macatuba,Macatuba,2020-05-30,25,9,1,0
Macatuba,Macatuba,2020-05-31,25,0,1,0
Macatuba,Macatuba,2020-06-01,25,0,1,0
Macatuba,Macatuba,2020-06-02,34,9,1,0
Macatuba,Macatuba,2020-06-03,40,6,1,0
Macatuba,Macatuba,2020-06-04,40,0,1,0
Macatuba,Macatuba,2020-06-05,50,10,1,0
Macatuba,Macatuba,2020-06-06,55,5,1,0
Macatuba,Macatuba,2020-06-07,58,3,1,0
Macatuba,Macatuba,2020-06-08,58,0,1,0
Macatuba,Macatuba,2020-06-09,62,4,1,0
Macatuba,Macatuba,2020-06-10,75,13,1,0
Macatuba,Macatuba,2020-06-11,83,8,1,0
Macatuba,Macatuba,2020-06-12,88,5,1,0
Macatuba,Macatuba,2020-06-13,100,12,1,0
Macatuba,Macatuba,2020-06-14,101,1,1,0
Macatuba,Macatuba,2020-06-15,101,0,1,0
Macatuba,Macatuba,2020-06-16,114,13,1,0
Macatuba,Macatuba,2020-06-17,114,0,1,0
Macatuba,Macatuba,2020-06-18,114,0,1,0
Macatuba,Macatuba,2020-06-19,153,39,1,0
Macatuba,Macatuba,2020-06-20,174,21,1,0
Macatuba,Macatuba,2020-06-21,189,15,1,0
Macatuba,Macatuba,2020-06-22,189,0,1,0
Macatuba,Macatuba,2020-06-23,199,10,1,0
Macatuba,Macatuba,2020-06-24,226,27,1,0
Macatuba,Macatuba,2020-06-25,247,21,1,0
Macatuba,Macatuba,2020-06-26,257,10,1,0
Macatuba,Macatuba,2020-06-27,259,2,1,0
Macatuba,Macatuba,2020-06-28,270,11,1,0
Macatuba,Macatuba,2020-06-29,270,0,2,1
Macatuba,Macatuba,2020-06-30,274,4,2,0
Macatuba,Macatuba,2020-07-01,287,13,2,0
Macatuba,Macatuba,2020-07-02,296,9,2,0
Macatuba,Macatuba,2020-07-03,300,4,2,0
Macatuba,Macatuba,2020-07-04,300,0,2,0
Macatuba,Macatuba,2020-07-05,308,8,2,0
Macatuba,Macatuba,2020-07-06,308,0,2,0
Macatuba,Macatuba,2020-07-07,314,6,2,0
Macatuba,Macatuba,2020-07-08,319,5,3,1
Macatuba,Macatuba,2020-07-09,323,4,3,0
Macatuba,Macatuba,2020-07-10,331,8,3,0
Macatuba,Macatuba,2020-07-11,337,6,3,0
Macatuba,Macatuba,2020-07-12,341,4,3,0
Macatuba,Macatuba,2020-07-13,341,0,3,0
Macatuba,Macatuba,2020-07-14,351,10,4,1
Macatuba,Macatuba,2020-07-15,355,4,4,0
Macatuba,Macatuba,2020-07-16,363,8,4,0
Macatuba,Macatuba,2020-07-17,363,0,4,0
Macatuba,Macatuba,2020-07-18,371,8,4,0
Macatuba,Macatuba,2020-07-19,371,0,4,0
Macatuba,Macatuba,2020-07-20,371,0,4,0
Macatuba,Macatuba,2020-07-21,372,1,4,0
Macatuba,Macatuba,2020-07-22,375,3,4,0
Macatuba,Macatuba,2020-07-23,385,10,4,0
Macatuba,Macatuba,2020-07-24,392,7,4,0
Macatuba,Macatuba,2020-07-25,403,11,4,0
Macatuba,Macatuba,2020-07-26,405,2,4,0
Macatuba,Macatuba,2020-07-27,405,0,4,0
Macatuba,Macatuba,2020-07-28,405,0,4,0
Macatuba,Macatuba,2020-07-29,415,10,4,0
Macatuba,Macatuba,2020-07-30,415,0,4,0
Macatuba,Macatuba,2020-07-31,418,3,4,0
Macatuba,Macatuba,2020-08-01,419,1,4,0
Macatuba,Macatuba,2020-08-02,426,7,4,0
Macatuba,Macatuba,2020-08-03,426,0,4,0
Macatuba,Macatuba,2020-08-04,439,13,4,0
Macatuba,Macatuba,2020-08-05,438,-1,4,0
Macatuba,Macatuba,2020-08-06,449,11,4,0
Macatuba,Macatuba,2020-08-07,450,1,4,0
Macatuba,Macatuba,2020-08-08,453,3,4,0
Macatuba,Macatuba,2020-08-09,458,5,4,0
Macatuba,Macatuba,2020-08-10,458,0,4,0
Macatuba,Macatuba,2020-08-11,474,16,4,0
Macatuba,Macatuba,2020-08-12,482,8,4,0
Macatuba,Macatuba,2020-08-13,490,8,4,0
Macatuba,Macatuba,2020-08-14,492,2,5,1
Macatuba,Macatuba,2020-08-15,494,2,6,1
Macatuba,Macatuba,2020-08-16,494,0,6,0
Macatuba,Macatuba,2020-08-17,494,0,6,0
Macatuba,Macatuba,2020-08-18,519,25,6,0
Macatuba,Macatuba,2020-08-19,526,7,6,0
Macatuba,Macatuba,2020-08-20,532,6,6,0
Macatuba,Macatuba,2020-08-21,535,3,6,0
Macatuba,Macatuba,2020-08-22,542,7,6,0
Macatuba,Macatuba,2020-08-23,547,5,6,0
Macatuba,Macatuba,2020-08-24,547,0,6,0
Macatuba,Macatuba,2020-08-25,551,4,6,0
Macatuba,Macatuba,2020-08-26,554,3,6,0
Macatuba,Macatuba,2020-08-27,557,3,6,0
Macatuba,Macatuba,2020-08-28,572,15,6,0
Macatuba,Macatuba,2020-08-29,577,5,7,1
Macatuba,Macatuba,2020-08-30,577,0,7,0
Macatuba,Macatuba,2020-08-31,577,0,7,0
Macatuba,Macatuba,2020-09-01,601,24,7,0
Macatuba,Macatuba,2020-09-02,609,8,8,1
Macatuba,Macatuba,2020-09-03,623,14,8,0
Macatuba,Macatuba,2020-09-04,631,8,8,0
Macatuba,Macatuba,2020-09-05,631,0,8,0
Macatuba,Macatuba,2020-09-06,635,4,8,0
Macatuba,Macatuba,2020-09-07,648,13,8,0
Macatuba,Macatuba,2020-09-08,653,5,8,0
Macatuba,Macatuba,2020-09-09,662,9,8,0
Macatuba,Macatuba,2020-09-10,675,13,8,0
Macatuba,Macatuba,2020-09-11,683,8,8,0
Macatuba,Macatuba,2020-09-12,690,7,8,0
Macatuba,Macatuba,2020-09-13,690,0,8,0
Macatuba,Macatuba,2020-09-14,690,0,8,0
Macatuba,Macatuba,2020-09-15,693,3,8,0
Macatuba,Macatuba,2020-09-16,701,8,8,0
Macatuba,Macatuba,2020-09-17,709,8,8,0
Macatuba,Macatuba,2020-09-18,713,4,8,0
Macatuba,Macatuba,2020-09-19,720,7,8,0
Macatuba,Macatuba,2020-09-20,721,1,8,0
Macatuba,Macatuba,2020-09-21,721,0,8,0
Macatuba,Macatuba,2020-09-22,728,7,8,0
Macatuba,Macatuba,2020-09-23,730,2,8,0
Macatuba,Macatuba,2020-09-24,742,12,8,0
Macatuba,Macatuba,2020-09-25,743,1,8,0
Macatuba,Macatuba,2020-09-26,750,7,8,0
Macatuba,Macatuba,2020-09-27,750,0,8,0
Macatuba,Macatuba,2020-09-28,751,1,8,0
Macatuba,Macatuba,2020-09-29,752,1,8,0
Macatuba,Macatuba,2020-09-30,756,4,8,0
Macatuba,Macatuba,2020-10-01,762,6,8,0
Macatuba,Macatuba,2020-10-02,764,2,8,0
Macatuba,Macatuba,2020-10-03,765,1,8,0
Macatuba,Macatuba,2020-10-04,765,0,8,0
Macatuba,Macatuba,2020-10-05,765,0,8,0
Macatuba,Macatuba,2020-10-06,769,4,8,0
Macatuba,Macatuba,2020-10-07,773,4,8,0
Macatuba,Macatuba,2020-10-08,776,3,8,0
Macatuba,Macatuba,2020-10-09,780,4,8,0
Macatuba,Macatuba,2020-10-10,780,0,8,0
Macatuba,Macatuba,2020-10-11,780,0,8,0
Macatuba,Macatuba,2020-10-12,780,0,8,0
Macatuba,Macatuba,2020-10-13,780,0,8,0
Macatuba,Macatuba,2020-10-14,782,2,8,0
Macatuba,Macatuba,2020-10-15,783,1,8,0
Macatuba,Macatuba,2020-10-16,783,0,8,0
Macatuba,Macatuba,2020-10-17,783,0,8,0
Macatuba,Macatuba,2020-10-18,783,0,8,0
Macatuba,Macatuba,2020-10-19,783,0,8,0
Macatuba,Macatuba,2020-10-20,783,0,8,0
Macatuba,Macatuba,2020-10-21,783,0,8,0
Macatuba,Macatuba,2020-10-22,785,2,8,0
Macatuba,Macatuba,2020-10-23,786,1,8,0
Macatuba,Macatuba,2020-10-24,787,1,8,0
Macatuba,Macatuba,2020-10-25,787,0,8,0
Macatuba,Macatuba,2020-10-26,787,0,8,0
Macatuba,Macatuba,2020-10-27,796,9,9,1
Macatuba,Macatuba,2020-10-28,800,4,9,0
Macatuba,Macatuba,2020-10-29,803,3,9,0
Macatuba,Macatuba,2020-10-30,803,0,9,0
Macatuba,Macatuba,2020-10-31,803,0,9,0
Macatuba,Macatuba,2020-11-01,809,6,9,0
Macatuba,Macatuba,2020-11-02,809,0,9,0
Macatuba,Macatuba,2020-11-03,809,0,9,0
Macatuba,Macatuba,2020-11-04,814,5,9,0
Macatuba,Macatuba,2020-11-05,815,1,10,1
Macatuba,Macatuba,2020-11-06,815,0,10,0
Macatuba,Macatuba,2020-11-07,815,0,10,0
Macatuba,Macatuba,2020-11-08,815,0,10,0
Macatuba,Macatuba,2020-11-09,815,0,10,0
Macatuba,Macatuba,2020-11-10,815,0,10,0
Macatuba,Macatuba,2020-11-11,830,15,10,0
Macatuba,Macatuba,2020-11-12,834,4,10,0
Macatuba,Macatuba,2020-11-13,837,3,10,0
Macatuba,Macatuba,2020-11-14,839,2,10,0
Macatuba,Macatuba,2020-11-15,839,0,10,0
Macatuba,Macatuba,2020-11-16,839,0,10,0
Macatuba,Macatuba,2020-11-17,844,5,10,0
Macatuba,Macatuba,2020-11-18,845,1,10,0
Macatuba,Macatuba,2020-11-19,845,0,10,0
Macatuba,Macatuba,2020-11-20,848,3,10,0
Macatuba,Macatuba,2020-11-21,850,2,10,0
Macatuba,Macatuba,2020-11-22,850,0,10,0
Macatuba,Macatuba,2020-11-23,850,0,10,0
Macatuba,Macatuba,2020-11-24,852,2,10,0
Macatuba,Macatuba,2020-11-25,863,11,10,0
Macatuba,Macatuba,2020-11-26,872,9,10,0
Macatuba,Macatuba,2020-11-27,885,13,10,0
Macatuba,Macatuba,2020-11-28,884,-1,10,0
Macatuba,Macatuba,2020-11-29,885,1,10,0
Macatuba,Macatuba,2020-11-30,885,0,10,0
Macatuba,Macatuba,2020-12-01,899,14,10,0
Macatuba,Macatuba,2020-12-02,905,6,10,0
Macatuba,Macatuba,2020-12-03,915,10,11,1
Macatuba,Macatuba,2020-12-04,925,10,11,0
Macatuba,Macatuba,2020-12-05,931,6,11,0
Macatuba,Macatuba,2020-12-06,936,5,11,0
Macatuba,Macatuba,2020-12-07,943,7,11,0
Macatuba,Macatuba,2020-12-08,949,6,12,1
Macatuba,Macatuba,2020-12-09,959,10,12,0
Macatuba,Macatuba,2020-12-10,970,11,12,0
Macatuba,Macatuba,2020-12-11,977,7,12,0
Macatuba,Macatuba,2020-12-12,984,7,12,0
Macatuba,Macatuba,2020-12-13,984,0,12,0
Macatuba,Macatuba,2020-12-14,984,0,12,0
Macatuba,Macatuba,2020-12-15,984,0,12,0
Macatuba,Macatuba,2020-12-16,984,0,12,0
Macatuba,Macatuba,2020-12-17,1030,46,12,0
Macatuba,Macatuba,2020-12-18,1043,13,12,0
Macatuba,Macatuba,2020-12-19,1053,10,12,0
Macatuba,Macatuba,2020-12-20,1053,0,12,0
Macatuba,Macatuba,2020-12-21,1053,0,12,0
Macatuba,Macatuba,2020-12-22,1070,17,13,1
Macatuba,Macatuba,2020-12-23,1092,22,13,0
Macatuba,Macatuba,2020-12-24,1100,8,13,0
Macatuba,Macatuba,2020-12-25,1107,7,13,0
Macatuba,Macatuba,2020-12-26,1107,0,13,0
Macatuba,Macatuba,2020-12-27,1107,0,13,0
Macatuba,Macatuba,2020-12-28,1107,0,13,0
Macatuba,Macatuba,2020-12-29,1109,2,13,0
Macatuba,Macatuba,2020-12-30,1109,0,13,0
Macatuba,Macatuba,2020-12-31,1116,7,13,0
Macatuba,Macatuba,2021-01-01,1116,0,13,0
Macatuba,Macatuba,2021-01-02,1116,0,13,0
Macatuba,Macatuba,2021-01-03,1116,0,13,0
Macatuba,Macatuba,2021-01-04,1116,0,13,0
Macatuba,Macatuba,2021-01-05,1117,1,13,0
Macatuba,Macatuba,2021-01-06,1139,22,14,1
Macatuba,Macatuba,2021-01-07,1153,14,14,0
Macatuba,Macatuba,2021-01-08,1154,1,14,0
Macatuba,Macatuba,2021-01-09,1156,2,14,0
Macatuba,Macatuba,2021-01-10,1157,1,14,0
Macatuba,Macatuba,2021-01-11,1191,34,14,0
Macatuba,Macatuba,2021-01-12,1196,5,15,1
Macatuba,Macatuba,2021-01-13,1199,3,15,0
Macatuba,Macatuba,2021-01-14,1222,23,15,0
Macatuba,Macatuba,2021-01-15,1224,2,15,0
Macatuba,Macatuba,2021-01-16,1237,13,16,1
Macatuba,Macatuba,2021-01-17,1237,0,16,0
Macatuba,Macatuba,2021-01-18,1261,24,16,0
Macatuba,Macatuba,2021-01-19,1288,27,17,1
Macatuba,Macatuba,2021-01-20,1292,4,17,0
Macatuba,Macatuba,2021-01-21,1304,12,17,0
Macatuba,Macatuba,2021-01-22,1304,0,17,0
Macatuba,Macatuba,2021-01-23,1328,24,17,0
Macatuba,Macatuba,2021-01-24,1328,0,17,0
Macatuba,Macatuba,2021-01-25,1351,23,17,0
Macatuba,Macatuba,2021-01-26,1353,2,17,0
Macatuba,Macatuba,2021-01-27,1355,2,17,0
Macatuba,Macatuba,2021-01-28,1359,4,17,0
Macatuba,Macatuba,2021-01-29,1361,2,17,0
Macatuba,Macatuba,2021-01-30,1362,1,17,0
Macatuba,Macatuba,2021-01-31,1362,0,17,0
Macatuba,Macatuba,2021-02-01,1362,0,17,0
Macatuba,Macatuba,2021-02-02,1366,4,17,0
Macatuba,Macatuba,2021-02-03,1367,1,18,1
Macatuba,Macatuba,2021-02-04,1442,75,19,1
Macatuba,Macatuba,2021-02-05,1457,15,19,0
Macatuba,Macatuba,2021-02-06,1476,19,19,0
Macatuba,Macatuba,2021-02-07,1477,1,19,0
Macatuba,Macatuba,2021-02-08,1477,0,19,0
