city,date,cases,daily cases,deaths,daily deaths,daily cases moving average,daily deaths moving average
Machados,2020-03-27,0,0,0,0,,
Machados,2020-03-28,0,0,0,0,,
Machados,2020-03-29,0,0,0,0,,
Machados,2020-03-30,0,0,0,0,,
Machados,2020-03-31,0,0,0,0,,
Machados,2020-04-01,0,0,0,0,,
Machados,2020-04-02,0,0,0,0,0.0,0.0
Machados,2020-04-03,0,0,0,0,0.0,0.0
Machados,2020-04-04,0,0,0,0,0.0,0.0
Machados,2020-04-05,0,0,0,0,0.0,0.0
Machados,2020-04-06,0,0,0,0,0.0,0.0
Machados,2020-04-07,0,0,0,0,0.0,0.0
Machados,2020-04-08,0,0,0,0,0.0,0.0
Machados,2020-04-09,0,0,0,0,0.0,0.0
Machados,2020-04-10,0,0,0,0,0.0,0.0
Machados,2020-04-11,0,0,0,0,0.0,0.0
Machados,2020-04-12,1,1,0,0,0.14285714285714285,0.0
Machados,2020-04-13,2,1,0,0,0.2857142857142857,0.0
Machados,2020-04-14,2,0,0,0,0.2857142857142857,0.0
Machados,2020-04-15,2,0,0,0,0.2857142857142857,0.0
Machados,2020-04-16,2,0,0,0,0.2857142857142857,0.0
Machados,2020-04-17,2,0,0,0,0.2857142857142857,0.0
Machados,2020-04-18,2,0,1,1,0.2857142857142857,0.14285714285714285
Machados,2020-04-19,2,0,1,0,0.14285714285714285,0.14285714285714285
Machados,2020-04-20,2,0,1,0,0.0,0.14285714285714285
Machados,2020-04-21,2,0,1,0,0.0,0.14285714285714285
Machados,2020-04-22,2,0,1,0,0.0,0.14285714285714285
Machados,2020-04-23,2,0,1,0,0.0,0.14285714285714285
Machados,2020-04-24,2,0,1,0,0.0,0.14285714285714285
Machados,2020-04-25,2,0,1,0,0.0,0.0
Machados,2020-04-26,4,2,1,0,0.2857142857142857,0.0
Machados,2020-04-27,4,0,1,0,0.2857142857142857,0.0
Machados,2020-04-28,4,0,1,0,0.2857142857142857,0.0
Machados,2020-04-29,4,0,1,0,0.2857142857142857,0.0
Machados,2020-04-30,4,0,1,0,0.2857142857142857,0.0
Machados,2020-05-01,4,0,1,0,0.2857142857142857,0.0
Machados,2020-05-02,4,0,1,0,0.2857142857142857,0.0
Machados,2020-05-03,4,0,1,0,0.0,0.0
Machados,2020-05-04,5,1,1,0,0.14285714285714285,0.0
Machados,2020-05-05,5,0,1,0,0.14285714285714285,0.0
Machados,2020-05-06,5,0,1,0,0.14285714285714285,0.0
Machados,2020-05-07,5,0,1,0,0.14285714285714285,0.0
Machados,2020-05-08,5,0,1,0,0.14285714285714285,0.0
Machados,2020-05-09,5,0,1,0,0.14285714285714285,0.0
Machados,2020-05-10,5,0,1,0,0.14285714285714285,0.0
Machados,2020-05-11,5,0,1,0,0.0,0.0
Machados,2020-05-12,6,1,1,0,0.14285714285714285,0.0
Machados,2020-05-13,7,1,1,0,0.2857142857142857,0.0
Machados,2020-05-14,8,1,1,0,0.42857142857142855,0.0
Machados,2020-05-15,9,1,1,0,0.5714285714285714,0.0
Machados,2020-05-16,9,0,1,0,0.5714285714285714,0.0
Machados,2020-05-17,9,0,1,0,0.5714285714285714,0.0
Machados,2020-05-18,9,0,1,0,0.5714285714285714,0.0
Machados,2020-05-19,10,1,1,0,0.5714285714285714,0.0
Machados,2020-05-20,10,0,1,0,0.42857142857142855,0.0
Machados,2020-05-21,10,0,1,0,0.2857142857142857,0.0
Machados,2020-05-22,10,0,2,1,0.14285714285714285,0.14285714285714285
Machados,2020-05-23,11,1,3,1,0.2857142857142857,0.2857142857142857
Machados,2020-05-24,11,0,3,0,0.2857142857142857,0.2857142857142857
Machados,2020-05-25,11,0,3,0,0.2857142857142857,0.2857142857142857
Machados,2020-05-26,11,0,3,0,0.14285714285714285,0.2857142857142857
Machados,2020-05-27,11,0,3,0,0.14285714285714285,0.2857142857142857
Machados,2020-05-28,11,0,3,0,0.14285714285714285,0.2857142857142857
Machados,2020-05-29,11,0,3,0,0.14285714285714285,0.14285714285714285
Machados,2020-05-30,11,0,3,0,0.0,0.0
Machados,2020-05-31,16,5,3,0,0.7142857142857143,0.0
Machados,2020-06-01,16,0,3,0,0.7142857142857143,0.0
Machados,2020-06-02,16,0,3,0,0.7142857142857143,0.0
Machados,2020-06-03,16,0,3,0,0.7142857142857143,0.0
Machados,2020-06-04,19,3,3,0,1.1428571428571428,0.0
Machados,2020-06-05,21,2,3,0,1.4285714285714286,0.0
Machados,2020-06-06,22,1,3,0,1.5714285714285714,0.0
Machados,2020-06-07,22,0,3,0,0.8571428571428571,0.0
Machados,2020-06-08,22,0,3,0,0.8571428571428571,0.0
Machados,2020-06-09,22,0,3,0,0.8571428571428571,0.0
Machados,2020-06-10,24,2,3,0,1.1428571428571428,0.0
Machados,2020-06-11,29,5,3,0,1.4285714285714286,0.0
Machados,2020-06-12,29,0,3,0,1.1428571428571428,0.0
Machados,2020-06-13,29,0,3,0,1.0,0.0
Machados,2020-06-14,32,3,3,0,1.4285714285714286,0.0
Machados,2020-06-15,32,0,3,0,1.4285714285714286,0.0
Machados,2020-06-16,33,1,3,0,1.5714285714285714,0.0
Machados,2020-06-17,39,6,3,0,2.142857142857143,0.0
Machados,2020-06-18,39,0,3,0,1.4285714285714286,0.0
Machados,2020-06-19,39,0,3,0,1.4285714285714286,0.0
Machados,2020-06-20,43,4,3,0,2.0,0.0
Machados,2020-06-21,47,4,3,0,2.142857142857143,0.0
Machados,2020-06-22,49,2,3,0,2.4285714285714284,0.0
Machados,2020-06-23,49,0,3,0,2.2857142857142856,0.0
Machados,2020-06-24,49,0,3,0,1.4285714285714286,0.0
Machados,2020-06-25,49,0,3,0,1.4285714285714286,0.0
Machados,2020-06-26,49,0,3,0,1.4285714285714286,0.0
Machados,2020-06-27,49,0,3,0,0.8571428571428571,0.0
Machados,2020-06-28,49,0,3,0,0.2857142857142857,0.0
Machados,2020-06-29,49,0,3,0,0.0,0.0
Machados,2020-06-30,49,0,3,0,0.0,0.0
Machados,2020-07-01,50,1,3,0,0.14285714285714285,0.0
Machados,2020-07-02,55,5,3,0,0.8571428571428571,0.0
Machados,2020-07-03,56,1,3,0,1.0,0.0
Machados,2020-07-04,56,0,3,0,1.0,0.0
Machados,2020-07-05,56,0,3,0,1.0,0.0
Machados,2020-07-06,57,1,3,0,1.1428571428571428,0.0
Machados,2020-07-07,57,0,3,0,1.1428571428571428,0.0
Machados,2020-07-08,57,0,3,0,1.0,0.0
Machados,2020-07-09,58,1,3,0,0.42857142857142855,0.0
Machados,2020-07-10,62,4,3,0,0.8571428571428571,0.0
Machados,2020-07-11,75,13,4,1,2.7142857142857144,0.14285714285714285
Machados,2020-07-12,77,2,4,0,3.0,0.14285714285714285
Machados,2020-07-13,77,0,4,0,2.857142857142857,0.14285714285714285
Machados,2020-07-14,78,1,4,0,3.0,0.14285714285714285
Machados,2020-07-15,78,0,4,0,3.0,0.14285714285714285
Machados,2020-07-16,79,1,4,0,3.0,0.14285714285714285
Machados,2020-07-17,80,1,4,0,2.5714285714285716,0.14285714285714285
Machados,2020-07-18,80,0,4,0,0.7142857142857143,0.0
Machados,2020-07-19,80,0,4,0,0.42857142857142855,0.0
Machados,2020-07-20,80,0,4,0,0.42857142857142855,0.0
Machados,2020-07-21,80,0,4,0,0.2857142857142857,0.0
Machados,2020-07-22,82,2,4,0,0.5714285714285714,0.0
Machados,2020-07-23,82,0,4,0,0.42857142857142855,0.0
Machados,2020-07-24,83,1,4,0,0.42857142857142855,0.0
Machados,2020-07-25,83,0,4,0,0.42857142857142855,0.0
Machados,2020-07-26,88,5,4,0,1.1428571428571428,0.0
Machados,2020-07-27,88,0,4,0,1.1428571428571428,0.0
Machados,2020-07-28,88,0,4,0,1.1428571428571428,0.0
Machados,2020-07-29,88,0,5,1,0.8571428571428571,0.14285714285714285
Machados,2020-07-30,89,1,5,0,1.0,0.14285714285714285
Machados,2020-07-31,90,1,5,0,1.0,0.14285714285714285
Machados,2020-08-01,91,1,5,0,1.1428571428571428,0.14285714285714285
Machados,2020-08-02,93,2,5,0,0.7142857142857143,0.14285714285714285
Machados,2020-08-03,94,1,5,0,0.8571428571428571,0.14285714285714285
Machados,2020-08-04,94,0,5,0,0.8571428571428571,0.14285714285714285
Machados,2020-08-05,95,1,5,0,1.0,0.0
Machados,2020-08-06,96,1,5,0,1.0,0.0
Machados,2020-08-07,96,0,5,0,0.8571428571428571,0.0
Machados,2020-08-08,96,0,5,0,0.7142857142857143,0.0
Machados,2020-08-09,96,0,5,0,0.42857142857142855,0.0
Machados,2020-08-10,96,0,5,0,0.2857142857142857,0.0
Machados,2020-08-11,96,0,5,0,0.2857142857142857,0.0
Machados,2020-08-12,102,6,5,0,1.0,0.0
Machados,2020-08-13,103,1,5,0,1.0,0.0
Machados,2020-08-14,103,0,5,0,1.0,0.0
Machados,2020-08-15,103,0,5,0,1.0,0.0
Machados,2020-08-16,108,5,5,0,1.7142857142857142,0.0
Machados,2020-08-17,109,1,5,0,1.8571428571428572,0.0
Machados,2020-08-18,109,0,5,0,1.8571428571428572,0.0
Machados,2020-08-19,115,6,5,0,1.8571428571428572,0.0
Machados,2020-08-20,116,1,5,0,1.8571428571428572,0.0
Machados,2020-08-21,117,1,5,0,2.0,0.0
Machados,2020-08-22,122,5,5,0,2.7142857142857144,0.0
Machados,2020-08-23,122,0,5,0,2.0,0.0
Machados,2020-08-24,123,1,5,0,2.0,0.0
Machados,2020-08-25,134,11,5,0,3.5714285714285716,0.0
Machados,2020-08-26,135,1,5,0,2.857142857142857,0.0
Machados,2020-08-27,136,1,5,0,2.857142857142857,0.0
Machados,2020-08-28,136,0,5,0,2.7142857142857144,0.0
Machados,2020-08-29,139,3,5,0,2.4285714285714284,0.0
Machados,2020-08-30,139,0,5,0,2.4285714285714284,0.0
Machados,2020-08-31,139,0,5,0,2.2857142857142856,0.0
Machados,2020-09-01,142,3,6,1,1.1428571428571428,0.14285714285714285
Machados,2020-09-02,142,0,6,0,1.0,0.14285714285714285
Machados,2020-09-03,148,6,6,0,1.7142857142857142,0.14285714285714285
Machados,2020-09-04,149,1,6,0,1.8571428571428572,0.14285714285714285
Machados,2020-09-05,149,0,6,0,1.4285714285714286,0.14285714285714285
Machados,2020-09-06,149,0,6,0,1.4285714285714286,0.14285714285714285
Machados,2020-09-07,149,0,6,0,1.4285714285714286,0.14285714285714285
Machados,2020-09-08,150,1,6,0,1.1428571428571428,0.0
Machados,2020-09-09,151,1,6,0,1.2857142857142858,0.0
Machados,2020-09-10,151,0,6,0,0.42857142857142855,0.0
Machados,2020-09-11,151,0,6,0,0.2857142857142857,0.0
Machados,2020-09-12,152,1,6,0,0.42857142857142855,0.0
Machados,2020-09-13,152,0,6,0,0.42857142857142855,0.0
Machados,2020-09-14,152,0,6,0,0.42857142857142855,0.0
Machados,2020-09-15,152,0,6,0,0.2857142857142857,0.0
Machados,2020-09-16,152,0,6,0,0.14285714285714285,0.0
Machados,2020-09-17,152,0,6,0,0.14285714285714285,0.0
Machados,2020-09-18,152,0,6,0,0.14285714285714285,0.0
Machados,2020-09-19,152,0,6,0,0.0,0.0
Machados,2020-09-20,152,0,6,0,0.0,0.0
Machados,2020-09-21,152,0,6,0,0.0,0.0
Machados,2020-09-22,154,2,6,0,0.2857142857142857,0.0
Machados,2020-09-23,161,7,6,0,1.2857142857142858,0.0
Machados,2020-09-24,176,15,6,0,3.4285714285714284,0.0
Machados,2020-09-25,177,1,6,0,3.5714285714285716,0.0
Machados,2020-09-26,177,0,6,0,3.5714285714285716,0.0
Machados,2020-09-27,177,0,6,0,3.5714285714285716,0.0
Machados,2020-09-28,177,0,6,0,3.5714285714285716,0.0
Machados,2020-09-29,177,0,6,0,3.2857142857142856,0.0
Machados,2020-09-30,178,1,6,0,2.4285714285714284,0.0
Machados,2020-10-01,180,2,6,0,0.5714285714285714,0.0
Machados,2020-10-02,180,0,6,0,0.42857142857142855,0.0
Machados,2020-10-03,180,0,6,0,0.42857142857142855,0.0
Machados,2020-10-04,180,0,6,0,0.42857142857142855,0.0
Machados,2020-10-05,180,0,6,0,0.42857142857142855,0.0
Machados,2020-10-06,183,3,6,0,0.8571428571428571,0.0
Machados,2020-10-07,237,54,6,0,8.428571428571429,0.0
Machados,2020-10-08,238,1,6,0,8.285714285714286,0.0
Machados,2020-10-09,239,1,6,0,8.428571428571429,0.0
Machados,2020-10-10,239,0,6,0,8.428571428571429,0.0
Machados,2020-10-11,239,0,6,0,8.428571428571429,0.0
Machados,2020-10-12,239,0,6,0,8.428571428571429,0.0
Machados,2020-10-13,239,0,6,0,8.0,0.0
Machados,2020-10-14,239,0,6,0,0.2857142857142857,0.0
Machados,2020-10-15,239,0,6,0,0.14285714285714285,0.0
Machados,2020-10-16,239,0,6,0,0.0,0.0
Machados,2020-10-17,239,0,6,0,0.0,0.0
Machados,2020-10-18,239,0,6,0,0.0,0.0
Machados,2020-10-19,236,-3,6,0,-0.42857142857142855,0.0
Machados,2020-10-20,236,0,6,0,-0.42857142857142855,0.0
Machados,2020-10-21,236,0,6,0,-0.42857142857142855,0.0
Machados,2020-10-22,236,0,6,0,-0.42857142857142855,0.0
Machados,2020-10-23,236,0,6,0,-0.42857142857142855,0.0
Machados,2020-10-24,236,0,6,0,-0.42857142857142855,0.0
Machados,2020-10-25,236,0,6,0,-0.42857142857142855,0.0
Machados,2020-10-26,236,0,6,0,0.0,0.0
Machados,2020-10-27,236,0,6,0,0.0,0.0
Machados,2020-10-28,236,0,6,0,0.0,0.0
Machados,2020-10-29,236,0,6,0,0.0,0.0
Machados,2020-10-30,236,0,6,0,0.0,0.0
Machados,2020-10-31,236,0,6,0,0.0,0.0
Machados,2020-11-01,236,0,6,0,0.0,0.0
Machados,2020-11-02,236,0,6,0,0.0,0.0
Machados,2020-11-03,236,0,6,0,0.0,0.0
Machados,2020-11-04,237,1,6,0,0.14285714285714285,0.0
Machados,2020-11-05,237,0,6,0,0.14285714285714285,0.0
Machados,2020-11-06,237,0,6,0,0.14285714285714285,0.0
Machados,2020-11-07,237,0,6,0,0.14285714285714285,0.0
Machados,2020-11-08,237,0,6,0,0.14285714285714285,0.0
Machados,2020-11-09,237,0,6,0,0.14285714285714285,0.0
Machados,2020-11-10,237,0,7,1,0.14285714285714285,0.14285714285714285
Machados,2020-11-11,237,0,7,0,0.0,0.14285714285714285
Machados,2020-11-12,237,0,7,0,0.0,0.14285714285714285
Machados,2020-11-13,237,0,7,0,0.0,0.14285714285714285
Machados,2020-11-14,237,0,7,0,0.0,0.14285714285714285
Machados,2020-11-15,237,0,7,0,0.0,0.14285714285714285
Machados,2020-11-16,237,0,7,0,0.0,0.14285714285714285
Machados,2020-11-17,237,0,7,0,0.0,0.0
Machados,2020-11-18,237,0,8,1,0.0,0.14285714285714285
Machados,2020-11-19,237,0,8,0,0.0,0.14285714285714285
Machados,2020-11-20,237,0,8,0,0.0,0.14285714285714285
Machados,2020-11-21,237,0,8,0,0.0,0.14285714285714285
Machados,2020-11-22,237,0,8,0,0.0,0.14285714285714285
Machados,2020-11-23,240,3,8,0,0.42857142857142855,0.14285714285714285
Machados,2020-11-24,240,0,8,0,0.42857142857142855,0.14285714285714285
Machados,2020-11-25,240,0,8,0,0.42857142857142855,0.0
Machados,2020-11-26,240,0,8,0,0.42857142857142855,0.0
Machados,2020-11-27,240,0,8,0,0.42857142857142855,0.0
Machados,2020-11-28,240,0,8,0,0.42857142857142855,0.0
Machados,2020-11-29,240,0,8,0,0.42857142857142855,0.0
Machados,2020-11-30,240,0,8,0,0.0,0.0
Machados,2020-12-01,240,0,8,0,0.0,0.0
Machados,2020-12-02,240,0,8,0,0.0,0.0
Machados,2020-12-03,240,0,8,0,0.0,0.0
Machados,2020-12-04,240,0,8,0,0.0,0.0
Machados,2020-12-05,240,0,8,0,0.0,0.0
Machados,2020-12-06,240,0,8,0,0.0,0.0
Machados,2020-12-07,240,0,8,0,0.0,0.0
Machados,2020-12-08,240,0,8,0,0.0,0.0
Machados,2020-12-09,240,0,8,0,0.0,0.0
Machados,2020-12-10,240,0,8,0,0.0,0.0
Machados,2020-12-11,240,0,8,0,0.0,0.0
Machados,2020-12-12,241,1,8,0,0.14285714285714285,0.0
Machados,2020-12-13,241,0,8,0,0.14285714285714285,0.0
Machados,2020-12-14,241,0,8,0,0.14285714285714285,0.0
Machados,2020-12-15,241,0,8,0,0.14285714285714285,0.0
Machados,2020-12-16,244,3,8,0,0.5714285714285714,0.0
Machados,2020-12-17,244,0,8,0,0.5714285714285714,0.0
Machados,2020-12-18,244,0,8,0,0.5714285714285714,0.0
Machados,2020-12-19,244,0,8,0,0.42857142857142855,0.0
Machados,2020-12-20,244,0,8,0,0.42857142857142855,0.0
Machados,2020-12-21,244,0,8,0,0.42857142857142855,0.0
Machados,2020-12-22,244,0,8,0,0.42857142857142855,0.0
Machados,2020-12-23,244,0,8,0,0.0,0.0
Machados,2020-12-24,244,0,8,0,0.0,0.0
Machados,2020-12-25,254,10,8,0,1.4285714285714286,0.0
Machados,2020-12-26,254,0,8,0,1.4285714285714286,0.0
Machados,2020-12-27,254,0,8,0,1.4285714285714286,0.0
Machados,2020-12-28,257,3,8,0,1.8571428571428572,0.0
Machados,2020-12-29,257,0,8,0,1.8571428571428572,0.0
Machados,2020-12-30,257,0,8,0,1.8571428571428572,0.0
Machados,2020-12-31,257,0,8,0,1.8571428571428572,0.0
Machados,2021-01-01,257,0,8,0,0.42857142857142855,0.0
Machados,2021-01-02,257,0,8,0,0.42857142857142855,0.0
Machados,2021-01-03,257,0,8,0,0.42857142857142855,0.0
Machados,2021-01-04,257,0,8,0,0.0,0.0
Machados,2021-01-05,257,0,8,0,0.0,0.0
Machados,2021-01-06,257,0,8,0,0.0,0.0
Machados,2021-01-07,257,0,8,0,0.0,0.0
Machados,2021-01-08,257,0,8,0,0.0,0.0
Machados,2021-01-09,257,0,8,0,0.0,0.0
Machados,2021-01-10,257,0,8,0,0.0,0.0
Machados,2021-01-11,257,0,8,0,0.0,0.0
Machados,2021-01-12,257,0,8,0,0.0,0.0
Machados,2021-01-13,257,0,8,0,0.0,0.0
Machados,2021-01-14,257,0,8,0,0.0,0.0
Machados,2021-01-15,257,0,8,0,0.0,0.0
Machados,2021-01-16,257,0,8,0,0.0,0.0
Machados,2021-01-17,257,0,8,0,0.0,0.0
Machados,2021-01-18,257,0,8,0,0.0,0.0
Machados,2021-01-19,257,0,8,0,0.0,0.0
Machados,2021-01-20,257,0,8,0,0.0,0.0
Machados,2021-01-21,257,0,8,0,0.0,0.0
Machados,2021-01-22,268,11,8,0,1.5714285714285714,0.0
Machados,2021-01-23,268,0,8,0,1.5714285714285714,0.0
Machados,2021-01-24,268,0,8,0,1.5714285714285714,0.0
Machados,2021-01-25,268,0,8,0,1.5714285714285714,0.0
Machados,2021-01-26,268,0,8,0,1.5714285714285714,0.0
Machados,2021-01-27,268,0,8,0,1.5714285714285714,0.0
Machados,2021-01-28,268,0,8,0,1.5714285714285714,0.0
Machados,2021-01-29,268,0,8,0,0.0,0.0
Machados,2021-01-30,268,0,8,0,0.0,0.0
Machados,2021-01-31,268,0,8,0,0.0,0.0
Machados,2021-02-01,268,0,8,0,0.0,0.0
Machados,2021-02-02,268,0,8,0,0.0,0.0
Machados,2021-02-03,268,0,8,0,0.0,0.0
Machados,2021-02-04,268,0,8,0,0.0,0.0
Machados,2021-02-05,268,0,8,0,0.0,0.0
Machados,2021-02-06,268,0,8,0,0.0,0.0
Machados,2021-02-07,268,0,8,0,0.0,0.0
Machados,2021-02-08,268,0,8,0,0.0,0.0
Machados,2021-02-09,268,0,8,0,0.0,0.0
Machados,2021-02-10,268,0,8,0,0.0,0.0
Machados,2021-02-11,268,0,8,0,0.0,0.0
Machados,2021-02-12,290,22,8,0,3.142857142857143,0.0
