city,date,cases,daily cases,deaths,daily deaths,daily cases moving average,daily deaths moving average
Madeiro,2020-03-27,0,0,0,0,,
Madeiro,2020-03-28,0,0,0,0,,
Madeiro,2020-03-29,0,0,0,0,,
Madeiro,2020-03-30,0,0,0,0,,
Madeiro,2020-03-31,0,0,0,0,,
Madeiro,2020-04-01,0,0,0,0,,
Madeiro,2020-04-02,0,0,0,0,,
Madeiro,2020-04-03,0,0,0,0,,
Madeiro,2020-04-04,0,0,0,0,,
Madeiro,2020-04-05,0,0,0,0,,
Madeiro,2020-04-06,0,0,0,0,,
Madeiro,2020-04-07,0,0,0,0,,
Madeiro,2020-04-08,0,0,0,0,,
Madeiro,2020-04-09,0,0,0,0,0.0,0.0
Madeiro,2020-04-10,0,0,0,0,0.0,0.0
Madeiro,2020-04-11,0,0,0,0,0.0,0.0
Madeiro,2020-04-12,0,0,0,0,0.0,0.0
Madeiro,2020-04-13,0,0,0,0,0.0,0.0
Madeiro,2020-04-14,0,0,0,0,0.0,0.0
Madeiro,2020-04-15,0,0,0,0,0.0,0.0
Madeiro,2020-04-16,0,0,0,0,0.0,0.0
Madeiro,2020-04-17,0,0,0,0,0.0,0.0
Madeiro,2020-04-18,0,0,0,0,0.0,0.0
Madeiro,2020-04-19,0,0,0,0,0.0,0.0
Madeiro,2020-04-20,0,0,0,0,0.0,0.0
Madeiro,2020-04-21,0,0,0,0,0.0,0.0
Madeiro,2020-04-22,0,0,0,0,0.0,0.0
Madeiro,2020-04-23,0,0,0,0,0.0,0.0
Madeiro,2020-04-24,0,0,0,0,0.0,0.0
Madeiro,2020-04-25,0,0,0,0,0.0,0.0
Madeiro,2020-04-26,0,0,0,0,0.0,0.0
Madeiro,2020-04-27,0,0,0,0,0.0,0.0
Madeiro,2020-04-28,0,0,0,0,0.0,0.0
Madeiro,2020-04-29,0,0,0,0,0.0,0.0
Madeiro,2020-04-30,0,0,0,0,0.0,0.0
Madeiro,2020-05-01,0,0,0,0,0.0,0.0
Madeiro,2020-05-02,0,0,0,0,0.0,0.0
Madeiro,2020-05-03,0,0,0,0,0.0,0.0
Madeiro,2020-05-04,0,0,0,0,0.0,0.0
Madeiro,2020-05-05,0,0,0,0,0.0,0.0
Madeiro,2020-05-06,0,0,0,0,0.0,0.0
Madeiro,2020-05-07,0,0,0,0,0.0,0.0
Madeiro,2020-05-08,0,0,0,0,0.0,0.0
Madeiro,2020-05-09,0,0,0,0,0.0,0.0
Madeiro,2020-05-10,0,0,0,0,0.0,0.0
Madeiro,2020-05-11,0,0,0,0,0.0,0.0
Madeiro,2020-05-12,0,0,0,0,0.0,0.0
Madeiro,2020-05-13,0,0,0,0,0.0,0.0
Madeiro,2020-05-14,0,0,0,0,0.0,0.0
Madeiro,2020-05-15,0,0,0,0,0.0,0.0
Madeiro,2020-05-16,0,0,0,0,0.0,0.0
Madeiro,2020-05-17,0,0,0,0,0.0,0.0
Madeiro,2020-05-18,0,0,0,0,0.0,0.0
Madeiro,2020-05-19,0,0,0,0,0.0,0.0
Madeiro,2020-05-20,0,0,0,0,0.0,0.0
Madeiro,2020-05-21,0,0,0,0,0.0,0.0
Madeiro,2020-05-22,0,0,0,0,0.0,0.0
Madeiro,2020-05-23,0,0,0,0,0.0,0.0
Madeiro,2020-05-24,0,0,0,0,0.0,0.0
Madeiro,2020-05-25,1,1,0,0,0.07142857142857142,0.0
Madeiro,2020-05-26,3,2,1,1,0.21428571428571427,0.07142857142857142
Madeiro,2020-05-27,3,0,1,0,0.21428571428571427,0.07142857142857142
Madeiro,2020-05-28,3,0,1,0,0.21428571428571427,0.07142857142857142
Madeiro,2020-05-29,3,0,1,0,0.21428571428571427,0.07142857142857142
Madeiro,2020-05-30,3,0,1,0,0.21428571428571427,0.07142857142857142
Madeiro,2020-05-31,3,0,1,0,0.21428571428571427,0.07142857142857142
Madeiro,2020-06-01,3,0,1,0,0.21428571428571427,0.07142857142857142
Madeiro,2020-06-02,3,0,1,0,0.21428571428571427,0.07142857142857142
Madeiro,2020-06-03,5,2,1,0,0.35714285714285715,0.07142857142857142
Madeiro,2020-06-04,5,0,1,0,0.35714285714285715,0.07142857142857142
Madeiro,2020-06-05,5,0,1,0,0.35714285714285715,0.07142857142857142
Madeiro,2020-06-06,12,7,1,0,0.8571428571428571,0.07142857142857142
Madeiro,2020-06-07,12,0,1,0,0.8571428571428571,0.07142857142857142
Madeiro,2020-06-08,13,1,1,0,0.8571428571428571,0.07142857142857142
Madeiro,2020-06-09,15,2,1,0,0.8571428571428571,0.0
Madeiro,2020-06-10,15,0,1,0,0.8571428571428571,0.0
Madeiro,2020-06-11,16,1,1,0,0.9285714285714286,0.0
Madeiro,2020-06-12,16,0,1,0,0.9285714285714286,0.0
Madeiro,2020-06-13,18,2,1,0,1.0714285714285714,0.0
Madeiro,2020-06-14,18,0,1,0,1.0714285714285714,0.0
Madeiro,2020-06-15,24,6,1,0,1.5,0.0
Madeiro,2020-06-16,24,0,1,0,1.5,0.0
Madeiro,2020-06-17,32,8,1,0,1.9285714285714286,0.0
Madeiro,2020-06-18,34,2,1,0,2.0714285714285716,0.0
Madeiro,2020-06-19,34,0,1,0,2.0714285714285716,0.0
Madeiro,2020-06-20,46,12,1,0,2.4285714285714284,0.0
Madeiro,2020-06-21,46,0,1,0,2.4285714285714284,0.0
Madeiro,2020-06-22,46,0,1,0,2.357142857142857,0.0
Madeiro,2020-06-23,57,11,1,0,3.0,0.0
Madeiro,2020-06-24,57,0,1,0,3.0,0.0
Madeiro,2020-06-25,77,20,1,0,4.357142857142857,0.0
Madeiro,2020-06-26,78,1,1,0,4.428571428571429,0.0
Madeiro,2020-06-27,76,-2,1,0,4.142857142857143,0.0
Madeiro,2020-06-28,91,15,1,0,5.214285714285714,0.0
Madeiro,2020-06-29,91,0,1,0,4.785714285714286,0.0
Madeiro,2020-06-30,91,0,1,0,4.785714285714286,0.0
Madeiro,2020-07-01,128,37,1,0,6.857142857142857,0.0
Madeiro,2020-07-02,135,7,1,0,7.214285714285714,0.0
Madeiro,2020-07-03,136,1,1,0,7.285714285714286,0.0
Madeiro,2020-07-04,143,7,1,0,6.928571428571429,0.0
Madeiro,2020-07-05,143,0,1,0,6.928571428571429,0.0
Madeiro,2020-07-06,143,0,1,0,6.928571428571429,0.0
Madeiro,2020-07-07,159,16,1,0,7.285714285714286,0.0
Madeiro,2020-07-08,159,0,1,0,7.285714285714286,0.0
Madeiro,2020-07-09,171,12,1,0,6.714285714285714,0.0
Madeiro,2020-07-10,171,0,1,0,6.642857142857143,0.0
Madeiro,2020-07-11,178,7,1,0,7.285714285714286,0.0
Madeiro,2020-07-12,178,0,1,0,6.214285714285714,0.0
Madeiro,2020-07-13,178,0,1,0,6.214285714285714,0.0
Madeiro,2020-07-14,184,6,1,0,6.642857142857143,0.0
Madeiro,2020-07-15,188,4,1,0,4.285714285714286,0.0
Madeiro,2020-07-16,189,1,1,0,3.857142857142857,0.0
Madeiro,2020-07-17,189,0,1,0,3.7857142857142856,0.0
Madeiro,2020-07-18,205,16,1,0,4.428571428571429,0.0
Madeiro,2020-07-19,207,2,1,0,4.571428571428571,0.0
Madeiro,2020-07-20,207,0,1,0,4.571428571428571,0.0
Madeiro,2020-07-21,223,16,2,1,4.571428571428571,0.07142857142857142
Madeiro,2020-07-22,234,11,2,0,5.357142857142857,0.07142857142857142
Madeiro,2020-07-23,257,23,2,0,6.142857142857143,0.07142857142857142
Madeiro,2020-07-24,258,1,2,0,6.214285714285714,0.07142857142857142
Madeiro,2020-07-25,270,12,2,0,6.571428571428571,0.07142857142857142
Madeiro,2020-07-26,270,0,2,0,6.571428571428571,0.07142857142857142
Madeiro,2020-07-27,270,0,2,0,6.571428571428571,0.07142857142857142
Madeiro,2020-07-28,280,10,2,0,6.857142857142857,0.07142857142857142
Madeiro,2020-07-29,280,0,2,0,6.571428571428571,0.07142857142857142
Madeiro,2020-07-30,280,0,2,0,6.5,0.07142857142857142
Madeiro,2020-07-31,281,1,2,0,6.571428571428571,0.07142857142857142
Madeiro,2020-08-01,282,1,2,0,5.5,0.07142857142857142
Madeiro,2020-08-02,282,0,2,0,5.357142857142857,0.07142857142857142
Madeiro,2020-08-03,282,0,2,0,5.357142857142857,0.07142857142857142
Madeiro,2020-08-04,283,1,2,0,4.285714285714286,0.0
Madeiro,2020-08-05,283,0,2,0,3.5,0.0
Madeiro,2020-08-06,286,3,2,0,2.0714285714285716,0.0
Madeiro,2020-08-07,308,22,2,0,3.5714285714285716,0.0
Madeiro,2020-08-08,335,27,2,0,4.642857142857143,0.0
Madeiro,2020-08-09,336,1,2,0,4.714285714285714,0.0
Madeiro,2020-08-10,336,0,2,0,4.714285714285714,0.0
Madeiro,2020-08-11,336,0,2,0,4.0,0.0
Madeiro,2020-08-12,336,0,2,0,4.0,0.0
Madeiro,2020-08-13,337,1,2,0,4.071428571428571,0.0
Madeiro,2020-08-14,338,1,2,0,4.071428571428571,0.0
Madeiro,2020-08-15,338,0,2,0,4.0,0.0
Madeiro,2020-08-16,338,0,2,0,4.0,0.0
Madeiro,2020-08-17,338,0,2,0,4.0,0.0
Madeiro,2020-08-18,338,0,2,0,3.9285714285714284,0.0
Madeiro,2020-08-19,338,0,2,0,3.9285714285714284,0.0
Madeiro,2020-08-20,338,0,2,0,3.7142857142857144,0.0
Madeiro,2020-08-21,340,2,2,0,2.2857142857142856,0.0
Madeiro,2020-08-22,340,0,2,0,0.35714285714285715,0.0
Madeiro,2020-08-23,340,0,2,0,0.2857142857142857,0.0
Madeiro,2020-08-24,340,0,2,0,0.2857142857142857,0.0
Madeiro,2020-08-25,341,1,2,0,0.35714285714285715,0.0
Madeiro,2020-08-26,341,0,2,0,0.35714285714285715,0.0
Madeiro,2020-08-27,352,11,2,0,1.0714285714285714,0.0
Madeiro,2020-08-28,352,0,2,0,1.0,0.0
Madeiro,2020-08-29,352,0,2,0,1.0,0.0
Madeiro,2020-08-30,352,0,2,0,1.0,0.0
Madeiro,2020-08-31,352,0,2,0,1.0,0.0
Madeiro,2020-09-01,352,0,2,0,1.0,0.0
Madeiro,2020-09-02,352,0,2,0,1.0,0.0
Madeiro,2020-09-03,355,3,2,0,1.2142857142857142,0.0
Madeiro,2020-09-04,357,2,2,0,1.2142857142857142,0.0
Madeiro,2020-09-05,357,0,2,0,1.2142857142857142,0.0
Madeiro,2020-09-06,357,0,2,0,1.2142857142857142,0.0
Madeiro,2020-09-07,357,0,2,0,1.2142857142857142,0.0
Madeiro,2020-09-08,357,0,2,0,1.1428571428571428,0.0
Madeiro,2020-09-09,364,7,2,0,1.6428571428571428,0.0
Madeiro,2020-09-10,364,0,2,0,0.8571428571428571,0.0
Madeiro,2020-09-11,364,0,2,0,0.8571428571428571,0.0
Madeiro,2020-09-12,365,1,2,0,0.9285714285714286,0.0
Madeiro,2020-09-13,365,0,2,0,0.9285714285714286,0.0
Madeiro,2020-09-14,365,0,2,0,0.9285714285714286,0.0
Madeiro,2020-09-15,366,1,2,0,1.0,0.0
Madeiro,2020-09-16,366,0,2,0,1.0,0.0
Madeiro,2020-09-17,366,0,2,0,0.7857142857142857,0.0
Madeiro,2020-09-18,366,0,2,0,0.6428571428571429,0.0
Madeiro,2020-09-19,366,0,2,0,0.6428571428571429,0.0
Madeiro,2020-09-20,366,0,2,0,0.6428571428571429,0.0
Madeiro,2020-09-21,366,0,2,0,0.6428571428571429,0.0
Madeiro,2020-09-22,366,0,2,0,0.6428571428571429,0.0
Madeiro,2020-09-23,366,0,2,0,0.14285714285714285,0.0
Madeiro,2020-09-24,366,0,2,0,0.14285714285714285,0.0
Madeiro,2020-09-25,366,0,2,0,0.14285714285714285,0.0
Madeiro,2020-09-26,366,0,2,0,0.07142857142857142,0.0
Madeiro,2020-09-27,366,0,2,0,0.07142857142857142,0.0
Madeiro,2020-09-28,366,0,2,0,0.07142857142857142,0.0
Madeiro,2020-09-29,366,0,2,0,0.0,0.0
Madeiro,2020-09-30,366,0,2,0,0.0,0.0
Madeiro,2020-10-01,367,1,2,0,0.07142857142857142,0.0
Madeiro,2020-10-02,367,0,2,0,0.07142857142857142,0.0
Madeiro,2020-10-03,368,1,2,0,0.14285714285714285,0.0
Madeiro,2020-10-04,368,0,2,0,0.14285714285714285,0.0
Madeiro,2020-10-05,368,0,2,0,0.14285714285714285,0.0
Madeiro,2020-10-06,368,0,2,0,0.14285714285714285,0.0
Madeiro,2020-10-07,368,0,2,0,0.14285714285714285,0.0
Madeiro,2020-10-08,368,0,2,0,0.14285714285714285,0.0
Madeiro,2020-10-09,368,0,2,0,0.14285714285714285,0.0
Madeiro,2020-10-10,368,0,2,0,0.14285714285714285,0.0
Madeiro,2020-10-11,368,0,2,0,0.14285714285714285,0.0
Madeiro,2020-10-12,368,0,2,0,0.14285714285714285,0.0
Madeiro,2020-10-13,368,0,2,0,0.14285714285714285,0.0
Madeiro,2020-10-14,368,0,2,0,0.14285714285714285,0.0
Madeiro,2020-10-15,368,0,2,0,0.07142857142857142,0.0
Madeiro,2020-10-16,368,0,2,0,0.07142857142857142,0.0
Madeiro,2020-10-17,368,0,2,0,0.0,0.0
Madeiro,2020-10-18,368,0,2,0,0.0,0.0
Madeiro,2020-10-19,368,0,2,0,0.0,0.0
Madeiro,2020-10-20,368,0,2,0,0.0,0.0
Madeiro,2020-10-21,368,0,2,0,0.0,0.0
Madeiro,2020-10-22,368,0,2,0,0.0,0.0
Madeiro,2020-10-23,368,0,2,0,0.0,0.0
Madeiro,2020-10-24,368,0,2,0,0.0,0.0
Madeiro,2020-10-25,368,0,2,0,0.0,0.0
Madeiro,2020-10-26,368,0,2,0,0.0,0.0
Madeiro,2020-10-27,368,0,2,0,0.0,0.0
Madeiro,2020-10-28,368,0,2,0,0.0,0.0
Madeiro,2020-10-29,368,0,2,0,0.0,0.0
Madeiro,2020-10-30,368,0,2,0,0.0,0.0
Madeiro,2020-10-31,368,0,2,0,0.0,0.0
Madeiro,2020-11-01,368,0,2,0,0.0,0.0
Madeiro,2020-11-02,368,0,2,0,0.0,0.0
Madeiro,2020-11-03,368,0,2,0,0.0,0.0
Madeiro,2020-11-04,368,0,2,0,0.0,0.0
Madeiro,2020-11-05,368,0,2,0,0.0,0.0
Madeiro,2020-11-06,368,0,2,0,0.0,0.0
Madeiro,2020-11-07,368,0,2,0,0.0,0.0
Madeiro,2020-11-08,368,0,2,0,0.0,0.0
Madeiro,2020-11-09,368,0,2,0,0.0,0.0
Madeiro,2020-11-10,368,0,2,0,0.0,0.0
Madeiro,2020-11-11,368,0,2,0,0.0,0.0
Madeiro,2020-11-12,368,0,2,0,0.0,0.0
Madeiro,2020-11-13,368,0,2,0,0.0,0.0
Madeiro,2020-11-14,368,0,2,0,0.0,0.0
Madeiro,2020-11-15,368,0,2,0,0.0,0.0
Madeiro,2020-11-16,368,0,2,0,0.0,0.0
Madeiro,2020-11-17,368,0,2,0,0.0,0.0
Madeiro,2020-11-18,368,0,2,0,0.0,0.0
Madeiro,2020-11-19,368,0,2,0,0.0,0.0
Madeiro,2020-11-20,368,0,2,0,0.0,0.0
Madeiro,2020-11-21,368,0,2,0,0.0,0.0
Madeiro,2020-11-22,368,0,2,0,0.0,0.0
Madeiro,2020-11-23,368,0,2,0,0.0,0.0
Madeiro,2020-11-24,368,0,2,0,0.0,0.0
Madeiro,2020-11-25,368,0,2,0,0.0,0.0
Madeiro,2020-11-26,368,0,2,0,0.0,0.0
Madeiro,2020-11-27,368,0,2,0,0.0,0.0
Madeiro,2020-11-28,368,0,2,0,0.0,0.0
Madeiro,2020-11-29,368,0,2,0,0.0,0.0
Madeiro,2020-11-30,368,0,2,0,0.0,0.0
Madeiro,2020-12-01,368,0,2,0,0.0,0.0
Madeiro,2020-12-02,368,0,2,0,0.0,0.0
Madeiro,2020-12-03,368,0,2,0,0.0,0.0
Madeiro,2020-12-04,368,0,2,0,0.0,0.0
Madeiro,2020-12-05,368,0,2,0,0.0,0.0
Madeiro,2020-12-06,368,0,2,0,0.0,0.0
Madeiro,2020-12-07,368,0,2,0,0.0,0.0
Madeiro,2020-12-08,368,0,2,0,0.0,0.0
Madeiro,2020-12-09,368,0,2,0,0.0,0.0
Madeiro,2020-12-10,368,0,2,0,0.0,0.0
Madeiro,2020-12-11,368,0,2,0,0.0,0.0
Madeiro,2020-12-12,368,0,2,0,0.0,0.0
Madeiro,2020-12-13,368,0,2,0,0.0,0.0
Madeiro,2020-12-14,368,0,2,0,0.0,0.0
Madeiro,2020-12-15,368,0,2,0,0.0,0.0
Madeiro,2020-12-16,368,0,2,0,0.0,0.0
Madeiro,2020-12-17,368,0,2,0,0.0,0.0
Madeiro,2020-12-18,368,0,2,0,0.0,0.0
Madeiro,2020-12-19,368,0,2,0,0.0,0.0
Madeiro,2020-12-20,368,0,2,0,0.0,0.0
Madeiro,2020-12-21,368,0,2,0,0.0,0.0
Madeiro,2020-12-22,368,0,2,0,0.0,0.0
Madeiro,2020-12-23,368,0,2,0,0.0,0.0
Madeiro,2020-12-24,368,0,2,0,0.0,0.0
Madeiro,2020-12-25,368,0,2,0,0.0,0.0
Madeiro,2020-12-26,368,0,2,0,0.0,0.0
Madeiro,2020-12-27,368,0,2,0,0.0,0.0
Madeiro,2020-12-28,368,0,2,0,0.0,0.0
Madeiro,2020-12-29,368,0,2,0,0.0,0.0
Madeiro,2020-12-30,368,0,2,0,0.0,0.0
Madeiro,2020-12-31,368,0,2,0,0.0,0.0
Madeiro,2021-01-01,368,0,2,0,0.0,0.0
Madeiro,2021-01-02,368,0,2,0,0.0,0.0
Madeiro,2021-01-03,368,0,2,0,0.0,0.0
Madeiro,2021-01-04,368,0,2,0,0.0,0.0
Madeiro,2021-01-05,368,0,2,0,0.0,0.0
Madeiro,2021-01-06,368,0,2,0,0.0,0.0
Madeiro,2021-01-07,368,0,2,0,0.0,0.0
Madeiro,2021-01-08,369,1,2,0,0.07142857142857142,0.0
Madeiro,2021-01-09,369,0,2,0,0.07142857142857142,0.0
Madeiro,2021-01-10,369,0,2,0,0.07142857142857142,0.0
Madeiro,2021-01-11,369,0,2,0,0.07142857142857142,0.0
Madeiro,2021-01-12,369,0,2,0,0.07142857142857142,0.0
Madeiro,2021-01-13,369,0,2,0,0.07142857142857142,0.0
Madeiro,2021-01-14,369,0,2,0,0.07142857142857142,0.0
Madeiro,2021-01-15,369,0,2,0,0.07142857142857142,0.0
Madeiro,2021-01-16,369,0,2,0,0.07142857142857142,0.0
Madeiro,2021-01-17,369,0,2,0,0.07142857142857142,0.0
Madeiro,2021-01-18,369,0,2,0,0.07142857142857142,0.0
Madeiro,2021-01-19,369,0,2,0,0.07142857142857142,0.0
Madeiro,2021-01-20,369,0,2,0,0.07142857142857142,0.0
Madeiro,2021-01-21,369,0,2,0,0.07142857142857142,0.0
Madeiro,2021-01-22,369,0,2,0,0.0,0.0
Madeiro,2021-01-23,369,0,2,0,0.0,0.0
Madeiro,2021-01-24,369,0,2,0,0.0,0.0
Madeiro,2021-01-25,369,0,2,0,0.0,0.0
Madeiro,2021-01-26,369,0,2,0,0.0,0.0
Madeiro,2021-01-27,369,0,2,0,0.0,0.0
Madeiro,2021-01-28,369,0,2,0,0.0,0.0
Madeiro,2021-01-29,369,0,2,0,0.0,0.0
Madeiro,2021-01-30,369,0,2,0,0.0,0.0
Madeiro,2021-01-31,369,0,2,0,0.0,0.0
Madeiro,2021-02-01,369,0,2,0,0.0,0.0
Madeiro,2021-02-02,369,0,2,0,0.0,0.0
Madeiro,2021-02-03,369,0,2,0,0.0,0.0
Madeiro,2021-02-04,370,1,2,0,0.07142857142857142,0.0
Madeiro,2021-02-05,370,0,2,0,0.07142857142857142,0.0
Madeiro,2021-02-06,370,0,2,0,0.07142857142857142,0.0
Madeiro,2021-02-07,370,0,2,0,0.07142857142857142,0.0
Madeiro,2021-02-08,370,0,2,0,0.07142857142857142,0.0
Madeiro,2021-02-09,370,0,2,0,0.07142857142857142,0.0
Madeiro,2021-02-10,370,0,2,0,0.07142857142857142,0.0
Madeiro,2021-02-11,370,0,2,0,0.07142857142857142,0.0
Madeiro,2021-02-12,370,0,2,0,0.07142857142857142,0.0
