city,city,date,cases,daily cases,deaths,daily deaths
Mairiporã,Mairiporã,2020-03-27,0,0,0,0
Mairiporã,Mairiporã,2020-03-28,2,2,0,0
Mairiporã,Mairiporã,2020-03-29,2,0,0,0
Mairiporã,Mairiporã,2020-03-30,2,0,0,0
Mairiporã,Mairiporã,2020-03-31,2,0,0,0
Mairiporã,Mairiporã,2020-04-01,2,0,0,0
Mairiporã,Mairiporã,2020-04-02,3,1,0,0
Mairiporã,Mairiporã,2020-04-03,3,0,0,0
Mairiporã,Mairiporã,2020-04-04,4,1,1,1
Mairiporã,Mairiporã,2020-04-05,5,1,2,1
Mairiporã,Mairiporã,2020-04-06,6,1,2,0
Mairiporã,Mairiporã,2020-04-07,7,1,2,0
Mairiporã,Mairiporã,2020-04-08,7,0,2,0
Mairiporã,Mairiporã,2020-04-09,7,0,2,0
Mairiporã,Mairiporã,2020-04-10,7,0,2,0
Mairiporã,Mairiporã,2020-04-11,7,0,2,0
Mairiporã,Mairiporã,2020-04-12,7,0,2,0
Mairiporã,Mairiporã,2020-04-13,7,0,2,0
Mairiporã,Mairiporã,2020-04-14,7,0,2,0
Mairiporã,Mairiporã,2020-04-15,9,2,2,0
Mairiporã,Mairiporã,2020-04-16,9,0,2,0
Mairiporã,Mairiporã,2020-04-17,10,1,2,0
Mairiporã,Mairiporã,2020-04-18,11,1,2,0
Mairiporã,Mairiporã,2020-04-19,10,-1,2,0
Mairiporã,Mairiporã,2020-04-20,11,1,3,1
Mairiporã,Mairiporã,2020-04-21,14,3,4,1
Mairiporã,Mairiporã,2020-04-22,14,0,4,0
Mairiporã,Mairiporã,2020-04-23,14,0,4,0
Mairiporã,Mairiporã,2020-04-24,15,1,4,0
Mairiporã,Mairiporã,2020-04-25,19,4,4,0
Mairiporã,Mairiporã,2020-04-26,19,0,4,0
Mairiporã,Mairiporã,2020-04-27,21,2,4,0
Mairiporã,Mairiporã,2020-04-28,21,0,4,0
Mairiporã,Mairiporã,2020-04-29,29,8,4,0
Mairiporã,Mairiporã,2020-04-30,32,3,4,0
Mairiporã,Mairiporã,2020-05-01,32,0,4,0
Mairiporã,Mairiporã,2020-05-02,33,1,4,0
Mairiporã,Mairiporã,2020-05-03,39,6,4,0
Mairiporã,Mairiporã,2020-05-04,40,1,4,0
Mairiporã,Mairiporã,2020-05-05,43,3,4,0
Mairiporã,Mairiporã,2020-05-06,45,2,4,0
Mairiporã,Mairiporã,2020-05-07,46,1,4,0
Mairiporã,Mairiporã,2020-05-08,46,0,4,0
Mairiporã,Mairiporã,2020-05-09,51,5,5,1
Mairiporã,Mairiporã,2020-05-10,58,7,6,1
Mairiporã,Mairiporã,2020-05-11,58,0,6,0
Mairiporã,Mairiporã,2020-05-12,69,11,6,0
Mairiporã,Mairiporã,2020-05-13,73,4,6,0
Mairiporã,Mairiporã,2020-05-14,77,4,6,0
Mairiporã,Mairiporã,2020-05-15,85,8,6,0
Mairiporã,Mairiporã,2020-05-16,87,2,6,0
Mairiporã,Mairiporã,2020-05-17,88,1,6,0
Mairiporã,Mairiporã,2020-05-18,88,0,6,0
Mairiporã,Mairiporã,2020-05-19,91,3,6,0
Mairiporã,Mairiporã,2020-05-20,93,2,6,0
Mairiporã,Mairiporã,2020-05-21,97,4,6,0
Mairiporã,Mairiporã,2020-05-22,101,4,6,0
Mairiporã,Mairiporã,2020-05-23,104,3,6,0
Mairiporã,Mairiporã,2020-05-24,109,5,6,0
Mairiporã,Mairiporã,2020-05-25,109,0,6,0
Mairiporã,Mairiporã,2020-05-26,110,1,8,2
Mairiporã,Mairiporã,2020-05-27,113,3,10,2
Mairiporã,Mairiporã,2020-05-28,118,5,10,0
Mairiporã,Mairiporã,2020-05-29,122,4,11,1
Mairiporã,Mairiporã,2020-05-30,131,9,13,2
Mairiporã,Mairiporã,2020-05-31,132,1,15,2
Mairiporã,Mairiporã,2020-06-01,132,0,15,0
Mairiporã,Mairiporã,2020-06-02,134,2,16,1
Mairiporã,Mairiporã,2020-06-03,134,0,16,0
Mairiporã,Mairiporã,2020-06-04,142,8,16,0
Mairiporã,Mairiporã,2020-06-05,143,1,17,1
Mairiporã,Mairiporã,2020-06-06,147,4,17,0
Mairiporã,Mairiporã,2020-06-07,147,0,19,2
Mairiporã,Mairiporã,2020-06-08,147,0,19,0
Mairiporã,Mairiporã,2020-06-09,149,2,21,2
Mairiporã,Mairiporã,2020-06-10,150,1,21,0
Mairiporã,Mairiporã,2020-06-11,153,3,21,0
Mairiporã,Mairiporã,2020-06-12,153,0,21,0
Mairiporã,Mairiporã,2020-06-13,156,3,21,0
Mairiporã,Mairiporã,2020-06-14,157,1,21,0
Mairiporã,Mairiporã,2020-06-15,157,0,21,0
Mairiporã,Mairiporã,2020-06-16,158,1,22,1
Mairiporã,Mairiporã,2020-06-17,162,4,22,0
Mairiporã,Mairiporã,2020-06-18,164,2,23,1
Mairiporã,Mairiporã,2020-06-19,172,8,24,1
Mairiporã,Mairiporã,2020-06-20,184,12,23,-1
Mairiporã,Mairiporã,2020-06-21,185,1,23,0
Mairiporã,Mairiporã,2020-06-22,192,7,23,0
Mairiporã,Mairiporã,2020-06-23,199,7,24,1
Mairiporã,Mairiporã,2020-06-24,209,10,24,0
Mairiporã,Mairiporã,2020-06-25,225,16,24,0
Mairiporã,Mairiporã,2020-06-26,235,10,25,1
Mairiporã,Mairiporã,2020-06-27,243,8,25,0
Mairiporã,Mairiporã,2020-06-28,244,1,25,0
Mairiporã,Mairiporã,2020-06-29,250,6,25,0
Mairiporã,Mairiporã,2020-06-30,259,9,25,0
Mairiporã,Mairiporã,2020-07-01,271,12,25,0
Mairiporã,Mairiporã,2020-07-02,276,5,25,0
Mairiporã,Mairiporã,2020-07-03,279,3,25,0
Mairiporã,Mairiporã,2020-07-04,279,0,25,0
Mairiporã,Mairiporã,2020-07-05,282,3,25,0
Mairiporã,Mairiporã,2020-07-06,282,0,25,0
Mairiporã,Mairiporã,2020-07-07,293,11,25,0
Mairiporã,Mairiporã,2020-07-08,305,12,26,1
Mairiporã,Mairiporã,2020-07-09,312,7,28,2
Mairiporã,Mairiporã,2020-07-10,316,4,28,0
Mairiporã,Mairiporã,2020-07-11,321,5,29,1
Mairiporã,Mairiporã,2020-07-12,321,0,29,0
Mairiporã,Mairiporã,2020-07-13,321,0,29,0
Mairiporã,Mairiporã,2020-07-14,327,6,30,1
Mairiporã,Mairiporã,2020-07-15,351,24,31,1
Mairiporã,Mairiporã,2020-07-16,366,15,31,0
Mairiporã,Mairiporã,2020-07-17,381,15,31,0
Mairiporã,Mairiporã,2020-07-18,385,4,33,2
Mairiporã,Mairiporã,2020-07-19,390,5,33,0
Mairiporã,Mairiporã,2020-07-20,390,0,33,0
Mairiporã,Mairiporã,2020-07-21,392,2,33,0
Mairiporã,Mairiporã,2020-07-22,411,19,34,1
Mairiporã,Mairiporã,2020-07-23,420,9,34,0
Mairiporã,Mairiporã,2020-07-24,441,21,34,0
Mairiporã,Mairiporã,2020-07-25,470,29,35,1
Mairiporã,Mairiporã,2020-07-26,472,2,35,0
Mairiporã,Mairiporã,2020-07-27,473,1,35,0
Mairiporã,Mairiporã,2020-07-28,473,0,35,0
Mairiporã,Mairiporã,2020-07-29,526,53,36,1
Mairiporã,Mairiporã,2020-07-30,550,24,36,0
Mairiporã,Mairiporã,2020-07-31,575,25,36,0
Mairiporã,Mairiporã,2020-08-01,580,5,36,0
Mairiporã,Mairiporã,2020-08-02,587,7,36,0
Mairiporã,Mairiporã,2020-08-03,587,0,36,0
Mairiporã,Mairiporã,2020-08-04,614,27,37,1
Mairiporã,Mairiporã,2020-08-05,651,37,38,1
Mairiporã,Mairiporã,2020-08-06,671,20,39,1
Mairiporã,Mairiporã,2020-08-07,684,13,40,1
Mairiporã,Mairiporã,2020-08-08,699,15,40,0
Mairiporã,Mairiporã,2020-08-09,699,0,40,0
Mairiporã,Mairiporã,2020-08-10,700,1,40,0
Mairiporã,Mairiporã,2020-08-11,719,19,40,0
Mairiporã,Mairiporã,2020-08-12,736,17,41,1
Mairiporã,Mairiporã,2020-08-13,752,16,41,0
Mairiporã,Mairiporã,2020-08-14,763,11,41,0
Mairiporã,Mairiporã,2020-08-15,776,13,42,1
Mairiporã,Mairiporã,2020-08-16,776,0,42,0
Mairiporã,Mairiporã,2020-08-17,776,0,42,0
Mairiporã,Mairiporã,2020-08-18,789,13,44,2
Mairiporã,Mairiporã,2020-08-19,798,9,44,0
Mairiporã,Mairiporã,2020-08-20,813,15,44,0
Mairiporã,Mairiporã,2020-08-21,820,7,46,2
Mairiporã,Mairiporã,2020-08-22,836,16,46,0
Mairiporã,Mairiporã,2020-08-23,836,0,46,0
Mairiporã,Mairiporã,2020-08-24,837,1,46,0
Mairiporã,Mairiporã,2020-08-25,856,19,46,0
Mairiporã,Mairiporã,2020-08-26,889,33,46,0
Mairiporã,Mairiporã,2020-08-27,896,7,49,3
Mairiporã,Mairiporã,2020-08-28,912,16,50,1
Mairiporã,Mairiporã,2020-08-29,919,7,50,0
Mairiporã,Mairiporã,2020-08-30,919,0,50,0
Mairiporã,Mairiporã,2020-08-31,921,2,50,0
Mairiporã,Mairiporã,2020-09-01,945,24,51,1
Mairiporã,Mairiporã,2020-09-02,958,13,51,0
Mairiporã,Mairiporã,2020-09-03,976,18,51,0
Mairiporã,Mairiporã,2020-09-04,990,14,51,0
Mairiporã,Mairiporã,2020-09-05,1025,35,51,0
Mairiporã,Mairiporã,2020-09-06,1026,1,51,0
Mairiporã,Mairiporã,2020-09-07,1026,0,51,0
Mairiporã,Mairiporã,2020-09-08,1027,1,51,0
Mairiporã,Mairiporã,2020-09-09,1046,19,52,1
Mairiporã,Mairiporã,2020-09-10,1165,119,52,0
Mairiporã,Mairiporã,2020-09-11,1193,28,53,1
Mairiporã,Mairiporã,2020-09-12,1248,55,53,0
Mairiporã,Mairiporã,2020-09-13,1248,0,53,0
Mairiporã,Mairiporã,2020-09-14,1248,0,53,0
Mairiporã,Mairiporã,2020-09-15,1251,3,53,0
Mairiporã,Mairiporã,2020-09-16,1256,5,53,0
Mairiporã,Mairiporã,2020-09-17,1265,9,54,1
Mairiporã,Mairiporã,2020-09-18,1314,49,55,1
Mairiporã,Mairiporã,2020-09-19,1322,8,55,0
Mairiporã,Mairiporã,2020-09-20,1324,2,55,0
Mairiporã,Mairiporã,2020-09-21,1324,0,55,0
Mairiporã,Mairiporã,2020-09-22,1343,19,56,1
Mairiporã,Mairiporã,2020-09-23,1349,6,57,1
Mairiporã,Mairiporã,2020-09-24,1361,12,57,0
Mairiporã,Mairiporã,2020-09-25,1401,40,57,0
Mairiporã,Mairiporã,2020-09-26,1416,15,57,0
Mairiporã,Mairiporã,2020-09-27,1417,1,57,0
Mairiporã,Mairiporã,2020-09-28,1418,1,57,0
Mairiporã,Mairiporã,2020-09-29,1420,2,57,0
Mairiporã,Mairiporã,2020-09-30,1421,1,57,0
Mairiporã,Mairiporã,2020-10-01,1434,13,57,0
Mairiporã,Mairiporã,2020-10-02,1437,3,57,0
Mairiporã,Mairiporã,2020-10-03,1450,13,57,0
Mairiporã,Mairiporã,2020-10-04,1451,1,57,0
Mairiporã,Mairiporã,2020-10-05,1451,0,57,0
Mairiporã,Mairiporã,2020-10-06,1459,8,57,0
Mairiporã,Mairiporã,2020-10-07,1473,14,58,1
Mairiporã,Mairiporã,2020-10-08,1518,45,58,0
Mairiporã,Mairiporã,2020-10-09,1525,7,58,0
Mairiporã,Mairiporã,2020-10-10,1537,12,58,0
Mairiporã,Mairiporã,2020-10-11,1537,0,58,0
Mairiporã,Mairiporã,2020-10-12,1537,0,58,0
Mairiporã,Mairiporã,2020-10-13,1537,0,58,0
Mairiporã,Mairiporã,2020-10-14,1549,12,58,0
Mairiporã,Mairiporã,2020-10-15,1572,23,59,1
Mairiporã,Mairiporã,2020-10-16,1579,7,59,0
Mairiporã,Mairiporã,2020-10-17,1591,12,59,0
Mairiporã,Mairiporã,2020-10-18,1591,0,59,0
Mairiporã,Mairiporã,2020-10-19,1592,1,59,0
Mairiporã,Mairiporã,2020-10-20,1607,15,59,0
Mairiporã,Mairiporã,2020-10-21,1616,9,59,0
Mairiporã,Mairiporã,2020-10-22,1623,7,60,1
Mairiporã,Mairiporã,2020-10-23,1631,8,61,1
Mairiporã,Mairiporã,2020-10-24,1632,1,61,0
Mairiporã,Mairiporã,2020-10-25,1632,0,61,0
Mairiporã,Mairiporã,2020-10-26,1633,1,61,0
Mairiporã,Mairiporã,2020-10-27,1636,3,61,0
Mairiporã,Mairiporã,2020-10-28,1666,30,61,0
Mairiporã,Mairiporã,2020-10-29,1674,8,61,0
Mairiporã,Mairiporã,2020-10-30,1684,10,61,0
Mairiporã,Mairiporã,2020-10-31,1689,5,61,0
Mairiporã,Mairiporã,2020-11-01,1689,0,61,0
Mairiporã,Mairiporã,2020-11-02,1689,0,61,0
Mairiporã,Mairiporã,2020-11-03,1690,1,61,0
Mairiporã,Mairiporã,2020-11-04,1697,7,61,0
Mairiporã,Mairiporã,2020-11-05,1700,3,63,2
Mairiporã,Mairiporã,2020-11-06,1700,0,63,0
Mairiporã,Mairiporã,2020-11-07,1700,0,63,0
Mairiporã,Mairiporã,2020-11-08,1700,0,63,0
Mairiporã,Mairiporã,2020-11-09,1700,0,63,0
Mairiporã,Mairiporã,2020-11-10,1700,0,63,0
Mairiporã,Mairiporã,2020-11-11,1757,57,64,1
Mairiporã,Mairiporã,2020-11-12,1770,13,64,0
Mairiporã,Mairiporã,2020-11-13,1780,10,64,0
Mairiporã,Mairiporã,2020-11-14,1795,15,64,0
Mairiporã,Mairiporã,2020-11-15,1803,8,64,0
Mairiporã,Mairiporã,2020-11-16,1806,3,64,0
Mairiporã,Mairiporã,2020-11-17,1815,9,64,0
Mairiporã,Mairiporã,2020-11-18,1827,12,66,2
Mairiporã,Mairiporã,2020-11-19,1831,4,66,0
Mairiporã,Mairiporã,2020-11-20,1843,12,67,1
Mairiporã,Mairiporã,2020-11-21,1856,13,67,0
Mairiporã,Mairiporã,2020-11-22,1860,4,67,0
Mairiporã,Mairiporã,2020-11-23,1861,1,67,0
Mairiporã,Mairiporã,2020-11-24,1866,5,67,0
Mairiporã,Mairiporã,2020-11-25,2037,171,67,0
Mairiporã,Mairiporã,2020-11-26,2043,6,68,1
Mairiporã,Mairiporã,2020-11-27,2046,3,68,0
Mairiporã,Mairiporã,2020-11-28,2054,8,68,0
Mairiporã,Mairiporã,2020-11-29,2062,8,68,0
Mairiporã,Mairiporã,2020-11-30,2062,0,68,0
Mairiporã,Mairiporã,2020-12-01,2088,26,68,0
Mairiporã,Mairiporã,2020-12-02,2102,14,69,1
Mairiporã,Mairiporã,2020-12-03,2129,27,70,1
Mairiporã,Mairiporã,2020-12-04,2202,73,70,0
Mairiporã,Mairiporã,2020-12-05,2222,20,71,1
Mairiporã,Mairiporã,2020-12-06,2228,6,71,0
Mairiporã,Mairiporã,2020-12-07,2229,1,71,0
Mairiporã,Mairiporã,2020-12-08,2247,18,72,1
Mairiporã,Mairiporã,2020-12-09,2352,105,73,1
Mairiporã,Mairiporã,2020-12-10,2372,20,73,0
Mairiporã,Mairiporã,2020-12-11,2408,36,73,0
Mairiporã,Mairiporã,2020-12-12,2418,10,74,1
Mairiporã,Mairiporã,2020-12-13,2418,0,74,0
Mairiporã,Mairiporã,2020-12-14,2422,4,74,0
Mairiporã,Mairiporã,2020-12-15,2429,7,74,0
Mairiporã,Mairiporã,2020-12-16,2429,0,74,0
Mairiporã,Mairiporã,2020-12-17,2473,44,79,5
Mairiporã,Mairiporã,2020-12-18,2490,17,79,0
Mairiporã,Mairiporã,2020-12-19,2508,18,80,1
Mairiporã,Mairiporã,2020-12-20,2508,0,80,0
Mairiporã,Mairiporã,2020-12-21,2510,2,80,0
Mairiporã,Mairiporã,2020-12-22,2518,8,81,1
Mairiporã,Mairiporã,2020-12-23,2542,24,81,0
Mairiporã,Mairiporã,2020-12-24,2558,16,81,0
Mairiporã,Mairiporã,2020-12-25,2563,5,81,0
Mairiporã,Mairiporã,2020-12-26,2563,0,81,0
Mairiporã,Mairiporã,2020-12-27,2565,2,81,0
Mairiporã,Mairiporã,2020-12-28,2566,1,81,0
Mairiporã,Mairiporã,2020-12-29,2569,3,81,0
Mairiporã,Mairiporã,2020-12-30,2587,18,81,0
Mairiporã,Mairiporã,2020-12-31,2605,18,81,0
Mairiporã,Mairiporã,2021-01-01,2611,6,81,0
Mairiporã,Mairiporã,2021-01-02,2611,0,81,0
Mairiporã,Mairiporã,2021-01-03,2611,0,81,0
Mairiporã,Mairiporã,2021-01-04,2615,4,81,0
Mairiporã,Mairiporã,2021-01-05,2634,19,81,0
Mairiporã,Mairiporã,2021-01-06,2639,5,86,5
Mairiporã,Mairiporã,2021-01-07,2971,332,86,0
Mairiporã,Mairiporã,2021-01-08,2975,4,86,0
Mairiporã,Mairiporã,2021-01-09,2982,7,86,0
Mairiporã,Mairiporã,2021-01-10,2991,9,86,0
Mairiporã,Mairiporã,2021-01-11,2992,1,86,0
Mairiporã,Mairiporã,2021-01-12,3008,16,86,0
Mairiporã,Mairiporã,2021-01-13,3013,5,87,1
Mairiporã,Mairiporã,2021-01-14,3026,13,90,3
Mairiporã,Mairiporã,2021-01-15,3187,161,91,1
Mairiporã,Mairiporã,2021-01-16,3192,5,91,0
Mairiporã,Mairiporã,2021-01-17,3197,5,92,1
Mairiporã,Mairiporã,2021-01-18,3197,0,92,0
Mairiporã,Mairiporã,2021-01-19,3211,14,93,1
Mairiporã,Mairiporã,2021-01-20,3234,23,96,3
Mairiporã,Mairiporã,2021-01-21,3246,12,98,2
Mairiporã,Mairiporã,2021-01-22,3257,11,100,2
Mairiporã,Mairiporã,2021-01-23,3289,32,100,0
Mairiporã,Mairiporã,2021-01-24,3290,1,100,0
Mairiporã,Mairiporã,2021-01-25,3299,9,100,0
Mairiporã,Mairiporã,2021-01-26,3313,14,102,2
Mairiporã,Mairiporã,2021-01-27,3519,206,106,4
Mairiporã,Mairiporã,2021-01-28,3531,12,106,0
Mairiporã,Mairiporã,2021-01-29,3619,88,106,0
Mairiporã,Mairiporã,2021-01-30,3626,7,106,0
Mairiporã,Mairiporã,2021-01-31,3628,2,106,0
Mairiporã,Mairiporã,2021-02-01,3628,0,106,0
Mairiporã,Mairiporã,2021-02-02,3637,9,107,1
Mairiporã,Mairiporã,2021-02-03,3650,13,108,1
Mairiporã,Mairiporã,2021-02-04,3671,21,108,0
Mairiporã,Mairiporã,2021-02-05,3698,27,108,0
Mairiporã,Mairiporã,2021-02-06,3704,6,108,0
Mairiporã,Mairiporã,2021-02-07,3706,2,108,0
Mairiporã,Mairiporã,2021-02-08,3706,0,108,0
