city,city,date,cases,daily cases,deaths,daily deaths
Manoel Vitorino,Manoel Vitorino,2020-03-27,0,0,0,0
Manoel Vitorino,Manoel Vitorino,2020-03-28,0,0,0,0
Manoel Vitorino,Manoel Vitorino,2020-03-29,0,0,0,0
Manoel Vitorino,Manoel Vitorino,2020-03-30,0,0,0,0
Manoel Vitorino,Manoel Vitorino,2020-03-31,0,0,0,0
Manoel Vitorino,Manoel Vitorino,2020-04-01,0,0,0,0
Manoel Vitorino,Manoel Vitorino,2020-04-02,0,0,0,0
Manoel Vitorino,Manoel Vitorino,2020-04-03,0,0,0,0
Manoel Vitorino,Manoel Vitorino,2020-04-04,0,0,0,0
Manoel Vitorino,Manoel Vitorino,2020-04-05,0,0,0,0
Manoel Vitorino,Manoel Vitorino,2020-04-06,0,0,0,0
Manoel Vitorino,Manoel Vitorino,2020-04-07,0,0,0,0
Manoel Vitorino,Manoel Vitorino,2020-04-08,0,0,0,0
Manoel Vitorino,Manoel Vitorino,2020-04-09,0,0,0,0
Manoel Vitorino,Manoel Vitorino,2020-04-10,0,0,0,0
Manoel Vitorino,Manoel Vitorino,2020-04-11,0,0,0,0
Manoel Vitorino,Manoel Vitorino,2020-04-12,0,0,0,0
Manoel Vitorino,Manoel Vitorino,2020-04-13,0,0,0,0
Manoel Vitorino,Manoel Vitorino,2020-04-14,0,0,0,0
Manoel Vitorino,Manoel Vitorino,2020-04-15,0,0,0,0
Manoel Vitorino,Manoel Vitorino,2020-04-16,0,0,0,0
Manoel Vitorino,Manoel Vitorino,2020-04-17,0,0,0,0
Manoel Vitorino,Manoel Vitorino,2020-04-18,0,0,0,0
Manoel Vitorino,Manoel Vitorino,2020-04-19,0,0,0,0
Manoel Vitorino,Manoel Vitorino,2020-04-20,0,0,0,0
Manoel Vitorino,Manoel Vitorino,2020-04-21,0,0,0,0
Manoel Vitorino,Manoel Vitorino,2020-04-22,0,0,0,0
Manoel Vitorino,Manoel Vitorino,2020-04-23,0,0,0,0
Manoel Vitorino,Manoel Vitorino,2020-04-24,0,0,0,0
Manoel Vitorino,Manoel Vitorino,2020-04-25,0,0,0,0
Manoel Vitorino,Manoel Vitorino,2020-04-26,0,0,0,0
Manoel Vitorino,Manoel Vitorino,2020-04-27,0,0,0,0
Manoel Vitorino,Manoel Vitorino,2020-04-28,0,0,0,0
Manoel Vitorino,Manoel Vitorino,2020-04-29,0,0,0,0
Manoel Vitorino,Manoel Vitorino,2020-04-30,0,0,0,0
Manoel Vitorino,Manoel Vitorino,2020-05-01,0,0,0,0
Manoel Vitorino,Manoel Vitorino,2020-05-02,0,0,0,0
Manoel Vitorino,Manoel Vitorino,2020-05-03,0,0,0,0
Manoel Vitorino,Manoel Vitorino,2020-05-04,0,0,0,0
Manoel Vitorino,Manoel Vitorino,2020-05-05,0,0,0,0
Manoel Vitorino,Manoel Vitorino,2020-05-06,0,0,0,0
Manoel Vitorino,Manoel Vitorino,2020-05-07,0,0,0,0
Manoel Vitorino,Manoel Vitorino,2020-05-08,0,0,0,0
Manoel Vitorino,Manoel Vitorino,2020-05-09,0,0,0,0
Manoel Vitorino,Manoel Vitorino,2020-05-10,1,1,0,0
Manoel Vitorino,Manoel Vitorino,2020-05-11,1,0,0,0
Manoel Vitorino,Manoel Vitorino,2020-05-12,2,1,0,0
Manoel Vitorino,Manoel Vitorino,2020-05-13,2,0,0,0
Manoel Vitorino,Manoel Vitorino,2020-05-14,2,0,0,0
Manoel Vitorino,Manoel Vitorino,2020-05-15,2,0,0,0
Manoel Vitorino,Manoel Vitorino,2020-05-16,2,0,0,0
Manoel Vitorino,Manoel Vitorino,2020-05-17,2,0,0,0
Manoel Vitorino,Manoel Vitorino,2020-05-18,2,0,0,0
Manoel Vitorino,Manoel Vitorino,2020-05-19,3,1,0,0
Manoel Vitorino,Manoel Vitorino,2020-05-20,5,2,1,1
Manoel Vitorino,Manoel Vitorino,2020-05-21,5,0,1,0
Manoel Vitorino,Manoel Vitorino,2020-05-22,5,0,1,0
Manoel Vitorino,Manoel Vitorino,2020-05-23,5,0,1,0
Manoel Vitorino,Manoel Vitorino,2020-05-24,5,0,1,0
Manoel Vitorino,Manoel Vitorino,2020-05-25,5,0,1,0
Manoel Vitorino,Manoel Vitorino,2020-05-26,5,0,1,0
Manoel Vitorino,Manoel Vitorino,2020-05-27,5,0,1,0
Manoel Vitorino,Manoel Vitorino,2020-05-28,7,2,1,0
Manoel Vitorino,Manoel Vitorino,2020-05-29,8,1,1,0
Manoel Vitorino,Manoel Vitorino,2020-05-30,9,1,1,0
Manoel Vitorino,Manoel Vitorino,2020-05-31,9,0,1,0
Manoel Vitorino,Manoel Vitorino,2020-06-01,9,0,1,0
Manoel Vitorino,Manoel Vitorino,2020-06-02,11,2,1,0
Manoel Vitorino,Manoel Vitorino,2020-06-03,11,0,1,0
Manoel Vitorino,Manoel Vitorino,2020-06-04,11,0,1,0
Manoel Vitorino,Manoel Vitorino,2020-06-05,16,5,1,0
Manoel Vitorino,Manoel Vitorino,2020-06-06,16,0,1,0
Manoel Vitorino,Manoel Vitorino,2020-06-07,16,0,1,0
Manoel Vitorino,Manoel Vitorino,2020-06-08,16,0,1,0
Manoel Vitorino,Manoel Vitorino,2020-06-09,16,0,1,0
Manoel Vitorino,Manoel Vitorino,2020-06-10,16,0,1,0
Manoel Vitorino,Manoel Vitorino,2020-06-11,16,0,1,0
Manoel Vitorino,Manoel Vitorino,2020-06-12,17,1,1,0
Manoel Vitorino,Manoel Vitorino,2020-06-13,17,0,1,0
Manoel Vitorino,Manoel Vitorino,2020-06-14,17,0,1,0
Manoel Vitorino,Manoel Vitorino,2020-06-15,18,1,1,0
Manoel Vitorino,Manoel Vitorino,2020-06-16,18,0,1,0
Manoel Vitorino,Manoel Vitorino,2020-06-17,18,0,1,0
Manoel Vitorino,Manoel Vitorino,2020-06-18,16,-2,1,0
Manoel Vitorino,Manoel Vitorino,2020-06-19,16,0,1,0
Manoel Vitorino,Manoel Vitorino,2020-06-20,16,0,1,0
Manoel Vitorino,Manoel Vitorino,2020-06-21,16,0,1,0
Manoel Vitorino,Manoel Vitorino,2020-06-22,16,0,1,0
Manoel Vitorino,Manoel Vitorino,2020-06-23,16,0,1,0
Manoel Vitorino,Manoel Vitorino,2020-06-24,16,0,1,0
Manoel Vitorino,Manoel Vitorino,2020-06-25,16,0,1,0
Manoel Vitorino,Manoel Vitorino,2020-06-26,16,0,1,0
Manoel Vitorino,Manoel Vitorino,2020-06-27,28,12,1,0
Manoel Vitorino,Manoel Vitorino,2020-06-28,35,7,1,0
Manoel Vitorino,Manoel Vitorino,2020-06-29,37,2,1,0
Manoel Vitorino,Manoel Vitorino,2020-06-30,44,7,1,0
Manoel Vitorino,Manoel Vitorino,2020-07-01,52,8,1,0
Manoel Vitorino,Manoel Vitorino,2020-07-02,52,0,1,0
Manoel Vitorino,Manoel Vitorino,2020-07-03,53,1,1,0
Manoel Vitorino,Manoel Vitorino,2020-07-04,53,0,1,0
Manoel Vitorino,Manoel Vitorino,2020-07-05,55,2,1,0
Manoel Vitorino,Manoel Vitorino,2020-07-06,62,7,1,0
Manoel Vitorino,Manoel Vitorino,2020-07-07,64,2,1,0
Manoel Vitorino,Manoel Vitorino,2020-07-08,68,4,1,0
Manoel Vitorino,Manoel Vitorino,2020-07-09,69,1,1,0
Manoel Vitorino,Manoel Vitorino,2020-07-10,69,0,1,0
Manoel Vitorino,Manoel Vitorino,2020-07-11,84,15,2,1
Manoel Vitorino,Manoel Vitorino,2020-07-12,84,0,3,1
Manoel Vitorino,Manoel Vitorino,2020-07-13,84,0,3,0
Manoel Vitorino,Manoel Vitorino,2020-07-14,91,7,3,0
Manoel Vitorino,Manoel Vitorino,2020-07-15,93,2,3,0
Manoel Vitorino,Manoel Vitorino,2020-07-16,93,0,3,0
Manoel Vitorino,Manoel Vitorino,2020-07-17,101,8,4,1
Manoel Vitorino,Manoel Vitorino,2020-07-18,101,0,4,0
Manoel Vitorino,Manoel Vitorino,2020-07-19,101,0,4,0
Manoel Vitorino,Manoel Vitorino,2020-07-20,102,1,4,0
Manoel Vitorino,Manoel Vitorino,2020-07-21,112,10,4,0
Manoel Vitorino,Manoel Vitorino,2020-07-22,135,23,4,0
Manoel Vitorino,Manoel Vitorino,2020-07-23,135,0,4,0
Manoel Vitorino,Manoel Vitorino,2020-07-24,138,3,4,0
Manoel Vitorino,Manoel Vitorino,2020-07-25,145,7,4,0
Manoel Vitorino,Manoel Vitorino,2020-07-26,147,2,4,0
Manoel Vitorino,Manoel Vitorino,2020-07-27,147,0,4,0
Manoel Vitorino,Manoel Vitorino,2020-07-28,148,1,4,0
Manoel Vitorino,Manoel Vitorino,2020-07-29,148,0,4,0
Manoel Vitorino,Manoel Vitorino,2020-07-30,149,1,5,1
Manoel Vitorino,Manoel Vitorino,2020-07-31,149,0,5,0
Manoel Vitorino,Manoel Vitorino,2020-08-01,159,10,6,1
Manoel Vitorino,Manoel Vitorino,2020-08-02,165,6,6,0
Manoel Vitorino,Manoel Vitorino,2020-08-03,165,0,6,0
Manoel Vitorino,Manoel Vitorino,2020-08-04,168,3,6,0
Manoel Vitorino,Manoel Vitorino,2020-08-05,171,3,6,0
Manoel Vitorino,Manoel Vitorino,2020-08-06,172,1,6,0
Manoel Vitorino,Manoel Vitorino,2020-08-07,172,0,6,0
Manoel Vitorino,Manoel Vitorino,2020-08-08,177,5,6,0
Manoel Vitorino,Manoel Vitorino,2020-08-09,177,0,6,0
Manoel Vitorino,Manoel Vitorino,2020-08-10,177,0,6,0
Manoel Vitorino,Manoel Vitorino,2020-08-11,179,2,6,0
Manoel Vitorino,Manoel Vitorino,2020-08-12,181,2,6,0
Manoel Vitorino,Manoel Vitorino,2020-08-13,182,1,6,0
Manoel Vitorino,Manoel Vitorino,2020-08-14,182,0,6,0
Manoel Vitorino,Manoel Vitorino,2020-08-15,182,0,6,0
Manoel Vitorino,Manoel Vitorino,2020-08-16,183,1,6,0
Manoel Vitorino,Manoel Vitorino,2020-08-17,183,0,6,0
Manoel Vitorino,Manoel Vitorino,2020-08-18,183,0,6,0
Manoel Vitorino,Manoel Vitorino,2020-08-19,185,2,7,1
Manoel Vitorino,Manoel Vitorino,2020-08-20,189,4,7,0
Manoel Vitorino,Manoel Vitorino,2020-08-21,189,0,7,0
Manoel Vitorino,Manoel Vitorino,2020-08-22,189,0,7,0
Manoel Vitorino,Manoel Vitorino,2020-08-23,192,3,7,0
Manoel Vitorino,Manoel Vitorino,2020-08-24,192,0,7,0
Manoel Vitorino,Manoel Vitorino,2020-08-25,195,3,7,0
Manoel Vitorino,Manoel Vitorino,2020-08-26,198,3,7,0
Manoel Vitorino,Manoel Vitorino,2020-08-27,198,0,7,0
Manoel Vitorino,Manoel Vitorino,2020-08-28,201,3,7,0
Manoel Vitorino,Manoel Vitorino,2020-08-29,202,1,7,0
Manoel Vitorino,Manoel Vitorino,2020-08-30,202,0,7,0
Manoel Vitorino,Manoel Vitorino,2020-08-31,202,0,7,0
Manoel Vitorino,Manoel Vitorino,2020-09-01,203,1,7,0
Manoel Vitorino,Manoel Vitorino,2020-09-02,205,2,7,0
Manoel Vitorino,Manoel Vitorino,2020-09-03,207,2,7,0
Manoel Vitorino,Manoel Vitorino,2020-09-04,210,3,7,0
Manoel Vitorino,Manoel Vitorino,2020-09-05,211,1,7,0
Manoel Vitorino,Manoel Vitorino,2020-09-06,213,2,7,0
Manoel Vitorino,Manoel Vitorino,2020-09-07,213,0,7,0
Manoel Vitorino,Manoel Vitorino,2020-09-08,214,1,7,0
Manoel Vitorino,Manoel Vitorino,2020-09-09,231,17,7,0
Manoel Vitorino,Manoel Vitorino,2020-09-10,236,5,7,0
Manoel Vitorino,Manoel Vitorino,2020-09-11,242,6,7,0
Manoel Vitorino,Manoel Vitorino,2020-09-12,243,1,7,0
Manoel Vitorino,Manoel Vitorino,2020-09-13,244,1,7,0
Manoel Vitorino,Manoel Vitorino,2020-09-14,244,0,7,0
Manoel Vitorino,Manoel Vitorino,2020-09-15,245,1,7,0
Manoel Vitorino,Manoel Vitorino,2020-09-16,245,0,7,0
Manoel Vitorino,Manoel Vitorino,2020-09-17,249,4,7,0
Manoel Vitorino,Manoel Vitorino,2020-09-18,249,0,7,0
Manoel Vitorino,Manoel Vitorino,2020-09-19,250,1,7,0
Manoel Vitorino,Manoel Vitorino,2020-09-20,252,2,7,0
Manoel Vitorino,Manoel Vitorino,2020-09-21,252,0,7,0
Manoel Vitorino,Manoel Vitorino,2020-09-22,252,0,7,0
Manoel Vitorino,Manoel Vitorino,2020-09-23,252,0,7,0
Manoel Vitorino,Manoel Vitorino,2020-09-24,252,0,7,0
Manoel Vitorino,Manoel Vitorino,2020-09-25,255,3,7,0
Manoel Vitorino,Manoel Vitorino,2020-09-26,255,0,7,0
Manoel Vitorino,Manoel Vitorino,2020-09-27,255,0,7,0
Manoel Vitorino,Manoel Vitorino,2020-09-28,255,0,7,0
Manoel Vitorino,Manoel Vitorino,2020-09-29,257,2,7,0
Manoel Vitorino,Manoel Vitorino,2020-09-30,257,0,7,0
Manoel Vitorino,Manoel Vitorino,2020-10-01,260,3,7,0
Manoel Vitorino,Manoel Vitorino,2020-10-02,260,0,7,0
Manoel Vitorino,Manoel Vitorino,2020-10-03,260,0,7,0
Manoel Vitorino,Manoel Vitorino,2020-10-04,261,1,7,0
Manoel Vitorino,Manoel Vitorino,2020-10-05,261,0,7,0
Manoel Vitorino,Manoel Vitorino,2020-10-06,264,3,7,0
Manoel Vitorino,Manoel Vitorino,2020-10-07,265,1,7,0
Manoel Vitorino,Manoel Vitorino,2020-10-08,267,2,7,0
Manoel Vitorino,Manoel Vitorino,2020-10-09,267,0,7,0
Manoel Vitorino,Manoel Vitorino,2020-10-10,268,1,7,0
Manoel Vitorino,Manoel Vitorino,2020-10-11,268,0,8,1
Manoel Vitorino,Manoel Vitorino,2020-10-12,270,2,8,0
Manoel Vitorino,Manoel Vitorino,2020-10-13,270,0,8,0
Manoel Vitorino,Manoel Vitorino,2020-10-14,273,3,8,0
Manoel Vitorino,Manoel Vitorino,2020-10-15,273,0,8,0
Manoel Vitorino,Manoel Vitorino,2020-10-16,273,0,8,0
Manoel Vitorino,Manoel Vitorino,2020-10-17,273,0,8,0
Manoel Vitorino,Manoel Vitorino,2020-10-18,273,0,8,0
Manoel Vitorino,Manoel Vitorino,2020-10-19,274,1,8,0
Manoel Vitorino,Manoel Vitorino,2020-10-20,276,2,8,0
Manoel Vitorino,Manoel Vitorino,2020-10-21,278,2,8,0
Manoel Vitorino,Manoel Vitorino,2020-10-22,283,5,8,0
Manoel Vitorino,Manoel Vitorino,2020-10-23,288,5,8,0
Manoel Vitorino,Manoel Vitorino,2020-10-24,288,0,8,0
Manoel Vitorino,Manoel Vitorino,2020-10-25,289,1,8,0
Manoel Vitorino,Manoel Vitorino,2020-10-26,290,1,8,0
Manoel Vitorino,Manoel Vitorino,2020-10-27,290,0,8,0
Manoel Vitorino,Manoel Vitorino,2020-10-28,290,0,8,0
Manoel Vitorino,Manoel Vitorino,2020-10-29,290,0,8,0
Manoel Vitorino,Manoel Vitorino,2020-10-30,290,0,8,0
Manoel Vitorino,Manoel Vitorino,2020-10-31,290,0,8,0
Manoel Vitorino,Manoel Vitorino,2020-11-01,290,0,8,0
Manoel Vitorino,Manoel Vitorino,2020-11-02,290,0,8,0
Manoel Vitorino,Manoel Vitorino,2020-11-03,291,1,8,0
Manoel Vitorino,Manoel Vitorino,2020-11-04,291,0,8,0
Manoel Vitorino,Manoel Vitorino,2020-11-05,294,3,8,0
Manoel Vitorino,Manoel Vitorino,2020-11-06,298,4,8,0
Manoel Vitorino,Manoel Vitorino,2020-11-07,298,0,8,0
Manoel Vitorino,Manoel Vitorino,2020-11-08,298,0,8,0
Manoel Vitorino,Manoel Vitorino,2020-11-09,298,0,8,0
Manoel Vitorino,Manoel Vitorino,2020-11-10,298,0,8,0
Manoel Vitorino,Manoel Vitorino,2020-11-11,298,0,8,0
Manoel Vitorino,Manoel Vitorino,2020-11-12,301,3,8,0
Manoel Vitorino,Manoel Vitorino,2020-11-13,301,0,8,0
Manoel Vitorino,Manoel Vitorino,2020-11-14,301,0,8,0
Manoel Vitorino,Manoel Vitorino,2020-11-15,302,1,8,0
Manoel Vitorino,Manoel Vitorino,2020-11-16,302,0,8,0
Manoel Vitorino,Manoel Vitorino,2020-11-17,302,0,8,0
Manoel Vitorino,Manoel Vitorino,2020-11-18,302,0,8,0
Manoel Vitorino,Manoel Vitorino,2020-11-19,302,0,8,0
Manoel Vitorino,Manoel Vitorino,2020-11-20,302,0,8,0
Manoel Vitorino,Manoel Vitorino,2020-11-21,302,0,8,0
Manoel Vitorino,Manoel Vitorino,2020-11-22,302,0,8,0
Manoel Vitorino,Manoel Vitorino,2020-11-23,302,0,8,0
Manoel Vitorino,Manoel Vitorino,2020-11-24,302,0,8,0
Manoel Vitorino,Manoel Vitorino,2020-11-25,303,1,8,0
Manoel Vitorino,Manoel Vitorino,2020-11-26,304,1,8,0
Manoel Vitorino,Manoel Vitorino,2020-11-27,304,0,8,0
Manoel Vitorino,Manoel Vitorino,2020-11-28,305,1,8,0
Manoel Vitorino,Manoel Vitorino,2020-11-29,310,5,8,0
Manoel Vitorino,Manoel Vitorino,2020-11-30,310,0,8,0
Manoel Vitorino,Manoel Vitorino,2020-12-01,311,1,8,0
Manoel Vitorino,Manoel Vitorino,2020-12-02,311,0,8,0
Manoel Vitorino,Manoel Vitorino,2020-12-03,311,0,8,0
Manoel Vitorino,Manoel Vitorino,2020-12-04,311,0,8,0
Manoel Vitorino,Manoel Vitorino,2020-12-05,311,0,8,0
Manoel Vitorino,Manoel Vitorino,2020-12-06,311,0,8,0
Manoel Vitorino,Manoel Vitorino,2020-12-07,311,0,8,0
Manoel Vitorino,Manoel Vitorino,2020-12-08,321,10,8,0
Manoel Vitorino,Manoel Vitorino,2020-12-09,322,1,8,0
Manoel Vitorino,Manoel Vitorino,2020-12-10,325,3,8,0
Manoel Vitorino,Manoel Vitorino,2020-12-11,327,2,8,0
Manoel Vitorino,Manoel Vitorino,2020-12-12,327,0,8,0
Manoel Vitorino,Manoel Vitorino,2020-12-13,328,1,8,0
Manoel Vitorino,Manoel Vitorino,2020-12-14,337,9,8,0
Manoel Vitorino,Manoel Vitorino,2020-12-15,339,2,8,0
Manoel Vitorino,Manoel Vitorino,2020-12-16,342,3,8,0
Manoel Vitorino,Manoel Vitorino,2020-12-17,347,5,8,0
Manoel Vitorino,Manoel Vitorino,2020-12-18,348,1,8,0
Manoel Vitorino,Manoel Vitorino,2020-12-19,349,1,8,0
Manoel Vitorino,Manoel Vitorino,2020-12-20,351,2,8,0
Manoel Vitorino,Manoel Vitorino,2020-12-21,358,7,8,0
Manoel Vitorino,Manoel Vitorino,2020-12-22,360,2,8,0
Manoel Vitorino,Manoel Vitorino,2020-12-23,366,6,8,0
Manoel Vitorino,Manoel Vitorino,2020-12-24,368,2,8,0
Manoel Vitorino,Manoel Vitorino,2020-12-25,368,0,8,0
Manoel Vitorino,Manoel Vitorino,2020-12-26,368,0,8,0
Manoel Vitorino,Manoel Vitorino,2020-12-27,373,5,8,0
Manoel Vitorino,Manoel Vitorino,2020-12-28,373,0,8,0
Manoel Vitorino,Manoel Vitorino,2020-12-29,375,2,8,0
Manoel Vitorino,Manoel Vitorino,2020-12-30,375,0,8,0
Manoel Vitorino,Manoel Vitorino,2020-12-31,375,0,8,0
Manoel Vitorino,Manoel Vitorino,2021-01-01,386,11,8,0
Manoel Vitorino,Manoel Vitorino,2021-01-02,386,0,8,0
Manoel Vitorino,Manoel Vitorino,2021-01-03,386,0,9,1
Manoel Vitorino,Manoel Vitorino,2021-01-04,386,0,9,0
Manoel Vitorino,Manoel Vitorino,2021-01-05,387,1,9,0
Manoel Vitorino,Manoel Vitorino,2021-01-06,389,2,9,0
Manoel Vitorino,Manoel Vitorino,2021-01-07,391,2,9,0
Manoel Vitorino,Manoel Vitorino,2021-01-08,395,4,9,0
Manoel Vitorino,Manoel Vitorino,2021-01-09,401,6,9,0
Manoel Vitorino,Manoel Vitorino,2021-01-10,406,5,9,0
Manoel Vitorino,Manoel Vitorino,2021-01-11,420,14,9,0
Manoel Vitorino,Manoel Vitorino,2021-01-12,422,2,9,0
Manoel Vitorino,Manoel Vitorino,2021-01-13,422,0,9,0
Manoel Vitorino,Manoel Vitorino,2021-01-14,422,0,9,0
Manoel Vitorino,Manoel Vitorino,2021-01-15,439,17,9,0
Manoel Vitorino,Manoel Vitorino,2021-01-16,452,13,9,0
Manoel Vitorino,Manoel Vitorino,2021-01-17,459,7,9,0
Manoel Vitorino,Manoel Vitorino,2021-01-18,459,0,10,1
Manoel Vitorino,Manoel Vitorino,2021-01-19,460,1,11,1
Manoel Vitorino,Manoel Vitorino,2021-01-20,464,4,11,0
Manoel Vitorino,Manoel Vitorino,2021-01-21,470,6,11,0
Manoel Vitorino,Manoel Vitorino,2021-01-22,470,0,11,0
Manoel Vitorino,Manoel Vitorino,2021-01-23,490,20,12,1
Manoel Vitorino,Manoel Vitorino,2021-01-24,499,9,12,0
Manoel Vitorino,Manoel Vitorino,2021-01-25,499,0,12,0
Manoel Vitorino,Manoel Vitorino,2021-01-26,501,2,12,0
Manoel Vitorino,Manoel Vitorino,2021-01-27,503,2,12,0
Manoel Vitorino,Manoel Vitorino,2021-01-28,505,2,12,0
Manoel Vitorino,Manoel Vitorino,2021-01-29,508,3,12,0
Manoel Vitorino,Manoel Vitorino,2021-01-30,511,3,12,0
Manoel Vitorino,Manoel Vitorino,2021-01-31,511,0,12,0
Manoel Vitorino,Manoel Vitorino,2021-02-01,511,0,12,0
Manoel Vitorino,Manoel Vitorino,2021-02-02,511,0,12,0
Manoel Vitorino,Manoel Vitorino,2021-02-03,517,6,13,1
Manoel Vitorino,Manoel Vitorino,2021-02-04,536,19,13,0
Manoel Vitorino,Manoel Vitorino,2021-02-05,542,6,13,0
Manoel Vitorino,Manoel Vitorino,2021-02-06,552,10,13,0
Manoel Vitorino,Manoel Vitorino,2021-02-07,555,3,13,0
Manoel Vitorino,Manoel Vitorino,2021-02-08,555,0,13,0
