city,city,date,cases,daily cases,deaths,daily deaths
Maranhãozinho,Maranhãozinho,2020-03-27,0,0,0,0
Maranhãozinho,Maranhãozinho,2020-03-28,0,0,0,0
Maranhãozinho,Maranhãozinho,2020-03-29,0,0,0,0
Maranhãozinho,Maranhãozinho,2020-03-30,0,0,0,0
Maranhãozinho,Maranhãozinho,2020-03-31,0,0,0,0
Maranhãozinho,Maranhãozinho,2020-04-01,0,0,0,0
Maranhãozinho,Maranhãozinho,2020-04-02,0,0,0,0
Maranhãozinho,Maranhãozinho,2020-04-03,0,0,0,0
Maranhãozinho,Maranhãozinho,2020-04-04,0,0,0,0
Maranhãozinho,Maranhãozinho,2020-04-05,0,0,0,0
Maranhãozinho,Maranhãozinho,2020-04-06,0,0,0,0
Maranhãozinho,Maranhãozinho,2020-04-07,0,0,0,0
Maranhãozinho,Maranhãozinho,2020-04-08,0,0,0,0
Maranhãozinho,Maranhãozinho,2020-04-09,0,0,0,0
Maranhãozinho,Maranhãozinho,2020-04-10,0,0,0,0
Maranhãozinho,Maranhãozinho,2020-04-11,0,0,0,0
Maranhãozinho,Maranhãozinho,2020-04-12,0,0,0,0
Maranhãozinho,Maranhãozinho,2020-04-13,0,0,0,0
Maranhãozinho,Maranhãozinho,2020-04-14,0,0,0,0
Maranhãozinho,Maranhãozinho,2020-04-15,0,0,0,0
Maranhãozinho,Maranhãozinho,2020-04-16,0,0,0,0
Maranhãozinho,Maranhãozinho,2020-04-17,0,0,0,0
Maranhãozinho,Maranhãozinho,2020-04-18,0,0,0,0
Maranhãozinho,Maranhãozinho,2020-04-19,0,0,0,0
Maranhãozinho,Maranhãozinho,2020-04-20,0,0,0,0
Maranhãozinho,Maranhãozinho,2020-04-21,0,0,0,0
Maranhãozinho,Maranhãozinho,2020-04-22,0,0,0,0
Maranhãozinho,Maranhãozinho,2020-04-23,0,0,0,0
Maranhãozinho,Maranhãozinho,2020-04-24,0,0,0,0
Maranhãozinho,Maranhãozinho,2020-04-25,0,0,0,0
Maranhãozinho,Maranhãozinho,2020-04-26,0,0,0,0
Maranhãozinho,Maranhãozinho,2020-04-27,0,0,0,0
Maranhãozinho,Maranhãozinho,2020-04-28,0,0,0,0
Maranhãozinho,Maranhãozinho,2020-04-29,0,0,0,0
Maranhãozinho,Maranhãozinho,2020-04-30,0,0,0,0
Maranhãozinho,Maranhãozinho,2020-05-01,0,0,0,0
Maranhãozinho,Maranhãozinho,2020-05-02,0,0,0,0
Maranhãozinho,Maranhãozinho,2020-05-03,0,0,0,0
Maranhãozinho,Maranhãozinho,2020-05-04,0,0,0,0
Maranhãozinho,Maranhãozinho,2020-05-05,0,0,0,0
Maranhãozinho,Maranhãozinho,2020-05-06,0,0,0,0
Maranhãozinho,Maranhãozinho,2020-05-07,0,0,0,0
Maranhãozinho,Maranhãozinho,2020-05-08,0,0,0,0
Maranhãozinho,Maranhãozinho,2020-05-09,5,5,0,0
Maranhãozinho,Maranhãozinho,2020-05-10,5,0,0,0
Maranhãozinho,Maranhãozinho,2020-05-11,5,0,0,0
Maranhãozinho,Maranhãozinho,2020-05-12,5,0,0,0
Maranhãozinho,Maranhãozinho,2020-05-13,5,0,0,0
Maranhãozinho,Maranhãozinho,2020-05-14,5,0,0,0
Maranhãozinho,Maranhãozinho,2020-05-15,5,0,0,0
Maranhãozinho,Maranhãozinho,2020-05-16,5,0,0,0
Maranhãozinho,Maranhãozinho,2020-05-17,8,3,0,0
Maranhãozinho,Maranhãozinho,2020-05-18,8,0,0,0
Maranhãozinho,Maranhãozinho,2020-05-19,8,0,0,0
Maranhãozinho,Maranhãozinho,2020-05-20,8,0,0,0
Maranhãozinho,Maranhãozinho,2020-05-21,8,0,0,0
Maranhãozinho,Maranhãozinho,2020-05-22,8,0,0,0
Maranhãozinho,Maranhãozinho,2020-05-23,8,0,0,0
Maranhãozinho,Maranhãozinho,2020-05-24,46,38,0,0
Maranhãozinho,Maranhãozinho,2020-05-25,46,0,0,0
Maranhãozinho,Maranhãozinho,2020-05-26,46,0,0,0
Maranhãozinho,Maranhãozinho,2020-05-27,54,8,0,0
Maranhãozinho,Maranhãozinho,2020-05-28,62,8,0,0
Maranhãozinho,Maranhãozinho,2020-05-29,78,16,0,0
Maranhãozinho,Maranhãozinho,2020-05-30,89,11,0,0
Maranhãozinho,Maranhãozinho,2020-05-31,89,0,0,0
Maranhãozinho,Maranhãozinho,2020-06-01,89,0,0,0
Maranhãozinho,Maranhãozinho,2020-06-02,98,9,0,0
Maranhãozinho,Maranhãozinho,2020-06-03,108,10,0,0
Maranhãozinho,Maranhãozinho,2020-06-04,123,15,1,1
Maranhãozinho,Maranhãozinho,2020-06-05,136,13,1,0
Maranhãozinho,Maranhãozinho,2020-06-06,150,14,1,0
Maranhãozinho,Maranhãozinho,2020-06-07,150,0,1,0
Maranhãozinho,Maranhãozinho,2020-06-08,165,15,1,0
Maranhãozinho,Maranhãozinho,2020-06-09,172,7,1,0
Maranhãozinho,Maranhãozinho,2020-06-10,188,16,1,0
Maranhãozinho,Maranhãozinho,2020-06-11,213,25,1,0
Maranhãozinho,Maranhãozinho,2020-06-12,223,10,1,0
Maranhãozinho,Maranhãozinho,2020-06-13,209,-14,1,0
Maranhãozinho,Maranhãozinho,2020-06-14,209,0,1,0
Maranhãozinho,Maranhãozinho,2020-06-15,209,0,1,0
Maranhãozinho,Maranhãozinho,2020-06-16,229,20,2,1
Maranhãozinho,Maranhãozinho,2020-06-17,234,5,3,1
Maranhãozinho,Maranhãozinho,2020-06-18,238,4,3,0
Maranhãozinho,Maranhãozinho,2020-06-19,240,2,3,0
Maranhãozinho,Maranhãozinho,2020-06-20,241,1,3,0
Maranhãozinho,Maranhãozinho,2020-06-21,241,0,3,0
Maranhãozinho,Maranhãozinho,2020-06-22,241,0,3,0
Maranhãozinho,Maranhãozinho,2020-06-23,247,6,3,0
Maranhãozinho,Maranhãozinho,2020-06-24,251,4,3,0
Maranhãozinho,Maranhãozinho,2020-06-25,259,8,3,0
Maranhãozinho,Maranhãozinho,2020-06-26,262,3,3,0
Maranhãozinho,Maranhãozinho,2020-06-27,263,1,3,0
Maranhãozinho,Maranhãozinho,2020-06-28,263,0,3,0
Maranhãozinho,Maranhãozinho,2020-06-29,263,0,3,0
Maranhãozinho,Maranhãozinho,2020-06-30,267,4,3,0
Maranhãozinho,Maranhãozinho,2020-07-01,269,2,3,0
Maranhãozinho,Maranhãozinho,2020-07-02,281,12,3,0
Maranhãozinho,Maranhãozinho,2020-07-03,282,1,3,0
Maranhãozinho,Maranhãozinho,2020-07-04,281,-1,3,0
Maranhãozinho,Maranhãozinho,2020-07-05,281,0,3,0
Maranhãozinho,Maranhãozinho,2020-07-06,281,0,3,0
Maranhãozinho,Maranhãozinho,2020-07-07,292,11,3,0
Maranhãozinho,Maranhãozinho,2020-07-08,293,1,3,0
Maranhãozinho,Maranhãozinho,2020-07-09,305,12,3,0
Maranhãozinho,Maranhãozinho,2020-07-10,305,0,3,0
Maranhãozinho,Maranhãozinho,2020-07-11,305,0,3,0
Maranhãozinho,Maranhãozinho,2020-07-12,305,0,3,0
Maranhãozinho,Maranhãozinho,2020-07-13,307,2,3,0
Maranhãozinho,Maranhãozinho,2020-07-14,312,5,3,0
Maranhãozinho,Maranhãozinho,2020-07-15,312,0,3,0
Maranhãozinho,Maranhãozinho,2020-07-16,316,4,3,0
Maranhãozinho,Maranhãozinho,2020-07-17,316,0,3,0
Maranhãozinho,Maranhãozinho,2020-07-18,314,-2,3,0
Maranhãozinho,Maranhãozinho,2020-07-19,314,0,3,0
Maranhãozinho,Maranhãozinho,2020-07-20,314,0,3,0
Maranhãozinho,Maranhãozinho,2020-07-21,313,-1,3,0
Maranhãozinho,Maranhãozinho,2020-07-22,329,16,3,0
Maranhãozinho,Maranhãozinho,2020-07-23,333,4,3,0
Maranhãozinho,Maranhãozinho,2020-07-24,342,9,3,0
Maranhãozinho,Maranhãozinho,2020-07-25,342,0,3,0
Maranhãozinho,Maranhãozinho,2020-07-26,342,0,3,0
Maranhãozinho,Maranhãozinho,2020-07-27,343,1,3,0
Maranhãozinho,Maranhãozinho,2020-07-28,346,3,3,0
Maranhãozinho,Maranhãozinho,2020-07-29,353,7,3,0
Maranhãozinho,Maranhãozinho,2020-07-30,356,3,3,0
Maranhãozinho,Maranhãozinho,2020-07-31,356,0,3,0
Maranhãozinho,Maranhãozinho,2020-08-01,356,0,3,0
Maranhãozinho,Maranhãozinho,2020-08-02,356,0,3,0
Maranhãozinho,Maranhãozinho,2020-08-03,356,0,3,0
Maranhãozinho,Maranhãozinho,2020-08-04,364,8,3,0
Maranhãozinho,Maranhãozinho,2020-08-05,386,22,3,0
Maranhãozinho,Maranhãozinho,2020-08-06,397,11,3,0
Maranhãozinho,Maranhãozinho,2020-08-07,397,0,3,0
Maranhãozinho,Maranhãozinho,2020-08-08,397,0,3,0
Maranhãozinho,Maranhãozinho,2020-08-09,397,0,3,0
Maranhãozinho,Maranhãozinho,2020-08-10,397,0,3,0
Maranhãozinho,Maranhãozinho,2020-08-11,397,0,3,0
Maranhãozinho,Maranhãozinho,2020-08-12,396,-1,3,0
Maranhãozinho,Maranhãozinho,2020-08-13,406,10,3,0
Maranhãozinho,Maranhãozinho,2020-08-14,408,2,3,0
Maranhãozinho,Maranhãozinho,2020-08-15,408,0,3,0
Maranhãozinho,Maranhãozinho,2020-08-16,408,0,3,0
Maranhãozinho,Maranhãozinho,2020-08-17,408,0,3,0
Maranhãozinho,Maranhãozinho,2020-08-18,413,5,3,0
Maranhãozinho,Maranhãozinho,2020-08-19,413,0,3,0
Maranhãozinho,Maranhãozinho,2020-08-20,419,6,3,0
Maranhãozinho,Maranhãozinho,2020-08-21,419,0,3,0
Maranhãozinho,Maranhãozinho,2020-08-22,419,0,3,0
Maranhãozinho,Maranhãozinho,2020-08-23,419,0,3,0
Maranhãozinho,Maranhãozinho,2020-08-24,419,0,3,0
Maranhãozinho,Maranhãozinho,2020-08-25,419,0,3,0
Maranhãozinho,Maranhãozinho,2020-08-26,419,0,3,0
Maranhãozinho,Maranhãozinho,2020-08-27,419,0,3,0
Maranhãozinho,Maranhãozinho,2020-08-28,419,0,3,0
Maranhãozinho,Maranhãozinho,2020-08-29,419,0,3,0
Maranhãozinho,Maranhãozinho,2020-08-30,419,0,3,0
Maranhãozinho,Maranhãozinho,2020-08-31,419,0,3,0
Maranhãozinho,Maranhãozinho,2020-09-01,419,0,3,0
Maranhãozinho,Maranhãozinho,2020-09-02,420,1,3,0
Maranhãozinho,Maranhãozinho,2020-09-03,420,0,3,0
Maranhãozinho,Maranhãozinho,2020-09-04,420,0,3,0
Maranhãozinho,Maranhãozinho,2020-09-05,420,0,3,0
Maranhãozinho,Maranhãozinho,2020-09-06,420,0,3,0
Maranhãozinho,Maranhãozinho,2020-09-07,420,0,3,0
Maranhãozinho,Maranhãozinho,2020-09-08,420,0,3,0
Maranhãozinho,Maranhãozinho,2020-09-09,421,1,3,0
Maranhãozinho,Maranhãozinho,2020-09-10,422,1,3,0
Maranhãozinho,Maranhãozinho,2020-09-11,423,1,3,0
Maranhãozinho,Maranhãozinho,2020-09-12,423,0,3,0
Maranhãozinho,Maranhãozinho,2020-09-13,423,0,3,0
Maranhãozinho,Maranhãozinho,2020-09-14,424,1,3,0
Maranhãozinho,Maranhãozinho,2020-09-15,424,0,3,0
Maranhãozinho,Maranhãozinho,2020-09-16,424,0,3,0
Maranhãozinho,Maranhãozinho,2020-09-17,424,0,3,0
Maranhãozinho,Maranhãozinho,2020-09-18,425,1,3,0
Maranhãozinho,Maranhãozinho,2020-09-19,428,3,3,0
Maranhãozinho,Maranhãozinho,2020-09-20,429,1,3,0
Maranhãozinho,Maranhãozinho,2020-09-21,429,0,3,0
Maranhãozinho,Maranhãozinho,2020-09-22,429,0,3,0
Maranhãozinho,Maranhãozinho,2020-09-23,429,0,3,0
Maranhãozinho,Maranhãozinho,2020-09-24,429,0,3,0
Maranhãozinho,Maranhãozinho,2020-09-25,429,0,3,0
Maranhãozinho,Maranhãozinho,2020-09-26,429,0,3,0
Maranhãozinho,Maranhãozinho,2020-09-27,429,0,3,0
Maranhãozinho,Maranhãozinho,2020-09-28,429,0,3,0
Maranhãozinho,Maranhãozinho,2020-09-29,430,1,3,0
Maranhãozinho,Maranhãozinho,2020-09-30,430,0,3,0
Maranhãozinho,Maranhãozinho,2020-10-01,432,2,3,0
Maranhãozinho,Maranhãozinho,2020-10-02,432,0,3,0
Maranhãozinho,Maranhãozinho,2020-10-03,432,0,3,0
Maranhãozinho,Maranhãozinho,2020-10-04,432,0,3,0
Maranhãozinho,Maranhãozinho,2020-10-05,432,0,3,0
Maranhãozinho,Maranhãozinho,2020-10-06,432,0,3,0
Maranhãozinho,Maranhãozinho,2020-10-07,432,0,3,0
Maranhãozinho,Maranhãozinho,2020-10-08,432,0,3,0
Maranhãozinho,Maranhãozinho,2020-10-09,432,0,3,0
Maranhãozinho,Maranhãozinho,2020-10-10,435,3,3,0
Maranhãozinho,Maranhãozinho,2020-10-11,435,0,3,0
Maranhãozinho,Maranhãozinho,2020-10-12,435,0,3,0
Maranhãozinho,Maranhãozinho,2020-10-13,435,0,3,0
Maranhãozinho,Maranhãozinho,2020-10-14,435,0,3,0
Maranhãozinho,Maranhãozinho,2020-10-15,435,0,3,0
Maranhãozinho,Maranhãozinho,2020-10-16,435,0,3,0
Maranhãozinho,Maranhãozinho,2020-10-17,435,0,3,0
Maranhãozinho,Maranhãozinho,2020-10-18,435,0,3,0
Maranhãozinho,Maranhãozinho,2020-10-19,437,2,3,0
Maranhãozinho,Maranhãozinho,2020-10-20,438,1,3,0
Maranhãozinho,Maranhãozinho,2020-10-21,438,0,3,0
Maranhãozinho,Maranhãozinho,2020-10-22,438,0,3,0
Maranhãozinho,Maranhãozinho,2020-10-23,438,0,3,0
Maranhãozinho,Maranhãozinho,2020-10-24,439,1,4,1
Maranhãozinho,Maranhãozinho,2020-10-25,439,0,4,0
Maranhãozinho,Maranhãozinho,2020-10-26,439,0,4,0
Maranhãozinho,Maranhãozinho,2020-10-27,439,0,4,0
Maranhãozinho,Maranhãozinho,2020-10-28,439,0,4,0
Maranhãozinho,Maranhãozinho,2020-10-29,439,0,4,0
Maranhãozinho,Maranhãozinho,2020-10-30,439,0,4,0
Maranhãozinho,Maranhãozinho,2020-10-31,439,0,4,0
Maranhãozinho,Maranhãozinho,2020-11-01,439,0,4,0
Maranhãozinho,Maranhãozinho,2020-11-02,439,0,4,0
Maranhãozinho,Maranhãozinho,2020-11-03,439,0,4,0
Maranhãozinho,Maranhãozinho,2020-11-04,439,0,4,0
Maranhãozinho,Maranhãozinho,2020-11-05,439,0,4,0
Maranhãozinho,Maranhãozinho,2020-11-06,439,0,4,0
Maranhãozinho,Maranhãozinho,2020-11-07,440,1,4,0
Maranhãozinho,Maranhãozinho,2020-11-08,440,0,4,0
Maranhãozinho,Maranhãozinho,2020-11-09,440,0,4,0
Maranhãozinho,Maranhãozinho,2020-11-10,440,0,4,0
Maranhãozinho,Maranhãozinho,2020-11-11,440,0,4,0
Maranhãozinho,Maranhãozinho,2020-11-12,440,0,4,0
Maranhãozinho,Maranhãozinho,2020-11-13,440,0,4,0
Maranhãozinho,Maranhãozinho,2020-11-14,440,0,4,0
Maranhãozinho,Maranhãozinho,2020-11-15,440,0,4,0
Maranhãozinho,Maranhãozinho,2020-11-16,440,0,4,0
Maranhãozinho,Maranhãozinho,2020-11-17,440,0,4,0
Maranhãozinho,Maranhãozinho,2020-11-18,440,0,4,0
Maranhãozinho,Maranhãozinho,2020-11-19,442,2,4,0
Maranhãozinho,Maranhãozinho,2020-11-20,442,0,4,0
Maranhãozinho,Maranhãozinho,2020-11-21,442,0,4,0
Maranhãozinho,Maranhãozinho,2020-11-22,442,0,4,0
Maranhãozinho,Maranhãozinho,2020-11-23,442,0,4,0
Maranhãozinho,Maranhãozinho,2020-11-24,442,0,4,0
Maranhãozinho,Maranhãozinho,2020-11-25,442,0,4,0
Maranhãozinho,Maranhãozinho,2020-11-26,442,0,4,0
Maranhãozinho,Maranhãozinho,2020-11-27,442,0,4,0
Maranhãozinho,Maranhãozinho,2020-11-28,442,0,4,0
Maranhãozinho,Maranhãozinho,2020-11-29,442,0,4,0
Maranhãozinho,Maranhãozinho,2020-11-30,442,0,4,0
Maranhãozinho,Maranhãozinho,2020-12-01,442,0,4,0
Maranhãozinho,Maranhãozinho,2020-12-02,442,0,4,0
Maranhãozinho,Maranhãozinho,2020-12-03,442,0,4,0
Maranhãozinho,Maranhãozinho,2020-12-04,442,0,4,0
Maranhãozinho,Maranhãozinho,2020-12-05,442,0,4,0
Maranhãozinho,Maranhãozinho,2020-12-06,442,0,4,0
Maranhãozinho,Maranhãozinho,2020-12-07,442,0,4,0
Maranhãozinho,Maranhãozinho,2020-12-08,442,0,4,0
Maranhãozinho,Maranhãozinho,2020-12-09,445,3,4,0
Maranhãozinho,Maranhãozinho,2020-12-10,445,0,4,0
Maranhãozinho,Maranhãozinho,2020-12-11,445,0,4,0
Maranhãozinho,Maranhãozinho,2020-12-12,445,0,4,0
Maranhãozinho,Maranhãozinho,2020-12-13,445,0,4,0
Maranhãozinho,Maranhãozinho,2020-12-14,445,0,4,0
Maranhãozinho,Maranhãozinho,2020-12-15,450,5,4,0
Maranhãozinho,Maranhãozinho,2020-12-16,450,0,4,0
Maranhãozinho,Maranhãozinho,2020-12-17,451,1,4,0
Maranhãozinho,Maranhãozinho,2020-12-18,451,0,4,0
Maranhãozinho,Maranhãozinho,2020-12-19,451,0,4,0
Maranhãozinho,Maranhãozinho,2020-12-20,451,0,4,0
Maranhãozinho,Maranhãozinho,2020-12-21,451,0,4,0
Maranhãozinho,Maranhãozinho,2020-12-22,451,0,4,0
Maranhãozinho,Maranhãozinho,2020-12-23,451,0,4,0
Maranhãozinho,Maranhãozinho,2020-12-24,451,0,4,0
Maranhãozinho,Maranhãozinho,2020-12-25,451,0,4,0
Maranhãozinho,Maranhãozinho,2020-12-26,451,0,4,0
Maranhãozinho,Maranhãozinho,2020-12-27,451,0,4,0
Maranhãozinho,Maranhãozinho,2020-12-28,451,0,4,0
Maranhãozinho,Maranhãozinho,2020-12-29,451,0,4,0
Maranhãozinho,Maranhãozinho,2020-12-30,451,0,4,0
Maranhãozinho,Maranhãozinho,2020-12-31,451,0,4,0
Maranhãozinho,Maranhãozinho,2021-01-01,451,0,4,0
Maranhãozinho,Maranhãozinho,2021-01-02,451,0,4,0
Maranhãozinho,Maranhãozinho,2021-01-03,451,0,4,0
Maranhãozinho,Maranhãozinho,2021-01-04,451,0,4,0
Maranhãozinho,Maranhãozinho,2021-01-05,451,0,4,0
Maranhãozinho,Maranhãozinho,2021-01-06,451,0,4,0
Maranhãozinho,Maranhãozinho,2021-01-07,451,0,4,0
Maranhãozinho,Maranhãozinho,2021-01-08,454,3,4,0
Maranhãozinho,Maranhãozinho,2021-01-09,457,3,4,0
Maranhãozinho,Maranhãozinho,2021-01-10,457,0,4,0
Maranhãozinho,Maranhãozinho,2021-01-11,457,0,4,0
Maranhãozinho,Maranhãozinho,2021-01-12,467,10,4,0
Maranhãozinho,Maranhãozinho,2021-01-13,472,5,4,0
Maranhãozinho,Maranhãozinho,2021-01-14,472,0,4,0
Maranhãozinho,Maranhãozinho,2021-01-15,472,0,4,0
Maranhãozinho,Maranhãozinho,2021-01-16,472,0,4,0
Maranhãozinho,Maranhãozinho,2021-01-17,472,0,4,0
Maranhãozinho,Maranhãozinho,2021-01-18,472,0,4,0
Maranhãozinho,Maranhãozinho,2021-01-19,472,0,4,0
Maranhãozinho,Maranhãozinho,2021-01-20,472,0,4,0
Maranhãozinho,Maranhãozinho,2021-01-21,476,4,4,0
Maranhãozinho,Maranhãozinho,2021-01-22,478,2,4,0
Maranhãozinho,Maranhãozinho,2021-01-23,478,0,4,0
Maranhãozinho,Maranhãozinho,2021-01-24,478,0,4,0
Maranhãozinho,Maranhãozinho,2021-01-25,478,0,4,0
Maranhãozinho,Maranhãozinho,2021-01-26,478,0,4,0
Maranhãozinho,Maranhãozinho,2021-01-27,478,0,4,0
Maranhãozinho,Maranhãozinho,2021-01-28,482,4,4,0
Maranhãozinho,Maranhãozinho,2021-01-29,482,0,4,0
Maranhãozinho,Maranhãozinho,2021-01-30,482,0,4,0
Maranhãozinho,Maranhãozinho,2021-01-31,482,0,4,0
Maranhãozinho,Maranhãozinho,2021-02-01,482,0,4,0
Maranhãozinho,Maranhãozinho,2021-02-02,482,0,4,0
Maranhãozinho,Maranhãozinho,2021-02-03,482,0,4,0
Maranhãozinho,Maranhãozinho,2021-02-04,482,0,4,0
Maranhãozinho,Maranhãozinho,2021-02-05,482,0,4,0
Maranhãozinho,Maranhãozinho,2021-02-06,488,6,4,0
Maranhãozinho,Maranhãozinho,2021-02-07,495,7,4,0
Maranhãozinho,Maranhãozinho,2021-02-08,495,0,4,0
