city,city,date,cases,daily cases,deaths,daily deaths
Maraial,Maraial,2020-03-27,0,0,0,0
Maraial,Maraial,2020-03-28,0,0,0,0
Maraial,Maraial,2020-03-29,0,0,0,0
Maraial,Maraial,2020-03-30,0,0,0,0
Maraial,Maraial,2020-03-31,0,0,0,0
Maraial,Maraial,2020-04-01,0,0,0,0
Maraial,Maraial,2020-04-02,0,0,0,0
Maraial,Maraial,2020-04-03,0,0,0,0
Maraial,Maraial,2020-04-04,0,0,0,0
Maraial,Maraial,2020-04-05,0,0,0,0
Maraial,Maraial,2020-04-06,0,0,0,0
Maraial,Maraial,2020-04-07,0,0,0,0
Maraial,Maraial,2020-04-08,0,0,0,0
Maraial,Maraial,2020-04-09,0,0,0,0
Maraial,Maraial,2020-04-10,0,0,0,0
Maraial,Maraial,2020-04-11,0,0,0,0
Maraial,Maraial,2020-04-12,0,0,0,0
Maraial,Maraial,2020-04-13,0,0,0,0
Maraial,Maraial,2020-04-14,0,0,0,0
Maraial,Maraial,2020-04-15,0,0,0,0
Maraial,Maraial,2020-04-16,0,0,0,0
Maraial,Maraial,2020-04-17,0,0,0,0
Maraial,Maraial,2020-04-18,0,0,0,0
Maraial,Maraial,2020-04-19,0,0,0,0
Maraial,Maraial,2020-04-20,0,0,0,0
Maraial,Maraial,2020-04-21,0,0,0,0
Maraial,Maraial,2020-04-22,0,0,0,0
Maraial,Maraial,2020-04-23,0,0,0,0
Maraial,Maraial,2020-04-24,0,0,0,0
Maraial,Maraial,2020-04-25,0,0,0,0
Maraial,Maraial,2020-04-26,0,0,0,0
Maraial,Maraial,2020-04-27,0,0,0,0
Maraial,Maraial,2020-04-28,0,0,0,0
Maraial,Maraial,2020-04-29,0,0,0,0
Maraial,Maraial,2020-04-30,0,0,0,0
Maraial,Maraial,2020-05-01,0,0,0,0
Maraial,Maraial,2020-05-02,0,0,0,0
Maraial,Maraial,2020-05-03,0,0,0,0
Maraial,Maraial,2020-05-04,0,0,0,0
Maraial,Maraial,2020-05-05,0,0,0,0
Maraial,Maraial,2020-05-06,1,1,0,0
Maraial,Maraial,2020-05-07,1,0,0,0
Maraial,Maraial,2020-05-08,1,0,0,0
Maraial,Maraial,2020-05-09,0,-1,0,0
Maraial,Maraial,2020-05-10,1,1,1,1
Maraial,Maraial,2020-05-11,1,0,1,0
Maraial,Maraial,2020-05-12,1,0,1,0
Maraial,Maraial,2020-05-13,1,0,1,0
Maraial,Maraial,2020-05-14,1,0,1,0
Maraial,Maraial,2020-05-15,1,0,1,0
Maraial,Maraial,2020-05-16,1,0,1,0
Maraial,Maraial,2020-05-17,1,0,1,0
Maraial,Maraial,2020-05-18,1,0,1,0
Maraial,Maraial,2020-05-19,2,1,2,1
Maraial,Maraial,2020-05-20,2,0,2,0
Maraial,Maraial,2020-05-21,2,0,2,0
Maraial,Maraial,2020-05-22,3,1,3,1
Maraial,Maraial,2020-05-23,3,0,3,0
Maraial,Maraial,2020-05-24,4,1,3,0
Maraial,Maraial,2020-05-25,4,0,3,0
Maraial,Maraial,2020-05-26,4,0,3,0
Maraial,Maraial,2020-05-27,5,1,3,0
Maraial,Maraial,2020-05-28,5,0,3,0
Maraial,Maraial,2020-05-29,5,0,3,0
Maraial,Maraial,2020-05-30,4,-1,2,-1
Maraial,Maraial,2020-05-31,4,0,2,0
Maraial,Maraial,2020-06-01,13,9,2,0
Maraial,Maraial,2020-06-02,13,0,2,0
Maraial,Maraial,2020-06-03,19,6,2,0
Maraial,Maraial,2020-06-04,20,1,2,0
Maraial,Maraial,2020-06-05,22,2,2,0
Maraial,Maraial,2020-06-06,22,0,2,0
Maraial,Maraial,2020-06-07,22,0,2,0
Maraial,Maraial,2020-06-08,22,0,2,0
Maraial,Maraial,2020-06-09,22,0,2,0
Maraial,Maraial,2020-06-10,26,4,2,0
Maraial,Maraial,2020-06-11,26,0,2,0
Maraial,Maraial,2020-06-12,31,5,2,0
Maraial,Maraial,2020-06-13,31,0,2,0
Maraial,Maraial,2020-06-14,34,3,3,1
Maraial,Maraial,2020-06-15,34,0,3,0
Maraial,Maraial,2020-06-16,36,2,3,0
Maraial,Maraial,2020-06-17,36,0,3,0
Maraial,Maraial,2020-06-18,39,3,3,0
Maraial,Maraial,2020-06-19,48,9,4,1
Maraial,Maraial,2020-06-20,53,5,4,0
Maraial,Maraial,2020-06-21,53,0,4,0
Maraial,Maraial,2020-06-22,53,0,4,0
Maraial,Maraial,2020-06-23,53,0,4,0
Maraial,Maraial,2020-06-24,65,12,4,0
Maraial,Maraial,2020-06-25,65,0,4,0
Maraial,Maraial,2020-06-26,73,8,4,0
Maraial,Maraial,2020-06-27,77,4,4,0
Maraial,Maraial,2020-06-28,89,12,4,0
Maraial,Maraial,2020-06-29,89,0,4,0
Maraial,Maraial,2020-06-30,90,1,4,0
Maraial,Maraial,2020-07-01,91,1,4,0
Maraial,Maraial,2020-07-02,97,6,4,0
Maraial,Maraial,2020-07-03,110,13,4,0
Maraial,Maraial,2020-07-04,110,0,4,0
Maraial,Maraial,2020-07-05,124,14,4,0
Maraial,Maraial,2020-07-06,128,4,4,0
Maraial,Maraial,2020-07-07,128,0,4,0
Maraial,Maraial,2020-07-08,131,3,4,0
Maraial,Maraial,2020-07-09,132,1,4,0
Maraial,Maraial,2020-07-10,140,8,4,0
Maraial,Maraial,2020-07-11,142,2,4,0
Maraial,Maraial,2020-07-12,143,1,5,1
Maraial,Maraial,2020-07-13,143,0,5,0
Maraial,Maraial,2020-07-14,148,5,5,0
Maraial,Maraial,2020-07-15,148,0,5,0
Maraial,Maraial,2020-07-16,152,4,5,0
Maraial,Maraial,2020-07-17,152,0,5,0
Maraial,Maraial,2020-07-18,153,1,5,0
Maraial,Maraial,2020-07-19,157,4,5,0
Maraial,Maraial,2020-07-20,159,2,5,0
Maraial,Maraial,2020-07-21,159,0,5,0
Maraial,Maraial,2020-07-22,159,0,5,0
Maraial,Maraial,2020-07-23,159,0,5,0
Maraial,Maraial,2020-07-24,159,0,5,0
Maraial,Maraial,2020-07-25,161,2,5,0
Maraial,Maraial,2020-07-26,162,1,5,0
Maraial,Maraial,2020-07-27,162,0,5,0
Maraial,Maraial,2020-07-28,166,4,5,0
Maraial,Maraial,2020-07-29,166,0,5,0
Maraial,Maraial,2020-07-30,173,7,5,0
Maraial,Maraial,2020-07-31,175,2,5,0
Maraial,Maraial,2020-08-01,176,1,5,0
Maraial,Maraial,2020-08-02,179,3,5,0
Maraial,Maraial,2020-08-03,179,0,5,0
Maraial,Maraial,2020-08-04,180,1,5,0
Maraial,Maraial,2020-08-05,187,7,5,0
Maraial,Maraial,2020-08-06,189,2,5,0
Maraial,Maraial,2020-08-07,198,9,5,0
Maraial,Maraial,2020-08-08,198,0,5,0
Maraial,Maraial,2020-08-09,198,0,5,0
Maraial,Maraial,2020-08-10,198,0,5,0
Maraial,Maraial,2020-08-11,198,0,5,0
Maraial,Maraial,2020-08-12,225,27,5,0
Maraial,Maraial,2020-08-13,228,3,5,0
Maraial,Maraial,2020-08-14,228,0,5,0
Maraial,Maraial,2020-08-15,228,0,5,0
Maraial,Maraial,2020-08-16,228,0,5,0
Maraial,Maraial,2020-08-17,228,0,5,0
Maraial,Maraial,2020-08-18,228,0,5,0
Maraial,Maraial,2020-08-19,228,0,5,0
Maraial,Maraial,2020-08-20,246,18,5,0
Maraial,Maraial,2020-08-21,246,0,5,0
Maraial,Maraial,2020-08-22,246,0,5,0
Maraial,Maraial,2020-08-23,246,0,5,0
Maraial,Maraial,2020-08-24,246,0,5,0
Maraial,Maraial,2020-08-25,246,0,5,0
Maraial,Maraial,2020-08-26,246,0,5,0
Maraial,Maraial,2020-08-27,255,9,5,0
Maraial,Maraial,2020-08-28,256,1,5,0
Maraial,Maraial,2020-08-29,257,1,5,0
Maraial,Maraial,2020-08-30,257,0,5,0
Maraial,Maraial,2020-08-31,257,0,5,0
Maraial,Maraial,2020-09-01,259,2,5,0
Maraial,Maraial,2020-09-02,261,2,5,0
Maraial,Maraial,2020-09-03,268,7,5,0
Maraial,Maraial,2020-09-04,268,0,5,0
Maraial,Maraial,2020-09-05,268,0,5,0
Maraial,Maraial,2020-09-06,268,0,5,0
Maraial,Maraial,2020-09-07,268,0,5,0
Maraial,Maraial,2020-09-08,268,0,5,0
Maraial,Maraial,2020-09-09,269,1,5,0
Maraial,Maraial,2020-09-10,269,0,5,0
Maraial,Maraial,2020-09-11,269,0,5,0
Maraial,Maraial,2020-09-12,269,0,5,0
Maraial,Maraial,2020-09-13,269,0,5,0
Maraial,Maraial,2020-09-14,269,0,5,0
Maraial,Maraial,2020-09-15,269,0,5,0
Maraial,Maraial,2020-09-16,270,1,6,1
Maraial,Maraial,2020-09-17,270,0,6,0
Maraial,Maraial,2020-09-18,270,0,6,0
Maraial,Maraial,2020-09-19,270,0,6,0
Maraial,Maraial,2020-09-20,270,0,6,0
Maraial,Maraial,2020-09-21,274,4,6,0
Maraial,Maraial,2020-09-22,274,0,6,0
Maraial,Maraial,2020-09-23,274,0,6,0
Maraial,Maraial,2020-09-24,274,0,6,0
Maraial,Maraial,2020-09-25,274,0,6,0
Maraial,Maraial,2020-09-26,275,1,6,0
Maraial,Maraial,2020-09-27,275,0,6,0
Maraial,Maraial,2020-09-28,275,0,6,0
Maraial,Maraial,2020-09-29,275,0,6,0
Maraial,Maraial,2020-09-30,275,0,6,0
Maraial,Maraial,2020-10-01,275,0,6,0
Maraial,Maraial,2020-10-02,276,1,6,0
Maraial,Maraial,2020-10-03,276,0,6,0
Maraial,Maraial,2020-10-04,276,0,6,0
Maraial,Maraial,2020-10-05,276,0,6,0
Maraial,Maraial,2020-10-06,276,0,6,0
Maraial,Maraial,2020-10-07,276,0,6,0
Maraial,Maraial,2020-10-08,276,0,6,0
Maraial,Maraial,2020-10-09,276,0,6,0
Maraial,Maraial,2020-10-10,276,0,6,0
Maraial,Maraial,2020-10-11,276,0,6,0
Maraial,Maraial,2020-10-12,276,0,6,0
Maraial,Maraial,2020-10-13,276,0,6,0
Maraial,Maraial,2020-10-14,276,0,6,0
Maraial,Maraial,2020-10-15,276,0,6,0
Maraial,Maraial,2020-10-16,276,0,6,0
Maraial,Maraial,2020-10-17,276,0,6,0
Maraial,Maraial,2020-10-18,276,0,6,0
Maraial,Maraial,2020-10-19,276,0,6,0
Maraial,Maraial,2020-10-20,276,0,6,0
Maraial,Maraial,2020-10-21,276,0,6,0
Maraial,Maraial,2020-10-22,276,0,6,0
Maraial,Maraial,2020-10-23,274,-2,5,-1
Maraial,Maraial,2020-10-24,274,0,5,0
Maraial,Maraial,2020-10-25,274,0,5,0
Maraial,Maraial,2020-10-26,274,0,5,0
Maraial,Maraial,2020-10-27,274,0,5,0
Maraial,Maraial,2020-10-28,274,0,5,0
Maraial,Maraial,2020-10-29,274,0,5,0
Maraial,Maraial,2020-10-30,275,1,5,0
Maraial,Maraial,2020-10-31,275,0,5,0
Maraial,Maraial,2020-11-01,275,0,5,0
Maraial,Maraial,2020-11-02,275,0,5,0
Maraial,Maraial,2020-11-03,275,0,5,0
Maraial,Maraial,2020-11-04,275,0,5,0
Maraial,Maraial,2020-11-05,275,0,5,0
Maraial,Maraial,2020-11-06,275,0,5,0
Maraial,Maraial,2020-11-07,275,0,5,0
Maraial,Maraial,2020-11-08,275,0,5,0
Maraial,Maraial,2020-11-09,275,0,5,0
Maraial,Maraial,2020-11-10,275,0,5,0
Maraial,Maraial,2020-11-11,275,0,5,0
Maraial,Maraial,2020-11-12,275,0,5,0
Maraial,Maraial,2020-11-13,275,0,5,0
Maraial,Maraial,2020-11-14,275,0,5,0
Maraial,Maraial,2020-11-15,275,0,5,0
Maraial,Maraial,2020-11-16,275,0,5,0
Maraial,Maraial,2020-11-17,275,0,5,0
Maraial,Maraial,2020-11-18,275,0,5,0
Maraial,Maraial,2020-11-19,275,0,5,0
Maraial,Maraial,2020-11-20,275,0,5,0
Maraial,Maraial,2020-11-21,275,0,5,0
Maraial,Maraial,2020-11-22,275,0,5,0
Maraial,Maraial,2020-11-23,275,0,5,0
Maraial,Maraial,2020-11-24,275,0,5,0
Maraial,Maraial,2020-11-25,275,0,5,0
Maraial,Maraial,2020-11-26,275,0,5,0
Maraial,Maraial,2020-11-27,275,0,5,0
Maraial,Maraial,2020-11-28,275,0,5,0
Maraial,Maraial,2020-11-29,275,0,5,0
Maraial,Maraial,2020-11-30,275,0,5,0
Maraial,Maraial,2020-12-01,275,0,5,0
Maraial,Maraial,2020-12-02,275,0,5,0
Maraial,Maraial,2020-12-03,275,0,5,0
Maraial,Maraial,2020-12-04,275,0,5,0
Maraial,Maraial,2020-12-05,275,0,5,0
Maraial,Maraial,2020-12-06,275,0,5,0
Maraial,Maraial,2020-12-07,275,0,5,0
Maraial,Maraial,2020-12-08,275,0,5,0
Maraial,Maraial,2020-12-09,275,0,5,0
Maraial,Maraial,2020-12-10,275,0,5,0
Maraial,Maraial,2020-12-11,275,0,5,0
Maraial,Maraial,2020-12-12,275,0,5,0
Maraial,Maraial,2020-12-13,275,0,5,0
Maraial,Maraial,2020-12-14,275,0,5,0
Maraial,Maraial,2020-12-15,275,0,5,0
Maraial,Maraial,2020-12-16,275,0,5,0
Maraial,Maraial,2020-12-17,275,0,5,0
Maraial,Maraial,2020-12-18,275,0,5,0
Maraial,Maraial,2020-12-19,275,0,5,0
Maraial,Maraial,2020-12-20,275,0,5,0
Maraial,Maraial,2020-12-21,275,0,5,0
Maraial,Maraial,2020-12-22,275,0,5,0
Maraial,Maraial,2020-12-23,275,0,5,0
Maraial,Maraial,2020-12-24,275,0,5,0
Maraial,Maraial,2020-12-25,275,0,5,0
Maraial,Maraial,2020-12-26,275,0,5,0
Maraial,Maraial,2020-12-27,275,0,5,0
Maraial,Maraial,2020-12-28,275,0,5,0
Maraial,Maraial,2020-12-29,275,0,5,0
Maraial,Maraial,2020-12-30,275,0,5,0
Maraial,Maraial,2020-12-31,275,0,5,0
Maraial,Maraial,2021-01-01,275,0,5,0
Maraial,Maraial,2021-01-02,275,0,5,0
Maraial,Maraial,2021-01-03,275,0,5,0
Maraial,Maraial,2021-01-04,275,0,5,0
Maraial,Maraial,2021-01-05,276,1,6,1
Maraial,Maraial,2021-01-06,276,0,6,0
Maraial,Maraial,2021-01-07,276,0,6,0
Maraial,Maraial,2021-01-08,276,0,6,0
Maraial,Maraial,2021-01-09,276,0,6,0
Maraial,Maraial,2021-01-10,276,0,6,0
Maraial,Maraial,2021-01-11,276,0,6,0
Maraial,Maraial,2021-01-12,276,0,6,0
Maraial,Maraial,2021-01-13,276,0,6,0
Maraial,Maraial,2021-01-14,276,0,6,0
Maraial,Maraial,2021-01-15,276,0,6,0
Maraial,Maraial,2021-01-16,276,0,6,0
Maraial,Maraial,2021-01-17,276,0,6,0
Maraial,Maraial,2021-01-18,276,0,6,0
Maraial,Maraial,2021-01-19,276,0,6,0
Maraial,Maraial,2021-01-20,276,0,6,0
Maraial,Maraial,2021-01-21,276,0,6,0
Maraial,Maraial,2021-01-22,276,0,6,0
Maraial,Maraial,2021-01-23,276,0,6,0
Maraial,Maraial,2021-01-24,276,0,6,0
Maraial,Maraial,2021-01-25,276,0,6,0
Maraial,Maraial,2021-01-26,276,0,6,0
Maraial,Maraial,2021-01-27,276,0,6,0
Maraial,Maraial,2021-01-28,277,1,6,0
Maraial,Maraial,2021-01-29,277,0,6,0
Maraial,Maraial,2021-01-30,284,7,6,0
Maraial,Maraial,2021-01-31,284,0,6,0
Maraial,Maraial,2021-02-01,284,0,6,0
Maraial,Maraial,2021-02-02,285,1,6,0
Maraial,Maraial,2021-02-03,286,1,6,0
Maraial,Maraial,2021-02-04,288,2,7,1
Maraial,Maraial,2021-02-05,288,0,7,0
Maraial,Maraial,2021-02-06,288,0,7,0
Maraial,Maraial,2021-02-07,288,0,7,0
Maraial,Maraial,2021-02-08,288,0,7,0
