city,city,date,cases,daily cases,deaths,daily deaths
Marcelândia,Marcelândia,2020-03-27,0,0,0,0
Marcelândia,Marcelândia,2020-03-28,0,0,0,0
Marcelândia,Marcelândia,2020-03-29,0,0,0,0
Marcelândia,Marcelândia,2020-03-30,0,0,0,0
Marcelândia,Marcelândia,2020-03-31,0,0,0,0
Marcelândia,Marcelândia,2020-04-01,0,0,0,0
Marcelândia,Marcelândia,2020-04-02,0,0,0,0
Marcelândia,Marcelândia,2020-04-03,0,0,0,0
Marcelândia,Marcelândia,2020-04-04,0,0,0,0
Marcelândia,Marcelândia,2020-04-05,0,0,0,0
Marcelândia,Marcelândia,2020-04-06,0,0,0,0
Marcelândia,Marcelândia,2020-04-07,0,0,0,0
Marcelândia,Marcelândia,2020-04-08,0,0,0,0
Marcelândia,Marcelândia,2020-04-09,0,0,0,0
Marcelândia,Marcelândia,2020-04-10,0,0,0,0
Marcelândia,Marcelândia,2020-04-11,0,0,0,0
Marcelândia,Marcelândia,2020-04-12,0,0,0,0
Marcelândia,Marcelândia,2020-04-13,0,0,0,0
Marcelândia,Marcelândia,2020-04-14,0,0,0,0
Marcelândia,Marcelândia,2020-04-15,0,0,0,0
Marcelândia,Marcelândia,2020-04-16,0,0,0,0
Marcelândia,Marcelândia,2020-04-17,0,0,0,0
Marcelândia,Marcelândia,2020-04-18,0,0,0,0
Marcelândia,Marcelândia,2020-04-19,0,0,0,0
Marcelândia,Marcelândia,2020-04-20,0,0,0,0
Marcelândia,Marcelândia,2020-04-21,0,0,0,0
Marcelândia,Marcelândia,2020-04-22,0,0,0,0
Marcelândia,Marcelândia,2020-04-23,0,0,0,0
Marcelândia,Marcelândia,2020-04-24,0,0,0,0
Marcelândia,Marcelândia,2020-04-25,0,0,0,0
Marcelândia,Marcelândia,2020-04-26,0,0,0,0
Marcelândia,Marcelândia,2020-04-27,0,0,0,0
Marcelândia,Marcelândia,2020-04-28,0,0,0,0
Marcelândia,Marcelândia,2020-04-29,0,0,0,0
Marcelândia,Marcelândia,2020-04-30,0,0,0,0
Marcelândia,Marcelândia,2020-05-01,0,0,0,0
Marcelândia,Marcelândia,2020-05-02,0,0,0,0
Marcelândia,Marcelândia,2020-05-03,0,0,0,0
Marcelândia,Marcelândia,2020-05-04,0,0,0,0
Marcelândia,Marcelândia,2020-05-05,0,0,0,0
Marcelândia,Marcelândia,2020-05-06,0,0,0,0
Marcelândia,Marcelândia,2020-05-07,0,0,0,0
Marcelândia,Marcelândia,2020-05-08,0,0,0,0
Marcelândia,Marcelândia,2020-05-09,0,0,0,0
Marcelândia,Marcelândia,2020-05-10,0,0,0,0
Marcelândia,Marcelândia,2020-05-11,0,0,0,0
Marcelândia,Marcelândia,2020-05-12,0,0,0,0
Marcelândia,Marcelândia,2020-05-13,0,0,0,0
Marcelândia,Marcelândia,2020-05-14,0,0,0,0
Marcelândia,Marcelândia,2020-05-15,0,0,0,0
Marcelândia,Marcelândia,2020-05-16,0,0,0,0
Marcelândia,Marcelândia,2020-05-17,0,0,0,0
Marcelândia,Marcelândia,2020-05-18,0,0,0,0
Marcelândia,Marcelândia,2020-05-19,0,0,0,0
Marcelândia,Marcelândia,2020-05-20,0,0,0,0
Marcelândia,Marcelândia,2020-05-21,0,0,0,0
Marcelândia,Marcelândia,2020-05-22,0,0,0,0
Marcelândia,Marcelândia,2020-05-23,1,1,0,0
Marcelândia,Marcelândia,2020-05-24,1,0,0,0
Marcelândia,Marcelândia,2020-05-25,2,1,0,0
Marcelândia,Marcelândia,2020-05-26,2,0,0,0
Marcelândia,Marcelândia,2020-05-27,0,-2,0,0
Marcelândia,Marcelândia,2020-05-28,0,0,0,0
Marcelândia,Marcelândia,2020-05-29,0,0,0,0
Marcelândia,Marcelândia,2020-05-30,0,0,0,0
Marcelândia,Marcelândia,2020-05-31,0,0,0,0
Marcelândia,Marcelândia,2020-06-01,6,6,0,0
Marcelândia,Marcelândia,2020-06-02,6,0,0,0
Marcelândia,Marcelândia,2020-06-03,6,0,0,0
Marcelândia,Marcelândia,2020-06-04,7,1,0,0
Marcelândia,Marcelândia,2020-06-05,7,0,0,0
Marcelândia,Marcelândia,2020-06-06,8,1,0,0
Marcelândia,Marcelândia,2020-06-07,8,0,0,0
Marcelândia,Marcelândia,2020-06-08,7,-1,0,0
Marcelândia,Marcelândia,2020-06-09,7,0,0,0
Marcelândia,Marcelândia,2020-06-10,10,3,0,0
Marcelândia,Marcelândia,2020-06-11,10,0,0,0
Marcelândia,Marcelândia,2020-06-12,10,0,0,0
Marcelândia,Marcelândia,2020-06-13,11,1,0,0
Marcelândia,Marcelândia,2020-06-14,11,0,0,0
Marcelândia,Marcelândia,2020-06-15,11,0,0,0
Marcelândia,Marcelândia,2020-06-16,11,0,0,0
Marcelândia,Marcelândia,2020-06-17,22,11,0,0
Marcelândia,Marcelândia,2020-06-18,22,0,0,0
Marcelândia,Marcelândia,2020-06-19,31,9,0,0
Marcelândia,Marcelândia,2020-06-20,31,0,0,0
Marcelândia,Marcelândia,2020-06-21,31,0,0,0
Marcelândia,Marcelândia,2020-06-22,32,1,0,0
Marcelândia,Marcelândia,2020-06-23,48,16,0,0
Marcelândia,Marcelândia,2020-06-24,55,7,0,0
Marcelândia,Marcelândia,2020-06-25,57,2,0,0
Marcelândia,Marcelândia,2020-06-26,57,0,0,0
Marcelândia,Marcelândia,2020-06-27,57,0,0,0
Marcelândia,Marcelândia,2020-06-28,56,-1,0,0
Marcelândia,Marcelândia,2020-06-29,115,59,0,0
Marcelândia,Marcelândia,2020-06-30,114,-1,0,0
Marcelândia,Marcelândia,2020-07-01,143,29,0,0
Marcelândia,Marcelândia,2020-07-02,145,2,0,0
Marcelândia,Marcelândia,2020-07-03,146,1,0,0
Marcelândia,Marcelândia,2020-07-04,154,8,0,0
Marcelândia,Marcelândia,2020-07-05,153,-1,0,0
Marcelândia,Marcelândia,2020-07-06,159,6,0,0
Marcelândia,Marcelândia,2020-07-07,159,0,0,0
Marcelândia,Marcelândia,2020-07-08,169,10,0,0
Marcelândia,Marcelândia,2020-07-09,171,2,0,0
Marcelândia,Marcelândia,2020-07-10,172,1,0,0
Marcelândia,Marcelândia,2020-07-11,173,1,0,0
Marcelândia,Marcelândia,2020-07-12,173,0,0,0
Marcelândia,Marcelândia,2020-07-13,173,0,0,0
Marcelândia,Marcelândia,2020-07-14,173,0,0,0
Marcelândia,Marcelândia,2020-07-15,197,24,2,2
Marcelândia,Marcelândia,2020-07-16,198,1,2,0
Marcelândia,Marcelândia,2020-07-17,199,1,2,0
Marcelândia,Marcelândia,2020-07-18,174,-25,2,0
Marcelândia,Marcelândia,2020-07-19,199,25,2,0
Marcelândia,Marcelândia,2020-07-20,201,2,2,0
Marcelândia,Marcelândia,2020-07-21,204,3,2,0
Marcelândia,Marcelândia,2020-07-22,204,0,2,0
Marcelândia,Marcelândia,2020-07-23,204,0,2,0
Marcelândia,Marcelândia,2020-07-24,207,3,2,0
Marcelândia,Marcelândia,2020-07-25,207,0,2,0
Marcelândia,Marcelândia,2020-07-26,207,0,2,0
Marcelândia,Marcelândia,2020-07-27,207,0,2,0
Marcelândia,Marcelândia,2020-07-28,214,7,2,0
Marcelândia,Marcelândia,2020-07-29,214,0,2,0
Marcelândia,Marcelândia,2020-07-30,223,9,2,0
Marcelândia,Marcelândia,2020-07-31,224,1,3,1
Marcelândia,Marcelândia,2020-08-01,224,0,3,0
Marcelândia,Marcelândia,2020-08-02,224,0,3,0
Marcelândia,Marcelândia,2020-08-03,233,9,3,0
Marcelândia,Marcelândia,2020-08-04,234,1,3,0
Marcelândia,Marcelândia,2020-08-05,239,5,3,0
Marcelândia,Marcelândia,2020-08-06,240,1,3,0
Marcelândia,Marcelândia,2020-08-07,241,1,3,0
Marcelândia,Marcelândia,2020-08-08,241,0,3,0
Marcelândia,Marcelândia,2020-08-09,240,-1,3,0
Marcelândia,Marcelândia,2020-08-10,241,1,3,0
Marcelândia,Marcelândia,2020-08-11,241,0,3,0
Marcelândia,Marcelândia,2020-08-12,242,1,3,0
Marcelândia,Marcelândia,2020-08-13,242,0,3,0
Marcelândia,Marcelândia,2020-08-14,242,0,3,0
Marcelândia,Marcelândia,2020-08-15,242,0,3,0
Marcelândia,Marcelândia,2020-08-16,242,0,3,0
Marcelândia,Marcelândia,2020-08-17,242,0,3,0
Marcelândia,Marcelândia,2020-08-18,242,0,3,0
Marcelândia,Marcelândia,2020-08-19,242,0,3,0
Marcelândia,Marcelândia,2020-08-20,242,0,3,0
Marcelândia,Marcelândia,2020-08-21,242,0,3,0
Marcelândia,Marcelândia,2020-08-22,242,0,3,0
Marcelândia,Marcelândia,2020-08-23,243,1,3,0
Marcelândia,Marcelândia,2020-08-24,243,0,3,0
Marcelândia,Marcelândia,2020-08-25,247,4,3,0
Marcelândia,Marcelândia,2020-08-26,250,3,3,0
Marcelândia,Marcelândia,2020-08-27,250,0,3,0
Marcelândia,Marcelândia,2020-08-28,257,7,3,0
Marcelândia,Marcelândia,2020-08-29,257,0,3,0
Marcelândia,Marcelândia,2020-08-30,257,0,3,0
Marcelândia,Marcelândia,2020-08-31,257,0,3,0
Marcelândia,Marcelândia,2020-09-01,257,0,4,1
Marcelândia,Marcelândia,2020-09-02,258,1,4,0
Marcelândia,Marcelândia,2020-09-03,259,1,4,0
Marcelândia,Marcelândia,2020-09-04,266,7,4,0
Marcelândia,Marcelândia,2020-09-05,266,0,4,0
Marcelândia,Marcelândia,2020-09-06,271,5,4,0
Marcelândia,Marcelândia,2020-09-07,271,0,4,0
Marcelândia,Marcelândia,2020-09-08,271,0,4,0
Marcelândia,Marcelândia,2020-09-09,278,7,4,0
Marcelândia,Marcelândia,2020-09-10,292,14,4,0
Marcelândia,Marcelândia,2020-09-11,296,4,4,0
Marcelândia,Marcelândia,2020-09-12,297,1,4,0
Marcelândia,Marcelândia,2020-09-13,297,0,4,0
Marcelândia,Marcelândia,2020-09-14,303,6,4,0
Marcelândia,Marcelândia,2020-09-15,311,8,4,0
Marcelândia,Marcelândia,2020-09-16,313,2,4,0
Marcelândia,Marcelândia,2020-09-17,313,0,4,0
Marcelândia,Marcelândia,2020-09-18,325,12,4,0
Marcelândia,Marcelândia,2020-09-19,325,0,4,0
Marcelândia,Marcelândia,2020-09-20,325,0,4,0
Marcelândia,Marcelândia,2020-09-21,325,0,4,0
Marcelândia,Marcelândia,2020-09-22,325,0,4,0
Marcelândia,Marcelândia,2020-09-23,338,13,4,0
Marcelândia,Marcelândia,2020-09-24,343,5,4,0
Marcelândia,Marcelândia,2020-09-25,343,0,4,0
Marcelândia,Marcelândia,2020-09-26,343,0,4,0
Marcelândia,Marcelândia,2020-09-27,343,0,4,0
Marcelândia,Marcelândia,2020-09-28,353,10,4,0
Marcelândia,Marcelândia,2020-09-29,353,0,4,0
Marcelândia,Marcelândia,2020-09-30,353,0,4,0
Marcelândia,Marcelândia,2020-10-01,353,0,4,0
Marcelândia,Marcelândia,2020-10-02,362,9,4,0
Marcelândia,Marcelândia,2020-10-03,362,0,4,0
Marcelândia,Marcelândia,2020-10-04,362,0,4,0
Marcelândia,Marcelândia,2020-10-05,369,7,4,0
Marcelândia,Marcelândia,2020-10-06,370,1,5,1
Marcelândia,Marcelândia,2020-10-07,371,1,5,0
Marcelândia,Marcelândia,2020-10-08,374,3,5,0
Marcelândia,Marcelândia,2020-10-09,384,10,5,0
Marcelândia,Marcelândia,2020-10-10,384,0,5,0
Marcelândia,Marcelândia,2020-10-11,384,0,5,0
Marcelândia,Marcelândia,2020-10-12,384,0,5,0
Marcelândia,Marcelândia,2020-10-13,385,1,5,0
Marcelândia,Marcelândia,2020-10-14,388,3,6,1
Marcelândia,Marcelândia,2020-10-15,388,0,6,0
Marcelândia,Marcelândia,2020-10-16,389,1,6,0
Marcelândia,Marcelândia,2020-10-17,389,0,6,0
Marcelândia,Marcelândia,2020-10-18,389,0,6,0
Marcelândia,Marcelândia,2020-10-19,390,1,6,0
Marcelândia,Marcelândia,2020-10-20,389,-1,6,0
Marcelândia,Marcelândia,2020-10-21,389,0,6,0
Marcelândia,Marcelândia,2020-10-22,391,2,6,0
Marcelândia,Marcelândia,2020-10-23,391,0,6,0
Marcelândia,Marcelândia,2020-10-24,393,2,6,0
Marcelândia,Marcelândia,2020-10-25,394,1,7,1
Marcelândia,Marcelândia,2020-10-26,395,1,7,0
Marcelândia,Marcelândia,2020-10-27,395,0,7,0
Marcelândia,Marcelândia,2020-10-28,396,1,7,0
Marcelândia,Marcelândia,2020-10-29,397,1,7,0
Marcelândia,Marcelândia,2020-10-30,397,0,7,0
Marcelândia,Marcelândia,2020-10-31,397,0,7,0
Marcelândia,Marcelândia,2020-11-01,398,1,7,0
Marcelândia,Marcelândia,2020-11-02,398,0,7,0
Marcelândia,Marcelândia,2020-11-03,398,0,7,0
Marcelândia,Marcelândia,2020-11-04,398,0,7,0
Marcelândia,Marcelândia,2020-11-05,399,1,7,0
Marcelândia,Marcelândia,2020-11-06,400,1,7,0
Marcelândia,Marcelândia,2020-11-07,400,0,7,0
Marcelândia,Marcelândia,2020-11-08,400,0,7,0
Marcelândia,Marcelândia,2020-11-09,400,0,7,0
Marcelândia,Marcelândia,2020-11-10,400,0,7,0
Marcelândia,Marcelândia,2020-11-11,400,0,7,0
Marcelândia,Marcelândia,2020-11-12,403,3,7,0
Marcelândia,Marcelândia,2020-11-13,403,0,7,0
Marcelândia,Marcelândia,2020-11-14,403,0,7,0
Marcelândia,Marcelândia,2020-11-15,403,0,7,0
Marcelândia,Marcelândia,2020-11-16,403,0,7,0
Marcelândia,Marcelândia,2020-11-17,403,0,7,0
Marcelândia,Marcelândia,2020-11-18,404,1,7,0
Marcelândia,Marcelândia,2020-11-19,404,0,7,0
Marcelândia,Marcelândia,2020-11-20,404,0,7,0
Marcelândia,Marcelândia,2020-11-21,405,1,7,0
Marcelândia,Marcelândia,2020-11-22,405,0,7,0
Marcelândia,Marcelândia,2020-11-23,405,0,7,0
Marcelândia,Marcelândia,2020-11-24,406,1,7,0
Marcelândia,Marcelândia,2020-11-25,406,0,7,0
Marcelândia,Marcelândia,2020-11-26,406,0,7,0
Marcelândia,Marcelândia,2020-11-27,406,0,7,0
Marcelândia,Marcelândia,2020-11-28,406,0,7,0
Marcelândia,Marcelândia,2020-11-29,406,0,7,0
Marcelândia,Marcelândia,2020-11-30,406,0,7,0
Marcelândia,Marcelândia,2020-12-01,407,1,7,0
Marcelândia,Marcelândia,2020-12-02,407,0,7,0
Marcelândia,Marcelândia,2020-12-03,407,0,7,0
Marcelândia,Marcelândia,2020-12-04,408,1,7,0
Marcelândia,Marcelândia,2020-12-05,408,0,7,0
Marcelândia,Marcelândia,2020-12-06,408,0,7,0
Marcelândia,Marcelândia,2020-12-07,408,0,7,0
Marcelândia,Marcelândia,2020-12-08,408,0,7,0
Marcelândia,Marcelândia,2020-12-09,408,0,7,0
Marcelândia,Marcelândia,2020-12-10,408,0,7,0
Marcelândia,Marcelândia,2020-12-11,408,0,7,0
Marcelândia,Marcelândia,2020-12-12,426,18,7,0
Marcelândia,Marcelândia,2020-12-13,426,0,7,0
Marcelândia,Marcelândia,2020-12-14,426,0,7,0
Marcelândia,Marcelândia,2020-12-15,426,0,7,0
Marcelândia,Marcelândia,2020-12-16,427,1,7,0
Marcelândia,Marcelândia,2020-12-17,429,2,7,0
Marcelândia,Marcelândia,2020-12-18,429,0,7,0
Marcelândia,Marcelândia,2020-12-19,430,1,7,0
Marcelândia,Marcelândia,2020-12-20,430,0,7,0
Marcelândia,Marcelândia,2020-12-21,430,0,7,0
Marcelândia,Marcelândia,2020-12-22,430,0,7,0
Marcelândia,Marcelândia,2020-12-23,431,1,7,0
Marcelândia,Marcelândia,2020-12-24,431,0,7,0
Marcelândia,Marcelândia,2020-12-25,431,0,7,0
Marcelândia,Marcelândia,2020-12-26,431,0,7,0
Marcelândia,Marcelândia,2020-12-27,431,0,7,0
Marcelândia,Marcelândia,2020-12-28,436,5,7,0
Marcelândia,Marcelândia,2020-12-29,441,5,7,0
Marcelândia,Marcelândia,2020-12-30,441,0,7,0
Marcelândia,Marcelândia,2020-12-31,458,17,7,0
Marcelândia,Marcelândia,2021-01-01,458,0,7,0
Marcelândia,Marcelândia,2021-01-02,458,0,7,0
Marcelândia,Marcelândia,2021-01-03,458,0,7,0
Marcelândia,Marcelândia,2021-01-04,458,0,7,0
Marcelândia,Marcelândia,2021-01-05,458,0,7,0
Marcelândia,Marcelândia,2021-01-06,473,15,7,0
Marcelândia,Marcelândia,2021-01-07,474,1,7,0
Marcelândia,Marcelândia,2021-01-08,475,1,7,0
Marcelândia,Marcelândia,2021-01-09,477,2,7,0
Marcelândia,Marcelândia,2021-01-10,477,0,7,0
Marcelândia,Marcelândia,2021-01-11,497,20,7,0
Marcelândia,Marcelândia,2021-01-12,498,1,7,0
Marcelândia,Marcelândia,2021-01-13,511,13,7,0
Marcelândia,Marcelândia,2021-01-14,511,0,7,0
Marcelândia,Marcelândia,2021-01-15,511,0,7,0
Marcelândia,Marcelândia,2021-01-16,513,2,8,1
Marcelândia,Marcelândia,2021-01-17,513,0,8,0
Marcelândia,Marcelândia,2021-01-18,524,11,8,0
Marcelândia,Marcelândia,2021-01-19,525,1,8,0
Marcelândia,Marcelândia,2021-01-20,529,4,8,0
Marcelândia,Marcelândia,2021-01-21,534,5,8,0
Marcelândia,Marcelândia,2021-01-22,535,1,8,0
Marcelândia,Marcelândia,2021-01-23,535,0,8,0
Marcelândia,Marcelândia,2021-01-24,535,0,8,0
Marcelândia,Marcelândia,2021-01-25,542,7,8,0
Marcelândia,Marcelândia,2021-01-26,546,4,8,0
Marcelândia,Marcelândia,2021-01-27,552,6,8,0
Marcelândia,Marcelândia,2021-01-28,553,1,8,0
Marcelândia,Marcelândia,2021-01-29,553,0,8,0
Marcelândia,Marcelândia,2021-01-30,553,0,8,0
Marcelândia,Marcelândia,2021-01-31,554,1,8,0
Marcelândia,Marcelândia,2021-02-01,556,2,8,0
Marcelândia,Marcelândia,2021-02-02,557,1,8,0
Marcelândia,Marcelândia,2021-02-03,569,12,8,0
Marcelândia,Marcelândia,2021-02-04,569,0,8,0
Marcelândia,Marcelândia,2021-02-05,569,0,8,0
Marcelândia,Marcelândia,2021-02-06,570,1,8,0
Marcelândia,Marcelândia,2021-02-07,570,0,8,0
Marcelândia,Marcelândia,2021-02-08,584,14,8,0
