city,city,date,cases,daily cases,deaths,daily deaths
Matipó,Matipó,2020-03-27,0,0,0,0
Matipó,Matipó,2020-03-28,0,0,0,0
Matipó,Matipó,2020-03-29,0,0,0,0
Matipó,Matipó,2020-03-30,0,0,0,0
Matipó,Matipó,2020-03-31,0,0,0,0
Matipó,Matipó,2020-04-01,0,0,0,0
Matipó,Matipó,2020-04-02,0,0,0,0
Matipó,Matipó,2020-04-03,0,0,0,0
Matipó,Matipó,2020-04-04,0,0,0,0
Matipó,Matipó,2020-04-05,0,0,0,0
Matipó,Matipó,2020-04-06,0,0,0,0
Matipó,Matipó,2020-04-07,0,0,0,0
Matipó,Matipó,2020-04-08,0,0,0,0
Matipó,Matipó,2020-04-09,0,0,0,0
Matipó,Matipó,2020-04-10,0,0,0,0
Matipó,Matipó,2020-04-11,0,0,0,0
Matipó,Matipó,2020-04-12,0,0,0,0
Matipó,Matipó,2020-04-13,0,0,0,0
Matipó,Matipó,2020-04-14,0,0,0,0
Matipó,Matipó,2020-04-15,0,0,0,0
Matipó,Matipó,2020-04-16,0,0,0,0
Matipó,Matipó,2020-04-17,0,0,0,0
Matipó,Matipó,2020-04-18,0,0,0,0
Matipó,Matipó,2020-04-19,0,0,0,0
Matipó,Matipó,2020-04-20,0,0,0,0
Matipó,Matipó,2020-04-21,0,0,0,0
Matipó,Matipó,2020-04-22,0,0,0,0
Matipó,Matipó,2020-04-23,0,0,0,0
Matipó,Matipó,2020-04-24,0,0,0,0
Matipó,Matipó,2020-04-25,0,0,0,0
Matipó,Matipó,2020-04-26,0,0,0,0
Matipó,Matipó,2020-04-27,0,0,0,0
Matipó,Matipó,2020-04-28,0,0,0,0
Matipó,Matipó,2020-04-29,0,0,0,0
Matipó,Matipó,2020-04-30,0,0,0,0
Matipó,Matipó,2020-05-01,0,0,0,0
Matipó,Matipó,2020-05-02,0,0,0,0
Matipó,Matipó,2020-05-03,0,0,0,0
Matipó,Matipó,2020-05-04,0,0,0,0
Matipó,Matipó,2020-05-05,0,0,0,0
Matipó,Matipó,2020-05-06,0,0,0,0
Matipó,Matipó,2020-05-07,0,0,0,0
Matipó,Matipó,2020-05-08,0,0,0,0
Matipó,Matipó,2020-05-09,0,0,0,0
Matipó,Matipó,2020-05-10,0,0,0,0
Matipó,Matipó,2020-05-11,0,0,0,0
Matipó,Matipó,2020-05-12,0,0,0,0
Matipó,Matipó,2020-05-13,0,0,0,0
Matipó,Matipó,2020-05-14,0,0,0,0
Matipó,Matipó,2020-05-15,0,0,0,0
Matipó,Matipó,2020-05-16,0,0,0,0
Matipó,Matipó,2020-05-17,0,0,0,0
Matipó,Matipó,2020-05-18,0,0,0,0
Matipó,Matipó,2020-05-19,0,0,0,0
Matipó,Matipó,2020-05-20,1,1,0,0
Matipó,Matipó,2020-05-21,1,0,0,0
Matipó,Matipó,2020-05-22,1,0,0,0
Matipó,Matipó,2020-05-23,2,1,0,0
Matipó,Matipó,2020-05-24,2,0,0,0
Matipó,Matipó,2020-05-25,2,0,0,0
Matipó,Matipó,2020-05-26,3,1,0,0
Matipó,Matipó,2020-05-27,3,0,0,0
Matipó,Matipó,2020-05-28,3,0,0,0
Matipó,Matipó,2020-05-29,3,0,0,0
Matipó,Matipó,2020-05-30,3,0,0,0
Matipó,Matipó,2020-05-31,3,0,0,0
Matipó,Matipó,2020-06-01,3,0,0,0
Matipó,Matipó,2020-06-02,4,1,0,0
Matipó,Matipó,2020-06-03,4,0,0,0
Matipó,Matipó,2020-06-04,4,0,0,0
Matipó,Matipó,2020-06-05,4,0,0,0
Matipó,Matipó,2020-06-06,4,0,0,0
Matipó,Matipó,2020-06-07,4,0,0,0
Matipó,Matipó,2020-06-08,5,1,0,0
Matipó,Matipó,2020-06-09,5,0,0,0
Matipó,Matipó,2020-06-10,5,0,0,0
Matipó,Matipó,2020-06-11,5,0,0,0
Matipó,Matipó,2020-06-12,5,0,0,0
Matipó,Matipó,2020-06-13,5,0,0,0
Matipó,Matipó,2020-06-14,5,0,0,0
Matipó,Matipó,2020-06-15,5,0,0,0
Matipó,Matipó,2020-06-16,5,0,0,0
Matipó,Matipó,2020-06-17,5,0,0,0
Matipó,Matipó,2020-06-18,5,0,0,0
Matipó,Matipó,2020-06-19,5,0,0,0
Matipó,Matipó,2020-06-20,6,1,0,0
Matipó,Matipó,2020-06-21,6,0,0,0
Matipó,Matipó,2020-06-22,6,0,0,0
Matipó,Matipó,2020-06-23,6,0,0,0
Matipó,Matipó,2020-06-24,6,0,0,0
Matipó,Matipó,2020-06-25,6,0,0,0
Matipó,Matipó,2020-06-26,6,0,0,0
Matipó,Matipó,2020-06-27,6,0,0,0
Matipó,Matipó,2020-06-28,6,0,0,0
Matipó,Matipó,2020-06-29,6,0,0,0
Matipó,Matipó,2020-06-30,6,0,0,0
Matipó,Matipó,2020-07-01,6,0,0,0
Matipó,Matipó,2020-07-02,8,2,0,0
Matipó,Matipó,2020-07-03,8,0,0,0
Matipó,Matipó,2020-07-04,8,0,0,0
Matipó,Matipó,2020-07-05,7,-1,0,0
Matipó,Matipó,2020-07-06,7,0,0,0
Matipó,Matipó,2020-07-07,8,1,0,0
Matipó,Matipó,2020-07-08,9,1,0,0
Matipó,Matipó,2020-07-09,9,0,0,0
Matipó,Matipó,2020-07-10,11,2,0,0
Matipó,Matipó,2020-07-11,12,1,0,0
Matipó,Matipó,2020-07-12,19,7,0,0
Matipó,Matipó,2020-07-13,19,0,0,0
Matipó,Matipó,2020-07-14,21,2,0,0
Matipó,Matipó,2020-07-15,26,5,0,0
Matipó,Matipó,2020-07-16,30,4,0,0
Matipó,Matipó,2020-07-17,31,1,0,0
Matipó,Matipó,2020-07-18,34,3,0,0
Matipó,Matipó,2020-07-19,34,0,0,0
Matipó,Matipó,2020-07-20,36,2,0,0
Matipó,Matipó,2020-07-21,36,0,0,0
Matipó,Matipó,2020-07-22,40,4,0,0
Matipó,Matipó,2020-07-23,42,2,1,1
Matipó,Matipó,2020-07-24,46,4,1,0
Matipó,Matipó,2020-07-25,53,7,1,0
Matipó,Matipó,2020-07-26,56,3,1,0
Matipó,Matipó,2020-07-27,56,0,1,0
Matipó,Matipó,2020-07-28,57,1,2,1
Matipó,Matipó,2020-07-29,63,6,2,0
Matipó,Matipó,2020-07-30,66,3,2,0
Matipó,Matipó,2020-07-31,69,3,2,0
Matipó,Matipó,2020-08-01,71,2,2,0
Matipó,Matipó,2020-08-02,72,1,2,0
Matipó,Matipó,2020-08-03,73,1,2,0
Matipó,Matipó,2020-08-04,76,3,2,0
Matipó,Matipó,2020-08-05,87,11,2,0
Matipó,Matipó,2020-08-06,95,8,2,0
Matipó,Matipó,2020-08-07,96,1,2,0
Matipó,Matipó,2020-08-08,101,5,2,0
Matipó,Matipó,2020-08-09,102,1,2,0
Matipó,Matipó,2020-08-10,102,0,2,0
Matipó,Matipó,2020-08-11,103,1,2,0
Matipó,Matipó,2020-08-12,107,4,3,1
Matipó,Matipó,2020-08-13,107,0,3,0
Matipó,Matipó,2020-08-14,110,3,3,0
Matipó,Matipó,2020-08-15,118,8,3,0
Matipó,Matipó,2020-08-16,121,3,3,0
Matipó,Matipó,2020-08-17,123,2,3,0
Matipó,Matipó,2020-08-18,123,0,4,1
Matipó,Matipó,2020-08-19,125,2,4,0
Matipó,Matipó,2020-08-20,129,4,4,0
Matipó,Matipó,2020-08-21,129,0,5,1
Matipó,Matipó,2020-08-22,136,7,5,0
Matipó,Matipó,2020-08-23,136,0,5,0
Matipó,Matipó,2020-08-24,136,0,5,0
Matipó,Matipó,2020-08-25,136,0,5,0
Matipó,Matipó,2020-08-26,136,0,5,0
Matipó,Matipó,2020-08-27,139,3,5,0
Matipó,Matipó,2020-08-28,141,2,5,0
Matipó,Matipó,2020-08-29,143,2,5,0
Matipó,Matipó,2020-08-30,143,0,5,0
Matipó,Matipó,2020-08-31,143,0,5,0
Matipó,Matipó,2020-09-01,143,0,5,0
Matipó,Matipó,2020-09-02,144,1,5,0
Matipó,Matipó,2020-09-03,144,0,5,0
Matipó,Matipó,2020-09-04,144,0,5,0
Matipó,Matipó,2020-09-05,144,0,5,0
Matipó,Matipó,2020-09-06,145,1,5,0
Matipó,Matipó,2020-09-07,145,0,5,0
Matipó,Matipó,2020-09-08,145,0,5,0
Matipó,Matipó,2020-09-09,145,0,5,0
Matipó,Matipó,2020-09-10,146,1,5,0
Matipó,Matipó,2020-09-11,147,1,5,0
Matipó,Matipó,2020-09-12,147,0,5,0
Matipó,Matipó,2020-09-13,147,0,5,0
Matipó,Matipó,2020-09-14,147,0,5,0
Matipó,Matipó,2020-09-15,147,0,5,0
Matipó,Matipó,2020-09-16,147,0,5,0
Matipó,Matipó,2020-09-17,153,6,5,0
Matipó,Matipó,2020-09-18,154,1,5,0
Matipó,Matipó,2020-09-19,154,0,5,0
Matipó,Matipó,2020-09-20,163,9,5,0
Matipó,Matipó,2020-09-21,163,0,5,0
Matipó,Matipó,2020-09-22,164,1,5,0
Matipó,Matipó,2020-09-23,168,4,5,0
Matipó,Matipó,2020-09-24,168,0,6,1
Matipó,Matipó,2020-09-25,173,5,6,0
Matipó,Matipó,2020-09-26,181,8,6,0
Matipó,Matipó,2020-09-27,183,2,6,0
Matipó,Matipó,2020-09-28,184,1,6,0
Matipó,Matipó,2020-09-29,187,3,6,0
Matipó,Matipó,2020-09-30,188,1,6,0
Matipó,Matipó,2020-10-01,189,1,6,0
Matipó,Matipó,2020-10-02,195,6,6,0
Matipó,Matipó,2020-10-03,199,4,6,0
Matipó,Matipó,2020-10-04,204,5,6,0
Matipó,Matipó,2020-10-05,205,1,6,0
Matipó,Matipó,2020-10-06,209,4,6,0
Matipó,Matipó,2020-10-07,217,8,6,0
Matipó,Matipó,2020-10-08,223,6,6,0
Matipó,Matipó,2020-10-09,227,4,6,0
Matipó,Matipó,2020-10-10,231,4,6,0
Matipó,Matipó,2020-10-11,236,5,6,0
Matipó,Matipó,2020-10-12,236,0,6,0
Matipó,Matipó,2020-10-13,236,0,6,0
Matipó,Matipó,2020-10-14,239,3,6,0
Matipó,Matipó,2020-10-15,248,9,6,0
Matipó,Matipó,2020-10-16,248,0,6,0
Matipó,Matipó,2020-10-17,261,13,6,0
Matipó,Matipó,2020-10-18,262,1,6,0
Matipó,Matipó,2020-10-19,264,2,6,0
Matipó,Matipó,2020-10-20,273,9,6,0
Matipó,Matipó,2020-10-21,284,11,6,0
Matipó,Matipó,2020-10-22,289,5,6,0
Matipó,Matipó,2020-10-23,293,4,6,0
Matipó,Matipó,2020-10-24,299,6,6,0
Matipó,Matipó,2020-10-25,300,1,6,0
Matipó,Matipó,2020-10-26,300,0,6,0
Matipó,Matipó,2020-10-27,309,9,6,0
Matipó,Matipó,2020-10-28,319,10,6,0
Matipó,Matipó,2020-10-29,325,6,6,0
Matipó,Matipó,2020-10-30,332,7,6,0
Matipó,Matipó,2020-10-31,334,2,6,0
Matipó,Matipó,2020-11-01,335,1,6,0
Matipó,Matipó,2020-11-02,335,0,6,0
Matipó,Matipó,2020-11-03,335,0,6,0
Matipó,Matipó,2020-11-04,344,9,6,0
Matipó,Matipó,2020-11-05,349,5,6,0
Matipó,Matipó,2020-11-06,361,12,6,0
Matipó,Matipó,2020-11-07,363,2,6,0
Matipó,Matipó,2020-11-08,365,2,6,0
Matipó,Matipó,2020-11-09,365,0,6,0
Matipó,Matipó,2020-11-10,366,1,6,0
Matipó,Matipó,2020-11-11,376,10,6,0
Matipó,Matipó,2020-11-12,379,3,6,0
Matipó,Matipó,2020-11-13,382,3,6,0
Matipó,Matipó,2020-11-14,384,2,6,0
Matipó,Matipó,2020-11-15,384,0,6,0
Matipó,Matipó,2020-11-16,384,0,6,0
Matipó,Matipó,2020-11-17,384,0,6,0
Matipó,Matipó,2020-11-18,388,4,6,0
Matipó,Matipó,2020-11-19,393,5,6,0
Matipó,Matipó,2020-11-20,393,0,6,0
Matipó,Matipó,2020-11-21,395,2,6,0
Matipó,Matipó,2020-11-22,401,6,6,0
Matipó,Matipó,2020-11-23,402,1,7,1
Matipó,Matipó,2020-11-24,402,0,7,0
Matipó,Matipó,2020-11-25,407,5,7,0
Matipó,Matipó,2020-11-26,408,1,8,1
Matipó,Matipó,2020-11-27,409,1,8,0
Matipó,Matipó,2020-11-28,409,0,8,0
Matipó,Matipó,2020-11-29,409,0,8,0
Matipó,Matipó,2020-11-30,409,0,8,0
Matipó,Matipó,2020-12-01,418,9,8,0
Matipó,Matipó,2020-12-02,418,0,8,0
Matipó,Matipó,2020-12-03,437,19,8,0
Matipó,Matipó,2020-12-04,441,4,8,0
Matipó,Matipó,2020-12-05,437,-4,8,0
Matipó,Matipó,2020-12-06,437,0,8,0
Matipó,Matipó,2020-12-07,437,0,8,0
Matipó,Matipó,2020-12-08,444,7,8,0
Matipó,Matipó,2020-12-09,450,6,8,0
Matipó,Matipó,2020-12-10,452,2,9,1
Matipó,Matipó,2020-12-11,456,4,9,0
Matipó,Matipó,2020-12-12,456,0,9,0
Matipó,Matipó,2020-12-13,456,0,9,0
Matipó,Matipó,2020-12-14,456,0,9,0
Matipó,Matipó,2020-12-15,458,2,9,0
Matipó,Matipó,2020-12-16,464,6,9,0
Matipó,Matipó,2020-12-17,464,0,9,0
Matipó,Matipó,2020-12-18,468,4,9,0
Matipó,Matipó,2020-12-19,468,0,10,1
Matipó,Matipó,2020-12-20,468,0,10,0
Matipó,Matipó,2020-12-21,468,0,10,0
Matipó,Matipó,2020-12-22,468,0,10,0
Matipó,Matipó,2020-12-23,468,0,10,0
Matipó,Matipó,2020-12-24,474,6,10,0
Matipó,Matipó,2020-12-25,474,0,10,0
Matipó,Matipó,2020-12-26,474,0,10,0
Matipó,Matipó,2020-12-27,474,0,10,0
Matipó,Matipó,2020-12-28,474,0,10,0
Matipó,Matipó,2020-12-29,474,0,10,0
Matipó,Matipó,2020-12-30,485,11,10,0
Matipó,Matipó,2020-12-31,485,0,10,0
Matipó,Matipó,2021-01-01,485,0,10,0
Matipó,Matipó,2021-01-02,485,0,10,0
Matipó,Matipó,2021-01-03,485,0,10,0
Matipó,Matipó,2021-01-04,485,0,10,0
Matipó,Matipó,2021-01-05,485,0,10,0
Matipó,Matipó,2021-01-06,485,0,10,0
Matipó,Matipó,2021-01-07,485,0,10,0
Matipó,Matipó,2021-01-08,485,0,10,0
Matipó,Matipó,2021-01-09,485,0,10,0
Matipó,Matipó,2021-01-10,485,0,10,0
Matipó,Matipó,2021-01-11,485,0,10,0
Matipó,Matipó,2021-01-12,485,0,10,0
Matipó,Matipó,2021-01-13,485,0,13,3
Matipó,Matipó,2021-01-14,485,0,13,0
Matipó,Matipó,2021-01-15,485,0,13,0
Matipó,Matipó,2021-01-16,494,9,13,0
Matipó,Matipó,2021-01-17,509,15,13,0
Matipó,Matipó,2021-01-18,509,0,13,0
Matipó,Matipó,2021-01-19,514,5,13,0
Matipó,Matipó,2021-01-20,515,1,13,0
Matipó,Matipó,2021-01-21,515,0,13,0
Matipó,Matipó,2021-01-22,528,13,13,0
Matipó,Matipó,2021-01-23,533,5,13,0
Matipó,Matipó,2021-01-24,533,0,13,0
Matipó,Matipó,2021-01-25,537,4,13,0
Matipó,Matipó,2021-01-26,538,1,13,0
Matipó,Matipó,2021-01-27,542,4,13,0
Matipó,Matipó,2021-01-28,543,1,13,0
Matipó,Matipó,2021-01-29,549,6,13,0
Matipó,Matipó,2021-01-30,554,5,13,0
Matipó,Matipó,2021-01-31,554,0,13,0
Matipó,Matipó,2021-02-01,554,0,13,0
Matipó,Matipó,2021-02-02,565,11,13,0
Matipó,Matipó,2021-02-03,570,5,13,0
Matipó,Matipó,2021-02-04,574,4,13,0
Matipó,Matipó,2021-02-05,581,7,13,0
Matipó,Matipó,2021-02-06,585,4,13,0
Matipó,Matipó,2021-02-07,585,0,13,0
Matipó,Matipó,2021-02-08,585,0,13,0
