city,city,date,cases,daily cases,deaths,daily deaths
Matupá,Matupá,2020-03-27,0,0,0,0
Matupá,Matupá,2020-03-28,0,0,0,0
Matupá,Matupá,2020-03-29,0,0,0,0
Matupá,Matupá,2020-03-30,0,0,0,0
Matupá,Matupá,2020-03-31,0,0,0,0
Matupá,Matupá,2020-04-01,0,0,0,0
Matupá,Matupá,2020-04-02,0,0,0,0
Matupá,Matupá,2020-04-03,0,0,0,0
Matupá,Matupá,2020-04-04,0,0,0,0
Matupá,Matupá,2020-04-05,0,0,0,0
Matupá,Matupá,2020-04-06,0,0,0,0
Matupá,Matupá,2020-04-07,0,0,0,0
Matupá,Matupá,2020-04-08,0,0,0,0
Matupá,Matupá,2020-04-09,0,0,0,0
Matupá,Matupá,2020-04-10,0,0,0,0
Matupá,Matupá,2020-04-11,0,0,0,0
Matupá,Matupá,2020-04-12,0,0,0,0
Matupá,Matupá,2020-04-13,0,0,0,0
Matupá,Matupá,2020-04-14,0,0,0,0
Matupá,Matupá,2020-04-15,0,0,0,0
Matupá,Matupá,2020-04-16,0,0,0,0
Matupá,Matupá,2020-04-17,0,0,0,0
Matupá,Matupá,2020-04-18,0,0,0,0
Matupá,Matupá,2020-04-19,0,0,0,0
Matupá,Matupá,2020-04-20,0,0,0,0
Matupá,Matupá,2020-04-21,0,0,0,0
Matupá,Matupá,2020-04-22,0,0,0,0
Matupá,Matupá,2020-04-23,0,0,0,0
Matupá,Matupá,2020-04-24,0,0,0,0
Matupá,Matupá,2020-04-25,0,0,0,0
Matupá,Matupá,2020-04-26,0,0,0,0
Matupá,Matupá,2020-04-27,0,0,0,0
Matupá,Matupá,2020-04-28,0,0,0,0
Matupá,Matupá,2020-04-29,0,0,0,0
Matupá,Matupá,2020-04-30,0,0,0,0
Matupá,Matupá,2020-05-01,0,0,0,0
Matupá,Matupá,2020-05-02,0,0,0,0
Matupá,Matupá,2020-05-03,0,0,0,0
Matupá,Matupá,2020-05-04,0,0,0,0
Matupá,Matupá,2020-05-05,0,0,0,0
Matupá,Matupá,2020-05-06,0,0,0,0
Matupá,Matupá,2020-05-07,0,0,0,0
Matupá,Matupá,2020-05-08,0,0,0,0
Matupá,Matupá,2020-05-09,0,0,0,0
Matupá,Matupá,2020-05-10,0,0,0,0
Matupá,Matupá,2020-05-11,0,0,0,0
Matupá,Matupá,2020-05-12,0,0,0,0
Matupá,Matupá,2020-05-13,0,0,0,0
Matupá,Matupá,2020-05-14,0,0,0,0
Matupá,Matupá,2020-05-15,0,0,0,0
Matupá,Matupá,2020-05-16,0,0,0,0
Matupá,Matupá,2020-05-17,0,0,0,0
Matupá,Matupá,2020-05-18,0,0,0,0
Matupá,Matupá,2020-05-19,0,0,0,0
Matupá,Matupá,2020-05-20,0,0,0,0
Matupá,Matupá,2020-05-21,4,4,0,0
Matupá,Matupá,2020-05-22,4,0,0,0
Matupá,Matupá,2020-05-23,4,0,0,0
Matupá,Matupá,2020-05-24,4,0,0,0
Matupá,Matupá,2020-05-25,4,0,0,0
Matupá,Matupá,2020-05-26,5,1,0,0
Matupá,Matupá,2020-05-27,5,0,0,0
Matupá,Matupá,2020-05-28,7,2,0,0
Matupá,Matupá,2020-05-29,7,0,0,0
Matupá,Matupá,2020-05-30,7,0,0,0
Matupá,Matupá,2020-05-31,7,0,0,0
Matupá,Matupá,2020-06-01,7,0,0,0
Matupá,Matupá,2020-06-02,20,13,0,0
Matupá,Matupá,2020-06-03,20,0,0,0
Matupá,Matupá,2020-06-04,20,0,0,0
Matupá,Matupá,2020-06-05,27,7,0,0
Matupá,Matupá,2020-06-06,27,0,0,0
Matupá,Matupá,2020-06-07,27,0,0,0
Matupá,Matupá,2020-06-08,27,0,0,0
Matupá,Matupá,2020-06-09,27,0,0,0
Matupá,Matupá,2020-06-10,27,0,0,0
Matupá,Matupá,2020-06-11,28,1,0,0
Matupá,Matupá,2020-06-12,28,0,0,0
Matupá,Matupá,2020-06-13,28,0,0,0
Matupá,Matupá,2020-06-14,29,1,0,0
Matupá,Matupá,2020-06-15,29,0,0,0
Matupá,Matupá,2020-06-16,29,0,0,0
Matupá,Matupá,2020-06-17,31,2,0,0
Matupá,Matupá,2020-06-18,31,0,0,0
Matupá,Matupá,2020-06-19,51,20,0,0
Matupá,Matupá,2020-06-20,87,36,1,1
Matupá,Matupá,2020-06-21,87,0,1,0
Matupá,Matupá,2020-06-22,88,1,1,0
Matupá,Matupá,2020-06-23,88,0,1,0
Matupá,Matupá,2020-06-24,105,17,1,0
Matupá,Matupá,2020-06-25,122,17,1,0
Matupá,Matupá,2020-06-26,123,1,1,0
Matupá,Matupá,2020-06-27,123,0,1,0
Matupá,Matupá,2020-06-28,123,0,1,0
Matupá,Matupá,2020-06-29,123,0,1,0
Matupá,Matupá,2020-06-30,164,41,2,1
Matupá,Matupá,2020-07-01,151,-13,2,0
Matupá,Matupá,2020-07-02,151,0,2,0
Matupá,Matupá,2020-07-03,223,72,2,0
Matupá,Matupá,2020-07-04,223,0,2,0
Matupá,Matupá,2020-07-05,223,0,0,-2
Matupá,Matupá,2020-07-06,254,31,2,2
Matupá,Matupá,2020-07-07,261,7,2,0
Matupá,Matupá,2020-07-08,261,0,2,0
Matupá,Matupá,2020-07-09,261,0,2,0
Matupá,Matupá,2020-07-10,272,11,2,0
Matupá,Matupá,2020-07-11,274,2,2,0
Matupá,Matupá,2020-07-12,274,0,2,0
Matupá,Matupá,2020-07-13,274,0,2,0
Matupá,Matupá,2020-07-14,274,0,2,0
Matupá,Matupá,2020-07-15,274,0,2,0
Matupá,Matupá,2020-07-16,300,26,2,0
Matupá,Matupá,2020-07-17,315,15,2,0
Matupá,Matupá,2020-07-18,306,-9,2,0
Matupá,Matupá,2020-07-19,315,9,2,0
Matupá,Matupá,2020-07-20,321,6,2,0
Matupá,Matupá,2020-07-21,324,3,2,0
Matupá,Matupá,2020-07-22,320,-4,2,0
Matupá,Matupá,2020-07-23,323,3,2,0
Matupá,Matupá,2020-07-24,329,6,2,0
Matupá,Matupá,2020-07-25,329,0,2,0
Matupá,Matupá,2020-07-26,329,0,2,0
Matupá,Matupá,2020-07-27,330,1,2,0
Matupá,Matupá,2020-07-28,331,1,2,0
Matupá,Matupá,2020-07-29,332,1,2,0
Matupá,Matupá,2020-07-30,366,34,2,0
Matupá,Matupá,2020-07-31,374,8,2,0
Matupá,Matupá,2020-08-01,384,10,2,0
Matupá,Matupá,2020-08-02,385,1,2,0
Matupá,Matupá,2020-08-03,384,-1,2,0
Matupá,Matupá,2020-08-04,389,5,2,0
Matupá,Matupá,2020-08-05,396,7,2,0
Matupá,Matupá,2020-08-06,409,13,2,0
Matupá,Matupá,2020-08-07,418,9,2,0
Matupá,Matupá,2020-08-08,417,-1,2,0
Matupá,Matupá,2020-08-09,418,1,2,0
Matupá,Matupá,2020-08-10,435,17,2,0
Matupá,Matupá,2020-08-11,441,6,2,0
Matupá,Matupá,2020-08-12,452,11,2,0
Matupá,Matupá,2020-08-13,452,0,2,0
Matupá,Matupá,2020-08-14,452,0,2,0
Matupá,Matupá,2020-08-15,453,1,2,0
Matupá,Matupá,2020-08-16,453,0,2,0
Matupá,Matupá,2020-08-17,457,4,2,0
Matupá,Matupá,2020-08-18,463,6,2,0
Matupá,Matupá,2020-08-19,473,10,3,1
Matupá,Matupá,2020-08-20,478,5,3,0
Matupá,Matupá,2020-08-21,481,3,3,0
Matupá,Matupá,2020-08-22,483,2,3,0
Matupá,Matupá,2020-08-23,481,-2,3,0
Matupá,Matupá,2020-08-24,499,18,4,1
Matupá,Matupá,2020-08-25,511,12,4,0
Matupá,Matupá,2020-08-26,534,23,4,0
Matupá,Matupá,2020-08-27,544,10,4,0
Matupá,Matupá,2020-08-28,574,30,4,0
Matupá,Matupá,2020-08-29,579,5,4,0
Matupá,Matupá,2020-08-30,579,0,4,0
Matupá,Matupá,2020-08-31,579,0,4,0
Matupá,Matupá,2020-09-01,591,12,5,1
Matupá,Matupá,2020-09-02,593,2,6,1
Matupá,Matupá,2020-09-03,608,15,6,0
Matupá,Matupá,2020-09-04,611,3,6,0
Matupá,Matupá,2020-09-05,611,0,6,0
Matupá,Matupá,2020-09-06,612,1,6,0
Matupá,Matupá,2020-09-07,612,0,6,0
Matupá,Matupá,2020-09-08,613,1,6,0
Matupá,Matupá,2020-09-09,625,12,5,-1
Matupá,Matupá,2020-09-10,623,-2,5,0
Matupá,Matupá,2020-09-11,651,28,5,0
Matupá,Matupá,2020-09-12,651,0,5,0
Matupá,Matupá,2020-09-13,651,0,5,0
Matupá,Matupá,2020-09-14,651,0,5,0
Matupá,Matupá,2020-09-15,651,0,6,1
Matupá,Matupá,2020-09-16,659,8,6,0
Matupá,Matupá,2020-09-17,660,1,6,0
Matupá,Matupá,2020-09-18,663,3,7,1
Matupá,Matupá,2020-09-19,664,1,7,0
Matupá,Matupá,2020-09-20,664,0,7,0
Matupá,Matupá,2020-09-21,699,35,7,0
Matupá,Matupá,2020-09-22,705,6,7,0
Matupá,Matupá,2020-09-23,705,0,7,0
Matupá,Matupá,2020-09-24,705,0,8,1
Matupá,Matupá,2020-09-25,708,3,8,0
Matupá,Matupá,2020-09-26,712,4,8,0
Matupá,Matupá,2020-09-27,713,1,8,0
Matupá,Matupá,2020-09-28,720,7,8,0
Matupá,Matupá,2020-09-29,722,2,8,0
Matupá,Matupá,2020-09-30,722,0,8,0
Matupá,Matupá,2020-10-01,726,4,8,0
Matupá,Matupá,2020-10-02,726,0,8,0
Matupá,Matupá,2020-10-03,726,0,8,0
Matupá,Matupá,2020-10-04,726,0,8,0
Matupá,Matupá,2020-10-05,729,3,8,0
Matupá,Matupá,2020-10-06,730,1,8,0
Matupá,Matupá,2020-10-07,730,0,8,0
Matupá,Matupá,2020-10-08,730,0,8,0
Matupá,Matupá,2020-10-09,733,3,8,0
Matupá,Matupá,2020-10-10,734,1,8,0
Matupá,Matupá,2020-10-11,734,0,8,0
Matupá,Matupá,2020-10-12,734,0,8,0
Matupá,Matupá,2020-10-13,734,0,8,0
Matupá,Matupá,2020-10-14,734,0,8,0
Matupá,Matupá,2020-10-15,735,1,8,0
Matupá,Matupá,2020-10-16,737,2,8,0
Matupá,Matupá,2020-10-17,737,0,8,0
Matupá,Matupá,2020-10-18,737,0,8,0
Matupá,Matupá,2020-10-19,737,0,8,0
Matupá,Matupá,2020-10-20,737,0,8,0
Matupá,Matupá,2020-10-21,743,6,8,0
Matupá,Matupá,2020-10-22,743,0,8,0
Matupá,Matupá,2020-10-23,743,0,8,0
Matupá,Matupá,2020-10-24,743,0,8,0
Matupá,Matupá,2020-10-25,743,0,8,0
Matupá,Matupá,2020-10-26,747,4,8,0
Matupá,Matupá,2020-10-27,747,0,8,0
Matupá,Matupá,2020-10-28,747,0,8,0
Matupá,Matupá,2020-10-29,757,10,8,0
Matupá,Matupá,2020-10-30,757,0,8,0
Matupá,Matupá,2020-10-31,757,0,8,0
Matupá,Matupá,2020-11-01,757,0,8,0
Matupá,Matupá,2020-11-02,757,0,8,0
Matupá,Matupá,2020-11-03,758,1,8,0
Matupá,Matupá,2020-11-04,760,2,8,0
Matupá,Matupá,2020-11-05,760,0,8,0
Matupá,Matupá,2020-11-06,760,0,8,0
Matupá,Matupá,2020-11-07,760,0,8,0
Matupá,Matupá,2020-11-08,760,0,8,0
Matupá,Matupá,2020-11-09,760,0,8,0
Matupá,Matupá,2020-11-10,760,0,8,0
Matupá,Matupá,2020-11-11,760,0,8,0
Matupá,Matupá,2020-11-12,768,8,8,0
Matupá,Matupá,2020-11-13,772,4,8,0
Matupá,Matupá,2020-11-14,772,0,8,0
Matupá,Matupá,2020-11-15,772,0,8,0
Matupá,Matupá,2020-11-16,772,0,8,0
Matupá,Matupá,2020-11-17,777,5,8,0
Matupá,Matupá,2020-11-18,777,0,8,0
Matupá,Matupá,2020-11-19,777,0,8,0
Matupá,Matupá,2020-11-20,778,1,8,0
Matupá,Matupá,2020-11-21,778,0,8,0
Matupá,Matupá,2020-11-22,778,0,8,0
Matupá,Matupá,2020-11-23,778,0,8,0
Matupá,Matupá,2020-11-24,784,6,8,0
Matupá,Matupá,2020-11-25,791,7,8,0
Matupá,Matupá,2020-11-26,791,0,8,0
Matupá,Matupá,2020-11-27,793,2,9,1
Matupá,Matupá,2020-11-28,793,0,9,0
Matupá,Matupá,2020-11-29,793,0,9,0
Matupá,Matupá,2020-11-30,793,0,9,0
Matupá,Matupá,2020-12-01,798,5,9,0
Matupá,Matupá,2020-12-02,798,0,9,0
Matupá,Matupá,2020-12-03,798,0,9,0
Matupá,Matupá,2020-12-04,802,4,9,0
Matupá,Matupá,2020-12-05,802,0,9,0
Matupá,Matupá,2020-12-06,802,0,9,0
Matupá,Matupá,2020-12-07,802,0,9,0
Matupá,Matupá,2020-12-08,803,1,9,0
Matupá,Matupá,2020-12-09,803,0,9,0
Matupá,Matupá,2020-12-10,803,0,9,0
Matupá,Matupá,2020-12-11,803,0,9,0
Matupá,Matupá,2020-12-12,803,0,9,0
Matupá,Matupá,2020-12-13,803,0,9,0
Matupá,Matupá,2020-12-14,805,2,9,0
Matupá,Matupá,2020-12-15,806,1,9,0
Matupá,Matupá,2020-12-16,807,1,9,0
Matupá,Matupá,2020-12-17,808,1,9,0
Matupá,Matupá,2020-12-18,808,0,9,0
Matupá,Matupá,2020-12-19,808,0,9,0
Matupá,Matupá,2020-12-20,808,0,9,0
Matupá,Matupá,2020-12-21,808,0,9,0
Matupá,Matupá,2020-12-22,808,0,9,0
Matupá,Matupá,2020-12-23,809,1,9,0
Matupá,Matupá,2020-12-24,810,1,9,0
Matupá,Matupá,2020-12-25,810,0,9,0
Matupá,Matupá,2020-12-26,810,0,9,0
Matupá,Matupá,2020-12-27,810,0,9,0
Matupá,Matupá,2020-12-28,812,2,9,0
Matupá,Matupá,2020-12-29,813,1,9,0
Matupá,Matupá,2020-12-30,813,0,9,0
Matupá,Matupá,2020-12-31,813,0,9,0
Matupá,Matupá,2021-01-01,813,0,9,0
Matupá,Matupá,2021-01-02,813,0,9,0
Matupá,Matupá,2021-01-03,813,0,9,0
Matupá,Matupá,2021-01-04,813,0,9,0
Matupá,Matupá,2021-01-05,817,4,9,0
Matupá,Matupá,2021-01-06,824,7,9,0
Matupá,Matupá,2021-01-07,824,0,9,0
Matupá,Matupá,2021-01-08,824,0,9,0
Matupá,Matupá,2021-01-09,824,0,9,0
Matupá,Matupá,2021-01-10,824,0,9,0
Matupá,Matupá,2021-01-11,833,9,9,0
Matupá,Matupá,2021-01-12,842,9,9,0
Matupá,Matupá,2021-01-13,849,7,9,0
Matupá,Matupá,2021-01-14,862,13,9,0
Matupá,Matupá,2021-01-15,869,7,9,0
Matupá,Matupá,2021-01-16,868,-1,9,0
Matupá,Matupá,2021-01-17,868,0,9,0
Matupá,Matupá,2021-01-18,873,5,9,0
Matupá,Matupá,2021-01-19,884,11,10,1
Matupá,Matupá,2021-01-20,895,11,10,0
Matupá,Matupá,2021-01-21,895,0,10,0
Matupá,Matupá,2021-01-22,913,18,9,-1
Matupá,Matupá,2021-01-23,913,0,9,0
Matupá,Matupá,2021-01-24,913,0,9,0
Matupá,Matupá,2021-01-25,918,5,9,0
Matupá,Matupá,2021-01-26,934,16,9,0
Matupá,Matupá,2021-01-27,941,7,9,0
Matupá,Matupá,2021-01-28,943,2,9,0
Matupá,Matupá,2021-01-29,954,11,9,0
Matupá,Matupá,2021-01-30,954,0,10,1
Matupá,Matupá,2021-01-31,954,0,10,0
Matupá,Matupá,2021-02-01,956,2,10,0
Matupá,Matupá,2021-02-02,971,15,10,0
Matupá,Matupá,2021-02-03,985,14,10,0
Matupá,Matupá,2021-02-04,990,5,10,0
Matupá,Matupá,2021-02-05,994,4,10,0
Matupá,Matupá,2021-02-06,994,0,10,0
Matupá,Matupá,2021-02-07,994,0,10,0
Matupá,Matupá,2021-02-08,994,0,10,0
