city,city,date,cases,daily cases,deaths,daily deaths
Miguel Alves,Miguel Alves,2020-03-27,0,0,0,0
Miguel Alves,Miguel Alves,2020-03-28,0,0,0,0
Miguel Alves,Miguel Alves,2020-03-29,0,0,0,0
Miguel Alves,Miguel Alves,2020-03-30,0,0,0,0
Miguel Alves,Miguel Alves,2020-03-31,0,0,0,0
Miguel Alves,Miguel Alves,2020-04-01,0,0,0,0
Miguel Alves,Miguel Alves,2020-04-02,0,0,0,0
Miguel Alves,Miguel Alves,2020-04-03,0,0,0,0
Miguel Alves,Miguel Alves,2020-04-04,0,0,0,0
Miguel Alves,Miguel Alves,2020-04-05,0,0,0,0
Miguel Alves,Miguel Alves,2020-04-06,0,0,0,0
Miguel Alves,Miguel Alves,2020-04-07,0,0,0,0
Miguel Alves,Miguel Alves,2020-04-08,0,0,0,0
Miguel Alves,Miguel Alves,2020-04-09,0,0,0,0
Miguel Alves,Miguel Alves,2020-04-10,0,0,0,0
Miguel Alves,Miguel Alves,2020-04-11,0,0,0,0
Miguel Alves,Miguel Alves,2020-04-12,0,0,0,0
Miguel Alves,Miguel Alves,2020-04-13,0,0,0,0
Miguel Alves,Miguel Alves,2020-04-14,0,0,0,0
Miguel Alves,Miguel Alves,2020-04-15,0,0,0,0
Miguel Alves,Miguel Alves,2020-04-16,0,0,0,0
Miguel Alves,Miguel Alves,2020-04-17,0,0,0,0
Miguel Alves,Miguel Alves,2020-04-18,0,0,0,0
Miguel Alves,Miguel Alves,2020-04-19,0,0,0,0
Miguel Alves,Miguel Alves,2020-04-20,0,0,0,0
Miguel Alves,Miguel Alves,2020-04-21,2,2,0,0
Miguel Alves,Miguel Alves,2020-04-22,2,0,0,0
Miguel Alves,Miguel Alves,2020-04-23,2,0,0,0
Miguel Alves,Miguel Alves,2020-04-24,2,0,0,0
Miguel Alves,Miguel Alves,2020-04-25,2,0,0,0
Miguel Alves,Miguel Alves,2020-04-26,2,0,0,0
Miguel Alves,Miguel Alves,2020-04-27,2,0,0,0
Miguel Alves,Miguel Alves,2020-04-28,2,0,0,0
Miguel Alves,Miguel Alves,2020-04-29,2,0,0,0
Miguel Alves,Miguel Alves,2020-04-30,4,2,0,0
Miguel Alves,Miguel Alves,2020-05-01,10,6,0,0
Miguel Alves,Miguel Alves,2020-05-02,14,4,0,0
Miguel Alves,Miguel Alves,2020-05-03,22,8,0,0
Miguel Alves,Miguel Alves,2020-05-04,18,-4,0,0
Miguel Alves,Miguel Alves,2020-05-05,24,6,0,0
Miguel Alves,Miguel Alves,2020-05-06,24,0,0,0
Miguel Alves,Miguel Alves,2020-05-07,22,-2,0,0
Miguel Alves,Miguel Alves,2020-05-08,22,0,0,0
Miguel Alves,Miguel Alves,2020-05-09,24,2,0,0
Miguel Alves,Miguel Alves,2020-05-10,24,0,0,0
Miguel Alves,Miguel Alves,2020-05-11,24,0,0,0
Miguel Alves,Miguel Alves,2020-05-12,25,1,0,0
Miguel Alves,Miguel Alves,2020-05-13,25,0,0,0
Miguel Alves,Miguel Alves,2020-05-14,26,1,0,0
Miguel Alves,Miguel Alves,2020-05-15,26,0,0,0
Miguel Alves,Miguel Alves,2020-05-16,28,2,0,0
Miguel Alves,Miguel Alves,2020-05-17,29,1,0,0
Miguel Alves,Miguel Alves,2020-05-18,29,0,0,0
Miguel Alves,Miguel Alves,2020-05-19,30,1,0,0
Miguel Alves,Miguel Alves,2020-05-20,31,1,0,0
Miguel Alves,Miguel Alves,2020-05-21,38,7,0,0
Miguel Alves,Miguel Alves,2020-05-22,38,0,0,0
Miguel Alves,Miguel Alves,2020-05-23,39,1,0,0
Miguel Alves,Miguel Alves,2020-05-24,39,0,0,0
Miguel Alves,Miguel Alves,2020-05-25,41,2,0,0
Miguel Alves,Miguel Alves,2020-05-26,42,1,0,0
Miguel Alves,Miguel Alves,2020-05-27,42,0,0,0
Miguel Alves,Miguel Alves,2020-05-28,44,2,0,0
Miguel Alves,Miguel Alves,2020-05-29,45,1,0,0
Miguel Alves,Miguel Alves,2020-05-30,45,0,0,0
Miguel Alves,Miguel Alves,2020-05-31,46,1,0,0
Miguel Alves,Miguel Alves,2020-06-01,51,5,0,0
Miguel Alves,Miguel Alves,2020-06-02,52,1,1,1
Miguel Alves,Miguel Alves,2020-06-03,52,0,1,0
Miguel Alves,Miguel Alves,2020-06-04,53,1,1,0
Miguel Alves,Miguel Alves,2020-06-05,62,9,1,0
Miguel Alves,Miguel Alves,2020-06-06,64,2,1,0
Miguel Alves,Miguel Alves,2020-06-07,83,19,1,0
Miguel Alves,Miguel Alves,2020-06-08,78,-5,1,0
Miguel Alves,Miguel Alves,2020-06-09,78,0,1,0
Miguel Alves,Miguel Alves,2020-06-10,85,7,1,0
Miguel Alves,Miguel Alves,2020-06-11,90,5,1,0
Miguel Alves,Miguel Alves,2020-06-12,106,16,1,0
Miguel Alves,Miguel Alves,2020-06-13,107,1,1,0
Miguel Alves,Miguel Alves,2020-06-14,118,11,2,1
Miguel Alves,Miguel Alves,2020-06-15,124,6,2,0
Miguel Alves,Miguel Alves,2020-06-16,127,3,2,0
Miguel Alves,Miguel Alves,2020-06-17,132,5,2,0
Miguel Alves,Miguel Alves,2020-06-18,140,8,2,0
Miguel Alves,Miguel Alves,2020-06-19,152,12,2,0
Miguel Alves,Miguel Alves,2020-06-20,158,6,3,1
Miguel Alves,Miguel Alves,2020-06-21,167,9,3,0
Miguel Alves,Miguel Alves,2020-06-22,167,0,4,1
Miguel Alves,Miguel Alves,2020-06-23,171,4,4,0
Miguel Alves,Miguel Alves,2020-06-24,171,0,4,0
Miguel Alves,Miguel Alves,2020-06-25,175,4,4,0
Miguel Alves,Miguel Alves,2020-06-26,185,10,4,0
Miguel Alves,Miguel Alves,2020-06-27,188,3,4,0
Miguel Alves,Miguel Alves,2020-06-28,209,21,5,1
Miguel Alves,Miguel Alves,2020-06-29,213,4,5,0
Miguel Alves,Miguel Alves,2020-06-30,232,19,5,0
Miguel Alves,Miguel Alves,2020-07-01,241,9,5,0
Miguel Alves,Miguel Alves,2020-07-02,246,5,5,0
Miguel Alves,Miguel Alves,2020-07-03,266,20,5,0
Miguel Alves,Miguel Alves,2020-07-04,284,18,5,0
Miguel Alves,Miguel Alves,2020-07-05,298,14,5,0
Miguel Alves,Miguel Alves,2020-07-06,300,2,5,0
Miguel Alves,Miguel Alves,2020-07-07,309,9,5,0
Miguel Alves,Miguel Alves,2020-07-08,320,11,5,0
Miguel Alves,Miguel Alves,2020-07-09,328,8,5,0
Miguel Alves,Miguel Alves,2020-07-10,345,17,5,0
Miguel Alves,Miguel Alves,2020-07-11,363,18,6,1
Miguel Alves,Miguel Alves,2020-07-12,370,7,6,0
Miguel Alves,Miguel Alves,2020-07-13,390,20,6,0
Miguel Alves,Miguel Alves,2020-07-14,408,18,6,0
Miguel Alves,Miguel Alves,2020-07-15,420,12,6,0
Miguel Alves,Miguel Alves,2020-07-16,432,12,6,0
Miguel Alves,Miguel Alves,2020-07-17,456,24,6,0
Miguel Alves,Miguel Alves,2020-07-18,486,30,6,0
Miguel Alves,Miguel Alves,2020-07-19,506,20,6,0
Miguel Alves,Miguel Alves,2020-07-20,509,3,6,0
Miguel Alves,Miguel Alves,2020-07-21,511,2,6,0
Miguel Alves,Miguel Alves,2020-07-22,521,10,7,1
Miguel Alves,Miguel Alves,2020-07-23,535,14,7,0
Miguel Alves,Miguel Alves,2020-07-24,552,17,7,0
Miguel Alves,Miguel Alves,2020-07-25,577,25,7,0
Miguel Alves,Miguel Alves,2020-07-26,585,8,8,1
Miguel Alves,Miguel Alves,2020-07-27,596,11,8,0
Miguel Alves,Miguel Alves,2020-07-28,604,8,8,0
Miguel Alves,Miguel Alves,2020-07-29,626,22,8,0
Miguel Alves,Miguel Alves,2020-07-30,629,3,8,0
Miguel Alves,Miguel Alves,2020-07-31,642,13,9,1
Miguel Alves,Miguel Alves,2020-08-01,653,11,9,0
Miguel Alves,Miguel Alves,2020-08-02,654,1,9,0
Miguel Alves,Miguel Alves,2020-08-03,667,13,9,0
Miguel Alves,Miguel Alves,2020-08-04,666,-1,10,1
Miguel Alves,Miguel Alves,2020-08-05,666,0,10,0
Miguel Alves,Miguel Alves,2020-08-06,697,31,10,0
Miguel Alves,Miguel Alves,2020-08-07,705,8,10,0
Miguel Alves,Miguel Alves,2020-08-08,712,7,10,0
Miguel Alves,Miguel Alves,2020-08-09,743,31,10,0
Miguel Alves,Miguel Alves,2020-08-10,744,1,10,0
Miguel Alves,Miguel Alves,2020-08-11,753,9,10,0
Miguel Alves,Miguel Alves,2020-08-12,768,15,10,0
Miguel Alves,Miguel Alves,2020-08-13,775,7,10,0
Miguel Alves,Miguel Alves,2020-08-14,777,2,10,0
Miguel Alves,Miguel Alves,2020-08-15,801,24,10,0
Miguel Alves,Miguel Alves,2020-08-16,813,12,10,0
Miguel Alves,Miguel Alves,2020-08-17,822,9,10,0
Miguel Alves,Miguel Alves,2020-08-18,821,-1,10,0
Miguel Alves,Miguel Alves,2020-08-19,833,12,10,0
Miguel Alves,Miguel Alves,2020-08-20,836,3,10,0
Miguel Alves,Miguel Alves,2020-08-21,857,21,10,0
Miguel Alves,Miguel Alves,2020-08-22,858,1,10,0
Miguel Alves,Miguel Alves,2020-08-23,900,42,10,0
Miguel Alves,Miguel Alves,2020-08-24,905,5,10,0
Miguel Alves,Miguel Alves,2020-08-25,910,5,11,1
Miguel Alves,Miguel Alves,2020-08-26,912,2,11,0
Miguel Alves,Miguel Alves,2020-08-27,933,21,11,0
Miguel Alves,Miguel Alves,2020-08-28,935,2,11,0
Miguel Alves,Miguel Alves,2020-08-29,949,14,11,0
Miguel Alves,Miguel Alves,2020-08-30,949,0,12,1
Miguel Alves,Miguel Alves,2020-08-31,958,9,12,0
Miguel Alves,Miguel Alves,2020-09-01,958,0,12,0
Miguel Alves,Miguel Alves,2020-09-02,960,2,12,0
Miguel Alves,Miguel Alves,2020-09-03,960,0,12,0
Miguel Alves,Miguel Alves,2020-09-04,962,2,12,0
Miguel Alves,Miguel Alves,2020-09-05,964,2,12,0
Miguel Alves,Miguel Alves,2020-09-06,977,13,12,0
Miguel Alves,Miguel Alves,2020-09-07,980,3,12,0
Miguel Alves,Miguel Alves,2020-09-08,989,9,12,0
Miguel Alves,Miguel Alves,2020-09-09,1003,14,12,0
Miguel Alves,Miguel Alves,2020-09-10,1006,3,12,0
Miguel Alves,Miguel Alves,2020-09-11,1008,2,12,0
Miguel Alves,Miguel Alves,2020-09-12,1018,10,12,0
Miguel Alves,Miguel Alves,2020-09-13,1020,2,12,0
Miguel Alves,Miguel Alves,2020-09-14,1021,1,12,0
Miguel Alves,Miguel Alves,2020-09-15,1024,3,12,0
Miguel Alves,Miguel Alves,2020-09-16,1030,6,12,0
Miguel Alves,Miguel Alves,2020-09-17,1031,1,13,1
Miguel Alves,Miguel Alves,2020-09-18,1037,6,13,0
Miguel Alves,Miguel Alves,2020-09-19,1037,0,13,0
Miguel Alves,Miguel Alves,2020-09-20,1040,3,13,0
Miguel Alves,Miguel Alves,2020-09-21,1040,0,13,0
Miguel Alves,Miguel Alves,2020-09-22,1040,0,13,0
Miguel Alves,Miguel Alves,2020-09-23,1040,0,13,0
Miguel Alves,Miguel Alves,2020-09-24,1041,1,13,0
Miguel Alves,Miguel Alves,2020-09-25,1042,1,13,0
Miguel Alves,Miguel Alves,2020-09-26,1045,3,13,0
Miguel Alves,Miguel Alves,2020-09-27,1047,2,14,1
Miguel Alves,Miguel Alves,2020-09-28,1048,1,14,0
Miguel Alves,Miguel Alves,2020-09-29,1048,0,14,0
Miguel Alves,Miguel Alves,2020-09-30,1048,0,14,0
Miguel Alves,Miguel Alves,2020-10-01,1051,3,14,0
Miguel Alves,Miguel Alves,2020-10-02,1051,0,14,0
Miguel Alves,Miguel Alves,2020-10-03,1054,3,14,0
Miguel Alves,Miguel Alves,2020-10-04,1055,1,14,0
Miguel Alves,Miguel Alves,2020-10-05,1057,2,14,0
Miguel Alves,Miguel Alves,2020-10-06,1058,1,14,0
Miguel Alves,Miguel Alves,2020-10-07,1059,1,14,0
Miguel Alves,Miguel Alves,2020-10-08,1061,2,14,0
Miguel Alves,Miguel Alves,2020-10-09,1062,1,14,0
Miguel Alves,Miguel Alves,2020-10-10,1062,0,14,0
Miguel Alves,Miguel Alves,2020-10-11,1063,1,14,0
Miguel Alves,Miguel Alves,2020-10-12,1062,-1,14,0
Miguel Alves,Miguel Alves,2020-10-13,1064,2,14,0
Miguel Alves,Miguel Alves,2020-10-14,1064,0,14,0
Miguel Alves,Miguel Alves,2020-10-15,1064,0,14,0
Miguel Alves,Miguel Alves,2020-10-16,1064,0,14,0
Miguel Alves,Miguel Alves,2020-10-17,1065,1,14,0
Miguel Alves,Miguel Alves,2020-10-18,1065,0,14,0
Miguel Alves,Miguel Alves,2020-10-19,1066,1,14,0
Miguel Alves,Miguel Alves,2020-10-20,1068,2,14,0
Miguel Alves,Miguel Alves,2020-10-21,1069,1,14,0
Miguel Alves,Miguel Alves,2020-10-22,1070,1,14,0
Miguel Alves,Miguel Alves,2020-10-23,1070,0,14,0
Miguel Alves,Miguel Alves,2020-10-24,1072,2,14,0
Miguel Alves,Miguel Alves,2020-10-25,1072,0,14,0
Miguel Alves,Miguel Alves,2020-10-26,1072,0,14,0
Miguel Alves,Miguel Alves,2020-10-27,1073,1,15,1
Miguel Alves,Miguel Alves,2020-10-28,1073,0,15,0
Miguel Alves,Miguel Alves,2020-10-29,1076,3,15,0
Miguel Alves,Miguel Alves,2020-10-30,1082,6,15,0
Miguel Alves,Miguel Alves,2020-10-31,1082,0,15,0
Miguel Alves,Miguel Alves,2020-11-01,1082,0,15,0
Miguel Alves,Miguel Alves,2020-11-02,1082,0,15,0
Miguel Alves,Miguel Alves,2020-11-03,1082,0,15,0
Miguel Alves,Miguel Alves,2020-11-04,1084,2,15,0
Miguel Alves,Miguel Alves,2020-11-05,1084,0,15,0
Miguel Alves,Miguel Alves,2020-11-06,1087,3,15,0
Miguel Alves,Miguel Alves,2020-11-07,1090,3,15,0
Miguel Alves,Miguel Alves,2020-11-08,1092,2,15,0
Miguel Alves,Miguel Alves,2020-11-09,1092,0,15,0
Miguel Alves,Miguel Alves,2020-11-10,1091,-1,15,0
Miguel Alves,Miguel Alves,2020-11-11,1092,1,15,0
Miguel Alves,Miguel Alves,2020-11-12,1095,3,15,0
Miguel Alves,Miguel Alves,2020-11-13,1097,2,15,0
Miguel Alves,Miguel Alves,2020-11-14,1099,2,15,0
Miguel Alves,Miguel Alves,2020-11-15,1099,0,15,0
Miguel Alves,Miguel Alves,2020-11-16,1099,0,15,0
Miguel Alves,Miguel Alves,2020-11-17,1099,0,15,0
Miguel Alves,Miguel Alves,2020-11-18,1100,1,15,0
Miguel Alves,Miguel Alves,2020-11-19,1100,0,15,0
Miguel Alves,Miguel Alves,2020-11-20,1101,1,15,0
Miguel Alves,Miguel Alves,2020-11-21,1101,0,15,0
Miguel Alves,Miguel Alves,2020-11-22,1102,1,15,0
Miguel Alves,Miguel Alves,2020-11-23,1103,1,15,0
Miguel Alves,Miguel Alves,2020-11-24,1104,1,15,0
Miguel Alves,Miguel Alves,2020-11-25,1104,0,15,0
Miguel Alves,Miguel Alves,2020-11-26,1105,1,15,0
Miguel Alves,Miguel Alves,2020-11-27,1106,1,15,0
Miguel Alves,Miguel Alves,2020-11-28,1106,0,15,0
Miguel Alves,Miguel Alves,2020-11-29,1107,1,15,0
Miguel Alves,Miguel Alves,2020-11-30,1107,0,15,0
Miguel Alves,Miguel Alves,2020-12-01,1107,0,15,0
Miguel Alves,Miguel Alves,2020-12-02,1109,2,15,0
Miguel Alves,Miguel Alves,2020-12-03,1109,0,15,0
Miguel Alves,Miguel Alves,2020-12-04,1109,0,15,0
Miguel Alves,Miguel Alves,2020-12-05,1109,0,15,0
Miguel Alves,Miguel Alves,2020-12-06,1109,0,15,0
Miguel Alves,Miguel Alves,2020-12-07,1111,2,15,0
Miguel Alves,Miguel Alves,2020-12-08,1111,0,15,0
Miguel Alves,Miguel Alves,2020-12-09,1111,0,15,0
Miguel Alves,Miguel Alves,2020-12-10,1111,0,15,0
Miguel Alves,Miguel Alves,2020-12-11,1115,4,15,0
Miguel Alves,Miguel Alves,2020-12-12,1115,0,15,0
Miguel Alves,Miguel Alves,2020-12-13,1115,0,15,0
Miguel Alves,Miguel Alves,2020-12-14,1115,0,15,0
Miguel Alves,Miguel Alves,2020-12-15,1115,0,15,0
Miguel Alves,Miguel Alves,2020-12-16,1116,1,15,0
Miguel Alves,Miguel Alves,2020-12-17,1118,2,16,1
Miguel Alves,Miguel Alves,2020-12-18,1120,2,16,0
Miguel Alves,Miguel Alves,2020-12-19,1120,0,17,1
Miguel Alves,Miguel Alves,2020-12-20,1120,0,17,0
Miguel Alves,Miguel Alves,2020-12-21,1120,0,17,0
Miguel Alves,Miguel Alves,2020-12-22,1120,0,17,0
Miguel Alves,Miguel Alves,2020-12-23,1120,0,17,0
Miguel Alves,Miguel Alves,2020-12-24,1121,1,17,0
Miguel Alves,Miguel Alves,2020-12-25,1121,0,17,0
Miguel Alves,Miguel Alves,2020-12-26,1122,1,17,0
Miguel Alves,Miguel Alves,2020-12-27,1122,0,17,0
Miguel Alves,Miguel Alves,2020-12-28,1122,0,17,0
Miguel Alves,Miguel Alves,2020-12-29,1123,1,17,0
Miguel Alves,Miguel Alves,2020-12-30,1123,0,17,0
Miguel Alves,Miguel Alves,2020-12-31,1124,1,17,0
Miguel Alves,Miguel Alves,2021-01-01,1124,0,17,0
Miguel Alves,Miguel Alves,2021-01-02,1124,0,17,0
Miguel Alves,Miguel Alves,2021-01-03,1125,1,17,0
Miguel Alves,Miguel Alves,2021-01-04,1125,0,17,0
Miguel Alves,Miguel Alves,2021-01-05,1125,0,17,0
Miguel Alves,Miguel Alves,2021-01-06,1127,2,17,0
Miguel Alves,Miguel Alves,2021-01-07,1127,0,17,0
Miguel Alves,Miguel Alves,2021-01-08,1128,1,17,0
Miguel Alves,Miguel Alves,2021-01-09,1129,1,17,0
Miguel Alves,Miguel Alves,2021-01-10,1129,0,17,0
Miguel Alves,Miguel Alves,2021-01-11,1129,0,17,0
Miguel Alves,Miguel Alves,2021-01-12,1129,0,17,0
Miguel Alves,Miguel Alves,2021-01-13,1135,6,17,0
Miguel Alves,Miguel Alves,2021-01-14,1136,1,17,0
Miguel Alves,Miguel Alves,2021-01-15,1136,0,17,0
Miguel Alves,Miguel Alves,2021-01-16,1143,7,17,0
Miguel Alves,Miguel Alves,2021-01-17,1144,1,17,0
Miguel Alves,Miguel Alves,2021-01-18,1144,0,17,0
Miguel Alves,Miguel Alves,2021-01-19,1146,2,17,0
Miguel Alves,Miguel Alves,2021-01-20,1147,1,17,0
Miguel Alves,Miguel Alves,2021-01-21,1147,0,17,0
Miguel Alves,Miguel Alves,2021-01-22,1147,0,17,0
Miguel Alves,Miguel Alves,2021-01-23,1147,0,17,0
Miguel Alves,Miguel Alves,2021-01-24,1147,0,17,0
Miguel Alves,Miguel Alves,2021-01-25,1147,0,17,0
Miguel Alves,Miguel Alves,2021-01-26,1148,1,17,0
Miguel Alves,Miguel Alves,2021-01-27,1149,1,17,0
Miguel Alves,Miguel Alves,2021-01-28,1150,1,17,0
Miguel Alves,Miguel Alves,2021-01-29,1150,0,17,0
Miguel Alves,Miguel Alves,2021-01-30,1153,3,17,0
Miguel Alves,Miguel Alves,2021-01-31,1153,0,17,0
Miguel Alves,Miguel Alves,2021-02-01,1156,3,17,0
Miguel Alves,Miguel Alves,2021-02-02,1156,0,18,1
Miguel Alves,Miguel Alves,2021-02-03,1156,0,18,0
Miguel Alves,Miguel Alves,2021-02-04,1158,2,19,1
Miguel Alves,Miguel Alves,2021-02-05,1163,5,19,0
Miguel Alves,Miguel Alves,2021-02-06,1164,1,19,0
Miguel Alves,Miguel Alves,2021-02-07,1164,0,19,0
Miguel Alves,Miguel Alves,2021-02-08,1166,2,19,0
