city,city,date,cases,daily cases,deaths,daily deaths
Miguel Pereira,Miguel Pereira,2020-03-27,0,0,0,0
Miguel Pereira,Miguel Pereira,2020-03-28,1,1,1,1
Miguel Pereira,Miguel Pereira,2020-03-29,1,0,1,0
Miguel Pereira,Miguel Pereira,2020-03-30,1,0,1,0
Miguel Pereira,Miguel Pereira,2020-03-31,1,0,1,0
Miguel Pereira,Miguel Pereira,2020-04-01,1,0,1,0
Miguel Pereira,Miguel Pereira,2020-04-02,1,0,1,0
Miguel Pereira,Miguel Pereira,2020-04-03,1,0,1,0
Miguel Pereira,Miguel Pereira,2020-04-04,1,0,1,0
Miguel Pereira,Miguel Pereira,2020-04-05,1,0,1,0
Miguel Pereira,Miguel Pereira,2020-04-06,1,0,1,0
Miguel Pereira,Miguel Pereira,2020-04-07,1,0,1,0
Miguel Pereira,Miguel Pereira,2020-04-08,1,0,1,0
Miguel Pereira,Miguel Pereira,2020-04-09,1,0,1,0
Miguel Pereira,Miguel Pereira,2020-04-10,2,1,1,0
Miguel Pereira,Miguel Pereira,2020-04-11,2,0,1,0
Miguel Pereira,Miguel Pereira,2020-04-12,2,0,1,0
Miguel Pereira,Miguel Pereira,2020-04-13,2,0,1,0
Miguel Pereira,Miguel Pereira,2020-04-14,2,0,1,0
Miguel Pereira,Miguel Pereira,2020-04-15,2,0,1,0
Miguel Pereira,Miguel Pereira,2020-04-16,3,1,1,0
Miguel Pereira,Miguel Pereira,2020-04-17,5,2,1,0
Miguel Pereira,Miguel Pereira,2020-04-18,5,0,1,0
Miguel Pereira,Miguel Pereira,2020-04-19,5,0,1,0
Miguel Pereira,Miguel Pereira,2020-04-20,5,0,1,0
Miguel Pereira,Miguel Pereira,2020-04-21,5,0,1,0
Miguel Pereira,Miguel Pereira,2020-04-22,5,0,1,0
Miguel Pereira,Miguel Pereira,2020-04-23,6,1,1,0
Miguel Pereira,Miguel Pereira,2020-04-24,6,0,1,0
Miguel Pereira,Miguel Pereira,2020-04-25,7,1,1,0
Miguel Pereira,Miguel Pereira,2020-04-26,7,0,1,0
Miguel Pereira,Miguel Pereira,2020-04-27,7,0,1,0
Miguel Pereira,Miguel Pereira,2020-04-28,7,0,1,0
Miguel Pereira,Miguel Pereira,2020-04-29,7,0,1,0
Miguel Pereira,Miguel Pereira,2020-04-30,8,1,1,0
Miguel Pereira,Miguel Pereira,2020-05-01,8,0,1,0
Miguel Pereira,Miguel Pereira,2020-05-02,8,0,1,0
Miguel Pereira,Miguel Pereira,2020-05-03,9,1,1,0
Miguel Pereira,Miguel Pereira,2020-05-04,9,0,1,0
Miguel Pereira,Miguel Pereira,2020-05-05,9,0,1,0
Miguel Pereira,Miguel Pereira,2020-05-06,9,0,1,0
Miguel Pereira,Miguel Pereira,2020-05-07,9,0,1,0
Miguel Pereira,Miguel Pereira,2020-05-08,9,0,1,0
Miguel Pereira,Miguel Pereira,2020-05-09,9,0,1,0
Miguel Pereira,Miguel Pereira,2020-05-10,10,1,1,0
Miguel Pereira,Miguel Pereira,2020-05-11,11,1,1,0
Miguel Pereira,Miguel Pereira,2020-05-12,11,0,1,0
Miguel Pereira,Miguel Pereira,2020-05-13,11,0,1,0
Miguel Pereira,Miguel Pereira,2020-05-14,12,1,1,0
Miguel Pereira,Miguel Pereira,2020-05-15,12,0,1,0
Miguel Pereira,Miguel Pereira,2020-05-16,12,0,1,0
Miguel Pereira,Miguel Pereira,2020-05-17,12,0,1,0
Miguel Pereira,Miguel Pereira,2020-05-18,12,0,1,0
Miguel Pereira,Miguel Pereira,2020-05-19,12,0,1,0
Miguel Pereira,Miguel Pereira,2020-05-20,12,0,1,0
Miguel Pereira,Miguel Pereira,2020-05-21,12,0,1,0
Miguel Pereira,Miguel Pereira,2020-05-22,12,0,1,0
Miguel Pereira,Miguel Pereira,2020-05-23,12,0,1,0
Miguel Pereira,Miguel Pereira,2020-05-24,12,0,1,0
Miguel Pereira,Miguel Pereira,2020-05-25,12,0,1,0
Miguel Pereira,Miguel Pereira,2020-05-26,12,0,1,0
Miguel Pereira,Miguel Pereira,2020-05-27,13,1,1,0
Miguel Pereira,Miguel Pereira,2020-05-28,13,0,1,0
Miguel Pereira,Miguel Pereira,2020-05-29,14,1,1,0
Miguel Pereira,Miguel Pereira,2020-05-30,24,10,1,0
Miguel Pereira,Miguel Pereira,2020-05-31,24,0,1,0
Miguel Pereira,Miguel Pereira,2020-06-01,24,0,1,0
Miguel Pereira,Miguel Pereira,2020-06-02,18,-6,1,0
Miguel Pereira,Miguel Pereira,2020-06-03,18,0,1,0
Miguel Pereira,Miguel Pereira,2020-06-04,20,2,1,0
Miguel Pereira,Miguel Pereira,2020-06-05,20,0,1,0
Miguel Pereira,Miguel Pereira,2020-06-06,21,1,2,1
Miguel Pereira,Miguel Pereira,2020-06-07,22,1,2,0
Miguel Pereira,Miguel Pereira,2020-06-08,22,0,2,0
Miguel Pereira,Miguel Pereira,2020-06-09,32,10,2,0
Miguel Pereira,Miguel Pereira,2020-06-10,33,1,3,1
Miguel Pereira,Miguel Pereira,2020-06-11,35,2,3,0
Miguel Pereira,Miguel Pereira,2020-06-12,36,1,3,0
Miguel Pereira,Miguel Pereira,2020-06-13,34,-2,3,0
Miguel Pereira,Miguel Pereira,2020-06-14,34,0,3,0
Miguel Pereira,Miguel Pereira,2020-06-15,35,1,3,0
Miguel Pereira,Miguel Pereira,2020-06-16,37,2,3,0
Miguel Pereira,Miguel Pereira,2020-06-17,43,6,3,0
Miguel Pereira,Miguel Pereira,2020-06-18,43,0,3,0
Miguel Pereira,Miguel Pereira,2020-06-19,65,22,3,0
Miguel Pereira,Miguel Pereira,2020-06-20,64,-1,3,0
Miguel Pereira,Miguel Pereira,2020-06-21,64,0,3,0
Miguel Pereira,Miguel Pereira,2020-06-22,71,7,3,0
Miguel Pereira,Miguel Pereira,2020-06-23,72,1,3,0
Miguel Pereira,Miguel Pereira,2020-06-24,72,0,3,0
Miguel Pereira,Miguel Pereira,2020-06-25,75,3,3,0
Miguel Pereira,Miguel Pereira,2020-06-26,84,9,6,3
Miguel Pereira,Miguel Pereira,2020-06-27,84,0,6,0
Miguel Pereira,Miguel Pereira,2020-06-28,88,4,6,0
Miguel Pereira,Miguel Pereira,2020-06-29,89,1,6,0
Miguel Pereira,Miguel Pereira,2020-06-30,90,1,6,0
Miguel Pereira,Miguel Pereira,2020-07-01,102,12,6,0
Miguel Pereira,Miguel Pereira,2020-07-02,108,6,6,0
Miguel Pereira,Miguel Pereira,2020-07-03,110,2,8,2
Miguel Pereira,Miguel Pereira,2020-07-04,111,1,8,0
Miguel Pereira,Miguel Pereira,2020-07-05,113,2,8,0
Miguel Pereira,Miguel Pereira,2020-07-06,113,0,8,0
Miguel Pereira,Miguel Pereira,2020-07-07,114,1,8,0
Miguel Pereira,Miguel Pereira,2020-07-08,114,0,8,0
Miguel Pereira,Miguel Pereira,2020-07-09,118,4,9,1
Miguel Pereira,Miguel Pereira,2020-07-10,119,1,9,0
Miguel Pereira,Miguel Pereira,2020-07-11,123,4,9,0
Miguel Pereira,Miguel Pereira,2020-07-12,123,0,9,0
Miguel Pereira,Miguel Pereira,2020-07-13,127,4,9,0
Miguel Pereira,Miguel Pereira,2020-07-14,128,1,9,0
Miguel Pereira,Miguel Pereira,2020-07-15,133,5,11,2
Miguel Pereira,Miguel Pereira,2020-07-16,132,-1,10,-1
Miguel Pereira,Miguel Pereira,2020-07-17,129,-3,10,0
Miguel Pereira,Miguel Pereira,2020-07-18,129,0,10,0
Miguel Pereira,Miguel Pereira,2020-07-19,132,3,11,1
Miguel Pereira,Miguel Pereira,2020-07-20,134,2,11,0
Miguel Pereira,Miguel Pereira,2020-07-21,184,50,12,1
Miguel Pereira,Miguel Pereira,2020-07-22,184,0,12,0
Miguel Pereira,Miguel Pereira,2020-07-23,196,12,12,0
Miguel Pereira,Miguel Pereira,2020-07-24,199,3,10,-2
Miguel Pereira,Miguel Pereira,2020-07-25,199,0,10,0
Miguel Pereira,Miguel Pereira,2020-07-26,199,0,10,0
Miguel Pereira,Miguel Pereira,2020-07-27,199,0,10,0
Miguel Pereira,Miguel Pereira,2020-07-28,200,1,10,0
Miguel Pereira,Miguel Pereira,2020-07-29,204,4,10,0
Miguel Pereira,Miguel Pereira,2020-07-30,208,4,11,1
Miguel Pereira,Miguel Pereira,2020-07-31,208,0,11,0
Miguel Pereira,Miguel Pereira,2020-08-01,210,2,11,0
Miguel Pereira,Miguel Pereira,2020-08-02,210,0,11,0
Miguel Pereira,Miguel Pereira,2020-08-03,210,0,11,0
Miguel Pereira,Miguel Pereira,2020-08-04,211,1,12,1
Miguel Pereira,Miguel Pereira,2020-08-05,213,2,12,0
Miguel Pereira,Miguel Pereira,2020-08-06,215,2,12,0
Miguel Pereira,Miguel Pereira,2020-08-07,216,1,12,0
Miguel Pereira,Miguel Pereira,2020-08-08,216,0,12,0
Miguel Pereira,Miguel Pereira,2020-08-09,216,0,12,0
Miguel Pereira,Miguel Pereira,2020-08-10,218,2,12,0
Miguel Pereira,Miguel Pereira,2020-08-11,219,1,12,0
Miguel Pereira,Miguel Pereira,2020-08-12,220,1,12,0
Miguel Pereira,Miguel Pereira,2020-08-13,220,0,12,0
Miguel Pereira,Miguel Pereira,2020-08-14,220,0,12,0
Miguel Pereira,Miguel Pereira,2020-08-15,220,0,12,0
Miguel Pereira,Miguel Pereira,2020-08-16,223,3,12,0
Miguel Pereira,Miguel Pereira,2020-08-17,223,0,12,0
Miguel Pereira,Miguel Pereira,2020-08-18,223,0,12,0
Miguel Pereira,Miguel Pereira,2020-08-19,226,3,12,0
Miguel Pereira,Miguel Pereira,2020-08-20,232,6,12,0
Miguel Pereira,Miguel Pereira,2020-08-21,232,0,12,0
Miguel Pereira,Miguel Pereira,2020-08-22,236,4,12,0
Miguel Pereira,Miguel Pereira,2020-08-23,236,0,12,0
Miguel Pereira,Miguel Pereira,2020-08-24,236,0,12,0
Miguel Pereira,Miguel Pereira,2020-08-25,237,1,12,0
Miguel Pereira,Miguel Pereira,2020-08-26,238,1,12,0
Miguel Pereira,Miguel Pereira,2020-08-27,238,0,12,0
Miguel Pereira,Miguel Pereira,2020-08-28,238,0,12,0
Miguel Pereira,Miguel Pereira,2020-08-29,239,1,12,0
Miguel Pereira,Miguel Pereira,2020-08-30,239,0,12,0
Miguel Pereira,Miguel Pereira,2020-08-31,240,1,12,0
Miguel Pereira,Miguel Pereira,2020-09-01,240,0,12,0
Miguel Pereira,Miguel Pereira,2020-09-02,241,1,12,0
Miguel Pereira,Miguel Pereira,2020-09-03,244,3,12,0
Miguel Pereira,Miguel Pereira,2020-09-04,244,0,12,0
Miguel Pereira,Miguel Pereira,2020-09-05,244,0,12,0
Miguel Pereira,Miguel Pereira,2020-09-06,244,0,12,0
Miguel Pereira,Miguel Pereira,2020-09-07,244,0,12,0
Miguel Pereira,Miguel Pereira,2020-09-08,244,0,12,0
Miguel Pereira,Miguel Pereira,2020-09-09,244,0,12,0
Miguel Pereira,Miguel Pereira,2020-09-10,244,0,12,0
Miguel Pereira,Miguel Pereira,2020-09-11,249,5,12,0
Miguel Pereira,Miguel Pereira,2020-09-12,249,0,12,0
Miguel Pereira,Miguel Pereira,2020-09-13,251,2,12,0
Miguel Pereira,Miguel Pereira,2020-09-14,251,0,12,0
Miguel Pereira,Miguel Pereira,2020-09-15,251,0,12,0
Miguel Pereira,Miguel Pereira,2020-09-16,252,1,12,0
Miguel Pereira,Miguel Pereira,2020-09-17,252,0,12,0
Miguel Pereira,Miguel Pereira,2020-09-18,261,9,12,0
Miguel Pereira,Miguel Pereira,2020-09-19,261,0,12,0
Miguel Pereira,Miguel Pereira,2020-09-20,261,0,12,0
Miguel Pereira,Miguel Pereira,2020-09-21,261,0,12,0
Miguel Pereira,Miguel Pereira,2020-09-22,262,1,12,0
Miguel Pereira,Miguel Pereira,2020-09-23,262,0,12,0
Miguel Pereira,Miguel Pereira,2020-09-24,266,4,13,1
Miguel Pereira,Miguel Pereira,2020-09-25,270,4,13,0
Miguel Pereira,Miguel Pereira,2020-09-26,270,0,13,0
Miguel Pereira,Miguel Pereira,2020-09-27,270,0,13,0
Miguel Pereira,Miguel Pereira,2020-09-28,270,0,13,0
Miguel Pereira,Miguel Pereira,2020-09-29,270,0,13,0
Miguel Pereira,Miguel Pereira,2020-09-30,270,0,13,0
Miguel Pereira,Miguel Pereira,2020-10-01,272,2,13,0
Miguel Pereira,Miguel Pereira,2020-10-02,275,3,13,0
Miguel Pereira,Miguel Pereira,2020-10-03,275,0,14,1
Miguel Pereira,Miguel Pereira,2020-10-04,275,0,14,0
Miguel Pereira,Miguel Pereira,2020-10-05,275,0,14,0
Miguel Pereira,Miguel Pereira,2020-10-06,275,0,14,0
Miguel Pereira,Miguel Pereira,2020-10-07,276,1,14,0
Miguel Pereira,Miguel Pereira,2020-10-08,279,3,14,0
Miguel Pereira,Miguel Pereira,2020-10-09,280,1,14,0
Miguel Pereira,Miguel Pereira,2020-10-10,281,1,14,0
Miguel Pereira,Miguel Pereira,2020-10-11,281,0,14,0
Miguel Pereira,Miguel Pereira,2020-10-12,281,0,14,0
Miguel Pereira,Miguel Pereira,2020-10-13,281,0,14,0
Miguel Pereira,Miguel Pereira,2020-10-14,283,2,15,1
Miguel Pereira,Miguel Pereira,2020-10-15,284,1,15,0
Miguel Pereira,Miguel Pereira,2020-10-16,286,2,16,1
Miguel Pereira,Miguel Pereira,2020-10-17,286,0,16,0
Miguel Pereira,Miguel Pereira,2020-10-18,286,0,16,0
Miguel Pereira,Miguel Pereira,2020-10-19,286,0,16,0
Miguel Pereira,Miguel Pereira,2020-10-20,288,2,16,0
Miguel Pereira,Miguel Pereira,2020-10-21,289,1,16,0
Miguel Pereira,Miguel Pereira,2020-10-22,290,1,16,0
Miguel Pereira,Miguel Pereira,2020-10-23,295,5,16,0
Miguel Pereira,Miguel Pereira,2020-10-24,297,2,16,0
Miguel Pereira,Miguel Pereira,2020-10-25,297,0,16,0
Miguel Pereira,Miguel Pereira,2020-10-26,301,4,16,0
Miguel Pereira,Miguel Pereira,2020-10-27,305,4,16,0
Miguel Pereira,Miguel Pereira,2020-10-28,305,0,16,0
Miguel Pereira,Miguel Pereira,2020-10-29,305,0,16,0
Miguel Pereira,Miguel Pereira,2020-10-30,306,1,16,0
Miguel Pereira,Miguel Pereira,2020-10-31,306,0,16,0
Miguel Pereira,Miguel Pereira,2020-11-01,306,0,16,0
Miguel Pereira,Miguel Pereira,2020-11-02,306,0,16,0
Miguel Pereira,Miguel Pereira,2020-11-03,302,-4,16,0
Miguel Pereira,Miguel Pereira,2020-11-04,302,0,16,0
Miguel Pereira,Miguel Pereira,2020-11-05,305,3,16,0
Miguel Pereira,Miguel Pereira,2020-11-06,305,0,16,0
Miguel Pereira,Miguel Pereira,2020-11-07,305,0,16,0
Miguel Pereira,Miguel Pereira,2020-11-08,313,8,16,0
Miguel Pereira,Miguel Pereira,2020-11-09,313,0,16,0
Miguel Pereira,Miguel Pereira,2020-11-10,316,3,16,0
Miguel Pereira,Miguel Pereira,2020-11-11,318,2,16,0
Miguel Pereira,Miguel Pereira,2020-11-12,319,1,16,0
Miguel Pereira,Miguel Pereira,2020-11-13,319,0,16,0
Miguel Pereira,Miguel Pereira,2020-11-14,325,6,16,0
Miguel Pereira,Miguel Pereira,2020-11-15,325,0,16,0
Miguel Pereira,Miguel Pereira,2020-11-16,327,2,16,0
Miguel Pereira,Miguel Pereira,2020-11-17,328,1,16,0
Miguel Pereira,Miguel Pereira,2020-11-18,328,0,16,0
Miguel Pereira,Miguel Pereira,2020-11-19,330,2,16,0
Miguel Pereira,Miguel Pereira,2020-11-20,333,3,16,0
Miguel Pereira,Miguel Pereira,2020-11-21,333,0,16,0
Miguel Pereira,Miguel Pereira,2020-11-22,337,4,16,0
Miguel Pereira,Miguel Pereira,2020-11-23,337,0,16,0
Miguel Pereira,Miguel Pereira,2020-11-24,346,9,16,0
Miguel Pereira,Miguel Pereira,2020-11-25,351,5,16,0
Miguel Pereira,Miguel Pereira,2020-11-26,356,5,16,0
Miguel Pereira,Miguel Pereira,2020-11-27,357,1,16,0
Miguel Pereira,Miguel Pereira,2020-11-28,358,1,16,0
Miguel Pereira,Miguel Pereira,2020-11-29,358,0,16,0
Miguel Pereira,Miguel Pereira,2020-11-30,358,0,16,0
Miguel Pereira,Miguel Pereira,2020-12-01,360,2,16,0
Miguel Pereira,Miguel Pereira,2020-12-02,377,17,16,0
Miguel Pereira,Miguel Pereira,2020-12-03,381,4,16,0
Miguel Pereira,Miguel Pereira,2020-12-04,381,0,16,0
Miguel Pereira,Miguel Pereira,2020-12-05,389,8,17,1
Miguel Pereira,Miguel Pereira,2020-12-06,396,7,17,0
Miguel Pereira,Miguel Pereira,2020-12-07,396,0,17,0
Miguel Pereira,Miguel Pereira,2020-12-08,405,9,17,0
Miguel Pereira,Miguel Pereira,2020-12-09,405,0,17,0
Miguel Pereira,Miguel Pereira,2020-12-10,421,16,17,0
Miguel Pereira,Miguel Pereira,2020-12-11,444,23,17,0
Miguel Pereira,Miguel Pereira,2020-12-12,463,19,17,0
Miguel Pereira,Miguel Pereira,2020-12-13,517,54,17,0
Miguel Pereira,Miguel Pereira,2020-12-14,517,0,17,0
Miguel Pereira,Miguel Pereira,2020-12-15,528,11,18,1
Miguel Pereira,Miguel Pereira,2020-12-16,554,26,18,0
Miguel Pereira,Miguel Pereira,2020-12-17,572,18,18,0
Miguel Pereira,Miguel Pereira,2020-12-18,580,8,19,1
Miguel Pereira,Miguel Pereira,2020-12-19,580,0,19,0
Miguel Pereira,Miguel Pereira,2020-12-20,647,67,20,1
Miguel Pereira,Miguel Pereira,2020-12-21,647,0,20,0
Miguel Pereira,Miguel Pereira,2020-12-22,661,14,20,0
Miguel Pereira,Miguel Pereira,2020-12-23,663,2,20,0
Miguel Pereira,Miguel Pereira,2020-12-24,687,24,20,0
Miguel Pereira,Miguel Pereira,2020-12-25,687,0,20,0
Miguel Pereira,Miguel Pereira,2020-12-26,696,9,20,0
Miguel Pereira,Miguel Pereira,2020-12-27,729,33,20,0
Miguel Pereira,Miguel Pereira,2020-12-28,731,2,20,0
Miguel Pereira,Miguel Pereira,2020-12-29,733,2,21,1
Miguel Pereira,Miguel Pereira,2020-12-30,735,2,23,2
Miguel Pereira,Miguel Pereira,2020-12-31,740,5,23,0
Miguel Pereira,Miguel Pereira,2021-01-01,743,3,24,1
Miguel Pereira,Miguel Pereira,2021-01-02,744,1,25,1
Miguel Pereira,Miguel Pereira,2021-01-03,744,0,25,0
Miguel Pereira,Miguel Pereira,2021-01-04,769,25,25,0
Miguel Pereira,Miguel Pereira,2021-01-05,771,2,25,0
Miguel Pereira,Miguel Pereira,2021-01-06,774,3,25,0
Miguel Pereira,Miguel Pereira,2021-01-07,885,111,25,0
Miguel Pereira,Miguel Pereira,2021-01-08,885,0,25,0
Miguel Pereira,Miguel Pereira,2021-01-09,926,41,25,0
Miguel Pereira,Miguel Pereira,2021-01-10,926,0,25,0
Miguel Pereira,Miguel Pereira,2021-01-11,955,29,25,0
Miguel Pereira,Miguel Pereira,2021-01-12,961,6,26,1
Miguel Pereira,Miguel Pereira,2021-01-13,973,12,26,0
Miguel Pereira,Miguel Pereira,2021-01-14,989,16,26,0
Miguel Pereira,Miguel Pereira,2021-01-15,999,10,26,0
Miguel Pereira,Miguel Pereira,2021-01-16,1013,14,26,0
Miguel Pereira,Miguel Pereira,2021-01-17,1030,17,26,0
Miguel Pereira,Miguel Pereira,2021-01-18,1030,0,26,0
Miguel Pereira,Miguel Pereira,2021-01-19,1031,1,26,0
Miguel Pereira,Miguel Pereira,2021-01-20,1033,2,26,0
Miguel Pereira,Miguel Pereira,2021-01-21,1038,5,26,0
Miguel Pereira,Miguel Pereira,2021-01-22,1038,0,26,0
Miguel Pereira,Miguel Pereira,2021-01-23,1042,4,26,0
Miguel Pereira,Miguel Pereira,2021-01-24,1049,7,26,0
Miguel Pereira,Miguel Pereira,2021-01-25,1049,0,26,0
Miguel Pereira,Miguel Pereira,2021-01-26,1049,0,26,0
Miguel Pereira,Miguel Pereira,2021-01-27,1050,1,26,0
Miguel Pereira,Miguel Pereira,2021-01-28,1064,14,26,0
Miguel Pereira,Miguel Pereira,2021-01-29,1090,26,27,1
Miguel Pereira,Miguel Pereira,2021-01-30,1092,2,27,0
Miguel Pereira,Miguel Pereira,2021-01-31,1092,0,27,0
Miguel Pereira,Miguel Pereira,2021-02-01,1100,8,28,1
Miguel Pereira,Miguel Pereira,2021-02-02,1101,1,28,0
Miguel Pereira,Miguel Pereira,2021-02-03,1115,14,29,1
Miguel Pereira,Miguel Pereira,2021-02-04,1117,2,29,0
Miguel Pereira,Miguel Pereira,2021-02-05,1121,4,29,0
Miguel Pereira,Miguel Pereira,2021-02-06,1126,5,29,0
Miguel Pereira,Miguel Pereira,2021-02-07,1126,0,29,0
Miguel Pereira,Miguel Pereira,2021-02-08,1133,7,29,0
