city,city,date,cases,daily cases,deaths,daily deaths
Miracatu,Miracatu,2020-03-27,0,0,0,0
Miracatu,Miracatu,2020-03-28,0,0,0,0
Miracatu,Miracatu,2020-03-29,0,0,0,0
Miracatu,Miracatu,2020-03-30,0,0,0,0
Miracatu,Miracatu,2020-03-31,0,0,0,0
Miracatu,Miracatu,2020-04-01,0,0,0,0
Miracatu,Miracatu,2020-04-02,0,0,0,0
Miracatu,Miracatu,2020-04-03,0,0,0,0
Miracatu,Miracatu,2020-04-04,0,0,0,0
Miracatu,Miracatu,2020-04-05,0,0,0,0
Miracatu,Miracatu,2020-04-06,0,0,0,0
Miracatu,Miracatu,2020-04-07,0,0,0,0
Miracatu,Miracatu,2020-04-08,0,0,0,0
Miracatu,Miracatu,2020-04-09,0,0,0,0
Miracatu,Miracatu,2020-04-10,0,0,0,0
Miracatu,Miracatu,2020-04-11,0,0,0,0
Miracatu,Miracatu,2020-04-12,0,0,0,0
Miracatu,Miracatu,2020-04-13,0,0,0,0
Miracatu,Miracatu,2020-04-14,0,0,0,0
Miracatu,Miracatu,2020-04-15,0,0,0,0
Miracatu,Miracatu,2020-04-16,0,0,0,0
Miracatu,Miracatu,2020-04-17,0,0,0,0
Miracatu,Miracatu,2020-04-18,0,0,0,0
Miracatu,Miracatu,2020-04-19,0,0,0,0
Miracatu,Miracatu,2020-04-20,0,0,0,0
Miracatu,Miracatu,2020-04-21,0,0,0,0
Miracatu,Miracatu,2020-04-22,0,0,0,0
Miracatu,Miracatu,2020-04-23,2,2,0,0
Miracatu,Miracatu,2020-04-24,2,0,0,0
Miracatu,Miracatu,2020-04-25,3,1,2,2
Miracatu,Miracatu,2020-04-26,3,0,2,0
Miracatu,Miracatu,2020-04-27,4,1,2,0
Miracatu,Miracatu,2020-04-28,4,0,2,0
Miracatu,Miracatu,2020-04-29,4,0,2,0
Miracatu,Miracatu,2020-04-30,4,0,2,0
Miracatu,Miracatu,2020-05-01,5,1,2,0
Miracatu,Miracatu,2020-05-02,5,0,2,0
Miracatu,Miracatu,2020-05-03,5,0,2,0
Miracatu,Miracatu,2020-05-04,5,0,2,0
Miracatu,Miracatu,2020-05-05,5,0,2,0
Miracatu,Miracatu,2020-05-06,6,1,2,0
Miracatu,Miracatu,2020-05-07,6,0,2,0
Miracatu,Miracatu,2020-05-08,12,6,2,0
Miracatu,Miracatu,2020-05-09,13,1,2,0
Miracatu,Miracatu,2020-05-10,14,1,2,0
Miracatu,Miracatu,2020-05-11,14,0,2,0
Miracatu,Miracatu,2020-05-12,14,0,2,0
Miracatu,Miracatu,2020-05-13,14,0,2,0
Miracatu,Miracatu,2020-05-14,18,4,2,0
Miracatu,Miracatu,2020-05-15,18,0,2,0
Miracatu,Miracatu,2020-05-16,18,0,2,0
Miracatu,Miracatu,2020-05-17,18,0,2,0
Miracatu,Miracatu,2020-05-18,18,0,2,0
Miracatu,Miracatu,2020-05-19,19,1,2,0
Miracatu,Miracatu,2020-05-20,19,0,2,0
Miracatu,Miracatu,2020-05-21,24,5,2,0
Miracatu,Miracatu,2020-05-22,24,0,3,1
Miracatu,Miracatu,2020-05-23,24,0,3,0
Miracatu,Miracatu,2020-05-24,27,3,3,0
Miracatu,Miracatu,2020-05-25,27,0,3,0
Miracatu,Miracatu,2020-05-26,27,0,3,0
Miracatu,Miracatu,2020-05-27,28,1,4,1
Miracatu,Miracatu,2020-05-28,33,5,4,0
Miracatu,Miracatu,2020-05-29,33,0,4,0
Miracatu,Miracatu,2020-05-30,33,0,4,0
Miracatu,Miracatu,2020-05-31,38,5,4,0
Miracatu,Miracatu,2020-06-01,43,5,4,0
Miracatu,Miracatu,2020-06-02,43,0,4,0
Miracatu,Miracatu,2020-06-03,44,1,4,0
Miracatu,Miracatu,2020-06-04,47,3,4,0
Miracatu,Miracatu,2020-06-05,47,0,4,0
Miracatu,Miracatu,2020-06-06,47,0,4,0
Miracatu,Miracatu,2020-06-07,48,1,4,0
Miracatu,Miracatu,2020-06-08,48,0,4,0
Miracatu,Miracatu,2020-06-09,52,4,5,1
Miracatu,Miracatu,2020-06-10,53,1,5,0
Miracatu,Miracatu,2020-06-11,53,0,5,0
Miracatu,Miracatu,2020-06-12,53,0,5,0
Miracatu,Miracatu,2020-06-13,54,1,5,0
Miracatu,Miracatu,2020-06-14,63,9,5,0
Miracatu,Miracatu,2020-06-15,64,1,6,1
Miracatu,Miracatu,2020-06-16,65,1,7,1
Miracatu,Miracatu,2020-06-17,66,1,7,0
Miracatu,Miracatu,2020-06-18,66,0,7,0
Miracatu,Miracatu,2020-06-19,84,18,7,0
Miracatu,Miracatu,2020-06-20,86,2,6,-1
Miracatu,Miracatu,2020-06-21,87,1,6,0
Miracatu,Miracatu,2020-06-22,87,0,6,0
Miracatu,Miracatu,2020-06-23,92,5,6,0
Miracatu,Miracatu,2020-06-24,92,0,6,0
Miracatu,Miracatu,2020-06-25,95,3,7,1
Miracatu,Miracatu,2020-06-26,99,4,7,0
Miracatu,Miracatu,2020-06-27,103,4,7,0
Miracatu,Miracatu,2020-06-28,114,11,7,0
Miracatu,Miracatu,2020-06-29,114,0,7,0
Miracatu,Miracatu,2020-06-30,117,3,7,0
Miracatu,Miracatu,2020-07-01,123,6,7,0
Miracatu,Miracatu,2020-07-02,123,0,7,0
Miracatu,Miracatu,2020-07-03,125,2,7,0
Miracatu,Miracatu,2020-07-04,125,0,7,0
Miracatu,Miracatu,2020-07-05,125,0,7,0
Miracatu,Miracatu,2020-07-06,126,1,7,0
Miracatu,Miracatu,2020-07-07,129,3,7,0
Miracatu,Miracatu,2020-07-08,132,3,7,0
Miracatu,Miracatu,2020-07-09,132,0,7,0
Miracatu,Miracatu,2020-07-10,134,2,7,0
Miracatu,Miracatu,2020-07-11,136,2,7,0
Miracatu,Miracatu,2020-07-12,136,0,7,0
Miracatu,Miracatu,2020-07-13,138,2,7,0
Miracatu,Miracatu,2020-07-14,142,4,9,2
Miracatu,Miracatu,2020-07-15,144,2,10,1
Miracatu,Miracatu,2020-07-16,146,2,11,1
Miracatu,Miracatu,2020-07-17,146,0,11,0
Miracatu,Miracatu,2020-07-18,149,3,11,0
Miracatu,Miracatu,2020-07-19,149,0,11,0
Miracatu,Miracatu,2020-07-20,149,0,11,0
Miracatu,Miracatu,2020-07-21,149,0,11,0
Miracatu,Miracatu,2020-07-22,152,3,11,0
Miracatu,Miracatu,2020-07-23,160,8,11,0
Miracatu,Miracatu,2020-07-24,162,2,11,0
Miracatu,Miracatu,2020-07-25,169,7,11,0
Miracatu,Miracatu,2020-07-26,169,0,11,0
Miracatu,Miracatu,2020-07-27,169,0,11,0
Miracatu,Miracatu,2020-07-28,169,0,11,0
Miracatu,Miracatu,2020-07-29,185,16,11,0
Miracatu,Miracatu,2020-07-30,197,12,12,1
Miracatu,Miracatu,2020-07-31,197,0,12,0
Miracatu,Miracatu,2020-08-01,199,2,12,0
Miracatu,Miracatu,2020-08-02,199,0,12,0
Miracatu,Miracatu,2020-08-03,199,0,12,0
Miracatu,Miracatu,2020-08-04,213,14,13,1
Miracatu,Miracatu,2020-08-05,215,2,13,0
Miracatu,Miracatu,2020-08-06,217,2,13,0
Miracatu,Miracatu,2020-08-07,220,3,13,0
Miracatu,Miracatu,2020-08-08,226,6,13,0
Miracatu,Miracatu,2020-08-09,226,0,13,0
Miracatu,Miracatu,2020-08-10,226,0,13,0
Miracatu,Miracatu,2020-08-11,231,5,13,0
Miracatu,Miracatu,2020-08-12,233,2,13,0
Miracatu,Miracatu,2020-08-13,233,0,13,0
Miracatu,Miracatu,2020-08-14,239,6,13,0
Miracatu,Miracatu,2020-08-15,241,2,13,0
Miracatu,Miracatu,2020-08-16,241,0,13,0
Miracatu,Miracatu,2020-08-17,241,0,13,0
Miracatu,Miracatu,2020-08-18,241,0,13,0
Miracatu,Miracatu,2020-08-19,247,6,13,0
Miracatu,Miracatu,2020-08-20,250,3,13,0
Miracatu,Miracatu,2020-08-21,251,1,13,0
Miracatu,Miracatu,2020-08-22,252,1,13,0
Miracatu,Miracatu,2020-08-23,252,0,13,0
Miracatu,Miracatu,2020-08-24,252,0,13,0
Miracatu,Miracatu,2020-08-25,258,6,13,0
Miracatu,Miracatu,2020-08-26,262,4,13,0
Miracatu,Miracatu,2020-08-27,262,0,13,0
Miracatu,Miracatu,2020-08-28,263,1,13,0
Miracatu,Miracatu,2020-08-29,267,4,13,0
Miracatu,Miracatu,2020-08-30,267,0,13,0
Miracatu,Miracatu,2020-08-31,267,0,13,0
Miracatu,Miracatu,2020-09-01,267,0,13,0
Miracatu,Miracatu,2020-09-02,268,1,13,0
Miracatu,Miracatu,2020-09-03,268,0,13,0
Miracatu,Miracatu,2020-09-04,269,1,13,0
Miracatu,Miracatu,2020-09-05,270,1,13,0
Miracatu,Miracatu,2020-09-06,270,0,13,0
Miracatu,Miracatu,2020-09-07,271,1,13,0
Miracatu,Miracatu,2020-09-08,271,0,13,0
Miracatu,Miracatu,2020-09-09,273,2,14,1
Miracatu,Miracatu,2020-09-10,273,0,14,0
Miracatu,Miracatu,2020-09-11,276,3,14,0
Miracatu,Miracatu,2020-09-12,276,0,14,0
Miracatu,Miracatu,2020-09-13,276,0,14,0
Miracatu,Miracatu,2020-09-14,276,0,14,0
Miracatu,Miracatu,2020-09-15,282,6,15,1
Miracatu,Miracatu,2020-09-16,282,0,15,0
Miracatu,Miracatu,2020-09-17,282,0,15,0
Miracatu,Miracatu,2020-09-18,283,1,15,0
Miracatu,Miracatu,2020-09-19,285,2,15,0
Miracatu,Miracatu,2020-09-20,285,0,15,0
Miracatu,Miracatu,2020-09-21,285,0,15,0
Miracatu,Miracatu,2020-09-22,290,5,15,0
Miracatu,Miracatu,2020-09-23,290,0,15,0
Miracatu,Miracatu,2020-09-24,290,0,15,0
Miracatu,Miracatu,2020-09-25,292,2,15,0
Miracatu,Miracatu,2020-09-26,294,2,15,0
Miracatu,Miracatu,2020-09-27,294,0,15,0
Miracatu,Miracatu,2020-09-28,294,0,15,0
Miracatu,Miracatu,2020-09-29,295,1,15,0
Miracatu,Miracatu,2020-09-30,295,0,15,0
Miracatu,Miracatu,2020-10-01,295,0,15,0
Miracatu,Miracatu,2020-10-02,299,4,15,0
Miracatu,Miracatu,2020-10-03,299,0,15,0
Miracatu,Miracatu,2020-10-04,299,0,15,0
Miracatu,Miracatu,2020-10-05,299,0,15,0
Miracatu,Miracatu,2020-10-06,305,6,15,0
Miracatu,Miracatu,2020-10-07,306,1,15,0
Miracatu,Miracatu,2020-10-08,306,0,15,0
Miracatu,Miracatu,2020-10-09,307,1,15,0
Miracatu,Miracatu,2020-10-10,307,0,15,0
Miracatu,Miracatu,2020-10-11,307,0,15,0
Miracatu,Miracatu,2020-10-12,307,0,15,0
Miracatu,Miracatu,2020-10-13,307,0,15,0
Miracatu,Miracatu,2020-10-14,311,4,16,1
Miracatu,Miracatu,2020-10-15,310,-1,16,0
Miracatu,Miracatu,2020-10-16,310,0,16,0
Miracatu,Miracatu,2020-10-17,310,0,16,0
Miracatu,Miracatu,2020-10-18,310,0,16,0
Miracatu,Miracatu,2020-10-19,310,0,16,0
Miracatu,Miracatu,2020-10-20,315,5,17,1
Miracatu,Miracatu,2020-10-21,319,4,17,0
Miracatu,Miracatu,2020-10-22,320,1,17,0
Miracatu,Miracatu,2020-10-23,322,2,17,0
Miracatu,Miracatu,2020-10-24,326,4,17,0
Miracatu,Miracatu,2020-10-25,326,0,17,0
Miracatu,Miracatu,2020-10-26,326,0,17,0
Miracatu,Miracatu,2020-10-27,326,0,17,0
Miracatu,Miracatu,2020-10-28,330,4,17,0
Miracatu,Miracatu,2020-10-29,333,3,17,0
Miracatu,Miracatu,2020-10-30,334,1,17,0
Miracatu,Miracatu,2020-10-31,334,0,17,0
Miracatu,Miracatu,2020-11-01,333,-1,17,0
Miracatu,Miracatu,2020-11-02,333,0,17,0
Miracatu,Miracatu,2020-11-03,333,0,17,0
Miracatu,Miracatu,2020-11-04,334,1,17,0
Miracatu,Miracatu,2020-11-05,334,0,17,0
Miracatu,Miracatu,2020-11-06,334,0,17,0
Miracatu,Miracatu,2020-11-07,334,0,17,0
Miracatu,Miracatu,2020-11-08,334,0,17,0
Miracatu,Miracatu,2020-11-09,334,0,17,0
Miracatu,Miracatu,2020-11-10,334,0,17,0
Miracatu,Miracatu,2020-11-11,362,28,17,0
Miracatu,Miracatu,2020-11-12,361,-1,17,0
Miracatu,Miracatu,2020-11-13,363,2,17,0
Miracatu,Miracatu,2020-11-14,364,1,17,0
Miracatu,Miracatu,2020-11-15,364,0,17,0
Miracatu,Miracatu,2020-11-16,364,0,17,0
Miracatu,Miracatu,2020-11-17,375,11,17,0
Miracatu,Miracatu,2020-11-18,376,1,17,0
Miracatu,Miracatu,2020-11-19,376,0,17,0
Miracatu,Miracatu,2020-11-20,380,4,17,0
Miracatu,Miracatu,2020-11-21,383,3,17,0
Miracatu,Miracatu,2020-11-22,383,0,17,0
Miracatu,Miracatu,2020-11-23,383,0,17,0
Miracatu,Miracatu,2020-11-24,388,5,17,0
Miracatu,Miracatu,2020-11-25,388,0,17,0
Miracatu,Miracatu,2020-11-26,402,14,17,0
Miracatu,Miracatu,2020-11-27,404,2,17,0
Miracatu,Miracatu,2020-11-28,407,3,17,0
Miracatu,Miracatu,2020-11-29,407,0,17,0
Miracatu,Miracatu,2020-11-30,407,0,17,0
Miracatu,Miracatu,2020-12-01,409,2,17,0
Miracatu,Miracatu,2020-12-02,410,1,17,0
Miracatu,Miracatu,2020-12-03,424,14,17,0
Miracatu,Miracatu,2020-12-04,425,1,17,0
Miracatu,Miracatu,2020-12-05,432,7,17,0
Miracatu,Miracatu,2020-12-06,432,0,17,0
Miracatu,Miracatu,2020-12-07,432,0,17,0
Miracatu,Miracatu,2020-12-08,436,4,17,0
Miracatu,Miracatu,2020-12-09,450,14,17,0
Miracatu,Miracatu,2020-12-10,459,9,18,1
Miracatu,Miracatu,2020-12-11,459,0,18,0
Miracatu,Miracatu,2020-12-12,471,12,18,0
Miracatu,Miracatu,2020-12-13,471,0,18,0
Miracatu,Miracatu,2020-12-14,471,0,18,0
Miracatu,Miracatu,2020-12-15,471,0,20,2
Miracatu,Miracatu,2020-12-16,471,0,20,0
Miracatu,Miracatu,2020-12-17,475,4,20,0
Miracatu,Miracatu,2020-12-18,506,31,20,0
Miracatu,Miracatu,2020-12-19,514,8,20,0
Miracatu,Miracatu,2020-12-20,514,0,20,0
Miracatu,Miracatu,2020-12-21,521,7,20,0
Miracatu,Miracatu,2020-12-22,522,1,20,0
Miracatu,Miracatu,2020-12-23,524,2,20,0
Miracatu,Miracatu,2020-12-24,525,1,20,0
Miracatu,Miracatu,2020-12-25,525,0,20,0
Miracatu,Miracatu,2020-12-26,525,0,20,0
Miracatu,Miracatu,2020-12-27,525,0,20,0
Miracatu,Miracatu,2020-12-28,525,0,20,0
Miracatu,Miracatu,2020-12-29,528,3,20,0
Miracatu,Miracatu,2020-12-30,537,9,21,1
Miracatu,Miracatu,2020-12-31,537,0,21,0
Miracatu,Miracatu,2021-01-01,537,0,21,0
Miracatu,Miracatu,2021-01-02,537,0,21,0
Miracatu,Miracatu,2021-01-03,540,3,21,0
Miracatu,Miracatu,2021-01-04,540,0,21,0
Miracatu,Miracatu,2021-01-05,558,18,22,1
Miracatu,Miracatu,2021-01-06,596,38,22,0
Miracatu,Miracatu,2021-01-07,639,43,22,0
Miracatu,Miracatu,2021-01-08,676,37,22,0
Miracatu,Miracatu,2021-01-09,675,-1,22,0
Miracatu,Miracatu,2021-01-10,675,0,22,0
Miracatu,Miracatu,2021-01-11,689,14,22,0
Miracatu,Miracatu,2021-01-12,694,5,23,1
Miracatu,Miracatu,2021-01-13,697,3,23,0
Miracatu,Miracatu,2021-01-14,699,2,23,0
Miracatu,Miracatu,2021-01-15,716,17,23,0
Miracatu,Miracatu,2021-01-16,726,10,24,1
Miracatu,Miracatu,2021-01-17,726,0,24,0
Miracatu,Miracatu,2021-01-18,727,1,24,0
Miracatu,Miracatu,2021-01-19,740,13,25,1
Miracatu,Miracatu,2021-01-20,745,5,25,0
Miracatu,Miracatu,2021-01-21,749,4,25,0
Miracatu,Miracatu,2021-01-22,749,0,25,0
Miracatu,Miracatu,2021-01-23,765,16,25,0
Miracatu,Miracatu,2021-01-24,765,0,25,0
Miracatu,Miracatu,2021-01-25,765,0,25,0
Miracatu,Miracatu,2021-01-26,772,7,25,0
Miracatu,Miracatu,2021-01-27,780,8,25,0
Miracatu,Miracatu,2021-01-28,789,9,27,2
Miracatu,Miracatu,2021-01-29,798,9,27,0
Miracatu,Miracatu,2021-01-30,797,-1,27,0
Miracatu,Miracatu,2021-01-31,797,0,27,0
Miracatu,Miracatu,2021-02-01,797,0,27,0
Miracatu,Miracatu,2021-02-02,805,8,27,0
Miracatu,Miracatu,2021-02-03,804,-1,27,0
Miracatu,Miracatu,2021-02-04,812,8,27,0
Miracatu,Miracatu,2021-02-05,817,5,27,0
Miracatu,Miracatu,2021-02-06,818,1,27,0
Miracatu,Miracatu,2021-02-07,827,9,27,0
Miracatu,Miracatu,2021-02-08,851,24,27,0
