city,date,cases,daily cases,deaths,daily deaths,daily cases moving average,daily deaths moving average
Miracema,2020-03-27,0,0,0,0,,
Miracema,2020-03-28,0,0,0,0,,
Miracema,2020-03-29,0,0,0,0,,
Miracema,2020-03-30,0,0,0,0,,
Miracema,2020-03-31,0,0,0,0,,
Miracema,2020-04-01,0,0,0,0,,
Miracema,2020-04-02,0,0,0,0,0.0,0.0
Miracema,2020-04-03,0,0,0,0,0.0,0.0
Miracema,2020-04-04,0,0,0,0,0.0,0.0
Miracema,2020-04-05,0,0,0,0,0.0,0.0
Miracema,2020-04-06,0,0,0,0,0.0,0.0
Miracema,2020-04-07,0,0,0,0,0.0,0.0
Miracema,2020-04-08,0,0,0,0,0.0,0.0
Miracema,2020-04-09,0,0,0,0,0.0,0.0
Miracema,2020-04-10,0,0,0,0,0.0,0.0
Miracema,2020-04-11,0,0,0,0,0.0,0.0
Miracema,2020-04-12,0,0,0,0,0.0,0.0
Miracema,2020-04-13,0,0,0,0,0.0,0.0
Miracema,2020-04-14,0,0,0,0,0.0,0.0
Miracema,2020-04-15,0,0,0,0,0.0,0.0
Miracema,2020-04-16,0,0,0,0,0.0,0.0
Miracema,2020-04-17,0,0,0,0,0.0,0.0
Miracema,2020-04-18,0,0,0,0,0.0,0.0
Miracema,2020-04-19,0,0,0,0,0.0,0.0
Miracema,2020-04-20,0,0,0,0,0.0,0.0
Miracema,2020-04-21,0,0,0,0,0.0,0.0
Miracema,2020-04-22,0,0,0,0,0.0,0.0
Miracema,2020-04-23,0,0,0,0,0.0,0.0
Miracema,2020-04-24,0,0,0,0,0.0,0.0
Miracema,2020-04-25,0,0,0,0,0.0,0.0
Miracema,2020-04-26,0,0,0,0,0.0,0.0
Miracema,2020-04-27,0,0,0,0,0.0,0.0
Miracema,2020-04-28,0,0,0,0,0.0,0.0
Miracema,2020-04-29,0,0,0,0,0.0,0.0
Miracema,2020-04-30,1,1,0,0,0.14285714285714285,0.0
Miracema,2020-05-01,1,0,0,0,0.14285714285714285,0.0
Miracema,2020-05-02,1,0,0,0,0.14285714285714285,0.0
Miracema,2020-05-03,1,0,0,0,0.14285714285714285,0.0
Miracema,2020-05-04,1,0,0,0,0.14285714285714285,0.0
Miracema,2020-05-05,1,0,0,0,0.14285714285714285,0.0
Miracema,2020-05-06,2,1,0,0,0.2857142857142857,0.0
Miracema,2020-05-07,2,0,0,0,0.14285714285714285,0.0
Miracema,2020-05-08,6,4,0,0,0.7142857142857143,0.0
Miracema,2020-05-09,6,0,0,0,0.7142857142857143,0.0
Miracema,2020-05-10,6,0,0,0,0.7142857142857143,0.0
Miracema,2020-05-11,6,0,0,0,0.7142857142857143,0.0
Miracema,2020-05-12,5,-1,0,0,0.5714285714285714,0.0
Miracema,2020-05-13,5,0,0,0,0.42857142857142855,0.0
Miracema,2020-05-14,5,0,0,0,0.42857142857142855,0.0
Miracema,2020-05-15,5,0,0,0,-0.14285714285714285,0.0
Miracema,2020-05-16,5,0,0,0,-0.14285714285714285,0.0
Miracema,2020-05-17,5,0,0,0,-0.14285714285714285,0.0
Miracema,2020-05-18,14,9,0,0,1.1428571428571428,0.0
Miracema,2020-05-19,14,0,0,0,1.2857142857142858,0.0
Miracema,2020-05-20,14,0,0,0,1.2857142857142858,0.0
Miracema,2020-05-21,14,0,0,0,1.2857142857142858,0.0
Miracema,2020-05-22,14,0,0,0,1.2857142857142858,0.0
Miracema,2020-05-23,14,0,0,0,1.2857142857142858,0.0
Miracema,2020-05-24,18,4,0,0,1.8571428571428572,0.0
Miracema,2020-05-25,18,0,0,0,0.5714285714285714,0.0
Miracema,2020-05-26,19,1,0,0,0.7142857142857143,0.0
Miracema,2020-05-27,22,3,0,0,1.1428571428571428,0.0
Miracema,2020-05-28,22,0,0,0,1.1428571428571428,0.0
Miracema,2020-05-29,22,0,0,0,1.1428571428571428,0.0
Miracema,2020-05-30,25,3,0,0,1.5714285714285714,0.0
Miracema,2020-05-31,25,0,0,0,1.0,0.0
Miracema,2020-06-01,25,0,0,0,1.0,0.0
Miracema,2020-06-02,27,2,0,0,1.1428571428571428,0.0
Miracema,2020-06-03,27,0,0,0,0.7142857142857143,0.0
Miracema,2020-06-04,27,0,0,0,0.7142857142857143,0.0
Miracema,2020-06-05,27,0,0,0,0.7142857142857143,0.0
Miracema,2020-06-06,27,0,0,0,0.2857142857142857,0.0
Miracema,2020-06-07,42,15,0,0,2.4285714285714284,0.0
Miracema,2020-06-08,44,2,0,0,2.7142857142857144,0.0
Miracema,2020-06-09,47,3,0,0,2.857142857142857,0.0
Miracema,2020-06-10,51,4,0,0,3.4285714285714284,0.0
Miracema,2020-06-11,51,0,0,0,3.4285714285714284,0.0
Miracema,2020-06-12,62,11,0,0,5.0,0.0
Miracema,2020-06-13,62,0,0,0,5.0,0.0
Miracema,2020-06-14,63,1,0,0,3.0,0.0
Miracema,2020-06-15,63,0,0,0,2.7142857142857144,0.0
Miracema,2020-06-16,69,6,0,0,3.142857142857143,0.0
Miracema,2020-06-17,74,5,0,0,3.2857142857142856,0.0
Miracema,2020-06-18,74,0,0,0,3.2857142857142856,0.0
Miracema,2020-06-19,82,8,0,0,2.857142857142857,0.0
Miracema,2020-06-20,88,6,0,0,3.7142857142857144,0.0
Miracema,2020-06-21,88,0,0,0,3.5714285714285716,0.0
Miracema,2020-06-22,97,9,0,0,4.857142857142857,0.0
Miracema,2020-06-23,105,8,0,0,5.142857142857143,0.0
Miracema,2020-06-24,111,6,0,0,5.285714285714286,0.0
Miracema,2020-06-25,116,5,0,0,6.0,0.0
Miracema,2020-06-26,117,1,0,0,5.0,0.0
Miracema,2020-06-27,117,0,0,0,4.142857142857143,0.0
Miracema,2020-06-28,123,6,0,0,5.0,0.0
Miracema,2020-06-29,123,0,0,0,3.7142857142857144,0.0
Miracema,2020-06-30,123,0,0,0,2.5714285714285716,0.0
Miracema,2020-07-01,133,10,0,0,3.142857142857143,0.0
Miracema,2020-07-02,141,8,0,0,3.5714285714285716,0.0
Miracema,2020-07-03,143,2,0,0,3.7142857142857144,0.0
Miracema,2020-07-04,147,4,0,0,4.285714285714286,0.0
Miracema,2020-07-05,147,0,0,0,3.4285714285714284,0.0
Miracema,2020-07-06,147,0,0,0,3.4285714285714284,0.0
Miracema,2020-07-07,154,7,0,0,4.428571428571429,0.0
Miracema,2020-07-08,161,7,0,0,4.0,0.0
Miracema,2020-07-09,171,10,0,0,4.285714285714286,0.0
Miracema,2020-07-10,171,0,0,0,4.0,0.0
Miracema,2020-07-11,171,0,0,0,3.4285714285714284,0.0
Miracema,2020-07-12,171,0,0,0,3.4285714285714284,0.0
Miracema,2020-07-13,178,7,0,0,4.428571428571429,0.0
Miracema,2020-07-14,179,1,1,1,3.5714285714285716,0.14285714285714285
Miracema,2020-07-15,179,0,1,0,2.5714285714285716,0.14285714285714285
Miracema,2020-07-16,179,0,1,0,1.1428571428571428,0.14285714285714285
Miracema,2020-07-17,185,6,1,0,2.0,0.14285714285714285
Miracema,2020-07-18,185,0,1,0,2.0,0.14285714285714285
Miracema,2020-07-19,209,24,1,0,5.428571428571429,0.14285714285714285
Miracema,2020-07-20,225,16,1,0,6.714285714285714,0.14285714285714285
Miracema,2020-07-21,210,-15,3,2,4.428571428571429,0.2857142857142857
Miracema,2020-07-22,214,4,3,0,5.0,0.2857142857142857
Miracema,2020-07-23,227,13,3,0,6.857142857142857,0.2857142857142857
Miracema,2020-07-24,233,6,3,0,6.857142857142857,0.2857142857142857
Miracema,2020-07-25,233,0,3,0,6.857142857142857,0.2857142857142857
Miracema,2020-07-26,233,0,3,0,3.4285714285714284,0.2857142857142857
Miracema,2020-07-27,233,0,3,0,1.1428571428571428,0.2857142857142857
Miracema,2020-07-28,238,5,3,0,4.0,0.0
Miracema,2020-07-29,242,4,3,0,4.0,0.0
Miracema,2020-07-30,242,0,3,0,2.142857142857143,0.0
Miracema,2020-07-31,242,0,3,0,1.2857142857142858,0.0
Miracema,2020-08-01,251,9,3,0,2.5714285714285716,0.0
Miracema,2020-08-02,251,0,3,0,2.5714285714285716,0.0
Miracema,2020-08-03,251,0,3,0,2.5714285714285716,0.0
Miracema,2020-08-04,251,0,3,0,1.8571428571428572,0.0
Miracema,2020-08-05,268,17,3,0,3.7142857142857144,0.0
Miracema,2020-08-06,272,4,3,0,4.285714285714286,0.0
Miracema,2020-08-07,274,2,3,0,4.571428571428571,0.0
Miracema,2020-08-08,279,5,3,0,4.0,0.0
Miracema,2020-08-09,279,0,3,0,4.0,0.0
Miracema,2020-08-10,286,7,3,0,5.0,0.0
Miracema,2020-08-11,288,2,3,0,5.285714285714286,0.0
Miracema,2020-08-12,300,12,3,0,4.571428571428571,0.0
Miracema,2020-08-13,306,6,3,0,4.857142857142857,0.0
Miracema,2020-08-14,306,0,3,0,4.571428571428571,0.0
Miracema,2020-08-15,306,0,3,0,3.857142857142857,0.0
Miracema,2020-08-16,319,13,3,0,5.714285714285714,0.0
Miracema,2020-08-17,319,0,3,0,4.714285714285714,0.0
Miracema,2020-08-18,337,18,3,0,7.0,0.0
Miracema,2020-08-19,338,1,3,0,5.428571428571429,0.0
Miracema,2020-08-20,346,8,3,0,5.714285714285714,0.0
Miracema,2020-08-21,346,0,3,0,5.714285714285714,0.0
Miracema,2020-08-22,356,10,3,0,7.142857142857143,0.0
Miracema,2020-08-23,356,0,3,0,5.285714285714286,0.0
Miracema,2020-08-24,356,0,3,0,5.285714285714286,0.0
Miracema,2020-08-25,367,11,3,0,4.285714285714286,0.0
Miracema,2020-08-26,377,10,3,0,5.571428571428571,0.0
Miracema,2020-08-27,380,3,3,0,4.857142857142857,0.0
Miracema,2020-08-28,380,0,3,0,4.857142857142857,0.0
Miracema,2020-08-29,382,2,3,0,3.7142857142857144,0.0
Miracema,2020-08-30,382,0,3,0,3.7142857142857144,0.0
Miracema,2020-08-31,382,0,3,0,3.7142857142857144,0.0
Miracema,2020-09-01,387,5,3,0,2.857142857142857,0.0
Miracema,2020-09-02,392,5,3,0,2.142857142857143,0.0
Miracema,2020-09-03,394,2,3,0,2.0,0.0
Miracema,2020-09-04,398,4,3,0,2.5714285714285716,0.0
Miracema,2020-09-05,398,0,3,0,2.2857142857142856,0.0
Miracema,2020-09-06,398,0,3,0,2.2857142857142856,0.0
Miracema,2020-09-07,398,0,3,0,2.2857142857142856,0.0
Miracema,2020-09-08,398,0,3,0,1.5714285714285714,0.0
Miracema,2020-09-09,398,0,3,0,0.8571428571428571,0.0
Miracema,2020-09-10,398,0,3,0,0.5714285714285714,0.0
Miracema,2020-09-11,422,24,3,0,3.4285714285714284,0.0
Miracema,2020-09-12,422,0,3,0,3.4285714285714284,0.0
Miracema,2020-09-13,423,1,3,0,3.5714285714285716,0.0
Miracema,2020-09-14,423,0,3,0,3.5714285714285716,0.0
Miracema,2020-09-15,426,3,4,1,4.0,0.14285714285714285
Miracema,2020-09-16,433,7,5,1,5.0,0.2857142857142857
Miracema,2020-09-17,433,0,5,0,5.0,0.2857142857142857
Miracema,2020-09-18,438,5,5,0,2.2857142857142856,0.2857142857142857
Miracema,2020-09-19,441,3,5,0,2.7142857142857144,0.2857142857142857
Miracema,2020-09-20,441,0,5,0,2.5714285714285716,0.2857142857142857
Miracema,2020-09-21,441,0,5,0,2.5714285714285716,0.2857142857142857
Miracema,2020-09-22,447,6,5,0,3.0,0.14285714285714285
Miracema,2020-09-23,447,0,5,0,2.0,0.0
Miracema,2020-09-24,452,5,5,0,2.7142857142857144,0.0
Miracema,2020-09-25,457,5,5,0,2.7142857142857144,0.0
Miracema,2020-09-26,457,0,5,0,2.2857142857142856,0.0
Miracema,2020-09-27,457,0,5,0,2.2857142857142856,0.0
Miracema,2020-09-28,457,0,5,0,2.2857142857142856,0.0
Miracema,2020-09-29,460,3,5,0,1.8571428571428572,0.0
Miracema,2020-09-30,461,1,5,0,2.0,0.0
Miracema,2020-10-01,463,2,5,0,1.5714285714285714,0.0
Miracema,2020-10-02,463,0,5,0,0.8571428571428571,0.0
Miracema,2020-10-03,467,4,5,0,1.4285714285714286,0.0
Miracema,2020-10-04,467,0,5,0,1.4285714285714286,0.0
Miracema,2020-10-05,467,0,5,0,1.4285714285714286,0.0
Miracema,2020-10-06,472,5,5,0,1.7142857142857142,0.0
Miracema,2020-10-07,474,2,5,0,1.8571428571428572,0.0
Miracema,2020-10-08,475,1,5,0,1.7142857142857142,0.0
Miracema,2020-10-09,476,1,5,0,1.8571428571428572,0.0
Miracema,2020-10-10,479,3,5,0,1.7142857142857142,0.0
Miracema,2020-10-11,479,0,5,0,1.7142857142857142,0.0
Miracema,2020-10-12,479,0,5,0,1.7142857142857142,0.0
Miracema,2020-10-13,479,0,5,0,1.0,0.0
Miracema,2020-10-14,483,4,5,0,1.2857142857142858,0.0
Miracema,2020-10-15,486,3,5,0,1.5714285714285714,0.0
Miracema,2020-10-16,486,0,5,0,1.4285714285714286,0.0
Miracema,2020-10-17,486,0,5,0,1.0,0.0
Miracema,2020-10-18,487,1,5,0,1.1428571428571428,0.0
Miracema,2020-10-19,487,0,5,0,1.1428571428571428,0.0
Miracema,2020-10-20,507,20,5,0,4.0,0.0
Miracema,2020-10-21,508,1,5,0,3.5714285714285716,0.0
Miracema,2020-10-22,511,3,5,0,3.5714285714285716,0.0
Miracema,2020-10-23,516,5,5,0,4.285714285714286,0.0
Miracema,2020-10-24,519,3,5,0,4.714285714285714,0.0
Miracema,2020-10-25,519,0,5,0,4.571428571428571,0.0
Miracema,2020-10-26,520,1,5,0,4.714285714285714,0.0
Miracema,2020-10-27,523,3,5,0,2.2857142857142856,0.0
Miracema,2020-10-28,525,2,5,0,2.4285714285714284,0.0
Miracema,2020-10-29,527,2,5,0,2.2857142857142856,0.0
Miracema,2020-10-30,529,2,5,0,1.8571428571428572,0.0
Miracema,2020-10-31,529,0,5,0,1.4285714285714286,0.0
Miracema,2020-11-01,529,0,5,0,1.4285714285714286,0.0
Miracema,2020-11-02,529,0,5,0,1.2857142857142858,0.0
Miracema,2020-11-03,529,0,5,0,0.8571428571428571,0.0
Miracema,2020-11-04,531,2,5,0,0.8571428571428571,0.0
Miracema,2020-11-05,532,1,5,0,0.7142857142857143,0.0
Miracema,2020-11-06,532,0,5,0,0.42857142857142855,0.0
Miracema,2020-11-07,532,0,5,0,0.42857142857142855,0.0
Miracema,2020-11-08,536,4,5,0,1.0,0.0
Miracema,2020-11-09,536,0,5,0,1.0,0.0
Miracema,2020-11-10,545,9,5,0,2.2857142857142856,0.0
Miracema,2020-11-11,546,1,5,0,2.142857142857143,0.0
Miracema,2020-11-12,546,0,5,0,2.0,0.0
Miracema,2020-11-13,546,0,5,0,2.0,0.0
Miracema,2020-11-14,548,2,5,0,2.2857142857142856,0.0
Miracema,2020-11-15,548,0,5,0,1.7142857142857142,0.0
Miracema,2020-11-16,548,0,5,0,1.7142857142857142,0.0
Miracema,2020-11-17,562,14,5,0,2.4285714285714284,0.0
Miracema,2020-11-18,566,4,5,0,2.857142857142857,0.0
Miracema,2020-11-19,566,0,5,0,2.857142857142857,0.0
Miracema,2020-11-20,572,6,5,0,3.7142857142857144,0.0
Miracema,2020-11-21,572,0,5,0,3.4285714285714284,0.0
Miracema,2020-11-22,573,1,5,0,3.5714285714285716,0.0
Miracema,2020-11-23,573,0,5,0,3.5714285714285716,0.0
Miracema,2020-11-24,583,10,5,0,3.0,0.0
Miracema,2020-11-25,594,11,5,0,4.0,0.0
Miracema,2020-11-26,594,0,5,0,4.0,0.0
Miracema,2020-11-27,598,4,5,0,3.7142857142857144,0.0
Miracema,2020-11-28,611,13,5,0,5.571428571428571,0.0
Miracema,2020-11-29,611,0,5,0,5.428571428571429,0.0
Miracema,2020-11-30,611,0,5,0,5.428571428571429,0.0
Miracema,2020-12-01,626,15,5,0,6.142857142857143,0.0
Miracema,2020-12-02,638,12,5,0,6.285714285714286,0.0
Miracema,2020-12-03,657,19,5,0,9.0,0.0
Miracema,2020-12-04,666,9,5,0,9.714285714285714,0.0
Miracema,2020-12-05,667,1,5,0,8.0,0.0
Miracema,2020-12-06,667,0,5,0,8.0,0.0
Miracema,2020-12-07,667,0,5,0,8.0,0.0
Miracema,2020-12-08,668,1,5,0,6.0,0.0
Miracema,2020-12-09,668,0,5,0,4.285714285714286,0.0
Miracema,2020-12-10,712,44,5,0,7.857142857142857,0.0
Miracema,2020-12-11,743,31,5,0,11.0,0.0
Miracema,2020-12-12,770,27,5,0,14.714285714285714,0.0
Miracema,2020-12-13,770,0,5,0,14.714285714285714,0.0
Miracema,2020-12-14,770,0,5,0,14.714285714285714,0.0
Miracema,2020-12-15,773,3,5,0,15.0,0.0
Miracema,2020-12-16,793,20,5,0,17.857142857142858,0.0
Miracema,2020-12-17,802,9,5,0,12.857142857142858,0.0
Miracema,2020-12-18,809,7,5,0,9.428571428571429,0.0
Miracema,2020-12-19,809,0,5,0,5.571428571428571,0.0
Miracema,2020-12-20,816,7,5,0,6.571428571428571,0.0
Miracema,2020-12-21,816,0,5,0,6.571428571428571,0.0
Miracema,2020-12-22,828,12,5,0,7.857142857142857,0.0
Miracema,2020-12-23,842,14,5,0,7.0,0.0
Miracema,2020-12-24,842,0,5,0,5.714285714285714,0.0
Miracema,2020-12-25,842,0,5,0,4.714285714285714,0.0
Miracema,2020-12-26,842,0,5,0,4.714285714285714,0.0
Miracema,2020-12-27,842,0,5,0,3.7142857142857144,0.0
Miracema,2020-12-28,843,1,5,0,3.857142857142857,0.0
Miracema,2020-12-29,852,9,5,0,3.4285714285714284,0.0
Miracema,2020-12-30,852,0,5,0,1.4285714285714286,0.0
Miracema,2020-12-31,867,15,5,0,3.5714285714285716,0.0
Miracema,2021-01-01,875,8,5,0,4.714285714285714,0.0
Miracema,2021-01-02,875,0,5,0,4.714285714285714,0.0
Miracema,2021-01-03,875,0,5,0,4.714285714285714,0.0
Miracema,2021-01-04,875,0,5,0,4.571428571428571,0.0
Miracema,2021-01-05,898,23,5,0,6.571428571428571,0.0
Miracema,2021-01-06,908,10,5,0,8.0,0.0
Miracema,2021-01-07,910,2,5,0,6.142857142857143,0.0
Miracema,2021-01-08,911,1,6,1,5.142857142857143,0.14285714285714285
Miracema,2021-01-09,941,30,6,0,9.428571428571429,0.14285714285714285
Miracema,2021-01-10,941,0,6,0,9.428571428571429,0.14285714285714285
Miracema,2021-01-11,941,0,6,0,9.428571428571429,0.14285714285714285
Miracema,2021-01-12,973,32,6,0,10.714285714285714,0.14285714285714285
Miracema,2021-01-13,980,7,6,0,10.285714285714286,0.14285714285714285
Miracema,2021-01-14,996,16,6,0,12.285714285714286,0.14285714285714285
Miracema,2021-01-15,1008,12,6,0,13.857142857142858,0.0
Miracema,2021-01-16,1018,10,6,0,11.0,0.0
Miracema,2021-01-17,1018,0,6,0,11.0,0.0
Miracema,2021-01-18,1018,0,6,0,11.0,0.0
Miracema,2021-01-19,1037,19,6,0,9.142857142857142,0.0
Miracema,2021-01-20,1053,16,6,0,10.428571428571429,0.0
Miracema,2021-01-21,1058,5,6,0,8.857142857142858,0.0
Miracema,2021-01-22,1058,0,6,0,7.142857142857143,0.0
Miracema,2021-01-23,1071,13,6,0,7.571428571428571,0.0
Miracema,2021-01-24,1071,0,6,0,7.571428571428571,0.0
Miracema,2021-01-25,1071,0,6,0,7.571428571428571,0.0
Miracema,2021-01-26,1092,21,6,0,7.857142857142857,0.0
Miracema,2021-01-27,1101,9,6,0,6.857142857142857,0.0
Miracema,2021-01-28,1108,7,6,0,7.142857142857143,0.0
Miracema,2021-01-29,1115,7,6,0,8.142857142857142,0.0
Miracema,2021-01-30,1120,5,6,0,7.0,0.0
Miracema,2021-01-31,1120,0,6,0,7.0,0.0
Miracema,2021-02-01,1121,1,6,0,7.142857142857143,0.0
Miracema,2021-02-02,1144,23,6,0,7.428571428571429,0.0
Miracema,2021-02-03,1146,2,6,0,6.428571428571429,0.0
Miracema,2021-02-04,1148,2,6,0,5.714285714285714,0.0
Miracema,2021-02-05,1151,3,7,1,5.142857142857143,0.14285714285714285
Miracema,2021-02-06,1164,13,7,0,6.285714285714286,0.14285714285714285
Miracema,2021-02-07,1164,0,7,0,6.285714285714286,0.14285714285714285
Miracema,2021-02-08,1184,20,7,0,9.0,0.14285714285714285
Miracema,2021-02-09,1184,0,7,0,5.714285714285714,0.14285714285714285
Miracema,2021-02-10,1190,6,7,0,6.285714285714286,0.14285714285714285
Miracema,2021-02-11,1190,0,7,0,6.0,0.14285714285714285
Miracema,2021-02-12,1201,11,7,0,7.142857142857143,0.0
