city,city,date,cases,daily cases,deaths,daily deaths
Mirador,Mirador,2020-03-27,0,0,0,0
Mirador,Mirador,2020-03-28,0,0,0,0
Mirador,Mirador,2020-03-29,0,0,0,0
Mirador,Mirador,2020-03-30,0,0,0,0
Mirador,Mirador,2020-03-31,0,0,0,0
Mirador,Mirador,2020-04-01,0,0,0,0
Mirador,Mirador,2020-04-02,0,0,0,0
Mirador,Mirador,2020-04-03,0,0,0,0
Mirador,Mirador,2020-04-04,0,0,0,0
Mirador,Mirador,2020-04-05,0,0,0,0
Mirador,Mirador,2020-04-06,0,0,0,0
Mirador,Mirador,2020-04-07,0,0,0,0
Mirador,Mirador,2020-04-08,0,0,0,0
Mirador,Mirador,2020-04-09,0,0,0,0
Mirador,Mirador,2020-04-10,0,0,0,0
Mirador,Mirador,2020-04-11,0,0,0,0
Mirador,Mirador,2020-04-12,0,0,0,0
Mirador,Mirador,2020-04-13,0,0,0,0
Mirador,Mirador,2020-04-14,0,0,0,0
Mirador,Mirador,2020-04-15,0,0,0,0
Mirador,Mirador,2020-04-16,0,0,0,0
Mirador,Mirador,2020-04-17,0,0,0,0
Mirador,Mirador,2020-04-18,0,0,0,0
Mirador,Mirador,2020-04-19,0,0,0,0
Mirador,Mirador,2020-04-20,0,0,0,0
Mirador,Mirador,2020-04-21,0,0,0,0
Mirador,Mirador,2020-04-22,0,0,0,0
Mirador,Mirador,2020-04-23,0,0,0,0
Mirador,Mirador,2020-04-24,0,0,0,0
Mirador,Mirador,2020-04-25,0,0,0,0
Mirador,Mirador,2020-04-26,0,0,0,0
Mirador,Mirador,2020-04-27,0,0,0,0
Mirador,Mirador,2020-04-28,0,0,0,0
Mirador,Mirador,2020-04-29,0,0,0,0
Mirador,Mirador,2020-04-30,2,2,0,0
Mirador,Mirador,2020-05-01,2,0,0,0
Mirador,Mirador,2020-05-02,2,0,0,0
Mirador,Mirador,2020-05-03,2,0,0,0
Mirador,Mirador,2020-05-04,3,1,0,0
Mirador,Mirador,2020-05-05,4,1,1,1
Mirador,Mirador,2020-05-06,4,0,1,0
Mirador,Mirador,2020-05-07,4,0,1,0
Mirador,Mirador,2020-05-08,4,0,1,0
Mirador,Mirador,2020-05-09,4,0,1,0
Mirador,Mirador,2020-05-10,4,0,1,0
Mirador,Mirador,2020-05-11,5,1,1,0
Mirador,Mirador,2020-05-12,6,1,1,0
Mirador,Mirador,2020-05-13,7,1,1,0
Mirador,Mirador,2020-05-14,7,0,1,0
Mirador,Mirador,2020-05-15,9,2,1,0
Mirador,Mirador,2020-05-16,9,0,1,0
Mirador,Mirador,2020-05-17,12,3,1,0
Mirador,Mirador,2020-05-18,14,2,1,0
Mirador,Mirador,2020-05-19,14,0,1,0
Mirador,Mirador,2020-05-20,14,0,1,0
Mirador,Mirador,2020-05-21,14,0,1,0
Mirador,Mirador,2020-05-22,14,0,1,0
Mirador,Mirador,2020-05-23,15,1,1,0
Mirador,Mirador,2020-05-24,15,0,1,0
Mirador,Mirador,2020-05-25,15,0,1,0
Mirador,Mirador,2020-05-26,15,0,1,0
Mirador,Mirador,2020-05-27,15,0,1,0
Mirador,Mirador,2020-05-28,16,1,1,0
Mirador,Mirador,2020-05-29,15,-1,1,0
Mirador,Mirador,2020-05-30,30,15,1,0
Mirador,Mirador,2020-05-31,31,1,1,0
Mirador,Mirador,2020-06-01,31,0,1,0
Mirador,Mirador,2020-06-02,34,3,1,0
Mirador,Mirador,2020-06-03,34,0,1,0
Mirador,Mirador,2020-06-04,35,1,1,0
Mirador,Mirador,2020-06-05,49,14,1,0
Mirador,Mirador,2020-06-06,55,6,1,0
Mirador,Mirador,2020-06-07,58,3,1,0
Mirador,Mirador,2020-06-08,58,0,1,0
Mirador,Mirador,2020-06-09,66,8,1,0
Mirador,Mirador,2020-06-10,72,6,1,0
Mirador,Mirador,2020-06-11,79,7,1,0
Mirador,Mirador,2020-06-12,79,0,1,0
Mirador,Mirador,2020-06-13,87,8,1,0
Mirador,Mirador,2020-06-14,87,0,1,0
Mirador,Mirador,2020-06-15,87,0,1,0
Mirador,Mirador,2020-06-16,89,2,1,0
Mirador,Mirador,2020-06-17,91,2,1,0
Mirador,Mirador,2020-06-18,96,5,1,0
Mirador,Mirador,2020-06-19,99,3,1,0
Mirador,Mirador,2020-06-20,100,1,1,0
Mirador,Mirador,2020-06-21,100,0,1,0
Mirador,Mirador,2020-06-22,100,0,1,0
Mirador,Mirador,2020-06-23,102,2,1,0
Mirador,Mirador,2020-06-24,105,3,1,0
Mirador,Mirador,2020-06-25,106,1,1,0
Mirador,Mirador,2020-06-26,107,1,1,0
Mirador,Mirador,2020-06-27,110,3,1,0
Mirador,Mirador,2020-06-28,110,0,1,0
Mirador,Mirador,2020-06-29,110,0,1,0
Mirador,Mirador,2020-06-30,121,11,1,0
Mirador,Mirador,2020-07-01,128,7,1,0
Mirador,Mirador,2020-07-02,133,5,1,0
Mirador,Mirador,2020-07-03,134,1,1,0
Mirador,Mirador,2020-07-04,145,11,1,0
Mirador,Mirador,2020-07-05,145,0,1,0
Mirador,Mirador,2020-07-06,148,3,1,0
Mirador,Mirador,2020-07-07,154,6,1,0
Mirador,Mirador,2020-07-08,154,0,1,0
Mirador,Mirador,2020-07-09,167,13,1,0
Mirador,Mirador,2020-07-10,174,7,1,0
Mirador,Mirador,2020-07-11,180,6,1,0
Mirador,Mirador,2020-07-12,181,1,1,0
Mirador,Mirador,2020-07-13,181,0,2,1
Mirador,Mirador,2020-07-14,189,8,3,1
Mirador,Mirador,2020-07-15,195,6,3,0
Mirador,Mirador,2020-07-16,205,10,3,0
Mirador,Mirador,2020-07-17,211,6,3,0
Mirador,Mirador,2020-07-18,214,3,3,0
Mirador,Mirador,2020-07-19,215,1,3,0
Mirador,Mirador,2020-07-20,215,0,3,0
Mirador,Mirador,2020-07-21,227,12,3,0
Mirador,Mirador,2020-07-22,233,6,3,0
Mirador,Mirador,2020-07-23,239,6,3,0
Mirador,Mirador,2020-07-24,250,11,3,0
Mirador,Mirador,2020-07-25,271,21,3,0
Mirador,Mirador,2020-07-26,271,0,3,0
Mirador,Mirador,2020-07-27,271,0,3,0
Mirador,Mirador,2020-07-28,274,3,3,0
Mirador,Mirador,2020-07-29,274,0,3,0
Mirador,Mirador,2020-07-30,317,43,3,0
Mirador,Mirador,2020-07-31,317,0,3,0
Mirador,Mirador,2020-08-01,335,18,3,0
Mirador,Mirador,2020-08-02,335,0,3,0
Mirador,Mirador,2020-08-03,335,0,3,0
Mirador,Mirador,2020-08-04,395,60,3,0
Mirador,Mirador,2020-08-05,398,3,3,0
Mirador,Mirador,2020-08-06,429,31,3,0
Mirador,Mirador,2020-08-07,457,28,3,0
Mirador,Mirador,2020-08-08,458,1,3,0
Mirador,Mirador,2020-08-09,458,0,4,1
Mirador,Mirador,2020-08-10,458,0,4,0
Mirador,Mirador,2020-08-11,458,0,4,0
Mirador,Mirador,2020-08-12,459,1,4,0
Mirador,Mirador,2020-08-13,459,0,4,0
Mirador,Mirador,2020-08-14,459,0,4,0
Mirador,Mirador,2020-08-15,504,45,4,0
Mirador,Mirador,2020-08-16,504,0,4,0
Mirador,Mirador,2020-08-17,529,25,4,0
Mirador,Mirador,2020-08-18,559,30,4,0
Mirador,Mirador,2020-08-19,560,1,4,0
Mirador,Mirador,2020-08-20,570,10,4,0
Mirador,Mirador,2020-08-21,583,13,4,0
Mirador,Mirador,2020-08-22,584,1,4,0
Mirador,Mirador,2020-08-23,584,0,4,0
Mirador,Mirador,2020-08-24,584,0,4,0
Mirador,Mirador,2020-08-25,584,0,4,0
Mirador,Mirador,2020-08-26,584,0,4,0
Mirador,Mirador,2020-08-27,585,1,4,0
Mirador,Mirador,2020-08-28,584,-1,4,0
Mirador,Mirador,2020-08-29,584,0,4,0
Mirador,Mirador,2020-08-30,584,0,4,0
Mirador,Mirador,2020-08-31,584,0,4,0
Mirador,Mirador,2020-09-01,614,30,4,0
Mirador,Mirador,2020-09-02,630,16,4,0
Mirador,Mirador,2020-09-03,630,0,4,0
Mirador,Mirador,2020-09-04,630,0,4,0
Mirador,Mirador,2020-09-05,630,0,4,0
Mirador,Mirador,2020-09-06,630,0,4,0
Mirador,Mirador,2020-09-07,630,0,4,0
Mirador,Mirador,2020-09-08,630,0,4,0
Mirador,Mirador,2020-09-09,630,0,4,0
Mirador,Mirador,2020-09-10,630,0,4,0
Mirador,Mirador,2020-09-11,630,0,4,0
Mirador,Mirador,2020-09-12,630,0,4,0
Mirador,Mirador,2020-09-13,630,0,4,0
Mirador,Mirador,2020-09-14,630,0,4,0
Mirador,Mirador,2020-09-15,630,0,4,0
Mirador,Mirador,2020-09-16,630,0,4,0
Mirador,Mirador,2020-09-17,630,0,4,0
Mirador,Mirador,2020-09-18,726,96,5,1
Mirador,Mirador,2020-09-19,727,1,5,0
Mirador,Mirador,2020-09-20,731,4,5,0
Mirador,Mirador,2020-09-21,731,0,5,0
Mirador,Mirador,2020-09-22,731,0,5,0
Mirador,Mirador,2020-09-23,749,18,5,0
Mirador,Mirador,2020-09-24,749,0,5,0
Mirador,Mirador,2020-09-25,749,0,5,0
Mirador,Mirador,2020-09-26,749,0,5,0
Mirador,Mirador,2020-09-27,749,0,5,0
Mirador,Mirador,2020-09-28,749,0,5,0
Mirador,Mirador,2020-09-29,749,0,5,0
Mirador,Mirador,2020-09-30,749,0,5,0
Mirador,Mirador,2020-10-01,749,0,5,0
Mirador,Mirador,2020-10-02,749,0,5,0
Mirador,Mirador,2020-10-03,749,0,5,0
Mirador,Mirador,2020-10-04,749,0,5,0
Mirador,Mirador,2020-10-05,749,0,5,0
Mirador,Mirador,2020-10-06,767,18,5,0
Mirador,Mirador,2020-10-07,767,0,5,0
Mirador,Mirador,2020-10-08,767,0,5,0
Mirador,Mirador,2020-10-09,777,10,5,0
Mirador,Mirador,2020-10-10,777,0,5,0
Mirador,Mirador,2020-10-11,777,0,5,0
Mirador,Mirador,2020-10-12,777,0,5,0
Mirador,Mirador,2020-10-13,777,0,5,0
Mirador,Mirador,2020-10-14,777,0,5,0
Mirador,Mirador,2020-10-15,786,9,5,0
Mirador,Mirador,2020-10-16,786,0,5,0
Mirador,Mirador,2020-10-17,786,0,5,0
Mirador,Mirador,2020-10-18,786,0,5,0
Mirador,Mirador,2020-10-19,787,1,5,0
Mirador,Mirador,2020-10-20,787,0,5,0
Mirador,Mirador,2020-10-21,787,0,5,0
Mirador,Mirador,2020-10-22,787,0,5,0
Mirador,Mirador,2020-10-23,787,0,5,0
Mirador,Mirador,2020-10-24,787,0,5,0
Mirador,Mirador,2020-10-25,787,0,5,0
Mirador,Mirador,2020-10-26,787,0,5,0
Mirador,Mirador,2020-10-27,787,0,5,0
Mirador,Mirador,2020-10-28,798,11,5,0
Mirador,Mirador,2020-10-29,798,0,5,0
Mirador,Mirador,2020-10-30,798,0,5,0
Mirador,Mirador,2020-10-31,800,2,5,0
Mirador,Mirador,2020-11-01,800,0,5,0
Mirador,Mirador,2020-11-02,800,0,5,0
Mirador,Mirador,2020-11-03,800,0,5,0
Mirador,Mirador,2020-11-04,800,0,5,0
Mirador,Mirador,2020-11-05,803,3,5,0
Mirador,Mirador,2020-11-06,806,3,5,0
Mirador,Mirador,2020-11-07,806,0,5,0
Mirador,Mirador,2020-11-08,806,0,5,0
Mirador,Mirador,2020-11-09,806,0,5,0
Mirador,Mirador,2020-11-10,810,4,5,0
Mirador,Mirador,2020-11-11,810,0,5,0
Mirador,Mirador,2020-11-12,811,1,5,0
Mirador,Mirador,2020-11-13,811,0,5,0
Mirador,Mirador,2020-11-14,811,0,5,0
Mirador,Mirador,2020-11-15,811,0,5,0
Mirador,Mirador,2020-11-16,811,0,5,0
Mirador,Mirador,2020-11-17,811,0,5,0
Mirador,Mirador,2020-11-18,811,0,5,0
Mirador,Mirador,2020-11-19,811,0,5,0
Mirador,Mirador,2020-11-20,811,0,5,0
Mirador,Mirador,2020-11-21,811,0,5,0
Mirador,Mirador,2020-11-22,811,0,5,0
Mirador,Mirador,2020-11-23,811,0,5,0
Mirador,Mirador,2020-11-24,815,4,5,0
Mirador,Mirador,2020-11-25,815,0,5,0
Mirador,Mirador,2020-11-26,825,10,5,0
Mirador,Mirador,2020-11-27,825,0,5,0
Mirador,Mirador,2020-11-28,825,0,5,0
Mirador,Mirador,2020-11-29,825,0,5,0
Mirador,Mirador,2020-11-30,825,0,5,0
Mirador,Mirador,2020-12-01,835,10,5,0
Mirador,Mirador,2020-12-02,835,0,5,0
Mirador,Mirador,2020-12-03,836,1,6,1
Mirador,Mirador,2020-12-04,836,0,6,0
Mirador,Mirador,2020-12-05,836,0,6,0
Mirador,Mirador,2020-12-06,836,0,6,0
Mirador,Mirador,2020-12-07,837,1,7,1
Mirador,Mirador,2020-12-08,837,0,7,0
Mirador,Mirador,2020-12-09,837,0,7,0
Mirador,Mirador,2020-12-10,837,0,7,0
Mirador,Mirador,2020-12-11,837,0,7,0
Mirador,Mirador,2020-12-12,837,0,7,0
Mirador,Mirador,2020-12-13,837,0,7,0
Mirador,Mirador,2020-12-14,838,1,7,0
Mirador,Mirador,2020-12-15,882,44,7,0
Mirador,Mirador,2020-12-16,882,0,7,0
Mirador,Mirador,2020-12-17,882,0,7,0
Mirador,Mirador,2020-12-18,883,1,7,0
Mirador,Mirador,2020-12-19,883,0,7,0
Mirador,Mirador,2020-12-20,883,0,7,0
Mirador,Mirador,2020-12-21,883,0,7,0
Mirador,Mirador,2020-12-22,883,0,7,0
Mirador,Mirador,2020-12-23,883,0,7,0
Mirador,Mirador,2020-12-24,883,0,7,0
Mirador,Mirador,2020-12-25,883,0,8,1
Mirador,Mirador,2020-12-26,883,0,8,0
Mirador,Mirador,2020-12-27,883,0,8,0
Mirador,Mirador,2020-12-28,885,2,8,0
Mirador,Mirador,2020-12-29,885,0,8,0
Mirador,Mirador,2020-12-30,885,0,8,0
Mirador,Mirador,2020-12-31,885,0,8,0
Mirador,Mirador,2021-01-01,885,0,8,0
Mirador,Mirador,2021-01-02,885,0,8,0
Mirador,Mirador,2021-01-03,885,0,8,0
Mirador,Mirador,2021-01-04,885,0,8,0
Mirador,Mirador,2021-01-05,885,0,8,0
Mirador,Mirador,2021-01-06,885,0,8,0
Mirador,Mirador,2021-01-07,893,8,8,0
Mirador,Mirador,2021-01-08,893,0,8,0
Mirador,Mirador,2021-01-09,893,0,8,0
Mirador,Mirador,2021-01-10,893,0,8,0
Mirador,Mirador,2021-01-11,893,0,8,0
Mirador,Mirador,2021-01-12,893,0,8,0
Mirador,Mirador,2021-01-13,893,0,8,0
Mirador,Mirador,2021-01-14,893,0,8,0
Mirador,Mirador,2021-01-15,893,0,8,0
Mirador,Mirador,2021-01-16,894,1,8,0
Mirador,Mirador,2021-01-17,894,0,8,0
Mirador,Mirador,2021-01-18,894,0,8,0
Mirador,Mirador,2021-01-19,894,0,8,0
Mirador,Mirador,2021-01-20,894,0,8,0
Mirador,Mirador,2021-01-21,894,0,8,0
Mirador,Mirador,2021-01-22,895,1,8,0
Mirador,Mirador,2021-01-23,895,0,8,0
Mirador,Mirador,2021-01-24,895,0,8,0
Mirador,Mirador,2021-01-25,895,0,8,0
Mirador,Mirador,2021-01-26,897,2,8,0
Mirador,Mirador,2021-01-27,897,0,8,0
Mirador,Mirador,2021-01-28,898,1,8,0
Mirador,Mirador,2021-01-29,898,0,8,0
Mirador,Mirador,2021-01-30,899,1,8,0
Mirador,Mirador,2021-01-31,899,0,8,0
Mirador,Mirador,2021-02-01,899,0,8,0
Mirador,Mirador,2021-02-02,899,0,8,0
Mirador,Mirador,2021-02-03,902,3,8,0
Mirador,Mirador,2021-02-04,903,1,8,0
Mirador,Mirador,2021-02-05,903,0,8,0
Mirador,Mirador,2021-02-06,905,2,8,0
Mirador,Mirador,2021-02-07,905,0,8,0
Mirador,Mirador,2021-02-08,907,2,8,0
