city,city,date,cases,daily cases,deaths,daily deaths
Montes Claros,Montes Claros,2020-03-27,0,0,0,0
Montes Claros,Montes Claros,2020-03-28,0,0,0,0
Montes Claros,Montes Claros,2020-03-29,0,0,0,0
Montes Claros,Montes Claros,2020-03-30,0,0,0,0
Montes Claros,Montes Claros,2020-03-31,0,0,0,0
Montes Claros,Montes Claros,2020-04-01,0,0,0,0
Montes Claros,Montes Claros,2020-04-02,0,0,0,0
Montes Claros,Montes Claros,2020-04-03,0,0,0,0
Montes Claros,Montes Claros,2020-04-04,0,0,0,0
Montes Claros,Montes Claros,2020-04-05,0,0,0,0
Montes Claros,Montes Claros,2020-04-06,1,1,1,1
Montes Claros,Montes Claros,2020-04-07,1,0,1,0
Montes Claros,Montes Claros,2020-04-08,1,0,1,0
Montes Claros,Montes Claros,2020-04-09,1,0,1,0
Montes Claros,Montes Claros,2020-04-10,1,0,1,0
Montes Claros,Montes Claros,2020-04-11,1,0,1,0
Montes Claros,Montes Claros,2020-04-12,1,0,1,0
Montes Claros,Montes Claros,2020-04-13,1,0,1,0
Montes Claros,Montes Claros,2020-04-14,1,0,1,0
Montes Claros,Montes Claros,2020-04-15,1,0,1,0
Montes Claros,Montes Claros,2020-04-16,3,2,1,0
Montes Claros,Montes Claros,2020-04-17,4,1,1,0
Montes Claros,Montes Claros,2020-04-18,5,1,1,0
Montes Claros,Montes Claros,2020-04-19,5,0,1,0
Montes Claros,Montes Claros,2020-04-20,5,0,1,0
Montes Claros,Montes Claros,2020-04-21,5,0,1,0
Montes Claros,Montes Claros,2020-04-22,5,0,1,0
Montes Claros,Montes Claros,2020-04-23,5,0,1,0
Montes Claros,Montes Claros,2020-04-24,6,1,1,0
Montes Claros,Montes Claros,2020-04-25,6,0,1,0
Montes Claros,Montes Claros,2020-04-26,6,0,1,0
Montes Claros,Montes Claros,2020-04-27,7,1,1,0
Montes Claros,Montes Claros,2020-04-28,9,2,1,0
Montes Claros,Montes Claros,2020-04-29,10,1,1,0
Montes Claros,Montes Claros,2020-04-30,13,3,1,0
Montes Claros,Montes Claros,2020-05-01,16,3,1,0
Montes Claros,Montes Claros,2020-05-02,16,0,1,0
Montes Claros,Montes Claros,2020-05-03,17,1,1,0
Montes Claros,Montes Claros,2020-05-04,17,0,1,0
Montes Claros,Montes Claros,2020-05-05,17,0,2,1
Montes Claros,Montes Claros,2020-05-06,17,0,2,0
Montes Claros,Montes Claros,2020-05-07,17,0,2,0
Montes Claros,Montes Claros,2020-05-08,21,4,2,0
Montes Claros,Montes Claros,2020-05-09,24,3,2,0
Montes Claros,Montes Claros,2020-05-10,24,0,2,0
Montes Claros,Montes Claros,2020-05-11,26,2,2,0
Montes Claros,Montes Claros,2020-05-12,28,2,2,0
Montes Claros,Montes Claros,2020-05-13,29,1,2,0
Montes Claros,Montes Claros,2020-05-14,32,3,2,0
Montes Claros,Montes Claros,2020-05-15,38,6,2,0
Montes Claros,Montes Claros,2020-05-16,38,0,2,0
Montes Claros,Montes Claros,2020-05-17,40,2,2,0
Montes Claros,Montes Claros,2020-05-18,40,0,2,0
Montes Claros,Montes Claros,2020-05-19,43,3,2,0
Montes Claros,Montes Claros,2020-05-20,43,0,2,0
Montes Claros,Montes Claros,2020-05-21,46,3,2,0
Montes Claros,Montes Claros,2020-05-22,46,0,2,0
Montes Claros,Montes Claros,2020-05-23,49,3,2,0
Montes Claros,Montes Claros,2020-05-24,50,1,2,0
Montes Claros,Montes Claros,2020-05-25,51,1,2,0
Montes Claros,Montes Claros,2020-05-26,51,0,2,0
Montes Claros,Montes Claros,2020-05-27,52,1,2,0
Montes Claros,Montes Claros,2020-05-28,55,3,2,0
Montes Claros,Montes Claros,2020-05-29,60,5,2,0
Montes Claros,Montes Claros,2020-05-30,67,7,2,0
Montes Claros,Montes Claros,2020-05-31,68,1,2,0
Montes Claros,Montes Claros,2020-06-01,69,1,2,0
Montes Claros,Montes Claros,2020-06-02,70,1,2,0
Montes Claros,Montes Claros,2020-06-03,72,2,2,0
Montes Claros,Montes Claros,2020-06-04,73,1,2,0
Montes Claros,Montes Claros,2020-06-05,78,5,2,0
Montes Claros,Montes Claros,2020-06-06,79,1,2,0
Montes Claros,Montes Claros,2020-06-07,86,7,2,0
Montes Claros,Montes Claros,2020-06-08,86,0,2,0
Montes Claros,Montes Claros,2020-06-09,92,6,2,0
Montes Claros,Montes Claros,2020-06-10,106,14,2,0
Montes Claros,Montes Claros,2020-06-11,116,10,3,1
Montes Claros,Montes Claros,2020-06-12,116,0,3,0
Montes Claros,Montes Claros,2020-06-13,116,0,3,0
Montes Claros,Montes Claros,2020-06-14,116,0,3,0
Montes Claros,Montes Claros,2020-06-15,116,0,3,0
Montes Claros,Montes Claros,2020-06-16,142,26,3,0
Montes Claros,Montes Claros,2020-06-17,158,16,3,0
Montes Claros,Montes Claros,2020-06-18,161,3,3,0
Montes Claros,Montes Claros,2020-06-19,173,12,3,0
Montes Claros,Montes Claros,2020-06-20,161,-12,3,0
Montes Claros,Montes Claros,2020-06-21,163,2,3,0
Montes Claros,Montes Claros,2020-06-22,175,12,3,0
Montes Claros,Montes Claros,2020-06-23,175,0,3,0
Montes Claros,Montes Claros,2020-06-24,175,0,3,0
Montes Claros,Montes Claros,2020-06-25,202,27,3,0
Montes Claros,Montes Claros,2020-06-26,223,21,3,0
Montes Claros,Montes Claros,2020-06-27,237,14,4,1
Montes Claros,Montes Claros,2020-06-28,242,5,4,0
Montes Claros,Montes Claros,2020-06-29,244,2,4,0
Montes Claros,Montes Claros,2020-06-30,253,9,4,0
Montes Claros,Montes Claros,2020-07-01,266,13,4,0
Montes Claros,Montes Claros,2020-07-02,273,7,4,0
Montes Claros,Montes Claros,2020-07-03,289,16,4,0
Montes Claros,Montes Claros,2020-07-04,298,9,4,0
Montes Claros,Montes Claros,2020-07-05,303,5,4,0
Montes Claros,Montes Claros,2020-07-06,310,7,4,0
Montes Claros,Montes Claros,2020-07-07,321,11,4,0
Montes Claros,Montes Claros,2020-07-08,352,31,4,0
Montes Claros,Montes Claros,2020-07-09,364,12,4,0
Montes Claros,Montes Claros,2020-07-10,400,36,5,1
Montes Claros,Montes Claros,2020-07-11,419,19,5,0
Montes Claros,Montes Claros,2020-07-12,468,49,5,0
Montes Claros,Montes Claros,2020-07-13,487,19,5,0
Montes Claros,Montes Claros,2020-07-14,481,-6,5,0
Montes Claros,Montes Claros,2020-07-15,561,80,8,3
Montes Claros,Montes Claros,2020-07-16,618,57,10,2
Montes Claros,Montes Claros,2020-07-17,658,40,11,1
Montes Claros,Montes Claros,2020-07-18,691,33,11,0
Montes Claros,Montes Claros,2020-07-19,729,38,11,0
Montes Claros,Montes Claros,2020-07-20,735,6,12,1
Montes Claros,Montes Claros,2020-07-21,759,24,12,0
Montes Claros,Montes Claros,2020-07-22,833,74,11,-1
Montes Claros,Montes Claros,2020-07-23,903,70,12,1
Montes Claros,Montes Claros,2020-07-24,1020,117,13,1
Montes Claros,Montes Claros,2020-07-25,1103,83,15,2
Montes Claros,Montes Claros,2020-07-26,1103,0,15,0
Montes Claros,Montes Claros,2020-07-27,1212,109,16,1
Montes Claros,Montes Claros,2020-07-28,1257,45,16,0
Montes Claros,Montes Claros,2020-07-29,1342,85,19,3
Montes Claros,Montes Claros,2020-07-30,1446,104,22,3
Montes Claros,Montes Claros,2020-07-31,1552,106,23,1
Montes Claros,Montes Claros,2020-08-01,1727,175,24,1
Montes Claros,Montes Claros,2020-08-02,1748,21,24,0
Montes Claros,Montes Claros,2020-08-03,1777,29,24,0
Montes Claros,Montes Claros,2020-08-04,1894,117,24,0
Montes Claros,Montes Claros,2020-08-05,1910,16,24,0
Montes Claros,Montes Claros,2020-08-06,2073,163,25,1
Montes Claros,Montes Claros,2020-08-07,2302,229,29,4
Montes Claros,Montes Claros,2020-08-08,2412,110,29,0
Montes Claros,Montes Claros,2020-08-09,2499,87,39,10
Montes Claros,Montes Claros,2020-08-10,2520,21,40,1
Montes Claros,Montes Claros,2020-08-11,2576,56,40,0
Montes Claros,Montes Claros,2020-08-12,2783,207,44,4
Montes Claros,Montes Claros,2020-08-13,2959,176,46,2
Montes Claros,Montes Claros,2020-08-14,3198,239,46,0
Montes Claros,Montes Claros,2020-08-15,3327,129,47,1
Montes Claros,Montes Claros,2020-08-16,3552,225,50,3
Montes Claros,Montes Claros,2020-08-17,3557,5,50,0
Montes Claros,Montes Claros,2020-08-18,3557,0,50,0
Montes Claros,Montes Claros,2020-08-19,3718,161,54,4
Montes Claros,Montes Claros,2020-08-20,3727,9,57,3
Montes Claros,Montes Claros,2020-08-21,4123,396,58,1
Montes Claros,Montes Claros,2020-08-22,4372,249,63,5
Montes Claros,Montes Claros,2020-08-23,4483,111,66,3
Montes Claros,Montes Claros,2020-08-24,4507,24,66,0
Montes Claros,Montes Claros,2020-08-25,4563,56,66,0
Montes Claros,Montes Claros,2020-08-26,4719,156,70,4
Montes Claros,Montes Claros,2020-08-27,4952,233,71,1
Montes Claros,Montes Claros,2020-08-28,5114,162,74,3
Montes Claros,Montes Claros,2020-08-29,5114,0,77,3
Montes Claros,Montes Claros,2020-08-30,5268,154,78,1
Montes Claros,Montes Claros,2020-08-31,5375,107,78,0
Montes Claros,Montes Claros,2020-09-01,5375,0,78,0
Montes Claros,Montes Claros,2020-09-02,5550,175,78,0
Montes Claros,Montes Claros,2020-09-03,5671,121,81,3
Montes Claros,Montes Claros,2020-09-04,5865,194,82,1
Montes Claros,Montes Claros,2020-09-05,6051,186,82,0
Montes Claros,Montes Claros,2020-09-06,6131,80,88,6
Montes Claros,Montes Claros,2020-09-07,6131,0,88,0
Montes Claros,Montes Claros,2020-09-08,6141,10,88,0
Montes Claros,Montes Claros,2020-09-09,6280,139,88,0
Montes Claros,Montes Claros,2020-09-10,6409,129,93,5
Montes Claros,Montes Claros,2020-09-11,6570,161,94,1
Montes Claros,Montes Claros,2020-09-12,6751,181,95,1
Montes Claros,Montes Claros,2020-09-13,6877,126,97,2
Montes Claros,Montes Claros,2020-09-14,6890,13,97,0
Montes Claros,Montes Claros,2020-09-15,6932,42,97,0
Montes Claros,Montes Claros,2020-09-16,7157,225,106,9
Montes Claros,Montes Claros,2020-09-17,7241,84,107,1
Montes Claros,Montes Claros,2020-09-18,7361,120,108,1
Montes Claros,Montes Claros,2020-09-19,7484,123,111,3
Montes Claros,Montes Claros,2020-09-20,7545,61,113,2
Montes Claros,Montes Claros,2020-09-21,7555,10,113,0
Montes Claros,Montes Claros,2020-09-22,7632,77,113,0
Montes Claros,Montes Claros,2020-09-23,7794,162,117,4
Montes Claros,Montes Claros,2020-09-24,7873,79,123,6
Montes Claros,Montes Claros,2020-09-25,7986,113,123,0
Montes Claros,Montes Claros,2020-09-26,8076,90,124,1
Montes Claros,Montes Claros,2020-09-27,8211,135,124,0
Montes Claros,Montes Claros,2020-09-28,8211,0,124,0
Montes Claros,Montes Claros,2020-09-29,8290,79,124,0
Montes Claros,Montes Claros,2020-09-30,8445,155,131,7
Montes Claros,Montes Claros,2020-10-01,8445,0,134,3
Montes Claros,Montes Claros,2020-10-02,8692,247,135,1
Montes Claros,Montes Claros,2020-10-03,8796,104,136,1
Montes Claros,Montes Claros,2020-10-04,8850,54,139,3
Montes Claros,Montes Claros,2020-10-05,8881,31,139,0
Montes Claros,Montes Claros,2020-10-06,8966,85,139,0
Montes Claros,Montes Claros,2020-10-07,9147,181,142,3
Montes Claros,Montes Claros,2020-10-08,9222,75,143,1
Montes Claros,Montes Claros,2020-10-09,9397,175,144,1
Montes Claros,Montes Claros,2020-10-10,9512,115,144,0
Montes Claros,Montes Claros,2020-10-11,9584,72,144,0
Montes Claros,Montes Claros,2020-10-12,9584,0,144,0
Montes Claros,Montes Claros,2020-10-13,9584,0,144,0
Montes Claros,Montes Claros,2020-10-14,9662,78,144,0
Montes Claros,Montes Claros,2020-10-15,9796,134,150,6
Montes Claros,Montes Claros,2020-10-16,9882,86,152,2
Montes Claros,Montes Claros,2020-10-17,10038,156,151,-1
Montes Claros,Montes Claros,2020-10-18,10086,48,151,0
Montes Claros,Montes Claros,2020-10-19,10090,4,151,0
Montes Claros,Montes Claros,2020-10-20,10135,45,154,3
Montes Claros,Montes Claros,2020-10-21,10137,2,155,1
Montes Claros,Montes Claros,2020-10-22,10539,402,157,2
Montes Claros,Montes Claros,2020-10-23,10697,158,163,6
Montes Claros,Montes Claros,2020-10-24,10791,94,165,2
Montes Claros,Montes Claros,2020-10-25,10791,0,167,2
Montes Claros,Montes Claros,2020-10-26,10886,95,167,0
Montes Claros,Montes Claros,2020-10-27,10920,34,167,0
Montes Claros,Montes Claros,2020-10-28,11021,101,167,0
Montes Claros,Montes Claros,2020-10-29,11161,140,170,3
Montes Claros,Montes Claros,2020-10-30,11357,196,171,1
Montes Claros,Montes Claros,2020-10-31,11426,69,173,2
Montes Claros,Montes Claros,2020-11-01,11484,58,173,0
Montes Claros,Montes Claros,2020-11-02,11484,0,173,0
Montes Claros,Montes Claros,2020-11-03,11484,0,173,0
Montes Claros,Montes Claros,2020-11-04,11507,23,173,0
Montes Claros,Montes Claros,2020-11-05,11689,182,174,1
Montes Claros,Montes Claros,2020-11-06,11769,80,186,12
Montes Claros,Montes Claros,2020-11-07,11868,99,186,0
Montes Claros,Montes Claros,2020-11-08,11923,55,186,0
Montes Claros,Montes Claros,2020-11-09,11923,0,186,0
Montes Claros,Montes Claros,2020-11-10,11989,66,186,0
Montes Claros,Montes Claros,2020-11-11,12065,76,186,0
Montes Claros,Montes Claros,2020-11-12,12141,76,191,5
Montes Claros,Montes Claros,2020-11-13,12205,64,198,7
Montes Claros,Montes Claros,2020-11-14,12256,51,200,2
Montes Claros,Montes Claros,2020-11-15,12290,34,200,0
Montes Claros,Montes Claros,2020-11-16,12290,0,200,0
Montes Claros,Montes Claros,2020-11-17,12310,20,200,0
Montes Claros,Montes Claros,2020-11-18,12374,64,200,0
Montes Claros,Montes Claros,2020-11-19,12430,56,200,0
Montes Claros,Montes Claros,2020-11-20,12509,79,202,2
Montes Claros,Montes Claros,2020-11-21,12554,45,202,0
Montes Claros,Montes Claros,2020-11-22,12562,8,202,0
Montes Claros,Montes Claros,2020-11-23,12562,0,202,0
Montes Claros,Montes Claros,2020-11-24,12591,29,202,0
Montes Claros,Montes Claros,2020-11-25,12690,99,204,2
Montes Claros,Montes Claros,2020-11-26,12743,53,203,-1
Montes Claros,Montes Claros,2020-11-27,12792,49,204,1
Montes Claros,Montes Claros,2020-11-28,12865,73,204,0
Montes Claros,Montes Claros,2020-11-29,12887,22,204,0
Montes Claros,Montes Claros,2020-11-30,12887,0,204,0
Montes Claros,Montes Claros,2020-12-01,12913,26,204,0
Montes Claros,Montes Claros,2020-12-02,12988,75,208,4
Montes Claros,Montes Claros,2020-12-03,13057,69,210,2
Montes Claros,Montes Claros,2020-12-04,13110,53,210,0
Montes Claros,Montes Claros,2020-12-05,13143,33,210,0
Montes Claros,Montes Claros,2020-12-06,13186,43,209,-1
Montes Claros,Montes Claros,2020-12-07,13186,0,209,0
Montes Claros,Montes Claros,2020-12-08,13237,51,209,0
Montes Claros,Montes Claros,2020-12-09,13281,44,211,2
Montes Claros,Montes Claros,2020-12-10,13349,68,211,0
Montes Claros,Montes Claros,2020-12-11,13388,39,212,1
Montes Claros,Montes Claros,2020-12-12,13460,72,212,0
Montes Claros,Montes Claros,2020-12-13,13476,16,213,1
Montes Claros,Montes Claros,2020-12-14,13476,0,213,0
Montes Claros,Montes Claros,2020-12-15,13521,45,213,0
Montes Claros,Montes Claros,2020-12-16,13653,132,214,1
Montes Claros,Montes Claros,2020-12-17,13736,83,214,0
Montes Claros,Montes Claros,2020-12-18,13819,83,214,0
Montes Claros,Montes Claros,2020-12-19,13896,77,215,1
Montes Claros,Montes Claros,2020-12-20,13973,77,216,1
Montes Claros,Montes Claros,2020-12-21,13973,0,216,0
Montes Claros,Montes Claros,2020-12-22,13973,0,217,1
Montes Claros,Montes Claros,2020-12-23,14083,110,217,0
Montes Claros,Montes Claros,2020-12-24,14188,105,222,5
Montes Claros,Montes Claros,2020-12-25,14188,0,222,0
Montes Claros,Montes Claros,2020-12-26,14229,41,222,0
Montes Claros,Montes Claros,2020-12-27,14229,0,222,0
Montes Claros,Montes Claros,2020-12-28,14229,0,222,0
Montes Claros,Montes Claros,2020-12-29,14277,48,222,0
Montes Claros,Montes Claros,2020-12-30,14371,94,223,1
Montes Claros,Montes Claros,2020-12-31,14463,92,223,0
Montes Claros,Montes Claros,2021-01-01,14463,0,223,0
Montes Claros,Montes Claros,2021-01-02,14463,0,223,0
Montes Claros,Montes Claros,2021-01-03,14463,0,223,0
Montes Claros,Montes Claros,2021-01-04,14463,0,223,0
Montes Claros,Montes Claros,2021-01-05,14548,85,223,0
Montes Claros,Montes Claros,2021-01-06,14608,60,223,0
Montes Claros,Montes Claros,2021-01-07,14684,76,223,0
Montes Claros,Montes Claros,2021-01-08,14793,109,229,6
Montes Claros,Montes Claros,2021-01-09,14856,63,230,1
Montes Claros,Montes Claros,2021-01-10,14888,32,231,1
Montes Claros,Montes Claros,2021-01-11,14888,0,231,0
Montes Claros,Montes Claros,2021-01-12,14996,108,231,0
Montes Claros,Montes Claros,2021-01-13,15056,60,232,1
Montes Claros,Montes Claros,2021-01-14,15137,81,233,1
Montes Claros,Montes Claros,2021-01-15,15294,157,233,0
Montes Claros,Montes Claros,2021-01-16,15457,163,235,2
Montes Claros,Montes Claros,2021-01-17,15487,30,237,2
Montes Claros,Montes Claros,2021-01-18,15487,0,237,0
Montes Claros,Montes Claros,2021-01-19,15524,37,237,0
Montes Claros,Montes Claros,2021-01-20,15668,144,239,2
Montes Claros,Montes Claros,2021-01-21,15774,106,246,7
Montes Claros,Montes Claros,2021-01-22,15846,72,245,-1
Montes Claros,Montes Claros,2021-01-23,16009,163,246,1
Montes Claros,Montes Claros,2021-01-24,16020,11,245,-1
Montes Claros,Montes Claros,2021-01-25,16020,0,245,0
Montes Claros,Montes Claros,2021-01-26,16075,55,245,0
Montes Claros,Montes Claros,2021-01-27,16231,156,247,2
Montes Claros,Montes Claros,2021-01-28,16281,50,250,3
Montes Claros,Montes Claros,2021-01-29,16400,119,252,2
Montes Claros,Montes Claros,2021-01-30,16468,68,252,0
Montes Claros,Montes Claros,2021-01-31,16540,72,252,0
Montes Claros,Montes Claros,2021-02-01,16540,0,252,0
Montes Claros,Montes Claros,2021-02-02,16654,114,256,4
Montes Claros,Montes Claros,2021-02-03,16654,0,257,1
Montes Claros,Montes Claros,2021-02-04,16806,152,260,3
Montes Claros,Montes Claros,2021-02-05,16992,186,261,1
Montes Claros,Montes Claros,2021-02-06,16992,0,260,-1
Montes Claros,Montes Claros,2021-02-07,17114,122,262,2
Montes Claros,Montes Claros,2021-02-08,17130,16,262,0
