city,city,date,cases,daily cases,deaths,daily deaths
Monte Aprazível,Monte Aprazível,2020-03-27,0,0,0,0
Monte Aprazível,Monte Aprazível,2020-03-28,0,0,0,0
Monte Aprazível,Monte Aprazível,2020-03-29,0,0,0,0
Monte Aprazível,Monte Aprazível,2020-03-30,0,0,0,0
Monte Aprazível,Monte Aprazível,2020-03-31,0,0,0,0
Monte Aprazível,Monte Aprazível,2020-04-01,0,0,0,0
Monte Aprazível,Monte Aprazível,2020-04-02,0,0,0,0
Monte Aprazível,Monte Aprazível,2020-04-03,0,0,0,0
Monte Aprazível,Monte Aprazível,2020-04-04,0,0,0,0
Monte Aprazível,Monte Aprazível,2020-04-05,0,0,0,0
Monte Aprazível,Monte Aprazível,2020-04-06,0,0,0,0
Monte Aprazível,Monte Aprazível,2020-04-07,0,0,0,0
Monte Aprazível,Monte Aprazível,2020-04-08,0,0,0,0
Monte Aprazível,Monte Aprazível,2020-04-09,0,0,0,0
Monte Aprazível,Monte Aprazível,2020-04-10,0,0,0,0
Monte Aprazível,Monte Aprazível,2020-04-11,0,0,0,0
Monte Aprazível,Monte Aprazível,2020-04-12,0,0,0,0
Monte Aprazível,Monte Aprazível,2020-04-13,0,0,0,0
Monte Aprazível,Monte Aprazível,2020-04-14,0,0,0,0
Monte Aprazível,Monte Aprazível,2020-04-15,0,0,0,0
Monte Aprazível,Monte Aprazível,2020-04-16,0,0,0,0
Monte Aprazível,Monte Aprazível,2020-04-17,0,0,0,0
Monte Aprazível,Monte Aprazível,2020-04-18,0,0,0,0
Monte Aprazível,Monte Aprazível,2020-04-19,0,0,0,0
Monte Aprazível,Monte Aprazível,2020-04-20,0,0,0,0
Monte Aprazível,Monte Aprazível,2020-04-21,0,0,0,0
Monte Aprazível,Monte Aprazível,2020-04-22,0,0,0,0
Monte Aprazível,Monte Aprazível,2020-04-23,0,0,0,0
Monte Aprazível,Monte Aprazível,2020-04-24,0,0,0,0
Monte Aprazível,Monte Aprazível,2020-04-25,0,0,0,0
Monte Aprazível,Monte Aprazível,2020-04-26,0,0,0,0
Monte Aprazível,Monte Aprazível,2020-04-27,0,0,0,0
Monte Aprazível,Monte Aprazível,2020-04-28,0,0,0,0
Monte Aprazível,Monte Aprazível,2020-04-29,0,0,0,0
Monte Aprazível,Monte Aprazível,2020-04-30,0,0,0,0
Monte Aprazível,Monte Aprazível,2020-05-01,0,0,0,0
Monte Aprazível,Monte Aprazível,2020-05-02,0,0,0,0
Monte Aprazível,Monte Aprazível,2020-05-03,0,0,0,0
Monte Aprazível,Monte Aprazível,2020-05-04,0,0,0,0
Monte Aprazível,Monte Aprazível,2020-05-05,0,0,0,0
Monte Aprazível,Monte Aprazível,2020-05-06,0,0,0,0
Monte Aprazível,Monte Aprazível,2020-05-07,1,1,0,0
Monte Aprazível,Monte Aprazível,2020-05-08,1,0,0,0
Monte Aprazível,Monte Aprazível,2020-05-09,1,0,0,0
Monte Aprazível,Monte Aprazível,2020-05-10,1,0,0,0
Monte Aprazível,Monte Aprazível,2020-05-11,1,0,0,0
Monte Aprazível,Monte Aprazível,2020-05-12,1,0,0,0
Monte Aprazível,Monte Aprazível,2020-05-13,2,1,0,0
Monte Aprazível,Monte Aprazível,2020-05-14,2,0,0,0
Monte Aprazível,Monte Aprazível,2020-05-15,3,1,0,0
Monte Aprazível,Monte Aprazível,2020-05-16,3,0,0,0
Monte Aprazível,Monte Aprazível,2020-05-17,3,0,0,0
Monte Aprazível,Monte Aprazível,2020-05-18,3,0,0,0
Monte Aprazível,Monte Aprazível,2020-05-19,3,0,0,0
Monte Aprazível,Monte Aprazível,2020-05-20,3,0,0,0
Monte Aprazível,Monte Aprazível,2020-05-21,4,1,0,0
Monte Aprazível,Monte Aprazível,2020-05-22,4,0,0,0
Monte Aprazível,Monte Aprazível,2020-05-23,5,1,0,0
Monte Aprazível,Monte Aprazível,2020-05-24,5,0,0,0
Monte Aprazível,Monte Aprazível,2020-05-25,5,0,0,0
Monte Aprazível,Monte Aprazível,2020-05-26,5,0,1,1
Monte Aprazível,Monte Aprazível,2020-05-27,5,0,1,0
Monte Aprazível,Monte Aprazível,2020-05-28,6,1,1,0
Monte Aprazível,Monte Aprazível,2020-05-29,6,0,1,0
Monte Aprazível,Monte Aprazível,2020-05-30,6,0,1,0
Monte Aprazível,Monte Aprazível,2020-05-31,6,0,1,0
Monte Aprazível,Monte Aprazível,2020-06-01,6,0,1,0
Monte Aprazível,Monte Aprazível,2020-06-02,8,2,1,0
Monte Aprazível,Monte Aprazível,2020-06-03,8,0,1,0
Monte Aprazível,Monte Aprazível,2020-06-04,8,0,1,0
Monte Aprazível,Monte Aprazível,2020-06-05,10,2,1,0
Monte Aprazível,Monte Aprazível,2020-06-06,11,1,1,0
Monte Aprazível,Monte Aprazível,2020-06-07,12,1,1,0
Monte Aprazível,Monte Aprazível,2020-06-08,12,0,1,0
Monte Aprazível,Monte Aprazível,2020-06-09,11,-1,1,0
Monte Aprazível,Monte Aprazível,2020-06-10,12,1,1,0
Monte Aprazível,Monte Aprazível,2020-06-11,13,1,1,0
Monte Aprazível,Monte Aprazível,2020-06-12,13,0,1,0
Monte Aprazível,Monte Aprazível,2020-06-13,14,1,1,0
Monte Aprazível,Monte Aprazível,2020-06-14,14,0,1,0
Monte Aprazível,Monte Aprazível,2020-06-15,14,0,1,0
Monte Aprazível,Monte Aprazível,2020-06-16,19,5,1,0
Monte Aprazível,Monte Aprazível,2020-06-17,19,0,1,0
Monte Aprazível,Monte Aprazível,2020-06-18,19,0,1,0
Monte Aprazível,Monte Aprazível,2020-06-19,23,4,1,0
Monte Aprazível,Monte Aprazível,2020-06-20,24,1,1,0
Monte Aprazível,Monte Aprazível,2020-06-21,25,1,1,0
Monte Aprazível,Monte Aprazível,2020-06-22,25,0,1,0
Monte Aprazível,Monte Aprazível,2020-06-23,28,3,1,0
Monte Aprazível,Monte Aprazível,2020-06-24,32,4,1,0
Monte Aprazível,Monte Aprazível,2020-06-25,39,7,1,0
Monte Aprazível,Monte Aprazível,2020-06-26,41,2,1,0
Monte Aprazível,Monte Aprazível,2020-06-27,42,1,1,0
Monte Aprazível,Monte Aprazível,2020-06-28,44,2,1,0
Monte Aprazível,Monte Aprazível,2020-06-29,49,5,1,0
Monte Aprazível,Monte Aprazível,2020-06-30,52,3,1,0
Monte Aprazível,Monte Aprazível,2020-07-01,57,5,1,0
Monte Aprazível,Monte Aprazível,2020-07-02,63,6,1,0
Monte Aprazível,Monte Aprazível,2020-07-03,68,5,1,0
Monte Aprazível,Monte Aprazível,2020-07-04,68,0,1,0
Monte Aprazível,Monte Aprazível,2020-07-05,77,9,1,0
Monte Aprazível,Monte Aprazível,2020-07-06,81,4,1,0
Monte Aprazível,Monte Aprazível,2020-07-07,89,8,1,0
Monte Aprazível,Monte Aprazível,2020-07-08,91,2,1,0
Monte Aprazível,Monte Aprazível,2020-07-09,105,14,2,1
Monte Aprazível,Monte Aprazível,2020-07-10,108,3,3,1
Monte Aprazível,Monte Aprazível,2020-07-11,120,12,3,0
Monte Aprazível,Monte Aprazível,2020-07-12,121,1,4,1
Monte Aprazível,Monte Aprazível,2020-07-13,123,2,5,1
Monte Aprazível,Monte Aprazível,2020-07-14,138,15,6,1
Monte Aprazível,Monte Aprazível,2020-07-15,145,7,6,0
Monte Aprazível,Monte Aprazível,2020-07-16,159,14,6,0
Monte Aprazível,Monte Aprazível,2020-07-17,163,4,6,0
Monte Aprazível,Monte Aprazível,2020-07-18,163,0,6,0
Monte Aprazível,Monte Aprazível,2020-07-19,165,2,6,0
Monte Aprazível,Monte Aprazível,2020-07-20,166,1,6,0
Monte Aprazível,Monte Aprazível,2020-07-21,168,2,6,0
Monte Aprazível,Monte Aprazível,2020-07-22,203,35,6,0
Monte Aprazível,Monte Aprazível,2020-07-23,217,14,6,0
Monte Aprazível,Monte Aprazível,2020-07-24,225,8,6,0
Monte Aprazível,Monte Aprazível,2020-07-25,257,32,6,0
Monte Aprazível,Monte Aprazível,2020-07-26,262,5,6,0
Monte Aprazível,Monte Aprazível,2020-07-27,263,1,6,0
Monte Aprazível,Monte Aprazível,2020-07-28,263,0,6,0
Monte Aprazível,Monte Aprazível,2020-07-29,298,35,6,0
Monte Aprazível,Monte Aprazível,2020-07-30,307,9,6,0
Monte Aprazível,Monte Aprazível,2020-07-31,335,28,6,0
Monte Aprazível,Monte Aprazível,2020-08-01,347,12,6,0
Monte Aprazível,Monte Aprazível,2020-08-02,351,4,6,0
Monte Aprazível,Monte Aprazível,2020-08-03,353,2,7,1
Monte Aprazível,Monte Aprazível,2020-08-04,376,23,7,0
Monte Aprazível,Monte Aprazível,2020-08-05,381,5,8,1
Monte Aprazível,Monte Aprazível,2020-08-06,384,3,8,0
Monte Aprazível,Monte Aprazível,2020-08-07,385,1,8,0
Monte Aprazível,Monte Aprazível,2020-08-08,401,16,8,0
Monte Aprazível,Monte Aprazível,2020-08-09,403,2,8,0
Monte Aprazível,Monte Aprazível,2020-08-10,405,2,8,0
Monte Aprazível,Monte Aprazível,2020-08-11,410,5,8,0
Monte Aprazível,Monte Aprazível,2020-08-12,415,5,8,0
Monte Aprazível,Monte Aprazível,2020-08-13,437,22,9,1
Monte Aprazível,Monte Aprazível,2020-08-14,448,11,9,0
Monte Aprazível,Monte Aprazível,2020-08-15,464,16,9,0
Monte Aprazível,Monte Aprazível,2020-08-16,464,0,9,0
Monte Aprazível,Monte Aprazível,2020-08-17,469,5,9,0
Monte Aprazível,Monte Aprazível,2020-08-18,478,9,9,0
Monte Aprazível,Monte Aprazível,2020-08-19,487,9,9,0
Monte Aprazível,Monte Aprazível,2020-08-20,499,12,9,0
Monte Aprazível,Monte Aprazível,2020-08-21,499,0,9,0
Monte Aprazível,Monte Aprazível,2020-08-22,514,15,9,0
Monte Aprazível,Monte Aprazível,2020-08-23,515,1,9,0
Monte Aprazível,Monte Aprazível,2020-08-24,517,2,9,0
Monte Aprazível,Monte Aprazível,2020-08-25,520,3,10,1
Monte Aprazível,Monte Aprazível,2020-08-26,527,7,10,0
Monte Aprazível,Monte Aprazível,2020-08-27,530,3,10,0
Monte Aprazível,Monte Aprazível,2020-08-28,544,14,10,0
Monte Aprazível,Monte Aprazível,2020-08-29,547,3,11,1
Monte Aprazível,Monte Aprazível,2020-08-30,549,2,11,0
Monte Aprazível,Monte Aprazível,2020-08-31,552,3,11,0
Monte Aprazível,Monte Aprazível,2020-09-01,555,3,12,1
Monte Aprazível,Monte Aprazível,2020-09-02,558,3,12,0
Monte Aprazível,Monte Aprazível,2020-09-03,561,3,12,0
Monte Aprazível,Monte Aprazível,2020-09-04,567,6,12,0
Monte Aprazível,Monte Aprazível,2020-09-05,568,1,12,0
Monte Aprazível,Monte Aprazível,2020-09-06,568,0,12,0
Monte Aprazível,Monte Aprazível,2020-09-07,568,0,12,0
Monte Aprazível,Monte Aprazível,2020-09-08,569,1,12,0
Monte Aprazível,Monte Aprazível,2020-09-09,578,9,12,0
Monte Aprazível,Monte Aprazível,2020-09-10,578,0,12,0
Monte Aprazível,Monte Aprazível,2020-09-11,587,9,12,0
Monte Aprazível,Monte Aprazível,2020-09-12,590,3,13,1
Monte Aprazível,Monte Aprazível,2020-09-13,592,2,13,0
Monte Aprazível,Monte Aprazível,2020-09-14,593,1,13,0
Monte Aprazível,Monte Aprazível,2020-09-15,604,11,13,0
Monte Aprazível,Monte Aprazível,2020-09-16,607,3,13,0
Monte Aprazível,Monte Aprazível,2020-09-17,608,1,13,0
Monte Aprazível,Monte Aprazível,2020-09-18,611,3,14,1
Monte Aprazível,Monte Aprazível,2020-09-19,618,7,14,0
Monte Aprazível,Monte Aprazível,2020-09-20,623,5,14,0
Monte Aprazível,Monte Aprazível,2020-09-21,629,6,14,0
Monte Aprazível,Monte Aprazível,2020-09-22,633,4,13,-1
Monte Aprazível,Monte Aprazível,2020-09-23,639,6,13,0
Monte Aprazível,Monte Aprazível,2020-09-24,640,1,13,0
Monte Aprazível,Monte Aprazível,2020-09-25,644,4,14,1
Monte Aprazível,Monte Aprazível,2020-09-26,646,2,14,0
Monte Aprazível,Monte Aprazível,2020-09-27,646,0,14,0
Monte Aprazível,Monte Aprazível,2020-09-28,647,1,14,0
Monte Aprazível,Monte Aprazível,2020-09-29,654,7,14,0
Monte Aprazível,Monte Aprazível,2020-09-30,659,5,14,0
Monte Aprazível,Monte Aprazível,2020-10-01,668,9,14,0
Monte Aprazível,Monte Aprazível,2020-10-02,673,5,14,0
Monte Aprazível,Monte Aprazível,2020-10-03,675,2,14,0
Monte Aprazível,Monte Aprazível,2020-10-04,673,-2,14,0
Monte Aprazível,Monte Aprazível,2020-10-05,673,0,14,0
Monte Aprazível,Monte Aprazível,2020-10-06,676,3,14,0
Monte Aprazível,Monte Aprazível,2020-10-07,680,4,14,0
Monte Aprazível,Monte Aprazível,2020-10-08,680,0,14,0
Monte Aprazível,Monte Aprazível,2020-10-09,685,5,14,0
Monte Aprazível,Monte Aprazível,2020-10-10,685,0,14,0
Monte Aprazível,Monte Aprazível,2020-10-11,688,3,14,0
Monte Aprazível,Monte Aprazível,2020-10-12,689,1,14,0
Monte Aprazível,Monte Aprazível,2020-10-13,691,2,14,0
Monte Aprazível,Monte Aprazível,2020-10-14,694,3,14,0
Monte Aprazível,Monte Aprazível,2020-10-15,694,0,15,1
Monte Aprazível,Monte Aprazível,2020-10-16,696,2,15,0
Monte Aprazível,Monte Aprazível,2020-10-17,697,1,15,0
Monte Aprazível,Monte Aprazível,2020-10-18,697,0,15,0
Monte Aprazível,Monte Aprazível,2020-10-19,698,1,15,0
Monte Aprazível,Monte Aprazível,2020-10-20,701,3,15,0
Monte Aprazível,Monte Aprazível,2020-10-21,704,3,15,0
Monte Aprazível,Monte Aprazível,2020-10-22,706,2,16,1
Monte Aprazível,Monte Aprazível,2020-10-23,713,7,16,0
Monte Aprazível,Monte Aprazível,2020-10-24,716,3,16,0
Monte Aprazível,Monte Aprazível,2020-10-25,716,0,16,0
Monte Aprazível,Monte Aprazível,2020-10-26,717,1,16,0
Monte Aprazível,Monte Aprazível,2020-10-27,717,0,16,0
Monte Aprazível,Monte Aprazível,2020-10-28,722,5,17,1
Monte Aprazível,Monte Aprazível,2020-10-29,723,1,17,0
Monte Aprazível,Monte Aprazível,2020-10-30,724,1,17,0
Monte Aprazível,Monte Aprazível,2020-10-31,724,0,17,0
Monte Aprazível,Monte Aprazível,2020-11-01,724,0,18,1
Monte Aprazível,Monte Aprazível,2020-11-02,725,1,18,0
Monte Aprazível,Monte Aprazível,2020-11-03,725,0,18,0
Monte Aprazível,Monte Aprazível,2020-11-04,729,4,18,0
Monte Aprazível,Monte Aprazível,2020-11-05,730,1,18,0
Monte Aprazível,Monte Aprazível,2020-11-06,730,0,18,0
Monte Aprazível,Monte Aprazível,2020-11-07,730,0,18,0
Monte Aprazível,Monte Aprazível,2020-11-08,730,0,18,0
Monte Aprazível,Monte Aprazível,2020-11-09,730,0,18,0
Monte Aprazível,Monte Aprazível,2020-11-10,730,0,18,0
Monte Aprazível,Monte Aprazível,2020-11-11,736,6,18,0
Monte Aprazível,Monte Aprazível,2020-11-12,738,2,18,0
Monte Aprazível,Monte Aprazível,2020-11-13,739,1,18,0
Monte Aprazível,Monte Aprazível,2020-11-14,742,3,18,0
Monte Aprazível,Monte Aprazível,2020-11-15,742,0,18,0
Monte Aprazível,Monte Aprazível,2020-11-16,742,0,18,0
Monte Aprazível,Monte Aprazível,2020-11-17,741,-1,17,-1
Monte Aprazível,Monte Aprazível,2020-11-18,741,0,17,0
Monte Aprazível,Monte Aprazível,2020-11-19,746,5,17,0
Monte Aprazível,Monte Aprazível,2020-11-20,746,0,17,0
Monte Aprazível,Monte Aprazível,2020-11-21,748,2,17,0
Monte Aprazível,Monte Aprazível,2020-11-22,748,0,17,0
Monte Aprazível,Monte Aprazível,2020-11-23,751,3,17,0
Monte Aprazível,Monte Aprazível,2020-11-24,754,3,18,1
Monte Aprazível,Monte Aprazível,2020-11-25,758,4,18,0
Monte Aprazível,Monte Aprazível,2020-11-26,758,0,18,0
Monte Aprazível,Monte Aprazível,2020-11-27,763,5,18,0
Monte Aprazível,Monte Aprazível,2020-11-28,771,8,18,0
Monte Aprazível,Monte Aprazível,2020-11-29,772,1,18,0
Monte Aprazível,Monte Aprazível,2020-11-30,772,0,18,0
Monte Aprazível,Monte Aprazível,2020-12-01,783,11,18,0
Monte Aprazível,Monte Aprazível,2020-12-02,785,2,18,0
Monte Aprazível,Monte Aprazível,2020-12-03,790,5,18,0
Monte Aprazível,Monte Aprazível,2020-12-04,790,0,19,1
Monte Aprazível,Monte Aprazível,2020-12-05,796,6,20,1
Monte Aprazível,Monte Aprazível,2020-12-06,797,1,20,0
Monte Aprazível,Monte Aprazível,2020-12-07,798,1,20,0
Monte Aprazível,Monte Aprazível,2020-12-08,803,5,20,0
Monte Aprazível,Monte Aprazível,2020-12-09,805,2,20,0
Monte Aprazível,Monte Aprazível,2020-12-10,806,1,20,0
Monte Aprazível,Monte Aprazível,2020-12-11,821,15,20,0
Monte Aprazível,Monte Aprazível,2020-12-12,821,0,20,0
Monte Aprazível,Monte Aprazível,2020-12-13,822,1,20,0
Monte Aprazível,Monte Aprazível,2020-12-14,826,4,20,0
Monte Aprazível,Monte Aprazível,2020-12-15,830,4,20,0
Monte Aprazível,Monte Aprazível,2020-12-16,830,0,20,0
Monte Aprazível,Monte Aprazível,2020-12-17,836,6,21,1
Monte Aprazível,Monte Aprazível,2020-12-18,840,4,21,0
Monte Aprazível,Monte Aprazível,2020-12-19,842,2,22,1
Monte Aprazível,Monte Aprazível,2020-12-20,842,0,22,0
Monte Aprazível,Monte Aprazível,2020-12-21,844,2,22,0
Monte Aprazível,Monte Aprazível,2020-12-22,848,4,22,0
Monte Aprazível,Monte Aprazível,2020-12-23,853,5,22,0
Monte Aprazível,Monte Aprazível,2020-12-24,852,-1,22,0
Monte Aprazível,Monte Aprazível,2020-12-25,855,3,23,1
Monte Aprazível,Monte Aprazível,2020-12-26,855,0,23,0
Monte Aprazível,Monte Aprazível,2020-12-27,856,1,23,0
Monte Aprazível,Monte Aprazível,2020-12-28,856,0,23,0
Monte Aprazível,Monte Aprazível,2020-12-29,860,4,23,0
Monte Aprazível,Monte Aprazível,2020-12-30,863,3,24,1
Monte Aprazível,Monte Aprazível,2020-12-31,866,3,24,0
Monte Aprazível,Monte Aprazível,2021-01-01,869,3,24,0
Monte Aprazível,Monte Aprazível,2021-01-02,869,0,24,0
Monte Aprazível,Monte Aprazível,2021-01-03,869,0,24,0
Monte Aprazível,Monte Aprazível,2021-01-04,870,1,24,0
Monte Aprazível,Monte Aprazível,2021-01-05,889,19,24,0
Monte Aprazível,Monte Aprazível,2021-01-06,896,7,24,0
Monte Aprazível,Monte Aprazível,2021-01-07,897,1,24,0
Monte Aprazível,Monte Aprazível,2021-01-08,901,4,24,0
Monte Aprazível,Monte Aprazível,2021-01-09,906,5,24,0
Monte Aprazível,Monte Aprazível,2021-01-10,908,2,24,0
Monte Aprazível,Monte Aprazível,2021-01-11,909,1,24,0
Monte Aprazível,Monte Aprazível,2021-01-12,913,4,24,0
Monte Aprazível,Monte Aprazível,2021-01-13,916,3,24,0
Monte Aprazível,Monte Aprazível,2021-01-14,918,2,24,0
Monte Aprazível,Monte Aprazível,2021-01-15,926,8,24,0
Monte Aprazível,Monte Aprazível,2021-01-16,937,11,26,2
Monte Aprazível,Monte Aprazível,2021-01-17,940,3,26,0
Monte Aprazível,Monte Aprazível,2021-01-18,940,0,26,0
Monte Aprazível,Monte Aprazível,2021-01-19,953,13,26,0
Monte Aprazível,Monte Aprazível,2021-01-20,963,10,26,0
Monte Aprazível,Monte Aprazível,2021-01-21,965,2,26,0
Monte Aprazível,Monte Aprazível,2021-01-22,985,20,26,0
Monte Aprazível,Monte Aprazível,2021-01-23,986,1,26,0
Monte Aprazível,Monte Aprazível,2021-01-24,987,1,26,0
Monte Aprazível,Monte Aprazível,2021-01-25,989,2,26,0
Monte Aprazível,Monte Aprazível,2021-01-26,999,10,26,0
Monte Aprazível,Monte Aprazível,2021-01-27,1000,1,26,0
Monte Aprazível,Monte Aprazível,2021-01-28,1012,12,26,0
Monte Aprazível,Monte Aprazível,2021-01-29,1020,8,26,0
Monte Aprazível,Monte Aprazível,2021-01-30,1026,6,26,0
Monte Aprazível,Monte Aprazível,2021-01-31,1027,1,26,0
Monte Aprazível,Monte Aprazível,2021-02-01,1029,2,26,0
Monte Aprazível,Monte Aprazível,2021-02-02,1037,8,26,0
Monte Aprazível,Monte Aprazível,2021-02-03,1038,1,26,0
Monte Aprazível,Monte Aprazível,2021-02-04,1048,10,26,0
Monte Aprazível,Monte Aprazível,2021-02-05,1055,7,26,0
Monte Aprazível,Monte Aprazível,2021-02-06,1060,5,26,0
Monte Aprazível,Monte Aprazível,2021-02-07,1063,3,26,0
Monte Aprazível,Monte Aprazível,2021-02-08,1064,1,26,0
