city,city,date,cases,daily cases,deaths,daily deaths
Nhamundá,Nhamundá,2020-03-27,0,0,0,0
Nhamundá,Nhamundá,2020-03-28,0,0,0,0
Nhamundá,Nhamundá,2020-03-29,0,0,0,0
Nhamundá,Nhamundá,2020-03-30,0,0,0,0
Nhamundá,Nhamundá,2020-03-31,0,0,0,0
Nhamundá,Nhamundá,2020-04-01,0,0,0,0
Nhamundá,Nhamundá,2020-04-02,0,0,0,0
Nhamundá,Nhamundá,2020-04-03,0,0,0,0
Nhamundá,Nhamundá,2020-04-04,0,0,0,0
Nhamundá,Nhamundá,2020-04-05,0,0,0,0
Nhamundá,Nhamundá,2020-04-06,0,0,0,0
Nhamundá,Nhamundá,2020-04-07,0,0,0,0
Nhamundá,Nhamundá,2020-04-08,0,0,0,0
Nhamundá,Nhamundá,2020-04-09,0,0,0,0
Nhamundá,Nhamundá,2020-04-10,0,0,0,0
Nhamundá,Nhamundá,2020-04-11,0,0,0,0
Nhamundá,Nhamundá,2020-04-12,0,0,0,0
Nhamundá,Nhamundá,2020-04-13,0,0,0,0
Nhamundá,Nhamundá,2020-04-14,0,0,0,0
Nhamundá,Nhamundá,2020-04-15,0,0,0,0
Nhamundá,Nhamundá,2020-04-16,0,0,0,0
Nhamundá,Nhamundá,2020-04-17,0,0,0,0
Nhamundá,Nhamundá,2020-04-18,0,0,0,0
Nhamundá,Nhamundá,2020-04-19,0,0,0,0
Nhamundá,Nhamundá,2020-04-20,0,0,0,0
Nhamundá,Nhamundá,2020-04-21,0,0,0,0
Nhamundá,Nhamundá,2020-04-22,0,0,0,0
Nhamundá,Nhamundá,2020-04-23,1,1,0,0
Nhamundá,Nhamundá,2020-04-24,1,0,0,0
Nhamundá,Nhamundá,2020-04-25,1,0,0,0
Nhamundá,Nhamundá,2020-04-26,1,0,0,0
Nhamundá,Nhamundá,2020-04-27,1,0,0,0
Nhamundá,Nhamundá,2020-04-28,1,0,0,0
Nhamundá,Nhamundá,2020-04-29,1,0,0,0
Nhamundá,Nhamundá,2020-04-30,1,0,0,0
Nhamundá,Nhamundá,2020-05-01,1,0,0,0
Nhamundá,Nhamundá,2020-05-02,1,0,0,0
Nhamundá,Nhamundá,2020-05-03,1,0,0,0
Nhamundá,Nhamundá,2020-05-04,1,0,0,0
Nhamundá,Nhamundá,2020-05-05,2,1,1,1
Nhamundá,Nhamundá,2020-05-06,4,2,1,0
Nhamundá,Nhamundá,2020-05-07,4,0,1,0
Nhamundá,Nhamundá,2020-05-08,4,0,1,0
Nhamundá,Nhamundá,2020-05-09,9,5,1,0
Nhamundá,Nhamundá,2020-05-10,13,4,1,0
Nhamundá,Nhamundá,2020-05-11,14,1,1,0
Nhamundá,Nhamundá,2020-05-12,19,5,1,0
Nhamundá,Nhamundá,2020-05-13,22,3,1,0
Nhamundá,Nhamundá,2020-05-14,25,3,1,0
Nhamundá,Nhamundá,2020-05-15,27,2,1,0
Nhamundá,Nhamundá,2020-05-16,28,1,1,0
Nhamundá,Nhamundá,2020-05-17,28,0,1,0
Nhamundá,Nhamundá,2020-05-18,29,1,1,0
Nhamundá,Nhamundá,2020-05-19,31,2,1,0
Nhamundá,Nhamundá,2020-05-20,34,3,1,0
Nhamundá,Nhamundá,2020-05-21,36,2,1,0
Nhamundá,Nhamundá,2020-05-22,36,0,1,0
Nhamundá,Nhamundá,2020-05-23,37,1,1,0
Nhamundá,Nhamundá,2020-05-24,38,1,1,0
Nhamundá,Nhamundá,2020-05-25,38,0,1,0
Nhamundá,Nhamundá,2020-05-26,38,0,1,0
Nhamundá,Nhamundá,2020-05-27,40,2,1,0
Nhamundá,Nhamundá,2020-05-28,48,8,1,0
Nhamundá,Nhamundá,2020-05-29,51,3,2,1
Nhamundá,Nhamundá,2020-05-30,53,2,2,0
Nhamundá,Nhamundá,2020-05-31,55,2,2,0
Nhamundá,Nhamundá,2020-06-01,56,1,2,0
Nhamundá,Nhamundá,2020-06-02,56,0,2,0
Nhamundá,Nhamundá,2020-06-03,56,0,2,0
Nhamundá,Nhamundá,2020-06-04,59,3,2,0
Nhamundá,Nhamundá,2020-06-05,61,2,2,0
Nhamundá,Nhamundá,2020-06-06,67,6,2,0
Nhamundá,Nhamundá,2020-06-07,72,5,2,0
Nhamundá,Nhamundá,2020-06-08,81,9,2,0
Nhamundá,Nhamundá,2020-06-09,83,2,2,0
Nhamundá,Nhamundá,2020-06-10,97,14,2,0
Nhamundá,Nhamundá,2020-06-11,102,5,2,0
Nhamundá,Nhamundá,2020-06-12,108,6,2,0
Nhamundá,Nhamundá,2020-06-13,110,2,2,0
Nhamundá,Nhamundá,2020-06-14,110,0,2,0
Nhamundá,Nhamundá,2020-06-15,110,0,2,0
Nhamundá,Nhamundá,2020-06-16,112,2,2,0
Nhamundá,Nhamundá,2020-06-17,114,2,2,0
Nhamundá,Nhamundá,2020-06-18,115,1,4,2
Nhamundá,Nhamundá,2020-06-19,121,6,4,0
Nhamundá,Nhamundá,2020-06-20,129,8,4,0
Nhamundá,Nhamundá,2020-06-21,131,2,4,0
Nhamundá,Nhamundá,2020-06-22,132,1,5,1
Nhamundá,Nhamundá,2020-06-23,138,6,5,0
Nhamundá,Nhamundá,2020-06-24,139,1,5,0
Nhamundá,Nhamundá,2020-06-25,142,3,4,-1
Nhamundá,Nhamundá,2020-06-26,144,2,4,0
Nhamundá,Nhamundá,2020-06-27,147,3,4,0
Nhamundá,Nhamundá,2020-06-28,148,1,4,0
Nhamundá,Nhamundá,2020-06-29,149,1,4,0
Nhamundá,Nhamundá,2020-06-30,153,4,5,1
Nhamundá,Nhamundá,2020-07-01,153,0,5,0
Nhamundá,Nhamundá,2020-07-02,154,1,5,0
Nhamundá,Nhamundá,2020-07-03,155,1,5,0
Nhamundá,Nhamundá,2020-07-04,158,3,5,0
Nhamundá,Nhamundá,2020-07-05,158,0,5,0
Nhamundá,Nhamundá,2020-07-06,159,1,5,0
Nhamundá,Nhamundá,2020-07-07,161,2,5,0
Nhamundá,Nhamundá,2020-07-08,163,2,5,0
Nhamundá,Nhamundá,2020-07-09,163,0,5,0
Nhamundá,Nhamundá,2020-07-10,170,7,5,0
Nhamundá,Nhamundá,2020-07-11,171,1,5,0
Nhamundá,Nhamundá,2020-07-12,171,0,5,0
Nhamundá,Nhamundá,2020-07-13,171,0,5,0
Nhamundá,Nhamundá,2020-07-14,192,21,5,0
Nhamundá,Nhamundá,2020-07-15,284,92,5,0
Nhamundá,Nhamundá,2020-07-16,328,44,5,0
Nhamundá,Nhamundá,2020-07-17,378,50,5,0
Nhamundá,Nhamundá,2020-07-18,404,26,5,0
Nhamundá,Nhamundá,2020-07-19,404,0,5,0
Nhamundá,Nhamundá,2020-07-20,413,9,5,0
Nhamundá,Nhamundá,2020-07-21,435,22,5,0
Nhamundá,Nhamundá,2020-07-22,435,0,5,0
Nhamundá,Nhamundá,2020-07-23,460,25,5,0
Nhamundá,Nhamundá,2020-07-24,465,5,5,0
Nhamundá,Nhamundá,2020-07-25,473,8,5,0
Nhamundá,Nhamundá,2020-07-26,473,0,5,0
Nhamundá,Nhamundá,2020-07-27,473,0,6,1
Nhamundá,Nhamundá,2020-07-28,487,14,7,1
Nhamundá,Nhamundá,2020-07-29,487,0,8,1
Nhamundá,Nhamundá,2020-07-30,487,0,8,0
Nhamundá,Nhamundá,2020-07-31,489,2,8,0
Nhamundá,Nhamundá,2020-08-01,508,19,8,0
Nhamundá,Nhamundá,2020-08-02,508,0,8,0
Nhamundá,Nhamundá,2020-08-03,510,2,8,0
Nhamundá,Nhamundá,2020-08-04,518,8,8,0
Nhamundá,Nhamundá,2020-08-05,526,8,8,0
Nhamundá,Nhamundá,2020-08-06,526,0,8,0
Nhamundá,Nhamundá,2020-08-07,529,3,9,1
Nhamundá,Nhamundá,2020-08-08,532,3,9,0
Nhamundá,Nhamundá,2020-08-09,532,0,9,0
Nhamundá,Nhamundá,2020-08-10,544,12,9,0
Nhamundá,Nhamundá,2020-08-11,546,2,9,0
Nhamundá,Nhamundá,2020-08-12,550,4,9,0
Nhamundá,Nhamundá,2020-08-13,555,5,9,0
Nhamundá,Nhamundá,2020-08-14,558,3,9,0
Nhamundá,Nhamundá,2020-08-15,559,1,9,0
Nhamundá,Nhamundá,2020-08-16,560,1,9,0
Nhamundá,Nhamundá,2020-08-17,560,0,9,0
Nhamundá,Nhamundá,2020-08-18,581,21,9,0
Nhamundá,Nhamundá,2020-08-19,591,10,9,0
Nhamundá,Nhamundá,2020-08-20,594,3,9,0
Nhamundá,Nhamundá,2020-08-21,596,2,9,0
Nhamundá,Nhamundá,2020-08-22,596,0,9,0
Nhamundá,Nhamundá,2020-08-23,618,22,9,0
Nhamundá,Nhamundá,2020-08-24,623,5,9,0
Nhamundá,Nhamundá,2020-08-25,655,32,9,0
Nhamundá,Nhamundá,2020-08-26,660,5,9,0
Nhamundá,Nhamundá,2020-08-27,670,10,9,0
Nhamundá,Nhamundá,2020-08-28,678,8,9,0
Nhamundá,Nhamundá,2020-08-29,691,13,9,0
Nhamundá,Nhamundá,2020-08-30,693,2,10,1
Nhamundá,Nhamundá,2020-08-31,693,0,10,0
Nhamundá,Nhamundá,2020-09-01,705,12,11,1
Nhamundá,Nhamundá,2020-09-02,715,10,11,0
Nhamundá,Nhamundá,2020-09-03,731,16,12,1
Nhamundá,Nhamundá,2020-09-04,738,7,12,0
Nhamundá,Nhamundá,2020-09-05,742,4,13,1
Nhamundá,Nhamundá,2020-09-06,744,2,13,0
Nhamundá,Nhamundá,2020-09-07,744,0,13,0
Nhamundá,Nhamundá,2020-09-08,744,0,13,0
Nhamundá,Nhamundá,2020-09-09,755,11,13,0
Nhamundá,Nhamundá,2020-09-10,757,2,13,0
Nhamundá,Nhamundá,2020-09-11,761,4,13,0
Nhamundá,Nhamundá,2020-09-12,761,0,13,0
Nhamundá,Nhamundá,2020-09-13,767,6,13,0
Nhamundá,Nhamundá,2020-09-14,767,0,13,0
Nhamundá,Nhamundá,2020-09-15,770,3,13,0
Nhamundá,Nhamundá,2020-09-16,776,6,13,0
Nhamundá,Nhamundá,2020-09-17,781,5,13,0
Nhamundá,Nhamundá,2020-09-18,787,6,13,0
Nhamundá,Nhamundá,2020-09-19,799,12,13,0
Nhamundá,Nhamundá,2020-09-20,799,0,13,0
Nhamundá,Nhamundá,2020-09-21,799,0,13,0
Nhamundá,Nhamundá,2020-09-22,815,16,13,0
Nhamundá,Nhamundá,2020-09-23,820,5,13,0
Nhamundá,Nhamundá,2020-09-24,828,8,13,0
Nhamundá,Nhamundá,2020-09-25,831,3,13,0
Nhamundá,Nhamundá,2020-09-26,843,12,13,0
Nhamundá,Nhamundá,2020-09-27,843,0,13,0
Nhamundá,Nhamundá,2020-09-28,843,0,14,1
Nhamundá,Nhamundá,2020-09-29,859,16,14,0
Nhamundá,Nhamundá,2020-09-30,868,9,14,0
Nhamundá,Nhamundá,2020-10-01,873,5,14,0
Nhamundá,Nhamundá,2020-10-02,876,3,14,0
Nhamundá,Nhamundá,2020-10-03,879,3,14,0
Nhamundá,Nhamundá,2020-10-04,879,0,14,0
Nhamundá,Nhamundá,2020-10-05,879,0,14,0
Nhamundá,Nhamundá,2020-10-06,884,5,14,0
Nhamundá,Nhamundá,2020-10-07,885,1,14,0
Nhamundá,Nhamundá,2020-10-08,887,2,14,0
Nhamundá,Nhamundá,2020-10-09,891,4,14,0
Nhamundá,Nhamundá,2020-10-10,894,3,14,0
Nhamundá,Nhamundá,2020-10-11,896,2,14,0
Nhamundá,Nhamundá,2020-10-12,898,2,14,0
Nhamundá,Nhamundá,2020-10-13,898,0,14,0
Nhamundá,Nhamundá,2020-10-14,901,3,14,0
Nhamundá,Nhamundá,2020-10-15,901,0,14,0
Nhamundá,Nhamundá,2020-10-16,905,4,14,0
Nhamundá,Nhamundá,2020-10-17,906,1,14,0
Nhamundá,Nhamundá,2020-10-18,906,0,14,0
Nhamundá,Nhamundá,2020-10-19,906,0,14,0
Nhamundá,Nhamundá,2020-10-20,907,1,14,0
Nhamundá,Nhamundá,2020-10-21,909,2,14,0
Nhamundá,Nhamundá,2020-10-22,909,0,14,0
Nhamundá,Nhamundá,2020-10-23,914,5,14,0
Nhamundá,Nhamundá,2020-10-24,914,0,14,0
Nhamundá,Nhamundá,2020-10-25,914,0,14,0
Nhamundá,Nhamundá,2020-10-26,915,1,14,0
Nhamundá,Nhamundá,2020-10-27,916,1,14,0
Nhamundá,Nhamundá,2020-10-28,919,3,14,0
Nhamundá,Nhamundá,2020-10-29,919,0,14,0
Nhamundá,Nhamundá,2020-10-30,920,1,14,0
Nhamundá,Nhamundá,2020-10-31,920,0,14,0
Nhamundá,Nhamundá,2020-11-01,920,0,15,1
Nhamundá,Nhamundá,2020-11-02,920,0,15,0
Nhamundá,Nhamundá,2020-11-03,920,0,15,0
Nhamundá,Nhamundá,2020-11-04,930,10,15,0
Nhamundá,Nhamundá,2020-11-05,930,0,15,0
Nhamundá,Nhamundá,2020-11-06,930,0,15,0
Nhamundá,Nhamundá,2020-11-07,930,0,15,0
Nhamundá,Nhamundá,2020-11-08,930,0,15,0
Nhamundá,Nhamundá,2020-11-09,932,2,15,0
Nhamundá,Nhamundá,2020-11-10,932,0,15,0
Nhamundá,Nhamundá,2020-11-11,937,5,15,0
Nhamundá,Nhamundá,2020-11-12,937,0,15,0
Nhamundá,Nhamundá,2020-11-13,944,7,15,0
Nhamundá,Nhamundá,2020-11-14,944,0,15,0
Nhamundá,Nhamundá,2020-11-15,944,0,15,0
Nhamundá,Nhamundá,2020-11-16,944,0,15,0
Nhamundá,Nhamundá,2020-11-17,946,2,15,0
Nhamundá,Nhamundá,2020-11-18,947,1,15,0
Nhamundá,Nhamundá,2020-11-19,947,0,15,0
Nhamundá,Nhamundá,2020-11-20,948,1,15,0
Nhamundá,Nhamundá,2020-11-21,948,0,15,0
Nhamundá,Nhamundá,2020-11-22,948,0,15,0
Nhamundá,Nhamundá,2020-11-23,948,0,15,0
Nhamundá,Nhamundá,2020-11-24,950,2,15,0
Nhamundá,Nhamundá,2020-11-25,954,4,16,1
Nhamundá,Nhamundá,2020-11-26,955,1,16,0
Nhamundá,Nhamundá,2020-11-27,955,0,16,0
Nhamundá,Nhamundá,2020-11-28,958,3,16,0
Nhamundá,Nhamundá,2020-11-29,958,0,16,0
Nhamundá,Nhamundá,2020-11-30,959,1,16,0
Nhamundá,Nhamundá,2020-12-01,964,5,16,0
Nhamundá,Nhamundá,2020-12-02,964,0,16,0
Nhamundá,Nhamundá,2020-12-03,964,0,16,0
Nhamundá,Nhamundá,2020-12-04,964,0,16,0
Nhamundá,Nhamundá,2020-12-05,964,0,16,0
Nhamundá,Nhamundá,2020-12-06,964,0,16,0
Nhamundá,Nhamundá,2020-12-07,964,0,16,0
Nhamundá,Nhamundá,2020-12-08,964,0,16,0
Nhamundá,Nhamundá,2020-12-09,964,0,16,0
Nhamundá,Nhamundá,2020-12-10,965,1,16,0
Nhamundá,Nhamundá,2020-12-11,966,1,16,0
Nhamundá,Nhamundá,2020-12-12,966,0,16,0
Nhamundá,Nhamundá,2020-12-13,966,0,16,0
Nhamundá,Nhamundá,2020-12-14,966,0,16,0
Nhamundá,Nhamundá,2020-12-15,966,0,16,0
Nhamundá,Nhamundá,2020-12-16,966,0,16,0
Nhamundá,Nhamundá,2020-12-17,966,0,16,0
Nhamundá,Nhamundá,2020-12-18,966,0,16,0
Nhamundá,Nhamundá,2020-12-19,966,0,16,0
Nhamundá,Nhamundá,2020-12-20,966,0,16,0
Nhamundá,Nhamundá,2020-12-21,966,0,16,0
Nhamundá,Nhamundá,2020-12-22,967,1,16,0
Nhamundá,Nhamundá,2020-12-23,967,0,16,0
Nhamundá,Nhamundá,2020-12-24,967,0,17,1
Nhamundá,Nhamundá,2020-12-25,967,0,17,0
Nhamundá,Nhamundá,2020-12-26,967,0,17,0
Nhamundá,Nhamundá,2020-12-27,967,0,17,0
Nhamundá,Nhamundá,2020-12-28,968,1,17,0
Nhamundá,Nhamundá,2020-12-29,969,1,17,0
Nhamundá,Nhamundá,2020-12-30,970,1,17,0
Nhamundá,Nhamundá,2020-12-31,971,1,17,0
Nhamundá,Nhamundá,2021-01-01,971,0,17,0
Nhamundá,Nhamundá,2021-01-02,971,0,17,0
Nhamundá,Nhamundá,2021-01-03,971,0,17,0
Nhamundá,Nhamundá,2021-01-04,971,0,17,0
Nhamundá,Nhamundá,2021-01-05,974,3,17,0
Nhamundá,Nhamundá,2021-01-06,974,0,17,0
Nhamundá,Nhamundá,2021-01-07,980,6,17,0
Nhamundá,Nhamundá,2021-01-08,980,0,17,0
Nhamundá,Nhamundá,2021-01-09,994,14,19,2
Nhamundá,Nhamundá,2021-01-10,996,2,19,0
Nhamundá,Nhamundá,2021-01-11,1001,5,19,0
Nhamundá,Nhamundá,2021-01-12,1004,3,19,0
Nhamundá,Nhamundá,2021-01-13,1012,8,19,0
Nhamundá,Nhamundá,2021-01-14,1015,3,19,0
Nhamundá,Nhamundá,2021-01-15,1024,9,20,1
Nhamundá,Nhamundá,2021-01-16,1040,16,20,0
Nhamundá,Nhamundá,2021-01-17,1042,2,20,0
Nhamundá,Nhamundá,2021-01-18,1055,13,20,0
Nhamundá,Nhamundá,2021-01-19,1063,8,20,0
Nhamundá,Nhamundá,2021-01-20,1070,7,20,0
Nhamundá,Nhamundá,2021-01-21,1078,8,20,0
Nhamundá,Nhamundá,2021-01-22,1082,4,20,0
Nhamundá,Nhamundá,2021-01-23,1087,5,20,0
Nhamundá,Nhamundá,2021-01-24,1089,2,20,0
Nhamundá,Nhamundá,2021-01-25,1096,7,21,1
Nhamundá,Nhamundá,2021-01-26,1113,17,21,0
Nhamundá,Nhamundá,2021-01-27,1116,3,21,0
Nhamundá,Nhamundá,2021-01-28,1126,10,21,0
Nhamundá,Nhamundá,2021-01-29,1161,35,21,0
Nhamundá,Nhamundá,2021-01-30,1177,16,21,0
Nhamundá,Nhamundá,2021-01-31,1180,3,21,0
Nhamundá,Nhamundá,2021-02-01,1183,3,21,0
Nhamundá,Nhamundá,2021-02-02,1194,11,21,0
Nhamundá,Nhamundá,2021-02-03,1213,19,23,2
Nhamundá,Nhamundá,2021-02-04,1225,12,23,0
Nhamundá,Nhamundá,2021-02-05,1240,15,23,0
Nhamundá,Nhamundá,2021-02-06,1271,31,24,1
Nhamundá,Nhamundá,2021-02-07,1271,0,24,0
Nhamundá,Nhamundá,2021-02-08,1280,9,24,0
