city,city,date,cases,daily cases,deaths,daily deaths
Nobres,Nobres,2020-03-27,0,0,0,0
Nobres,Nobres,2020-03-28,0,0,0,0
Nobres,Nobres,2020-03-29,0,0,0,0
Nobres,Nobres,2020-03-30,0,0,0,0
Nobres,Nobres,2020-03-31,0,0,0,0
Nobres,Nobres,2020-04-01,0,0,0,0
Nobres,Nobres,2020-04-02,0,0,0,0
Nobres,Nobres,2020-04-03,0,0,0,0
Nobres,Nobres,2020-04-04,0,0,0,0
Nobres,Nobres,2020-04-05,0,0,0,0
Nobres,Nobres,2020-04-06,0,0,0,0
Nobres,Nobres,2020-04-07,0,0,0,0
Nobres,Nobres,2020-04-08,0,0,0,0
Nobres,Nobres,2020-04-09,0,0,0,0
Nobres,Nobres,2020-04-10,0,0,0,0
Nobres,Nobres,2020-04-11,0,0,0,0
Nobres,Nobres,2020-04-12,0,0,0,0
Nobres,Nobres,2020-04-13,0,0,0,0
Nobres,Nobres,2020-04-14,0,0,0,0
Nobres,Nobres,2020-04-15,0,0,0,0
Nobres,Nobres,2020-04-16,0,0,0,0
Nobres,Nobres,2020-04-17,0,0,0,0
Nobres,Nobres,2020-04-18,0,0,0,0
Nobres,Nobres,2020-04-19,0,0,0,0
Nobres,Nobres,2020-04-20,0,0,0,0
Nobres,Nobres,2020-04-21,0,0,0,0
Nobres,Nobres,2020-04-22,0,0,0,0
Nobres,Nobres,2020-04-23,0,0,0,0
Nobres,Nobres,2020-04-24,0,0,0,0
Nobres,Nobres,2020-04-25,0,0,0,0
Nobres,Nobres,2020-04-26,0,0,0,0
Nobres,Nobres,2020-04-27,0,0,0,0
Nobres,Nobres,2020-04-28,0,0,0,0
Nobres,Nobres,2020-04-29,0,0,0,0
Nobres,Nobres,2020-04-30,0,0,0,0
Nobres,Nobres,2020-05-01,0,0,0,0
Nobres,Nobres,2020-05-02,0,0,0,0
Nobres,Nobres,2020-05-03,0,0,0,0
Nobres,Nobres,2020-05-04,0,0,0,0
Nobres,Nobres,2020-05-05,0,0,0,0
Nobres,Nobres,2020-05-06,0,0,0,0
Nobres,Nobres,2020-05-07,0,0,0,0
Nobres,Nobres,2020-05-08,0,0,0,0
Nobres,Nobres,2020-05-09,0,0,0,0
Nobres,Nobres,2020-05-10,0,0,0,0
Nobres,Nobres,2020-05-11,0,0,0,0
Nobres,Nobres,2020-05-12,0,0,0,0
Nobres,Nobres,2020-05-13,0,0,0,0
Nobres,Nobres,2020-05-14,1,1,0,0
Nobres,Nobres,2020-05-15,1,0,0,0
Nobres,Nobres,2020-05-16,1,0,0,0
Nobres,Nobres,2020-05-17,1,0,0,0
Nobres,Nobres,2020-05-18,1,0,0,0
Nobres,Nobres,2020-05-19,1,0,0,0
Nobres,Nobres,2020-05-20,1,0,0,0
Nobres,Nobres,2020-05-21,1,0,0,0
Nobres,Nobres,2020-05-22,1,0,0,0
Nobres,Nobres,2020-05-23,1,0,0,0
Nobres,Nobres,2020-05-24,1,0,0,0
Nobres,Nobres,2020-05-25,1,0,0,0
Nobres,Nobres,2020-05-26,1,0,0,0
Nobres,Nobres,2020-05-27,4,3,0,0
Nobres,Nobres,2020-05-28,3,-1,0,0
Nobres,Nobres,2020-05-29,3,0,0,0
Nobres,Nobres,2020-05-30,3,0,0,0
Nobres,Nobres,2020-05-31,3,0,0,0
Nobres,Nobres,2020-06-01,3,0,0,0
Nobres,Nobres,2020-06-02,3,0,0,0
Nobres,Nobres,2020-06-03,4,1,0,0
Nobres,Nobres,2020-06-04,4,0,0,0
Nobres,Nobres,2020-06-05,4,0,0,0
Nobres,Nobres,2020-06-06,4,0,0,0
Nobres,Nobres,2020-06-07,4,0,0,0
Nobres,Nobres,2020-06-08,4,0,0,0
Nobres,Nobres,2020-06-09,4,0,0,0
Nobres,Nobres,2020-06-10,4,0,0,0
Nobres,Nobres,2020-06-11,5,1,0,0
Nobres,Nobres,2020-06-12,6,1,0,0
Nobres,Nobres,2020-06-13,6,0,0,0
Nobres,Nobres,2020-06-14,7,1,0,0
Nobres,Nobres,2020-06-15,7,0,0,0
Nobres,Nobres,2020-06-16,9,2,0,0
Nobres,Nobres,2020-06-17,11,2,0,0
Nobres,Nobres,2020-06-18,11,0,0,0
Nobres,Nobres,2020-06-19,15,4,0,0
Nobres,Nobres,2020-06-20,15,0,0,0
Nobres,Nobres,2020-06-21,18,3,0,0
Nobres,Nobres,2020-06-22,18,0,0,0
Nobres,Nobres,2020-06-23,18,0,0,0
Nobres,Nobres,2020-06-24,19,1,0,0
Nobres,Nobres,2020-06-25,20,1,1,1
Nobres,Nobres,2020-06-26,21,1,1,0
Nobres,Nobres,2020-06-27,28,7,1,0
Nobres,Nobres,2020-06-28,28,0,1,0
Nobres,Nobres,2020-06-29,28,0,1,0
Nobres,Nobres,2020-06-30,29,1,1,0
Nobres,Nobres,2020-07-01,41,12,1,0
Nobres,Nobres,2020-07-02,46,5,1,0
Nobres,Nobres,2020-07-03,48,2,2,1
Nobres,Nobres,2020-07-04,51,3,2,0
Nobres,Nobres,2020-07-05,54,3,1,-1
Nobres,Nobres,2020-07-06,54,0,2,1
Nobres,Nobres,2020-07-07,60,6,2,0
Nobres,Nobres,2020-07-08,66,6,3,1
Nobres,Nobres,2020-07-09,66,0,3,0
Nobres,Nobres,2020-07-10,66,0,3,0
Nobres,Nobres,2020-07-11,71,5,4,1
Nobres,Nobres,2020-07-12,71,0,4,0
Nobres,Nobres,2020-07-13,71,0,4,0
Nobres,Nobres,2020-07-14,71,0,4,0
Nobres,Nobres,2020-07-15,71,0,4,0
Nobres,Nobres,2020-07-16,101,30,4,0
Nobres,Nobres,2020-07-17,101,0,5,1
Nobres,Nobres,2020-07-18,99,-2,5,0
Nobres,Nobres,2020-07-19,105,6,5,0
Nobres,Nobres,2020-07-20,103,-2,5,0
Nobres,Nobres,2020-07-21,114,11,5,0
Nobres,Nobres,2020-07-22,119,5,5,0
Nobres,Nobres,2020-07-23,122,3,6,1
Nobres,Nobres,2020-07-24,121,-1,6,0
Nobres,Nobres,2020-07-25,124,3,7,1
Nobres,Nobres,2020-07-26,124,0,7,0
Nobres,Nobres,2020-07-27,125,1,7,0
Nobres,Nobres,2020-07-28,148,23,7,0
Nobres,Nobres,2020-07-29,165,17,7,0
Nobres,Nobres,2020-07-30,165,0,7,0
Nobres,Nobres,2020-07-31,167,2,7,0
Nobres,Nobres,2020-08-01,168,1,8,1
Nobres,Nobres,2020-08-02,171,3,9,1
Nobres,Nobres,2020-08-03,193,22,9,0
Nobres,Nobres,2020-08-04,201,8,9,0
Nobres,Nobres,2020-08-05,206,5,9,0
Nobres,Nobres,2020-08-06,207,1,9,0
Nobres,Nobres,2020-08-07,211,4,9,0
Nobres,Nobres,2020-08-08,212,1,9,0
Nobres,Nobres,2020-08-09,212,0,10,1
Nobres,Nobres,2020-08-10,216,4,10,0
Nobres,Nobres,2020-08-11,233,17,10,0
Nobres,Nobres,2020-08-12,252,19,10,0
Nobres,Nobres,2020-08-13,255,3,10,0
Nobres,Nobres,2020-08-14,259,4,10,0
Nobres,Nobres,2020-08-15,260,1,10,0
Nobres,Nobres,2020-08-16,260,0,10,0
Nobres,Nobres,2020-08-17,277,17,10,0
Nobres,Nobres,2020-08-18,277,0,10,0
Nobres,Nobres,2020-08-19,284,7,10,0
Nobres,Nobres,2020-08-20,284,0,10,0
Nobres,Nobres,2020-08-21,296,12,10,0
Nobres,Nobres,2020-08-22,296,0,10,0
Nobres,Nobres,2020-08-23,298,2,10,0
Nobres,Nobres,2020-08-24,302,4,10,0
Nobres,Nobres,2020-08-25,307,5,11,1
Nobres,Nobres,2020-08-26,306,-1,11,0
Nobres,Nobres,2020-08-27,327,21,11,0
Nobres,Nobres,2020-08-28,337,10,12,1
Nobres,Nobres,2020-08-29,337,0,12,0
Nobres,Nobres,2020-08-30,338,1,12,0
Nobres,Nobres,2020-08-31,346,8,13,1
Nobres,Nobres,2020-09-01,361,15,13,0
Nobres,Nobres,2020-09-02,365,4,13,0
Nobres,Nobres,2020-09-03,367,2,13,0
Nobres,Nobres,2020-09-04,372,5,13,0
Nobres,Nobres,2020-09-05,372,0,15,2
Nobres,Nobres,2020-09-06,374,2,16,1
Nobres,Nobres,2020-09-07,374,0,16,0
Nobres,Nobres,2020-09-08,375,1,17,1
Nobres,Nobres,2020-09-09,384,9,17,0
Nobres,Nobres,2020-09-10,394,10,17,0
Nobres,Nobres,2020-09-11,396,2,17,0
Nobres,Nobres,2020-09-12,396,0,17,0
Nobres,Nobres,2020-09-13,396,0,17,0
Nobres,Nobres,2020-09-14,400,4,17,0
Nobres,Nobres,2020-09-15,408,8,17,0
Nobres,Nobres,2020-09-16,421,13,17,0
Nobres,Nobres,2020-09-17,426,5,17,0
Nobres,Nobres,2020-09-18,435,9,17,0
Nobres,Nobres,2020-09-19,438,3,17,0
Nobres,Nobres,2020-09-20,438,0,17,0
Nobres,Nobres,2020-09-21,438,0,17,0
Nobres,Nobres,2020-09-22,453,15,18,1
Nobres,Nobres,2020-09-23,456,3,18,0
Nobres,Nobres,2020-09-24,460,4,17,-1
Nobres,Nobres,2020-09-25,464,4,17,0
Nobres,Nobres,2020-09-26,464,0,17,0
Nobres,Nobres,2020-09-27,464,0,17,0
Nobres,Nobres,2020-09-28,467,3,17,0
Nobres,Nobres,2020-09-29,469,2,17,0
Nobres,Nobres,2020-09-30,472,3,17,0
Nobres,Nobres,2020-10-01,472,0,17,0
Nobres,Nobres,2020-10-02,472,0,17,0
Nobres,Nobres,2020-10-03,472,0,17,0
Nobres,Nobres,2020-10-04,472,0,18,1
Nobres,Nobres,2020-10-05,475,3,18,0
Nobres,Nobres,2020-10-06,476,1,18,0
Nobres,Nobres,2020-10-07,476,0,18,0
Nobres,Nobres,2020-10-08,482,6,18,0
Nobres,Nobres,2020-10-09,483,1,18,0
Nobres,Nobres,2020-10-10,482,-1,18,0
Nobres,Nobres,2020-10-11,482,0,18,0
Nobres,Nobres,2020-10-12,483,1,18,0
Nobres,Nobres,2020-10-13,485,2,18,0
Nobres,Nobres,2020-10-14,486,1,18,0
Nobres,Nobres,2020-10-15,488,2,18,0
Nobres,Nobres,2020-10-16,489,1,18,0
Nobres,Nobres,2020-10-17,489,0,18,0
Nobres,Nobres,2020-10-18,489,0,18,0
Nobres,Nobres,2020-10-19,489,0,18,0
Nobres,Nobres,2020-10-20,488,-1,18,0
Nobres,Nobres,2020-10-21,488,0,18,0
Nobres,Nobres,2020-10-22,493,5,18,0
Nobres,Nobres,2020-10-23,493,0,18,0
Nobres,Nobres,2020-10-24,493,0,18,0
Nobres,Nobres,2020-10-25,493,0,18,0
Nobres,Nobres,2020-10-26,496,3,18,0
Nobres,Nobres,2020-10-27,496,0,18,0
Nobres,Nobres,2020-10-28,498,2,18,0
Nobres,Nobres,2020-10-29,499,1,18,0
Nobres,Nobres,2020-10-30,499,0,18,0
Nobres,Nobres,2020-10-31,499,0,18,0
Nobres,Nobres,2020-11-01,499,0,18,0
Nobres,Nobres,2020-11-02,499,0,18,0
Nobres,Nobres,2020-11-03,501,2,18,0
Nobres,Nobres,2020-11-04,502,1,18,0
Nobres,Nobres,2020-11-05,503,1,18,0
Nobres,Nobres,2020-11-06,503,0,18,0
Nobres,Nobres,2020-11-07,504,1,18,0
Nobres,Nobres,2020-11-08,504,0,18,0
Nobres,Nobres,2020-11-09,502,-2,18,0
Nobres,Nobres,2020-11-10,503,1,18,0
Nobres,Nobres,2020-11-11,503,0,18,0
Nobres,Nobres,2020-11-12,507,4,18,0
Nobres,Nobres,2020-11-13,508,1,18,0
Nobres,Nobres,2020-11-14,509,1,18,0
Nobres,Nobres,2020-11-15,509,0,18,0
Nobres,Nobres,2020-11-16,509,0,18,0
Nobres,Nobres,2020-11-17,511,2,18,0
Nobres,Nobres,2020-11-18,511,0,18,0
Nobres,Nobres,2020-11-19,511,0,18,0
Nobres,Nobres,2020-11-20,511,0,18,0
Nobres,Nobres,2020-11-21,511,0,18,0
Nobres,Nobres,2020-11-22,511,0,18,0
Nobres,Nobres,2020-11-23,514,3,18,0
Nobres,Nobres,2020-11-24,516,2,18,0
Nobres,Nobres,2020-11-25,517,1,18,0
Nobres,Nobres,2020-11-26,524,7,18,0
Nobres,Nobres,2020-11-27,524,0,18,0
Nobres,Nobres,2020-11-28,529,5,18,0
Nobres,Nobres,2020-11-29,529,0,18,0
Nobres,Nobres,2020-11-30,535,6,18,0
Nobres,Nobres,2020-12-01,537,2,18,0
Nobres,Nobres,2020-12-02,537,0,18,0
Nobres,Nobres,2020-12-03,545,8,18,0
Nobres,Nobres,2020-12-04,546,1,18,0
Nobres,Nobres,2020-12-05,552,6,18,0
Nobres,Nobres,2020-12-06,552,0,18,0
Nobres,Nobres,2020-12-07,568,16,18,0
Nobres,Nobres,2020-12-08,572,4,18,0
Nobres,Nobres,2020-12-09,572,0,18,0
Nobres,Nobres,2020-12-10,583,11,18,0
Nobres,Nobres,2020-12-11,586,3,18,0
Nobres,Nobres,2020-12-12,588,2,19,1
Nobres,Nobres,2020-12-13,588,0,20,1
Nobres,Nobres,2020-12-14,588,0,20,0
Nobres,Nobres,2020-12-15,599,11,20,0
Nobres,Nobres,2020-12-16,600,1,20,0
Nobres,Nobres,2020-12-17,603,3,20,0
Nobres,Nobres,2020-12-18,609,6,20,0
Nobres,Nobres,2020-12-19,610,1,20,0
Nobres,Nobres,2020-12-20,610,0,20,0
Nobres,Nobres,2020-12-21,612,2,21,1
Nobres,Nobres,2020-12-22,614,2,21,0
Nobres,Nobres,2020-12-23,614,0,21,0
Nobres,Nobres,2020-12-24,616,2,21,0
Nobres,Nobres,2020-12-25,616,0,21,0
Nobres,Nobres,2020-12-26,616,0,21,0
Nobres,Nobres,2020-12-27,616,0,21,0
Nobres,Nobres,2020-12-28,624,8,21,0
Nobres,Nobres,2020-12-29,626,2,21,0
Nobres,Nobres,2020-12-30,630,4,21,0
Nobres,Nobres,2020-12-31,636,6,21,0
Nobres,Nobres,2021-01-01,636,0,21,0
Nobres,Nobres,2021-01-02,636,0,21,0
Nobres,Nobres,2021-01-03,636,0,21,0
Nobres,Nobres,2021-01-04,639,3,21,0
Nobres,Nobres,2021-01-05,643,4,21,0
Nobres,Nobres,2021-01-06,643,0,21,0
Nobres,Nobres,2021-01-07,648,5,21,0
Nobres,Nobres,2021-01-08,650,2,21,0
Nobres,Nobres,2021-01-09,654,4,21,0
Nobres,Nobres,2021-01-10,654,0,21,0
Nobres,Nobres,2021-01-11,654,0,21,0
Nobres,Nobres,2021-01-12,668,14,21,0
Nobres,Nobres,2021-01-13,677,9,21,0
Nobres,Nobres,2021-01-14,677,0,21,0
Nobres,Nobres,2021-01-15,684,7,21,0
Nobres,Nobres,2021-01-16,689,5,22,1
Nobres,Nobres,2021-01-17,689,0,22,0
Nobres,Nobres,2021-01-18,689,0,22,0
Nobres,Nobres,2021-01-19,710,21,22,0
Nobres,Nobres,2021-01-20,710,0,22,0
Nobres,Nobres,2021-01-21,710,0,22,0
Nobres,Nobres,2021-01-22,711,1,22,0
Nobres,Nobres,2021-01-23,726,15,22,0
Nobres,Nobres,2021-01-24,726,0,22,0
Nobres,Nobres,2021-01-25,728,2,23,1
Nobres,Nobres,2021-01-26,728,0,23,0
Nobres,Nobres,2021-01-27,733,5,23,0
Nobres,Nobres,2021-01-28,737,4,23,0
Nobres,Nobres,2021-01-29,740,3,23,0
Nobres,Nobres,2021-01-30,740,0,24,1
Nobres,Nobres,2021-01-31,740,0,24,0
Nobres,Nobres,2021-02-01,741,1,24,0
Nobres,Nobres,2021-02-02,743,2,24,0
Nobres,Nobres,2021-02-03,744,1,24,0
Nobres,Nobres,2021-02-04,745,1,24,0
Nobres,Nobres,2021-02-05,751,6,24,0
Nobres,Nobres,2021-02-06,751,0,24,0
Nobres,Nobres,2021-02-07,751,0,24,0
Nobres,Nobres,2021-02-08,752,1,24,0
