city,city,date,cases,daily cases,deaths,daily deaths
Nossa Senhora dos Remédios,Nossa Senhora dos Remédios,2020-03-27,0,0,0,0
Nossa Senhora dos Remédios,Nossa Senhora dos Remédios,2020-03-28,0,0,0,0
Nossa Senhora dos Remédios,Nossa Senhora dos Remédios,2020-03-29,0,0,0,0
Nossa Senhora dos Remédios,Nossa Senhora dos Remédios,2020-03-30,0,0,0,0
Nossa Senhora dos Remédios,Nossa Senhora dos Remédios,2020-03-31,0,0,0,0
Nossa Senhora dos Remédios,Nossa Senhora dos Remédios,2020-04-01,0,0,0,0
Nossa Senhora dos Remédios,Nossa Senhora dos Remédios,2020-04-02,0,0,0,0
Nossa Senhora dos Remédios,Nossa Senhora dos Remédios,2020-04-03,0,0,0,0
Nossa Senhora dos Remédios,Nossa Senhora dos Remédios,2020-04-04,0,0,0,0
Nossa Senhora dos Remédios,Nossa Senhora dos Remédios,2020-04-05,0,0,0,0
Nossa Senhora dos Remédios,Nossa Senhora dos Remédios,2020-04-06,0,0,0,0
Nossa Senhora dos Remédios,Nossa Senhora dos Remédios,2020-04-07,0,0,0,0
Nossa Senhora dos Remédios,Nossa Senhora dos Remédios,2020-04-08,0,0,0,0
Nossa Senhora dos Remédios,Nossa Senhora dos Remédios,2020-04-09,0,0,0,0
Nossa Senhora dos Remédios,Nossa Senhora dos Remédios,2020-04-10,0,0,0,0
Nossa Senhora dos Remédios,Nossa Senhora dos Remédios,2020-04-11,0,0,0,0
Nossa Senhora dos Remédios,Nossa Senhora dos Remédios,2020-04-12,0,0,0,0
Nossa Senhora dos Remédios,Nossa Senhora dos Remédios,2020-04-13,0,0,0,0
Nossa Senhora dos Remédios,Nossa Senhora dos Remédios,2020-04-14,0,0,0,0
Nossa Senhora dos Remédios,Nossa Senhora dos Remédios,2020-04-15,0,0,0,0
Nossa Senhora dos Remédios,Nossa Senhora dos Remédios,2020-04-16,0,0,0,0
Nossa Senhora dos Remédios,Nossa Senhora dos Remédios,2020-04-17,0,0,0,0
Nossa Senhora dos Remédios,Nossa Senhora dos Remédios,2020-04-18,0,0,0,0
Nossa Senhora dos Remédios,Nossa Senhora dos Remédios,2020-04-19,0,0,0,0
Nossa Senhora dos Remédios,Nossa Senhora dos Remédios,2020-04-20,0,0,0,0
Nossa Senhora dos Remédios,Nossa Senhora dos Remédios,2020-04-21,0,0,0,0
Nossa Senhora dos Remédios,Nossa Senhora dos Remédios,2020-04-22,0,0,0,0
Nossa Senhora dos Remédios,Nossa Senhora dos Remédios,2020-04-23,0,0,0,0
Nossa Senhora dos Remédios,Nossa Senhora dos Remédios,2020-04-24,0,0,0,0
Nossa Senhora dos Remédios,Nossa Senhora dos Remédios,2020-04-25,0,0,0,0
Nossa Senhora dos Remédios,Nossa Senhora dos Remédios,2020-04-26,0,0,0,0
Nossa Senhora dos Remédios,Nossa Senhora dos Remédios,2020-04-27,0,0,0,0
Nossa Senhora dos Remédios,Nossa Senhora dos Remédios,2020-04-28,0,0,0,0
Nossa Senhora dos Remédios,Nossa Senhora dos Remédios,2020-04-29,0,0,0,0
Nossa Senhora dos Remédios,Nossa Senhora dos Remédios,2020-04-30,0,0,0,0
Nossa Senhora dos Remédios,Nossa Senhora dos Remédios,2020-05-01,0,0,0,0
Nossa Senhora dos Remédios,Nossa Senhora dos Remédios,2020-05-02,0,0,0,0
Nossa Senhora dos Remédios,Nossa Senhora dos Remédios,2020-05-03,0,0,0,0
Nossa Senhora dos Remédios,Nossa Senhora dos Remédios,2020-05-04,0,0,0,0
Nossa Senhora dos Remédios,Nossa Senhora dos Remédios,2020-05-05,0,0,0,0
Nossa Senhora dos Remédios,Nossa Senhora dos Remédios,2020-05-06,0,0,0,0
Nossa Senhora dos Remédios,Nossa Senhora dos Remédios,2020-05-07,0,0,0,0
Nossa Senhora dos Remédios,Nossa Senhora dos Remédios,2020-05-08,0,0,0,0
Nossa Senhora dos Remédios,Nossa Senhora dos Remédios,2020-05-09,0,0,0,0
Nossa Senhora dos Remédios,Nossa Senhora dos Remédios,2020-05-10,0,0,0,0
Nossa Senhora dos Remédios,Nossa Senhora dos Remédios,2020-05-11,0,0,0,0
Nossa Senhora dos Remédios,Nossa Senhora dos Remédios,2020-05-12,0,0,0,0
Nossa Senhora dos Remédios,Nossa Senhora dos Remédios,2020-05-13,0,0,0,0
Nossa Senhora dos Remédios,Nossa Senhora dos Remédios,2020-05-14,0,0,0,0
Nossa Senhora dos Remédios,Nossa Senhora dos Remédios,2020-05-15,0,0,0,0
Nossa Senhora dos Remédios,Nossa Senhora dos Remédios,2020-05-16,0,0,0,0
Nossa Senhora dos Remédios,Nossa Senhora dos Remédios,2020-05-17,0,0,0,0
Nossa Senhora dos Remédios,Nossa Senhora dos Remédios,2020-05-18,0,0,0,0
Nossa Senhora dos Remédios,Nossa Senhora dos Remédios,2020-05-19,0,0,0,0
Nossa Senhora dos Remédios,Nossa Senhora dos Remédios,2020-05-20,3,3,0,0
Nossa Senhora dos Remédios,Nossa Senhora dos Remédios,2020-05-21,3,0,0,0
Nossa Senhora dos Remédios,Nossa Senhora dos Remédios,2020-05-22,3,0,0,0
Nossa Senhora dos Remédios,Nossa Senhora dos Remédios,2020-05-23,3,0,0,0
Nossa Senhora dos Remédios,Nossa Senhora dos Remédios,2020-05-24,3,0,0,0
Nossa Senhora dos Remédios,Nossa Senhora dos Remédios,2020-05-25,3,0,0,0
Nossa Senhora dos Remédios,Nossa Senhora dos Remédios,2020-05-26,5,2,0,0
Nossa Senhora dos Remédios,Nossa Senhora dos Remédios,2020-05-27,5,0,0,0
Nossa Senhora dos Remédios,Nossa Senhora dos Remédios,2020-05-28,6,1,0,0
Nossa Senhora dos Remédios,Nossa Senhora dos Remédios,2020-05-29,6,0,0,0
Nossa Senhora dos Remédios,Nossa Senhora dos Remédios,2020-05-30,6,0,1,1
Nossa Senhora dos Remédios,Nossa Senhora dos Remédios,2020-05-31,6,0,1,0
Nossa Senhora dos Remédios,Nossa Senhora dos Remédios,2020-06-01,6,0,1,0
Nossa Senhora dos Remédios,Nossa Senhora dos Remédios,2020-06-02,6,0,1,0
Nossa Senhora dos Remédios,Nossa Senhora dos Remédios,2020-06-03,7,1,1,0
Nossa Senhora dos Remédios,Nossa Senhora dos Remédios,2020-06-04,8,1,1,0
Nossa Senhora dos Remédios,Nossa Senhora dos Remédios,2020-06-05,8,0,1,0
Nossa Senhora dos Remédios,Nossa Senhora dos Remédios,2020-06-06,11,3,1,0
Nossa Senhora dos Remédios,Nossa Senhora dos Remédios,2020-06-07,12,1,1,0
Nossa Senhora dos Remédios,Nossa Senhora dos Remédios,2020-06-08,13,1,2,1
Nossa Senhora dos Remédios,Nossa Senhora dos Remédios,2020-06-09,18,5,2,0
Nossa Senhora dos Remédios,Nossa Senhora dos Remédios,2020-06-10,22,4,2,0
Nossa Senhora dos Remédios,Nossa Senhora dos Remédios,2020-06-11,25,3,2,0
Nossa Senhora dos Remédios,Nossa Senhora dos Remédios,2020-06-12,28,3,2,0
Nossa Senhora dos Remédios,Nossa Senhora dos Remédios,2020-06-13,30,2,2,0
Nossa Senhora dos Remédios,Nossa Senhora dos Remédios,2020-06-14,30,0,2,0
Nossa Senhora dos Remédios,Nossa Senhora dos Remédios,2020-06-15,35,5,2,0
Nossa Senhora dos Remédios,Nossa Senhora dos Remédios,2020-06-16,39,4,2,0
Nossa Senhora dos Remédios,Nossa Senhora dos Remédios,2020-06-17,46,7,2,0
Nossa Senhora dos Remédios,Nossa Senhora dos Remédios,2020-06-18,46,0,2,0
Nossa Senhora dos Remédios,Nossa Senhora dos Remédios,2020-06-19,50,4,2,0
Nossa Senhora dos Remédios,Nossa Senhora dos Remédios,2020-06-20,50,0,2,0
Nossa Senhora dos Remédios,Nossa Senhora dos Remédios,2020-06-21,50,0,2,0
Nossa Senhora dos Remédios,Nossa Senhora dos Remédios,2020-06-22,50,0,2,0
Nossa Senhora dos Remédios,Nossa Senhora dos Remédios,2020-06-23,58,8,2,0
Nossa Senhora dos Remédios,Nossa Senhora dos Remédios,2020-06-24,64,6,2,0
Nossa Senhora dos Remédios,Nossa Senhora dos Remédios,2020-06-25,70,6,2,0
Nossa Senhora dos Remédios,Nossa Senhora dos Remédios,2020-06-26,73,3,2,0
Nossa Senhora dos Remédios,Nossa Senhora dos Remédios,2020-06-27,77,4,2,0
Nossa Senhora dos Remédios,Nossa Senhora dos Remédios,2020-06-28,77,0,2,0
Nossa Senhora dos Remédios,Nossa Senhora dos Remédios,2020-06-29,78,1,2,0
Nossa Senhora dos Remédios,Nossa Senhora dos Remédios,2020-06-30,85,7,2,0
Nossa Senhora dos Remédios,Nossa Senhora dos Remédios,2020-07-01,88,3,2,0
Nossa Senhora dos Remédios,Nossa Senhora dos Remédios,2020-07-02,90,2,2,0
Nossa Senhora dos Remédios,Nossa Senhora dos Remédios,2020-07-03,91,1,2,0
Nossa Senhora dos Remédios,Nossa Senhora dos Remédios,2020-07-04,91,0,2,0
Nossa Senhora dos Remédios,Nossa Senhora dos Remédios,2020-07-05,91,0,2,0
Nossa Senhora dos Remédios,Nossa Senhora dos Remédios,2020-07-06,91,0,2,0
Nossa Senhora dos Remédios,Nossa Senhora dos Remédios,2020-07-07,96,5,2,0
Nossa Senhora dos Remédios,Nossa Senhora dos Remédios,2020-07-08,102,6,2,0
Nossa Senhora dos Remédios,Nossa Senhora dos Remédios,2020-07-09,111,9,2,0
Nossa Senhora dos Remédios,Nossa Senhora dos Remédios,2020-07-10,114,3,2,0
Nossa Senhora dos Remédios,Nossa Senhora dos Remédios,2020-07-11,114,0,2,0
Nossa Senhora dos Remédios,Nossa Senhora dos Remédios,2020-07-12,115,1,2,0
Nossa Senhora dos Remédios,Nossa Senhora dos Remédios,2020-07-13,115,0,2,0
Nossa Senhora dos Remédios,Nossa Senhora dos Remédios,2020-07-14,121,6,2,0
Nossa Senhora dos Remédios,Nossa Senhora dos Remédios,2020-07-15,126,5,2,0
Nossa Senhora dos Remédios,Nossa Senhora dos Remédios,2020-07-16,129,3,2,0
Nossa Senhora dos Remédios,Nossa Senhora dos Remédios,2020-07-17,139,10,2,0
Nossa Senhora dos Remédios,Nossa Senhora dos Remédios,2020-07-18,152,13,2,0
Nossa Senhora dos Remédios,Nossa Senhora dos Remédios,2020-07-19,154,2,2,0
Nossa Senhora dos Remédios,Nossa Senhora dos Remédios,2020-07-20,154,0,2,0
Nossa Senhora dos Remédios,Nossa Senhora dos Remédios,2020-07-21,161,7,2,0
Nossa Senhora dos Remédios,Nossa Senhora dos Remédios,2020-07-22,169,8,2,0
Nossa Senhora dos Remédios,Nossa Senhora dos Remédios,2020-07-23,172,3,2,0
Nossa Senhora dos Remédios,Nossa Senhora dos Remédios,2020-07-24,180,8,2,0
Nossa Senhora dos Remédios,Nossa Senhora dos Remédios,2020-07-25,192,12,2,0
Nossa Senhora dos Remédios,Nossa Senhora dos Remédios,2020-07-26,193,1,2,0
Nossa Senhora dos Remédios,Nossa Senhora dos Remédios,2020-07-27,194,1,3,1
Nossa Senhora dos Remédios,Nossa Senhora dos Remédios,2020-07-28,210,16,3,0
Nossa Senhora dos Remédios,Nossa Senhora dos Remédios,2020-07-29,220,10,3,0
Nossa Senhora dos Remédios,Nossa Senhora dos Remédios,2020-07-30,227,7,4,1
Nossa Senhora dos Remédios,Nossa Senhora dos Remédios,2020-07-31,238,11,4,0
Nossa Senhora dos Remédios,Nossa Senhora dos Remédios,2020-08-01,261,23,4,0
Nossa Senhora dos Remédios,Nossa Senhora dos Remédios,2020-08-02,261,0,4,0
Nossa Senhora dos Remédios,Nossa Senhora dos Remédios,2020-08-03,261,0,4,0
Nossa Senhora dos Remédios,Nossa Senhora dos Remédios,2020-08-04,281,20,4,0
Nossa Senhora dos Remédios,Nossa Senhora dos Remédios,2020-08-05,291,10,4,0
Nossa Senhora dos Remédios,Nossa Senhora dos Remédios,2020-08-06,301,10,5,1
Nossa Senhora dos Remédios,Nossa Senhora dos Remédios,2020-08-07,308,7,5,0
Nossa Senhora dos Remédios,Nossa Senhora dos Remédios,2020-08-08,315,7,5,0
Nossa Senhora dos Remédios,Nossa Senhora dos Remédios,2020-08-09,315,0,5,0
Nossa Senhora dos Remédios,Nossa Senhora dos Remédios,2020-08-10,315,0,5,0
Nossa Senhora dos Remédios,Nossa Senhora dos Remédios,2020-08-11,325,10,6,1
Nossa Senhora dos Remédios,Nossa Senhora dos Remédios,2020-08-12,345,20,6,0
Nossa Senhora dos Remédios,Nossa Senhora dos Remédios,2020-08-13,367,22,6,0
Nossa Senhora dos Remédios,Nossa Senhora dos Remédios,2020-08-14,383,16,6,0
Nossa Senhora dos Remédios,Nossa Senhora dos Remédios,2020-08-15,390,7,7,1
Nossa Senhora dos Remédios,Nossa Senhora dos Remédios,2020-08-16,391,1,8,1
Nossa Senhora dos Remédios,Nossa Senhora dos Remédios,2020-08-17,391,0,8,0
Nossa Senhora dos Remédios,Nossa Senhora dos Remédios,2020-08-18,407,16,8,0
Nossa Senhora dos Remédios,Nossa Senhora dos Remédios,2020-08-19,412,5,8,0
Nossa Senhora dos Remédios,Nossa Senhora dos Remédios,2020-08-20,412,0,8,0
Nossa Senhora dos Remédios,Nossa Senhora dos Remédios,2020-08-21,413,1,8,0
Nossa Senhora dos Remédios,Nossa Senhora dos Remédios,2020-08-22,415,2,8,0
Nossa Senhora dos Remédios,Nossa Senhora dos Remédios,2020-08-23,415,0,8,0
Nossa Senhora dos Remédios,Nossa Senhora dos Remédios,2020-08-24,415,0,8,0
Nossa Senhora dos Remédios,Nossa Senhora dos Remédios,2020-08-25,428,13,8,0
Nossa Senhora dos Remédios,Nossa Senhora dos Remédios,2020-08-26,430,2,8,0
Nossa Senhora dos Remédios,Nossa Senhora dos Remédios,2020-08-27,432,2,8,0
Nossa Senhora dos Remédios,Nossa Senhora dos Remédios,2020-08-28,435,3,8,0
Nossa Senhora dos Remédios,Nossa Senhora dos Remédios,2020-08-29,438,3,8,0
Nossa Senhora dos Remédios,Nossa Senhora dos Remédios,2020-08-30,438,0,8,0
Nossa Senhora dos Remédios,Nossa Senhora dos Remédios,2020-08-31,439,1,8,0
Nossa Senhora dos Remédios,Nossa Senhora dos Remédios,2020-09-01,443,4,8,0
Nossa Senhora dos Remédios,Nossa Senhora dos Remédios,2020-09-02,448,5,8,0
Nossa Senhora dos Remédios,Nossa Senhora dos Remédios,2020-09-03,452,4,8,0
Nossa Senhora dos Remédios,Nossa Senhora dos Remédios,2020-09-04,453,1,8,0
Nossa Senhora dos Remédios,Nossa Senhora dos Remédios,2020-09-05,455,2,8,0
Nossa Senhora dos Remédios,Nossa Senhora dos Remédios,2020-09-06,455,0,8,0
Nossa Senhora dos Remédios,Nossa Senhora dos Remédios,2020-09-07,456,1,8,0
Nossa Senhora dos Remédios,Nossa Senhora dos Remédios,2020-09-08,456,0,8,0
Nossa Senhora dos Remédios,Nossa Senhora dos Remédios,2020-09-09,457,1,8,0
Nossa Senhora dos Remédios,Nossa Senhora dos Remédios,2020-09-10,457,0,8,0
Nossa Senhora dos Remédios,Nossa Senhora dos Remédios,2020-09-11,457,0,8,0
Nossa Senhora dos Remédios,Nossa Senhora dos Remédios,2020-09-12,457,0,8,0
Nossa Senhora dos Remédios,Nossa Senhora dos Remédios,2020-09-13,457,0,8,0
Nossa Senhora dos Remédios,Nossa Senhora dos Remédios,2020-09-14,457,0,8,0
Nossa Senhora dos Remédios,Nossa Senhora dos Remédios,2020-09-15,465,8,8,0
Nossa Senhora dos Remédios,Nossa Senhora dos Remédios,2020-09-16,468,3,8,0
Nossa Senhora dos Remédios,Nossa Senhora dos Remédios,2020-09-17,471,3,8,0
Nossa Senhora dos Remédios,Nossa Senhora dos Remédios,2020-09-18,471,0,8,0
Nossa Senhora dos Remédios,Nossa Senhora dos Remédios,2020-09-19,474,3,8,0
Nossa Senhora dos Remédios,Nossa Senhora dos Remédios,2020-09-20,474,0,8,0
Nossa Senhora dos Remédios,Nossa Senhora dos Remédios,2020-09-21,474,0,8,0
Nossa Senhora dos Remédios,Nossa Senhora dos Remédios,2020-09-22,478,4,8,0
Nossa Senhora dos Remédios,Nossa Senhora dos Remédios,2020-09-23,479,1,8,0
Nossa Senhora dos Remédios,Nossa Senhora dos Remédios,2020-09-24,482,3,8,0
Nossa Senhora dos Remédios,Nossa Senhora dos Remédios,2020-09-25,482,0,8,0
Nossa Senhora dos Remédios,Nossa Senhora dos Remédios,2020-09-26,482,0,8,0
Nossa Senhora dos Remédios,Nossa Senhora dos Remédios,2020-09-27,482,0,8,0
Nossa Senhora dos Remédios,Nossa Senhora dos Remédios,2020-09-28,482,0,8,0
Nossa Senhora dos Remédios,Nossa Senhora dos Remédios,2020-09-29,487,5,8,0
Nossa Senhora dos Remédios,Nossa Senhora dos Remédios,2020-09-30,492,5,8,0
Nossa Senhora dos Remédios,Nossa Senhora dos Remédios,2020-10-01,496,4,8,0
Nossa Senhora dos Remédios,Nossa Senhora dos Remédios,2020-10-02,498,2,8,0
Nossa Senhora dos Remédios,Nossa Senhora dos Remédios,2020-10-03,498,0,8,0
Nossa Senhora dos Remédios,Nossa Senhora dos Remédios,2020-10-04,498,0,8,0
Nossa Senhora dos Remédios,Nossa Senhora dos Remédios,2020-10-05,498,0,8,0
Nossa Senhora dos Remédios,Nossa Senhora dos Remédios,2020-10-06,498,0,8,0
Nossa Senhora dos Remédios,Nossa Senhora dos Remédios,2020-10-07,502,4,8,0
Nossa Senhora dos Remédios,Nossa Senhora dos Remédios,2020-10-08,505,3,8,0
Nossa Senhora dos Remédios,Nossa Senhora dos Remédios,2020-10-09,512,7,8,0
Nossa Senhora dos Remédios,Nossa Senhora dos Remédios,2020-10-10,512,0,8,0
Nossa Senhora dos Remédios,Nossa Senhora dos Remédios,2020-10-11,512,0,8,0
Nossa Senhora dos Remédios,Nossa Senhora dos Remédios,2020-10-12,512,0,8,0
Nossa Senhora dos Remédios,Nossa Senhora dos Remédios,2020-10-13,512,0,8,0
Nossa Senhora dos Remédios,Nossa Senhora dos Remédios,2020-10-14,517,5,8,0
Nossa Senhora dos Remédios,Nossa Senhora dos Remédios,2020-10-15,519,2,8,0
Nossa Senhora dos Remédios,Nossa Senhora dos Remédios,2020-10-16,520,1,8,0
Nossa Senhora dos Remédios,Nossa Senhora dos Remédios,2020-10-17,525,5,8,0
Nossa Senhora dos Remédios,Nossa Senhora dos Remédios,2020-10-18,525,0,8,0
Nossa Senhora dos Remédios,Nossa Senhora dos Remédios,2020-10-19,525,0,8,0
Nossa Senhora dos Remédios,Nossa Senhora dos Remédios,2020-10-20,525,0,8,0
Nossa Senhora dos Remédios,Nossa Senhora dos Remédios,2020-10-21,530,5,8,0
Nossa Senhora dos Remédios,Nossa Senhora dos Remédios,2020-10-22,530,0,8,0
Nossa Senhora dos Remédios,Nossa Senhora dos Remédios,2020-10-23,534,4,8,0
Nossa Senhora dos Remédios,Nossa Senhora dos Remédios,2020-10-24,534,0,8,0
Nossa Senhora dos Remédios,Nossa Senhora dos Remédios,2020-10-25,534,0,8,0
Nossa Senhora dos Remédios,Nossa Senhora dos Remédios,2020-10-26,534,0,8,0
Nossa Senhora dos Remédios,Nossa Senhora dos Remédios,2020-10-27,540,6,8,0
Nossa Senhora dos Remédios,Nossa Senhora dos Remédios,2020-10-28,541,1,8,0
Nossa Senhora dos Remédios,Nossa Senhora dos Remédios,2020-10-29,541,0,8,0
Nossa Senhora dos Remédios,Nossa Senhora dos Remédios,2020-10-30,541,0,8,0
Nossa Senhora dos Remédios,Nossa Senhora dos Remédios,2020-10-31,541,0,8,0
Nossa Senhora dos Remédios,Nossa Senhora dos Remédios,2020-11-01,541,0,8,0
Nossa Senhora dos Remédios,Nossa Senhora dos Remédios,2020-11-02,541,0,8,0
Nossa Senhora dos Remédios,Nossa Senhora dos Remédios,2020-11-03,541,0,8,0
Nossa Senhora dos Remédios,Nossa Senhora dos Remédios,2020-11-04,541,0,8,0
Nossa Senhora dos Remédios,Nossa Senhora dos Remédios,2020-11-05,542,1,8,0
Nossa Senhora dos Remédios,Nossa Senhora dos Remédios,2020-11-06,543,1,8,0
Nossa Senhora dos Remédios,Nossa Senhora dos Remédios,2020-11-07,543,0,8,0
Nossa Senhora dos Remédios,Nossa Senhora dos Remédios,2020-11-08,543,0,8,0
Nossa Senhora dos Remédios,Nossa Senhora dos Remédios,2020-11-09,543,0,8,0
Nossa Senhora dos Remédios,Nossa Senhora dos Remédios,2020-11-10,543,0,8,0
Nossa Senhora dos Remédios,Nossa Senhora dos Remédios,2020-11-11,544,1,8,0
Nossa Senhora dos Remédios,Nossa Senhora dos Remédios,2020-11-12,545,1,8,0
Nossa Senhora dos Remédios,Nossa Senhora dos Remédios,2020-11-13,545,0,8,0
Nossa Senhora dos Remédios,Nossa Senhora dos Remédios,2020-11-14,545,0,8,0
Nossa Senhora dos Remédios,Nossa Senhora dos Remédios,2020-11-15,545,0,8,0
Nossa Senhora dos Remédios,Nossa Senhora dos Remédios,2020-11-16,545,0,8,0
Nossa Senhora dos Remédios,Nossa Senhora dos Remédios,2020-11-17,545,0,8,0
Nossa Senhora dos Remédios,Nossa Senhora dos Remédios,2020-11-18,548,3,8,0
Nossa Senhora dos Remédios,Nossa Senhora dos Remédios,2020-11-19,548,0,8,0
Nossa Senhora dos Remédios,Nossa Senhora dos Remédios,2020-11-20,549,1,8,0
Nossa Senhora dos Remédios,Nossa Senhora dos Remédios,2020-11-21,549,0,8,0
Nossa Senhora dos Remédios,Nossa Senhora dos Remédios,2020-11-22,549,0,8,0
Nossa Senhora dos Remédios,Nossa Senhora dos Remédios,2020-11-23,549,0,8,0
Nossa Senhora dos Remédios,Nossa Senhora dos Remédios,2020-11-24,553,4,8,0
Nossa Senhora dos Remédios,Nossa Senhora dos Remédios,2020-11-25,554,1,8,0
Nossa Senhora dos Remédios,Nossa Senhora dos Remédios,2020-11-26,554,0,8,0
Nossa Senhora dos Remédios,Nossa Senhora dos Remédios,2020-11-27,554,0,8,0
Nossa Senhora dos Remédios,Nossa Senhora dos Remédios,2020-11-28,554,0,8,0
Nossa Senhora dos Remédios,Nossa Senhora dos Remédios,2020-11-29,555,1,8,0
Nossa Senhora dos Remédios,Nossa Senhora dos Remédios,2020-11-30,555,0,8,0
Nossa Senhora dos Remédios,Nossa Senhora dos Remédios,2020-12-01,558,3,8,0
Nossa Senhora dos Remédios,Nossa Senhora dos Remédios,2020-12-02,558,0,8,0
Nossa Senhora dos Remédios,Nossa Senhora dos Remédios,2020-12-03,561,3,8,0
Nossa Senhora dos Remédios,Nossa Senhora dos Remédios,2020-12-04,562,1,8,0
Nossa Senhora dos Remédios,Nossa Senhora dos Remédios,2020-12-05,562,0,8,0
Nossa Senhora dos Remédios,Nossa Senhora dos Remédios,2020-12-06,561,-1,8,0
Nossa Senhora dos Remédios,Nossa Senhora dos Remédios,2020-12-07,561,0,8,0
Nossa Senhora dos Remédios,Nossa Senhora dos Remédios,2020-12-08,563,2,8,0
Nossa Senhora dos Remédios,Nossa Senhora dos Remédios,2020-12-09,563,0,8,0
Nossa Senhora dos Remédios,Nossa Senhora dos Remédios,2020-12-10,563,0,8,0
Nossa Senhora dos Remédios,Nossa Senhora dos Remédios,2020-12-11,563,0,8,0
Nossa Senhora dos Remédios,Nossa Senhora dos Remédios,2020-12-12,566,3,8,0
Nossa Senhora dos Remédios,Nossa Senhora dos Remédios,2020-12-13,566,0,8,0
Nossa Senhora dos Remédios,Nossa Senhora dos Remédios,2020-12-14,566,0,8,0
Nossa Senhora dos Remédios,Nossa Senhora dos Remédios,2020-12-15,568,2,8,0
Nossa Senhora dos Remédios,Nossa Senhora dos Remédios,2020-12-16,568,0,8,0
Nossa Senhora dos Remédios,Nossa Senhora dos Remédios,2020-12-17,572,4,8,0
Nossa Senhora dos Remédios,Nossa Senhora dos Remédios,2020-12-18,573,1,8,0
Nossa Senhora dos Remédios,Nossa Senhora dos Remédios,2020-12-19,573,0,8,0
