city,city,date,cases,daily cases,deaths,daily deaths
Nova Timboteua,Nova Timboteua,2020-03-27,0,0,0,0
Nova Timboteua,Nova Timboteua,2020-03-28,0,0,0,0
Nova Timboteua,Nova Timboteua,2020-03-29,0,0,0,0
Nova Timboteua,Nova Timboteua,2020-03-30,0,0,0,0
Nova Timboteua,Nova Timboteua,2020-03-31,0,0,0,0
Nova Timboteua,Nova Timboteua,2020-04-01,0,0,0,0
Nova Timboteua,Nova Timboteua,2020-04-02,0,0,0,0
Nova Timboteua,Nova Timboteua,2020-04-03,0,0,0,0
Nova Timboteua,Nova Timboteua,2020-04-04,0,0,0,0
Nova Timboteua,Nova Timboteua,2020-04-05,0,0,0,0
Nova Timboteua,Nova Timboteua,2020-04-06,0,0,0,0
Nova Timboteua,Nova Timboteua,2020-04-07,0,0,0,0
Nova Timboteua,Nova Timboteua,2020-04-08,0,0,0,0
Nova Timboteua,Nova Timboteua,2020-04-09,0,0,0,0
Nova Timboteua,Nova Timboteua,2020-04-10,0,0,0,0
Nova Timboteua,Nova Timboteua,2020-04-11,0,0,0,0
Nova Timboteua,Nova Timboteua,2020-04-12,0,0,0,0
Nova Timboteua,Nova Timboteua,2020-04-13,0,0,0,0
Nova Timboteua,Nova Timboteua,2020-04-14,0,0,0,0
Nova Timboteua,Nova Timboteua,2020-04-15,0,0,0,0
Nova Timboteua,Nova Timboteua,2020-04-16,0,0,0,0
Nova Timboteua,Nova Timboteua,2020-04-17,0,0,0,0
Nova Timboteua,Nova Timboteua,2020-04-18,0,0,0,0
Nova Timboteua,Nova Timboteua,2020-04-19,0,0,0,0
Nova Timboteua,Nova Timboteua,2020-04-20,0,0,0,0
Nova Timboteua,Nova Timboteua,2020-04-21,0,0,0,0
Nova Timboteua,Nova Timboteua,2020-04-22,0,0,0,0
Nova Timboteua,Nova Timboteua,2020-04-23,0,0,0,0
Nova Timboteua,Nova Timboteua,2020-04-24,1,1,0,0
Nova Timboteua,Nova Timboteua,2020-04-25,2,1,0,0
Nova Timboteua,Nova Timboteua,2020-04-26,2,0,0,0
Nova Timboteua,Nova Timboteua,2020-04-27,2,0,0,0
Nova Timboteua,Nova Timboteua,2020-04-28,3,1,0,0
Nova Timboteua,Nova Timboteua,2020-04-29,4,1,0,0
Nova Timboteua,Nova Timboteua,2020-04-30,4,0,0,0
Nova Timboteua,Nova Timboteua,2020-05-01,4,0,0,0
Nova Timboteua,Nova Timboteua,2020-05-02,4,0,0,0
Nova Timboteua,Nova Timboteua,2020-05-03,7,3,0,0
Nova Timboteua,Nova Timboteua,2020-05-04,7,0,0,0
Nova Timboteua,Nova Timboteua,2020-05-05,7,0,0,0
Nova Timboteua,Nova Timboteua,2020-05-06,7,0,0,0
Nova Timboteua,Nova Timboteua,2020-05-07,7,0,0,0
Nova Timboteua,Nova Timboteua,2020-05-08,7,0,0,0
Nova Timboteua,Nova Timboteua,2020-05-09,12,5,0,0
Nova Timboteua,Nova Timboteua,2020-05-10,12,0,0,0
Nova Timboteua,Nova Timboteua,2020-05-11,12,0,0,0
Nova Timboteua,Nova Timboteua,2020-05-12,12,0,0,0
Nova Timboteua,Nova Timboteua,2020-05-13,13,1,0,0
Nova Timboteua,Nova Timboteua,2020-05-14,13,0,0,0
Nova Timboteua,Nova Timboteua,2020-05-15,13,0,0,0
Nova Timboteua,Nova Timboteua,2020-05-16,13,0,0,0
Nova Timboteua,Nova Timboteua,2020-05-17,13,0,0,0
Nova Timboteua,Nova Timboteua,2020-05-18,13,0,0,0
Nova Timboteua,Nova Timboteua,2020-05-19,12,-1,0,0
Nova Timboteua,Nova Timboteua,2020-05-20,12,0,0,0
Nova Timboteua,Nova Timboteua,2020-05-21,12,0,0,0
Nova Timboteua,Nova Timboteua,2020-05-22,14,2,0,0
Nova Timboteua,Nova Timboteua,2020-05-23,14,0,0,0
Nova Timboteua,Nova Timboteua,2020-05-24,21,7,0,0
Nova Timboteua,Nova Timboteua,2020-05-25,24,3,0,0
Nova Timboteua,Nova Timboteua,2020-05-26,25,1,0,0
Nova Timboteua,Nova Timboteua,2020-05-27,26,1,0,0
Nova Timboteua,Nova Timboteua,2020-05-28,26,0,0,0
Nova Timboteua,Nova Timboteua,2020-05-29,31,5,0,0
Nova Timboteua,Nova Timboteua,2020-05-30,31,0,0,0
Nova Timboteua,Nova Timboteua,2020-05-31,34,3,0,0
Nova Timboteua,Nova Timboteua,2020-06-01,34,0,0,0
Nova Timboteua,Nova Timboteua,2020-06-02,40,6,0,0
Nova Timboteua,Nova Timboteua,2020-06-03,47,7,0,0
Nova Timboteua,Nova Timboteua,2020-06-04,58,11,0,0
Nova Timboteua,Nova Timboteua,2020-06-05,58,0,0,0
Nova Timboteua,Nova Timboteua,2020-06-06,60,2,0,0
Nova Timboteua,Nova Timboteua,2020-06-07,60,0,0,0
Nova Timboteua,Nova Timboteua,2020-06-08,61,1,0,0
Nova Timboteua,Nova Timboteua,2020-06-09,64,3,0,0
Nova Timboteua,Nova Timboteua,2020-06-10,71,7,1,1
Nova Timboteua,Nova Timboteua,2020-06-11,71,0,1,0
Nova Timboteua,Nova Timboteua,2020-06-12,73,2,1,0
Nova Timboteua,Nova Timboteua,2020-06-13,73,0,1,0
Nova Timboteua,Nova Timboteua,2020-06-14,73,0,1,0
Nova Timboteua,Nova Timboteua,2020-06-15,74,1,1,0
Nova Timboteua,Nova Timboteua,2020-06-16,79,5,1,0
Nova Timboteua,Nova Timboteua,2020-06-17,87,8,1,0
Nova Timboteua,Nova Timboteua,2020-06-18,91,4,1,0
Nova Timboteua,Nova Timboteua,2020-06-19,95,4,1,0
Nova Timboteua,Nova Timboteua,2020-06-20,101,6,1,0
Nova Timboteua,Nova Timboteua,2020-06-21,103,2,1,0
Nova Timboteua,Nova Timboteua,2020-06-22,103,0,1,0
Nova Timboteua,Nova Timboteua,2020-06-23,105,2,1,0
Nova Timboteua,Nova Timboteua,2020-06-24,106,1,1,0
Nova Timboteua,Nova Timboteua,2020-06-25,114,8,1,0
Nova Timboteua,Nova Timboteua,2020-06-26,116,2,1,0
Nova Timboteua,Nova Timboteua,2020-06-27,117,1,1,0
Nova Timboteua,Nova Timboteua,2020-06-28,121,4,1,0
Nova Timboteua,Nova Timboteua,2020-06-29,121,0,1,0
Nova Timboteua,Nova Timboteua,2020-06-30,127,6,1,0
Nova Timboteua,Nova Timboteua,2020-07-01,131,4,1,0
Nova Timboteua,Nova Timboteua,2020-07-02,132,1,1,0
Nova Timboteua,Nova Timboteua,2020-07-03,132,0,1,0
Nova Timboteua,Nova Timboteua,2020-07-04,132,0,1,0
Nova Timboteua,Nova Timboteua,2020-07-05,136,4,1,0
Nova Timboteua,Nova Timboteua,2020-07-06,136,0,1,0
Nova Timboteua,Nova Timboteua,2020-07-07,144,8,1,0
Nova Timboteua,Nova Timboteua,2020-07-08,147,3,1,0
Nova Timboteua,Nova Timboteua,2020-07-09,156,9,1,0
Nova Timboteua,Nova Timboteua,2020-07-10,158,2,1,0
Nova Timboteua,Nova Timboteua,2020-07-11,158,0,2,1
Nova Timboteua,Nova Timboteua,2020-07-12,158,0,2,0
Nova Timboteua,Nova Timboteua,2020-07-13,170,12,2,0
Nova Timboteua,Nova Timboteua,2020-07-14,170,0,2,0
Nova Timboteua,Nova Timboteua,2020-07-15,175,5,2,0
Nova Timboteua,Nova Timboteua,2020-07-16,179,4,2,0
Nova Timboteua,Nova Timboteua,2020-07-17,183,4,2,0
Nova Timboteua,Nova Timboteua,2020-07-18,186,3,2,0
Nova Timboteua,Nova Timboteua,2020-07-19,188,2,2,0
Nova Timboteua,Nova Timboteua,2020-07-20,188,0,2,0
Nova Timboteua,Nova Timboteua,2020-07-21,188,0,2,0
Nova Timboteua,Nova Timboteua,2020-07-22,197,9,2,0
Nova Timboteua,Nova Timboteua,2020-07-23,207,10,2,0
Nova Timboteua,Nova Timboteua,2020-07-24,207,0,2,0
Nova Timboteua,Nova Timboteua,2020-07-25,209,2,2,0
Nova Timboteua,Nova Timboteua,2020-07-26,209,0,2,0
Nova Timboteua,Nova Timboteua,2020-07-27,209,0,2,0
Nova Timboteua,Nova Timboteua,2020-07-28,226,17,2,0
Nova Timboteua,Nova Timboteua,2020-07-29,253,27,2,0
Nova Timboteua,Nova Timboteua,2020-07-30,262,9,2,0
Nova Timboteua,Nova Timboteua,2020-07-31,263,1,2,0
Nova Timboteua,Nova Timboteua,2020-08-01,264,1,2,0
Nova Timboteua,Nova Timboteua,2020-08-02,267,3,2,0
Nova Timboteua,Nova Timboteua,2020-08-03,267,0,2,0
Nova Timboteua,Nova Timboteua,2020-08-04,307,40,2,0
Nova Timboteua,Nova Timboteua,2020-08-05,338,31,2,0
Nova Timboteua,Nova Timboteua,2020-08-06,344,6,2,0
Nova Timboteua,Nova Timboteua,2020-08-07,344,0,2,0
Nova Timboteua,Nova Timboteua,2020-08-08,356,12,2,0
Nova Timboteua,Nova Timboteua,2020-08-09,360,4,2,0
Nova Timboteua,Nova Timboteua,2020-08-10,363,3,2,0
Nova Timboteua,Nova Timboteua,2020-08-11,366,3,2,0
Nova Timboteua,Nova Timboteua,2020-08-12,366,0,2,0
Nova Timboteua,Nova Timboteua,2020-08-13,367,1,2,0
Nova Timboteua,Nova Timboteua,2020-08-14,375,8,2,0
Nova Timboteua,Nova Timboteua,2020-08-15,379,4,2,0
Nova Timboteua,Nova Timboteua,2020-08-16,379,0,2,0
Nova Timboteua,Nova Timboteua,2020-08-17,383,4,2,0
Nova Timboteua,Nova Timboteua,2020-08-18,383,0,2,0
Nova Timboteua,Nova Timboteua,2020-08-19,396,13,2,0
Nova Timboteua,Nova Timboteua,2020-08-20,404,8,2,0
Nova Timboteua,Nova Timboteua,2020-08-21,405,1,2,0
Nova Timboteua,Nova Timboteua,2020-08-22,407,2,2,0
Nova Timboteua,Nova Timboteua,2020-08-23,411,4,2,0
Nova Timboteua,Nova Timboteua,2020-08-24,411,0,2,0
Nova Timboteua,Nova Timboteua,2020-08-25,417,6,2,0
Nova Timboteua,Nova Timboteua,2020-08-26,417,0,2,0
Nova Timboteua,Nova Timboteua,2020-08-27,419,2,2,0
Nova Timboteua,Nova Timboteua,2020-08-28,424,5,2,0
Nova Timboteua,Nova Timboteua,2020-08-29,424,0,2,0
Nova Timboteua,Nova Timboteua,2020-08-30,424,0,2,0
Nova Timboteua,Nova Timboteua,2020-08-31,424,0,2,0
Nova Timboteua,Nova Timboteua,2020-09-01,426,2,2,0
Nova Timboteua,Nova Timboteua,2020-09-02,427,1,2,0
Nova Timboteua,Nova Timboteua,2020-09-03,430,3,2,0
Nova Timboteua,Nova Timboteua,2020-09-04,432,2,2,0
Nova Timboteua,Nova Timboteua,2020-09-05,435,3,2,0
Nova Timboteua,Nova Timboteua,2020-09-06,436,1,2,0
Nova Timboteua,Nova Timboteua,2020-09-07,436,0,2,0
Nova Timboteua,Nova Timboteua,2020-09-08,436,0,2,0
Nova Timboteua,Nova Timboteua,2020-09-09,436,0,2,0
Nova Timboteua,Nova Timboteua,2020-09-10,436,0,2,0
Nova Timboteua,Nova Timboteua,2020-09-11,438,2,2,0
Nova Timboteua,Nova Timboteua,2020-09-12,439,1,2,0
Nova Timboteua,Nova Timboteua,2020-09-13,439,0,2,0
Nova Timboteua,Nova Timboteua,2020-09-14,439,0,2,0
Nova Timboteua,Nova Timboteua,2020-09-15,440,1,2,0
Nova Timboteua,Nova Timboteua,2020-09-16,440,0,2,0
Nova Timboteua,Nova Timboteua,2020-09-17,440,0,2,0
Nova Timboteua,Nova Timboteua,2020-09-18,440,0,2,0
Nova Timboteua,Nova Timboteua,2020-09-19,440,0,2,0
Nova Timboteua,Nova Timboteua,2020-09-20,440,0,2,0
Nova Timboteua,Nova Timboteua,2020-09-21,440,0,2,0
Nova Timboteua,Nova Timboteua,2020-09-22,440,0,2,0
Nova Timboteua,Nova Timboteua,2020-09-23,440,0,2,0
Nova Timboteua,Nova Timboteua,2020-09-24,440,0,2,0
Nova Timboteua,Nova Timboteua,2020-09-25,440,0,2,0
Nova Timboteua,Nova Timboteua,2020-09-26,441,1,2,0
Nova Timboteua,Nova Timboteua,2020-09-27,441,0,2,0
Nova Timboteua,Nova Timboteua,2020-09-28,441,0,2,0
Nova Timboteua,Nova Timboteua,2020-09-29,441,0,2,0
Nova Timboteua,Nova Timboteua,2020-09-30,441,0,2,0
Nova Timboteua,Nova Timboteua,2020-10-01,441,0,2,0
Nova Timboteua,Nova Timboteua,2020-10-02,441,0,2,0
Nova Timboteua,Nova Timboteua,2020-10-03,441,0,2,0
Nova Timboteua,Nova Timboteua,2020-10-04,441,0,2,0
Nova Timboteua,Nova Timboteua,2020-10-05,441,0,2,0
Nova Timboteua,Nova Timboteua,2020-10-06,441,0,2,0
Nova Timboteua,Nova Timboteua,2020-10-07,442,1,2,0
Nova Timboteua,Nova Timboteua,2020-10-08,442,0,2,0
Nova Timboteua,Nova Timboteua,2020-10-09,442,0,2,0
Nova Timboteua,Nova Timboteua,2020-10-10,443,1,2,0
Nova Timboteua,Nova Timboteua,2020-10-11,443,0,2,0
Nova Timboteua,Nova Timboteua,2020-10-12,443,0,2,0
Nova Timboteua,Nova Timboteua,2020-10-13,443,0,2,0
Nova Timboteua,Nova Timboteua,2020-10-14,443,0,2,0
Nova Timboteua,Nova Timboteua,2020-10-15,444,1,2,0
Nova Timboteua,Nova Timboteua,2020-10-16,444,0,2,0
Nova Timboteua,Nova Timboteua,2020-10-17,444,0,2,0
Nova Timboteua,Nova Timboteua,2020-10-18,444,0,2,0
Nova Timboteua,Nova Timboteua,2020-10-19,444,0,2,0
Nova Timboteua,Nova Timboteua,2020-10-20,444,0,2,0
Nova Timboteua,Nova Timboteua,2020-10-21,444,0,2,0
Nova Timboteua,Nova Timboteua,2020-10-22,444,0,2,0
Nova Timboteua,Nova Timboteua,2020-10-23,444,0,2,0
Nova Timboteua,Nova Timboteua,2020-10-24,444,0,2,0
Nova Timboteua,Nova Timboteua,2020-10-25,444,0,2,0
Nova Timboteua,Nova Timboteua,2020-10-26,444,0,2,0
Nova Timboteua,Nova Timboteua,2020-10-27,444,0,2,0
Nova Timboteua,Nova Timboteua,2020-10-28,444,0,2,0
Nova Timboteua,Nova Timboteua,2020-10-29,444,0,2,0
Nova Timboteua,Nova Timboteua,2020-10-30,444,0,2,0
Nova Timboteua,Nova Timboteua,2020-10-31,444,0,2,0
Nova Timboteua,Nova Timboteua,2020-11-01,444,0,2,0
Nova Timboteua,Nova Timboteua,2020-11-02,444,0,2,0
Nova Timboteua,Nova Timboteua,2020-11-03,446,2,2,0
Nova Timboteua,Nova Timboteua,2020-11-04,446,0,2,0
Nova Timboteua,Nova Timboteua,2020-11-05,446,0,2,0
Nova Timboteua,Nova Timboteua,2020-11-06,448,2,2,0
Nova Timboteua,Nova Timboteua,2020-11-07,448,0,2,0
Nova Timboteua,Nova Timboteua,2020-11-08,448,0,2,0
Nova Timboteua,Nova Timboteua,2020-11-09,449,1,2,0
Nova Timboteua,Nova Timboteua,2020-11-10,449,0,2,0
Nova Timboteua,Nova Timboteua,2020-11-11,450,1,2,0
Nova Timboteua,Nova Timboteua,2020-11-12,454,4,2,0
Nova Timboteua,Nova Timboteua,2020-11-13,455,1,2,0
Nova Timboteua,Nova Timboteua,2020-11-14,455,0,2,0
Nova Timboteua,Nova Timboteua,2020-11-15,455,0,2,0
Nova Timboteua,Nova Timboteua,2020-11-16,455,0,2,0
Nova Timboteua,Nova Timboteua,2020-11-17,455,0,2,0
Nova Timboteua,Nova Timboteua,2020-11-18,455,0,2,0
Nova Timboteua,Nova Timboteua,2020-11-19,458,3,2,0
Nova Timboteua,Nova Timboteua,2020-11-20,459,1,2,0
Nova Timboteua,Nova Timboteua,2020-11-21,460,1,2,0
Nova Timboteua,Nova Timboteua,2020-11-22,460,0,2,0
Nova Timboteua,Nova Timboteua,2020-11-23,460,0,2,0
Nova Timboteua,Nova Timboteua,2020-11-24,461,1,2,0
Nova Timboteua,Nova Timboteua,2020-11-25,465,4,2,0
Nova Timboteua,Nova Timboteua,2020-11-26,465,0,2,0
Nova Timboteua,Nova Timboteua,2020-11-27,469,4,2,0
Nova Timboteua,Nova Timboteua,2020-11-28,471,2,3,1
Nova Timboteua,Nova Timboteua,2020-11-29,471,0,3,0
Nova Timboteua,Nova Timboteua,2020-11-30,471,0,3,0
Nova Timboteua,Nova Timboteua,2020-12-01,471,0,3,0
Nova Timboteua,Nova Timboteua,2020-12-02,479,8,3,0
Nova Timboteua,Nova Timboteua,2020-12-03,481,2,3,0
Nova Timboteua,Nova Timboteua,2020-12-04,482,1,3,0
Nova Timboteua,Nova Timboteua,2020-12-05,483,1,3,0
Nova Timboteua,Nova Timboteua,2020-12-06,484,1,3,0
Nova Timboteua,Nova Timboteua,2020-12-07,484,0,3,0
Nova Timboteua,Nova Timboteua,2020-12-08,484,0,3,0
Nova Timboteua,Nova Timboteua,2020-12-09,492,8,3,0
Nova Timboteua,Nova Timboteua,2020-12-10,495,3,3,0
Nova Timboteua,Nova Timboteua,2020-12-11,498,3,3,0
Nova Timboteua,Nova Timboteua,2020-12-12,498,0,3,0
Nova Timboteua,Nova Timboteua,2020-12-13,498,0,3,0
Nova Timboteua,Nova Timboteua,2020-12-14,498,0,3,0
Nova Timboteua,Nova Timboteua,2020-12-15,498,0,3,0
Nova Timboteua,Nova Timboteua,2020-12-16,500,2,3,0
Nova Timboteua,Nova Timboteua,2020-12-17,500,0,3,0
Nova Timboteua,Nova Timboteua,2020-12-18,503,3,3,0
Nova Timboteua,Nova Timboteua,2020-12-19,503,0,3,0
Nova Timboteua,Nova Timboteua,2020-12-20,503,0,3,0
Nova Timboteua,Nova Timboteua,2020-12-21,503,0,3,0
Nova Timboteua,Nova Timboteua,2020-12-22,505,2,3,0
Nova Timboteua,Nova Timboteua,2020-12-23,505,0,3,0
Nova Timboteua,Nova Timboteua,2020-12-24,508,3,3,0
Nova Timboteua,Nova Timboteua,2020-12-25,508,0,3,0
Nova Timboteua,Nova Timboteua,2020-12-26,508,0,3,0
Nova Timboteua,Nova Timboteua,2020-12-27,508,0,3,0
Nova Timboteua,Nova Timboteua,2020-12-28,508,0,3,0
Nova Timboteua,Nova Timboteua,2020-12-29,511,3,3,0
Nova Timboteua,Nova Timboteua,2020-12-30,513,2,3,0
Nova Timboteua,Nova Timboteua,2020-12-31,513,0,3,0
Nova Timboteua,Nova Timboteua,2021-01-01,513,0,3,0
Nova Timboteua,Nova Timboteua,2021-01-02,513,0,3,0
Nova Timboteua,Nova Timboteua,2021-01-03,513,0,3,0
Nova Timboteua,Nova Timboteua,2021-01-04,513,0,3,0
Nova Timboteua,Nova Timboteua,2021-01-05,513,0,3,0
Nova Timboteua,Nova Timboteua,2021-01-06,517,4,3,0
Nova Timboteua,Nova Timboteua,2021-01-07,519,2,3,0
Nova Timboteua,Nova Timboteua,2021-01-08,524,5,3,0
Nova Timboteua,Nova Timboteua,2021-01-09,524,0,3,0
Nova Timboteua,Nova Timboteua,2021-01-10,524,0,3,0
Nova Timboteua,Nova Timboteua,2021-01-11,524,0,3,0
Nova Timboteua,Nova Timboteua,2021-01-12,525,1,3,0
Nova Timboteua,Nova Timboteua,2021-01-13,537,12,3,0
Nova Timboteua,Nova Timboteua,2021-01-14,537,0,3,0
Nova Timboteua,Nova Timboteua,2021-01-15,553,16,3,0
Nova Timboteua,Nova Timboteua,2021-01-16,556,3,3,0
Nova Timboteua,Nova Timboteua,2021-01-17,557,1,3,0
Nova Timboteua,Nova Timboteua,2021-01-18,557,0,3,0
Nova Timboteua,Nova Timboteua,2021-01-19,557,0,3,0
Nova Timboteua,Nova Timboteua,2021-01-20,558,1,3,0
Nova Timboteua,Nova Timboteua,2021-01-21,561,3,3,0
Nova Timboteua,Nova Timboteua,2021-01-22,561,0,3,0
Nova Timboteua,Nova Timboteua,2021-01-23,567,6,3,0
Nova Timboteua,Nova Timboteua,2021-01-24,567,0,3,0
Nova Timboteua,Nova Timboteua,2021-01-25,567,0,4,1
Nova Timboteua,Nova Timboteua,2021-01-26,569,2,4,0
Nova Timboteua,Nova Timboteua,2021-01-27,576,7,4,0
Nova Timboteua,Nova Timboteua,2021-01-28,576,0,4,0
Nova Timboteua,Nova Timboteua,2021-01-29,577,1,4,0
Nova Timboteua,Nova Timboteua,2021-01-30,578,1,4,0
Nova Timboteua,Nova Timboteua,2021-01-31,578,0,4,0
Nova Timboteua,Nova Timboteua,2021-02-01,578,0,4,0
Nova Timboteua,Nova Timboteua,2021-02-02,580,2,4,0
Nova Timboteua,Nova Timboteua,2021-02-03,582,2,4,0
Nova Timboteua,Nova Timboteua,2021-02-04,587,5,4,0
Nova Timboteua,Nova Timboteua,2021-02-05,588,1,4,0
Nova Timboteua,Nova Timboteua,2021-02-06,590,2,4,0
Nova Timboteua,Nova Timboteua,2021-02-07,590,0,4,0
Nova Timboteua,Nova Timboteua,2021-02-08,590,0,4,0
