city,city,date,cases,daily cases,deaths,daily deaths
Nova Mamoré,Nova Mamoré,2020-03-27,0,0,0,0
Nova Mamoré,Nova Mamoré,2020-03-28,0,0,0,0
Nova Mamoré,Nova Mamoré,2020-03-29,0,0,0,0
Nova Mamoré,Nova Mamoré,2020-03-30,0,0,0,0
Nova Mamoré,Nova Mamoré,2020-03-31,0,0,0,0
Nova Mamoré,Nova Mamoré,2020-04-01,0,0,0,0
Nova Mamoré,Nova Mamoré,2020-04-02,0,0,0,0
Nova Mamoré,Nova Mamoré,2020-04-03,0,0,0,0
Nova Mamoré,Nova Mamoré,2020-04-04,0,0,0,0
Nova Mamoré,Nova Mamoré,2020-04-05,0,0,0,0
Nova Mamoré,Nova Mamoré,2020-04-06,0,0,0,0
Nova Mamoré,Nova Mamoré,2020-04-07,0,0,0,0
Nova Mamoré,Nova Mamoré,2020-04-08,0,0,0,0
Nova Mamoré,Nova Mamoré,2020-04-09,0,0,0,0
Nova Mamoré,Nova Mamoré,2020-04-10,0,0,0,0
Nova Mamoré,Nova Mamoré,2020-04-11,0,0,0,0
Nova Mamoré,Nova Mamoré,2020-04-12,0,0,0,0
Nova Mamoré,Nova Mamoré,2020-04-13,0,0,0,0
Nova Mamoré,Nova Mamoré,2020-04-14,0,0,0,0
Nova Mamoré,Nova Mamoré,2020-04-15,0,0,0,0
Nova Mamoré,Nova Mamoré,2020-04-16,0,0,0,0
Nova Mamoré,Nova Mamoré,2020-04-17,0,0,0,0
Nova Mamoré,Nova Mamoré,2020-04-18,0,0,0,0
Nova Mamoré,Nova Mamoré,2020-04-19,0,0,0,0
Nova Mamoré,Nova Mamoré,2020-04-20,0,0,0,0
Nova Mamoré,Nova Mamoré,2020-04-21,0,0,0,0
Nova Mamoré,Nova Mamoré,2020-04-22,0,0,0,0
Nova Mamoré,Nova Mamoré,2020-04-23,0,0,0,0
Nova Mamoré,Nova Mamoré,2020-04-24,0,0,0,0
Nova Mamoré,Nova Mamoré,2020-04-25,0,0,0,0
Nova Mamoré,Nova Mamoré,2020-04-26,0,0,0,0
Nova Mamoré,Nova Mamoré,2020-04-27,0,0,0,0
Nova Mamoré,Nova Mamoré,2020-04-28,0,0,0,0
Nova Mamoré,Nova Mamoré,2020-04-29,0,0,0,0
Nova Mamoré,Nova Mamoré,2020-04-30,0,0,0,0
Nova Mamoré,Nova Mamoré,2020-05-01,0,0,0,0
Nova Mamoré,Nova Mamoré,2020-05-02,0,0,0,0
Nova Mamoré,Nova Mamoré,2020-05-03,0,0,0,0
Nova Mamoré,Nova Mamoré,2020-05-04,0,0,0,0
Nova Mamoré,Nova Mamoré,2020-05-05,0,0,0,0
Nova Mamoré,Nova Mamoré,2020-05-06,0,0,0,0
Nova Mamoré,Nova Mamoré,2020-05-07,0,0,0,0
Nova Mamoré,Nova Mamoré,2020-05-08,0,0,0,0
Nova Mamoré,Nova Mamoré,2020-05-09,0,0,0,0
Nova Mamoré,Nova Mamoré,2020-05-10,0,0,0,0
Nova Mamoré,Nova Mamoré,2020-05-11,0,0,0,0
Nova Mamoré,Nova Mamoré,2020-05-12,2,2,0,0
Nova Mamoré,Nova Mamoré,2020-05-13,2,0,0,0
Nova Mamoré,Nova Mamoré,2020-05-14,3,1,0,0
Nova Mamoré,Nova Mamoré,2020-05-15,3,0,0,0
Nova Mamoré,Nova Mamoré,2020-05-16,5,2,0,0
Nova Mamoré,Nova Mamoré,2020-05-17,5,0,0,0
Nova Mamoré,Nova Mamoré,2020-05-18,5,0,0,0
Nova Mamoré,Nova Mamoré,2020-05-19,7,2,0,0
Nova Mamoré,Nova Mamoré,2020-05-20,7,0,0,0
Nova Mamoré,Nova Mamoré,2020-05-21,7,0,1,1
Nova Mamoré,Nova Mamoré,2020-05-22,9,2,1,0
Nova Mamoré,Nova Mamoré,2020-05-23,9,0,1,0
Nova Mamoré,Nova Mamoré,2020-05-24,10,1,1,0
Nova Mamoré,Nova Mamoré,2020-05-25,10,0,1,0
Nova Mamoré,Nova Mamoré,2020-05-26,13,3,1,0
Nova Mamoré,Nova Mamoré,2020-05-27,13,0,2,1
Nova Mamoré,Nova Mamoré,2020-05-28,15,2,3,1
Nova Mamoré,Nova Mamoré,2020-05-29,16,1,3,0
Nova Mamoré,Nova Mamoré,2020-05-30,21,5,3,0
Nova Mamoré,Nova Mamoré,2020-05-31,21,0,3,0
Nova Mamoré,Nova Mamoré,2020-06-01,21,0,3,0
Nova Mamoré,Nova Mamoré,2020-06-02,23,2,3,0
Nova Mamoré,Nova Mamoré,2020-06-03,28,5,3,0
Nova Mamoré,Nova Mamoré,2020-06-04,31,3,3,0
Nova Mamoré,Nova Mamoré,2020-06-05,33,2,3,0
Nova Mamoré,Nova Mamoré,2020-06-06,54,21,4,1
Nova Mamoré,Nova Mamoré,2020-06-07,54,0,3,-1
Nova Mamoré,Nova Mamoré,2020-06-08,53,-1,3,0
Nova Mamoré,Nova Mamoré,2020-06-09,70,17,3,0
Nova Mamoré,Nova Mamoré,2020-06-10,79,9,3,0
Nova Mamoré,Nova Mamoré,2020-06-11,85,6,3,0
Nova Mamoré,Nova Mamoré,2020-06-12,112,27,3,0
Nova Mamoré,Nova Mamoré,2020-06-13,113,1,3,0
Nova Mamoré,Nova Mamoré,2020-06-14,114,1,3,0
Nova Mamoré,Nova Mamoré,2020-06-15,115,1,3,0
Nova Mamoré,Nova Mamoré,2020-06-16,117,2,3,0
Nova Mamoré,Nova Mamoré,2020-06-17,119,2,3,0
Nova Mamoré,Nova Mamoré,2020-06-18,141,22,3,0
Nova Mamoré,Nova Mamoré,2020-06-19,141,0,3,0
Nova Mamoré,Nova Mamoré,2020-06-20,140,-1,3,0
Nova Mamoré,Nova Mamoré,2020-06-21,155,15,5,2
Nova Mamoré,Nova Mamoré,2020-06-22,156,1,5,0
Nova Mamoré,Nova Mamoré,2020-06-23,160,4,5,0
Nova Mamoré,Nova Mamoré,2020-06-24,162,2,5,0
Nova Mamoré,Nova Mamoré,2020-06-25,172,10,5,0
Nova Mamoré,Nova Mamoré,2020-06-26,177,5,5,0
Nova Mamoré,Nova Mamoré,2020-06-27,177,0,5,0
Nova Mamoré,Nova Mamoré,2020-06-28,205,28,5,0
Nova Mamoré,Nova Mamoré,2020-06-29,209,4,5,0
Nova Mamoré,Nova Mamoré,2020-06-30,233,24,5,0
Nova Mamoré,Nova Mamoré,2020-07-01,225,-8,5,0
Nova Mamoré,Nova Mamoré,2020-07-02,239,14,5,0
Nova Mamoré,Nova Mamoré,2020-07-03,263,24,5,0
Nova Mamoré,Nova Mamoré,2020-07-04,278,15,5,0
Nova Mamoré,Nova Mamoré,2020-07-05,283,5,5,0
Nova Mamoré,Nova Mamoré,2020-07-06,291,8,5,0
Nova Mamoré,Nova Mamoré,2020-07-07,311,20,5,0
Nova Mamoré,Nova Mamoré,2020-07-08,353,42,5,0
Nova Mamoré,Nova Mamoré,2020-07-09,368,15,5,0
Nova Mamoré,Nova Mamoré,2020-07-10,381,13,5,0
Nova Mamoré,Nova Mamoré,2020-07-11,394,13,5,0
Nova Mamoré,Nova Mamoré,2020-07-12,399,5,5,0
Nova Mamoré,Nova Mamoré,2020-07-13,399,0,5,0
Nova Mamoré,Nova Mamoré,2020-07-14,410,11,5,0
Nova Mamoré,Nova Mamoré,2020-07-15,417,7,5,0
Nova Mamoré,Nova Mamoré,2020-07-16,442,25,5,0
Nova Mamoré,Nova Mamoré,2020-07-17,450,8,5,0
Nova Mamoré,Nova Mamoré,2020-07-18,450,0,5,0
Nova Mamoré,Nova Mamoré,2020-07-19,450,0,5,0
Nova Mamoré,Nova Mamoré,2020-07-20,441,-9,5,0
Nova Mamoré,Nova Mamoré,2020-07-21,454,13,5,0
Nova Mamoré,Nova Mamoré,2020-07-22,473,19,6,1
Nova Mamoré,Nova Mamoré,2020-07-23,490,17,6,0
Nova Mamoré,Nova Mamoré,2020-07-24,511,21,6,0
Nova Mamoré,Nova Mamoré,2020-07-25,509,-2,6,0
Nova Mamoré,Nova Mamoré,2020-07-26,520,11,6,0
Nova Mamoré,Nova Mamoré,2020-07-27,517,-3,6,0
Nova Mamoré,Nova Mamoré,2020-07-28,520,3,6,0
Nova Mamoré,Nova Mamoré,2020-07-29,533,13,6,0
Nova Mamoré,Nova Mamoré,2020-07-30,540,7,6,0
Nova Mamoré,Nova Mamoré,2020-07-31,544,4,6,0
Nova Mamoré,Nova Mamoré,2020-08-01,549,5,6,0
Nova Mamoré,Nova Mamoré,2020-08-02,549,0,6,0
Nova Mamoré,Nova Mamoré,2020-08-03,549,0,6,0
Nova Mamoré,Nova Mamoré,2020-08-04,573,24,6,0
Nova Mamoré,Nova Mamoré,2020-08-05,582,9,6,0
Nova Mamoré,Nova Mamoré,2020-08-06,605,23,6,0
Nova Mamoré,Nova Mamoré,2020-08-07,611,6,6,0
Nova Mamoré,Nova Mamoré,2020-08-08,611,0,6,0
Nova Mamoré,Nova Mamoré,2020-08-09,611,0,6,0
Nova Mamoré,Nova Mamoré,2020-08-10,614,3,6,0
Nova Mamoré,Nova Mamoré,2020-08-11,629,15,6,0
Nova Mamoré,Nova Mamoré,2020-08-12,632,3,6,0
Nova Mamoré,Nova Mamoré,2020-08-13,640,8,6,0
Nova Mamoré,Nova Mamoré,2020-08-14,644,4,6,0
Nova Mamoré,Nova Mamoré,2020-08-15,655,11,6,0
Nova Mamoré,Nova Mamoré,2020-08-16,655,0,6,0
Nova Mamoré,Nova Mamoré,2020-08-17,655,0,6,0
Nova Mamoré,Nova Mamoré,2020-08-18,680,25,6,0
Nova Mamoré,Nova Mamoré,2020-08-19,702,22,6,0
Nova Mamoré,Nova Mamoré,2020-08-20,738,36,6,0
Nova Mamoré,Nova Mamoré,2020-08-21,744,6,6,0
Nova Mamoré,Nova Mamoré,2020-08-22,745,1,6,0
Nova Mamoré,Nova Mamoré,2020-08-23,741,-4,6,0
Nova Mamoré,Nova Mamoré,2020-08-24,758,17,6,0
Nova Mamoré,Nova Mamoré,2020-08-25,780,22,6,0
Nova Mamoré,Nova Mamoré,2020-08-26,787,7,6,0
Nova Mamoré,Nova Mamoré,2020-08-27,810,23,6,0
Nova Mamoré,Nova Mamoré,2020-08-28,826,16,6,0
Nova Mamoré,Nova Mamoré,2020-08-29,829,3,6,0
Nova Mamoré,Nova Mamoré,2020-08-30,828,-1,6,0
Nova Mamoré,Nova Mamoré,2020-08-31,848,20,6,0
Nova Mamoré,Nova Mamoré,2020-09-01,876,28,6,0
Nova Mamoré,Nova Mamoré,2020-09-02,905,29,6,0
Nova Mamoré,Nova Mamoré,2020-09-03,906,1,6,0
Nova Mamoré,Nova Mamoré,2020-09-04,937,31,6,0
Nova Mamoré,Nova Mamoré,2020-09-05,946,9,7,1
Nova Mamoré,Nova Mamoré,2020-09-06,958,12,7,0
Nova Mamoré,Nova Mamoré,2020-09-07,959,1,7,0
Nova Mamoré,Nova Mamoré,2020-09-08,971,12,7,0
Nova Mamoré,Nova Mamoré,2020-09-09,981,10,7,0
Nova Mamoré,Nova Mamoré,2020-09-10,991,10,7,0
Nova Mamoré,Nova Mamoré,2020-09-11,1000,9,7,0
Nova Mamoré,Nova Mamoré,2020-09-12,1015,15,7,0
Nova Mamoré,Nova Mamoré,2020-09-13,1015,0,7,0
Nova Mamoré,Nova Mamoré,2020-09-14,1026,11,7,0
Nova Mamoré,Nova Mamoré,2020-09-15,1031,5,8,1
Nova Mamoré,Nova Mamoré,2020-09-16,1044,13,8,0
Nova Mamoré,Nova Mamoré,2020-09-17,1061,17,8,0
Nova Mamoré,Nova Mamoré,2020-09-18,1066,5,8,0
Nova Mamoré,Nova Mamoré,2020-09-19,1066,0,8,0
Nova Mamoré,Nova Mamoré,2020-09-20,1066,0,8,0
Nova Mamoré,Nova Mamoré,2020-09-21,1082,16,8,0
Nova Mamoré,Nova Mamoré,2020-09-22,1092,10,7,-1
Nova Mamoré,Nova Mamoré,2020-09-23,1104,12,7,0
Nova Mamoré,Nova Mamoré,2020-09-24,1107,3,7,0
Nova Mamoré,Nova Mamoré,2020-09-25,1110,3,7,0
Nova Mamoré,Nova Mamoré,2020-09-26,1110,0,7,0
Nova Mamoré,Nova Mamoré,2020-09-27,1110,0,7,0
Nova Mamoré,Nova Mamoré,2020-09-28,1113,3,7,0
Nova Mamoré,Nova Mamoré,2020-09-29,1119,6,7,0
Nova Mamoré,Nova Mamoré,2020-09-30,1119,0,7,0
Nova Mamoré,Nova Mamoré,2020-10-01,1122,3,7,0
Nova Mamoré,Nova Mamoré,2020-10-02,1122,0,7,0
Nova Mamoré,Nova Mamoré,2020-10-03,1120,-2,7,0
Nova Mamoré,Nova Mamoré,2020-10-04,1120,0,7,0
Nova Mamoré,Nova Mamoré,2020-10-05,1121,1,7,0
Nova Mamoré,Nova Mamoré,2020-10-06,1129,8,7,0
Nova Mamoré,Nova Mamoré,2020-10-07,1136,7,7,0
Nova Mamoré,Nova Mamoré,2020-10-08,1138,2,7,0
Nova Mamoré,Nova Mamoré,2020-10-09,1145,7,7,0
Nova Mamoré,Nova Mamoré,2020-10-10,1212,67,7,0
Nova Mamoré,Nova Mamoré,2020-10-11,1212,0,7,0
Nova Mamoré,Nova Mamoré,2020-10-12,1212,0,7,0
Nova Mamoré,Nova Mamoré,2020-10-13,1213,1,7,0
Nova Mamoré,Nova Mamoré,2020-10-14,1221,8,7,0
Nova Mamoré,Nova Mamoré,2020-10-15,1225,4,7,0
Nova Mamoré,Nova Mamoré,2020-10-16,1229,4,7,0
Nova Mamoré,Nova Mamoré,2020-10-17,1229,0,7,0
Nova Mamoré,Nova Mamoré,2020-10-18,1229,0,7,0
Nova Mamoré,Nova Mamoré,2020-10-19,1230,1,7,0
Nova Mamoré,Nova Mamoré,2020-10-20,1236,6,7,0
Nova Mamoré,Nova Mamoré,2020-10-21,1241,5,7,0
Nova Mamoré,Nova Mamoré,2020-10-22,1241,0,7,0
Nova Mamoré,Nova Mamoré,2020-10-23,1245,4,7,0
Nova Mamoré,Nova Mamoré,2020-10-24,1245,0,7,0
Nova Mamoré,Nova Mamoré,2020-10-25,1246,1,7,0
Nova Mamoré,Nova Mamoré,2020-10-26,1246,0,7,0
Nova Mamoré,Nova Mamoré,2020-10-27,1247,1,7,0
Nova Mamoré,Nova Mamoré,2020-10-28,1246,-1,7,0
Nova Mamoré,Nova Mamoré,2020-10-29,1245,-1,7,0
Nova Mamoré,Nova Mamoré,2020-10-30,1245,0,7,0
Nova Mamoré,Nova Mamoré,2020-10-31,1244,-1,7,0
Nova Mamoré,Nova Mamoré,2020-11-01,1244,0,7,0
Nova Mamoré,Nova Mamoré,2020-11-02,1244,0,7,0
Nova Mamoré,Nova Mamoré,2020-11-03,1245,1,7,0
Nova Mamoré,Nova Mamoré,2020-11-04,1246,1,7,0
Nova Mamoré,Nova Mamoré,2020-11-05,1246,0,7,0
Nova Mamoré,Nova Mamoré,2020-11-06,1245,-1,7,0
Nova Mamoré,Nova Mamoré,2020-11-07,1245,0,7,0
Nova Mamoré,Nova Mamoré,2020-11-08,1245,0,7,0
Nova Mamoré,Nova Mamoré,2020-11-09,1246,1,7,0
Nova Mamoré,Nova Mamoré,2020-11-10,1247,1,7,0
Nova Mamoré,Nova Mamoré,2020-11-11,1246,-1,7,0
Nova Mamoré,Nova Mamoré,2020-11-12,1246,0,7,0
Nova Mamoré,Nova Mamoré,2020-11-13,1246,0,7,0
Nova Mamoré,Nova Mamoré,2020-11-14,1246,0,7,0
Nova Mamoré,Nova Mamoré,2020-11-15,1246,0,7,0
Nova Mamoré,Nova Mamoré,2020-11-16,1246,0,8,1
Nova Mamoré,Nova Mamoré,2020-11-17,1247,1,9,1
Nova Mamoré,Nova Mamoré,2020-11-18,1247,0,9,0
Nova Mamoré,Nova Mamoré,2020-11-19,1249,2,9,0
Nova Mamoré,Nova Mamoré,2020-11-20,1253,4,9,0
Nova Mamoré,Nova Mamoré,2020-11-21,1252,-1,9,0
Nova Mamoré,Nova Mamoré,2020-11-22,1252,0,9,0
Nova Mamoré,Nova Mamoré,2020-11-23,1254,2,9,0
Nova Mamoré,Nova Mamoré,2020-11-24,1251,-3,9,0
Nova Mamoré,Nova Mamoré,2020-11-25,1251,0,9,0
Nova Mamoré,Nova Mamoré,2020-11-26,1254,3,9,0
Nova Mamoré,Nova Mamoré,2020-11-27,1254,0,9,0
Nova Mamoré,Nova Mamoré,2020-11-28,1255,1,9,0
Nova Mamoré,Nova Mamoré,2020-11-29,1255,0,9,0
Nova Mamoré,Nova Mamoré,2020-11-30,1255,0,9,0
Nova Mamoré,Nova Mamoré,2020-12-01,1266,11,9,0
Nova Mamoré,Nova Mamoré,2020-12-02,1274,8,9,0
Nova Mamoré,Nova Mamoré,2020-12-03,1277,3,9,0
Nova Mamoré,Nova Mamoré,2020-12-04,1280,3,9,0
Nova Mamoré,Nova Mamoré,2020-12-05,1280,0,9,0
Nova Mamoré,Nova Mamoré,2020-12-06,1280,0,9,0
Nova Mamoré,Nova Mamoré,2020-12-07,1282,2,9,0
Nova Mamoré,Nova Mamoré,2020-12-08,1286,4,9,0
Nova Mamoré,Nova Mamoré,2020-12-09,1287,1,9,0
Nova Mamoré,Nova Mamoré,2020-12-10,1295,8,9,0
Nova Mamoré,Nova Mamoré,2020-12-11,1297,2,9,0
Nova Mamoré,Nova Mamoré,2020-12-12,1297,0,9,0
Nova Mamoré,Nova Mamoré,2020-12-13,1296,-1,9,0
Nova Mamoré,Nova Mamoré,2020-12-14,1297,1,9,0
Nova Mamoré,Nova Mamoré,2020-12-15,1301,4,10,1
Nova Mamoré,Nova Mamoré,2020-12-16,1313,12,10,0
Nova Mamoré,Nova Mamoré,2020-12-17,1322,9,10,0
Nova Mamoré,Nova Mamoré,2020-12-18,1328,6,10,0
Nova Mamoré,Nova Mamoré,2020-12-19,1328,0,10,0
Nova Mamoré,Nova Mamoré,2020-12-20,1328,0,10,0
Nova Mamoré,Nova Mamoré,2020-12-21,1329,1,10,0
Nova Mamoré,Nova Mamoré,2020-12-22,1337,8,10,0
Nova Mamoré,Nova Mamoré,2020-12-23,1343,6,10,0
Nova Mamoré,Nova Mamoré,2020-12-24,1345,2,10,0
Nova Mamoré,Nova Mamoré,2020-12-25,1345,0,10,0
Nova Mamoré,Nova Mamoré,2020-12-26,1345,0,10,0
Nova Mamoré,Nova Mamoré,2020-12-27,1345,0,10,0
Nova Mamoré,Nova Mamoré,2020-12-28,1346,1,10,0
Nova Mamoré,Nova Mamoré,2020-12-29,1346,0,10,0
Nova Mamoré,Nova Mamoré,2020-12-30,1356,10,11,1
Nova Mamoré,Nova Mamoré,2020-12-31,1357,1,12,1
Nova Mamoré,Nova Mamoré,2021-01-01,1367,10,12,0
Nova Mamoré,Nova Mamoré,2021-01-02,1372,5,13,1
Nova Mamoré,Nova Mamoré,2021-01-03,1372,0,13,0
Nova Mamoré,Nova Mamoré,2021-01-04,1373,1,13,0
Nova Mamoré,Nova Mamoré,2021-01-05,1374,1,13,0
Nova Mamoré,Nova Mamoré,2021-01-06,1375,1,13,0
Nova Mamoré,Nova Mamoré,2021-01-07,1379,4,13,0
Nova Mamoré,Nova Mamoré,2021-01-08,1381,2,13,0
Nova Mamoré,Nova Mamoré,2021-01-09,1392,11,13,0
Nova Mamoré,Nova Mamoré,2021-01-10,1395,3,13,0
Nova Mamoré,Nova Mamoré,2021-01-11,1410,15,13,0
Nova Mamoré,Nova Mamoré,2021-01-12,1413,3,13,0
Nova Mamoré,Nova Mamoré,2021-01-13,1415,2,13,0
Nova Mamoré,Nova Mamoré,2021-01-14,1432,17,13,0
Nova Mamoré,Nova Mamoré,2021-01-15,1435,3,13,0
Nova Mamoré,Nova Mamoré,2021-01-16,1435,0,13,0
Nova Mamoré,Nova Mamoré,2021-01-17,1448,13,13,0
Nova Mamoré,Nova Mamoré,2021-01-18,1454,6,13,0
Nova Mamoré,Nova Mamoré,2021-01-19,1481,27,14,1
Nova Mamoré,Nova Mamoré,2021-01-20,1493,12,14,0
Nova Mamoré,Nova Mamoré,2021-01-21,1503,10,14,0
Nova Mamoré,Nova Mamoré,2021-01-22,1506,3,14,0
Nova Mamoré,Nova Mamoré,2021-01-23,1509,3,15,1
Nova Mamoré,Nova Mamoré,2021-01-24,1516,7,17,2
Nova Mamoré,Nova Mamoré,2021-01-25,1524,8,17,0
Nova Mamoré,Nova Mamoré,2021-01-26,1545,21,17,0
Nova Mamoré,Nova Mamoré,2021-01-27,1603,58,17,0
Nova Mamoré,Nova Mamoré,2021-01-28,1607,4,17,0
Nova Mamoré,Nova Mamoré,2021-01-29,1647,40,18,1
Nova Mamoré,Nova Mamoré,2021-01-30,1650,3,18,0
Nova Mamoré,Nova Mamoré,2021-01-31,1653,3,18,0
Nova Mamoré,Nova Mamoré,2021-02-01,1654,1,18,0
Nova Mamoré,Nova Mamoré,2021-02-02,1672,18,19,1
Nova Mamoré,Nova Mamoré,2021-02-03,1705,33,22,3
Nova Mamoré,Nova Mamoré,2021-02-04,1751,46,24,2
Nova Mamoré,Nova Mamoré,2021-02-05,1808,57,24,0
Nova Mamoré,Nova Mamoré,2021-02-06,1843,35,24,0
Nova Mamoré,Nova Mamoré,2021-02-07,1849,6,25,1
Nova Mamoré,Nova Mamoré,2021-02-08,1860,11,25,0
