city,city,date,cases,daily cases,deaths,daily deaths
Nova Russas,Nova Russas,2020-03-27,0,0,0,0
Nova Russas,Nova Russas,2020-03-28,0,0,0,0
Nova Russas,Nova Russas,2020-03-29,0,0,0,0
Nova Russas,Nova Russas,2020-03-30,0,0,0,0
Nova Russas,Nova Russas,2020-03-31,0,0,0,0
Nova Russas,Nova Russas,2020-04-01,0,0,0,0
Nova Russas,Nova Russas,2020-04-02,0,0,0,0
Nova Russas,Nova Russas,2020-04-03,0,0,0,0
Nova Russas,Nova Russas,2020-04-04,0,0,0,0
Nova Russas,Nova Russas,2020-04-05,0,0,0,0
Nova Russas,Nova Russas,2020-04-06,0,0,0,0
Nova Russas,Nova Russas,2020-04-07,0,0,0,0
Nova Russas,Nova Russas,2020-04-08,0,0,0,0
Nova Russas,Nova Russas,2020-04-09,0,0,0,0
Nova Russas,Nova Russas,2020-04-10,0,0,0,0
Nova Russas,Nova Russas,2020-04-11,0,0,0,0
Nova Russas,Nova Russas,2020-04-12,0,0,0,0
Nova Russas,Nova Russas,2020-04-13,0,0,0,0
Nova Russas,Nova Russas,2020-04-14,0,0,0,0
Nova Russas,Nova Russas,2020-04-15,0,0,0,0
Nova Russas,Nova Russas,2020-04-16,0,0,0,0
Nova Russas,Nova Russas,2020-04-17,0,0,0,0
Nova Russas,Nova Russas,2020-04-18,0,0,0,0
Nova Russas,Nova Russas,2020-04-19,0,0,0,0
Nova Russas,Nova Russas,2020-04-20,0,0,0,0
Nova Russas,Nova Russas,2020-04-21,0,0,0,0
Nova Russas,Nova Russas,2020-04-22,0,0,0,0
Nova Russas,Nova Russas,2020-04-23,0,0,0,0
Nova Russas,Nova Russas,2020-04-24,0,0,0,0
Nova Russas,Nova Russas,2020-04-25,0,0,0,0
Nova Russas,Nova Russas,2020-04-26,0,0,0,0
Nova Russas,Nova Russas,2020-04-27,0,0,0,0
Nova Russas,Nova Russas,2020-04-28,0,0,0,0
Nova Russas,Nova Russas,2020-04-29,0,0,0,0
Nova Russas,Nova Russas,2020-04-30,0,0,0,0
Nova Russas,Nova Russas,2020-05-01,0,0,0,0
Nova Russas,Nova Russas,2020-05-02,0,0,0,0
Nova Russas,Nova Russas,2020-05-03,0,0,0,0
Nova Russas,Nova Russas,2020-05-04,1,1,0,0
Nova Russas,Nova Russas,2020-05-05,2,1,1,1
Nova Russas,Nova Russas,2020-05-06,3,1,1,0
Nova Russas,Nova Russas,2020-05-07,3,0,1,0
Nova Russas,Nova Russas,2020-05-08,4,1,1,0
Nova Russas,Nova Russas,2020-05-09,4,0,1,0
Nova Russas,Nova Russas,2020-05-10,4,0,1,0
Nova Russas,Nova Russas,2020-05-11,3,-1,1,0
Nova Russas,Nova Russas,2020-05-12,5,2,1,0
Nova Russas,Nova Russas,2020-05-13,5,0,1,0
Nova Russas,Nova Russas,2020-05-14,5,0,1,0
Nova Russas,Nova Russas,2020-05-15,6,1,1,0
Nova Russas,Nova Russas,2020-05-16,6,0,1,0
Nova Russas,Nova Russas,2020-05-17,6,0,1,0
Nova Russas,Nova Russas,2020-05-18,8,2,1,0
Nova Russas,Nova Russas,2020-05-19,9,1,2,1
Nova Russas,Nova Russas,2020-05-20,14,5,2,0
Nova Russas,Nova Russas,2020-05-21,13,-1,1,-1
Nova Russas,Nova Russas,2020-05-22,15,2,1,0
Nova Russas,Nova Russas,2020-05-23,19,4,1,0
Nova Russas,Nova Russas,2020-05-24,19,0,1,0
Nova Russas,Nova Russas,2020-05-25,19,0,1,0
Nova Russas,Nova Russas,2020-05-26,20,1,2,1
Nova Russas,Nova Russas,2020-05-27,21,1,2,0
Nova Russas,Nova Russas,2020-05-28,20,-1,1,-1
Nova Russas,Nova Russas,2020-05-29,20,0,1,0
Nova Russas,Nova Russas,2020-05-30,33,13,1,0
Nova Russas,Nova Russas,2020-05-31,34,1,1,0
Nova Russas,Nova Russas,2020-06-01,38,4,1,0
Nova Russas,Nova Russas,2020-06-02,39,1,1,0
Nova Russas,Nova Russas,2020-06-03,43,4,1,0
Nova Russas,Nova Russas,2020-06-04,46,3,2,1
Nova Russas,Nova Russas,2020-06-05,53,7,9,7
Nova Russas,Nova Russas,2020-06-06,53,0,9,0
Nova Russas,Nova Russas,2020-06-07,57,4,9,0
Nova Russas,Nova Russas,2020-06-08,58,1,9,0
Nova Russas,Nova Russas,2020-06-09,62,4,9,0
Nova Russas,Nova Russas,2020-06-10,66,4,9,0
Nova Russas,Nova Russas,2020-06-11,85,19,9,0
Nova Russas,Nova Russas,2020-06-12,96,11,9,0
Nova Russas,Nova Russas,2020-06-13,99,3,9,0
Nova Russas,Nova Russas,2020-06-14,99,0,9,0
Nova Russas,Nova Russas,2020-06-15,129,30,10,1
Nova Russas,Nova Russas,2020-06-16,132,3,10,0
Nova Russas,Nova Russas,2020-06-17,137,5,10,0
Nova Russas,Nova Russas,2020-06-18,139,2,10,0
Nova Russas,Nova Russas,2020-06-19,143,4,11,1
Nova Russas,Nova Russas,2020-06-20,149,6,11,0
Nova Russas,Nova Russas,2020-06-21,150,1,11,0
Nova Russas,Nova Russas,2020-06-22,150,0,11,0
Nova Russas,Nova Russas,2020-06-23,155,5,12,1
Nova Russas,Nova Russas,2020-06-24,160,5,12,0
Nova Russas,Nova Russas,2020-06-25,167,7,12,0
Nova Russas,Nova Russas,2020-06-26,171,4,12,0
Nova Russas,Nova Russas,2020-06-27,179,8,12,0
Nova Russas,Nova Russas,2020-06-28,179,0,12,0
Nova Russas,Nova Russas,2020-06-29,179,0,12,0
Nova Russas,Nova Russas,2020-06-30,188,9,12,0
Nova Russas,Nova Russas,2020-07-01,193,5,12,0
Nova Russas,Nova Russas,2020-07-02,199,6,12,0
Nova Russas,Nova Russas,2020-07-03,200,1,12,0
Nova Russas,Nova Russas,2020-07-04,206,6,12,0
Nova Russas,Nova Russas,2020-07-05,208,2,12,0
Nova Russas,Nova Russas,2020-07-06,208,0,12,0
Nova Russas,Nova Russas,2020-07-07,215,7,12,0
Nova Russas,Nova Russas,2020-07-08,215,0,13,1
Nova Russas,Nova Russas,2020-07-09,219,4,14,1
Nova Russas,Nova Russas,2020-07-10,223,4,14,0
Nova Russas,Nova Russas,2020-07-11,226,3,13,-1
Nova Russas,Nova Russas,2020-07-12,226,0,13,0
Nova Russas,Nova Russas,2020-07-13,226,0,13,0
Nova Russas,Nova Russas,2020-07-14,230,4,13,0
Nova Russas,Nova Russas,2020-07-15,233,3,13,0
Nova Russas,Nova Russas,2020-07-16,234,1,13,0
Nova Russas,Nova Russas,2020-07-17,234,0,13,0
Nova Russas,Nova Russas,2020-07-18,234,0,13,0
Nova Russas,Nova Russas,2020-07-19,234,0,13,0
Nova Russas,Nova Russas,2020-07-20,234,0,14,1
Nova Russas,Nova Russas,2020-07-21,239,5,14,0
Nova Russas,Nova Russas,2020-07-22,244,5,14,0
Nova Russas,Nova Russas,2020-07-23,247,3,14,0
Nova Russas,Nova Russas,2020-07-24,253,6,14,0
Nova Russas,Nova Russas,2020-07-25,257,4,14,0
Nova Russas,Nova Russas,2020-07-26,257,0,14,0
Nova Russas,Nova Russas,2020-07-27,257,0,14,0
Nova Russas,Nova Russas,2020-07-28,263,6,14,0
Nova Russas,Nova Russas,2020-07-29,268,5,14,0
Nova Russas,Nova Russas,2020-07-30,276,8,14,0
Nova Russas,Nova Russas,2020-07-31,289,13,14,0
Nova Russas,Nova Russas,2020-08-01,301,12,14,0
Nova Russas,Nova Russas,2020-08-02,302,1,14,0
Nova Russas,Nova Russas,2020-08-03,303,1,14,0
Nova Russas,Nova Russas,2020-08-04,322,19,14,0
Nova Russas,Nova Russas,2020-08-05,354,32,15,1
Nova Russas,Nova Russas,2020-08-06,359,5,16,1
Nova Russas,Nova Russas,2020-08-07,383,24,16,0
Nova Russas,Nova Russas,2020-08-08,409,26,16,0
Nova Russas,Nova Russas,2020-08-09,410,1,16,0
Nova Russas,Nova Russas,2020-08-10,411,1,16,0
Nova Russas,Nova Russas,2020-08-11,421,10,16,0
Nova Russas,Nova Russas,2020-08-12,444,23,16,0
Nova Russas,Nova Russas,2020-08-13,449,5,16,0
Nova Russas,Nova Russas,2020-08-14,462,13,16,0
Nova Russas,Nova Russas,2020-08-15,473,11,16,0
Nova Russas,Nova Russas,2020-08-16,473,0,16,0
Nova Russas,Nova Russas,2020-08-17,475,2,16,0
Nova Russas,Nova Russas,2020-08-18,484,9,16,0
Nova Russas,Nova Russas,2020-08-19,510,26,16,0
Nova Russas,Nova Russas,2020-08-20,520,10,16,0
Nova Russas,Nova Russas,2020-08-21,524,4,16,0
Nova Russas,Nova Russas,2020-08-22,538,14,16,0
Nova Russas,Nova Russas,2020-08-23,538,0,16,0
Nova Russas,Nova Russas,2020-08-24,539,1,16,0
Nova Russas,Nova Russas,2020-08-25,550,11,17,1
Nova Russas,Nova Russas,2020-08-26,557,7,17,0
Nova Russas,Nova Russas,2020-08-27,566,9,17,0
Nova Russas,Nova Russas,2020-08-28,577,11,17,0
Nova Russas,Nova Russas,2020-08-29,588,11,17,0
Nova Russas,Nova Russas,2020-08-30,588,0,17,0
Nova Russas,Nova Russas,2020-08-31,588,0,17,0
Nova Russas,Nova Russas,2020-09-01,601,13,18,1
Nova Russas,Nova Russas,2020-09-02,604,3,18,0
Nova Russas,Nova Russas,2020-09-03,613,9,18,0
Nova Russas,Nova Russas,2020-09-04,623,10,18,0
Nova Russas,Nova Russas,2020-09-05,620,-3,18,0
Nova Russas,Nova Russas,2020-09-06,620,0,18,0
Nova Russas,Nova Russas,2020-09-07,620,0,18,0
Nova Russas,Nova Russas,2020-09-08,620,0,18,0
Nova Russas,Nova Russas,2020-09-09,641,21,18,0
Nova Russas,Nova Russas,2020-09-10,653,12,18,0
Nova Russas,Nova Russas,2020-09-11,656,3,18,0
Nova Russas,Nova Russas,2020-09-12,666,10,18,0
Nova Russas,Nova Russas,2020-09-13,666,0,18,0
Nova Russas,Nova Russas,2020-09-14,666,0,18,0
Nova Russas,Nova Russas,2020-09-15,678,12,18,0
Nova Russas,Nova Russas,2020-09-16,684,6,19,1
Nova Russas,Nova Russas,2020-09-17,694,10,19,0
Nova Russas,Nova Russas,2020-09-18,697,3,19,0
Nova Russas,Nova Russas,2020-09-19,705,8,19,0
Nova Russas,Nova Russas,2020-09-20,705,0,19,0
Nova Russas,Nova Russas,2020-09-21,705,0,19,0
Nova Russas,Nova Russas,2020-09-22,711,6,19,0
Nova Russas,Nova Russas,2020-09-23,724,13,19,0
Nova Russas,Nova Russas,2020-09-24,726,2,19,0
Nova Russas,Nova Russas,2020-09-25,725,-1,20,1
Nova Russas,Nova Russas,2020-09-26,733,8,20,0
Nova Russas,Nova Russas,2020-09-27,732,-1,20,0
Nova Russas,Nova Russas,2020-09-28,733,1,20,0
Nova Russas,Nova Russas,2020-09-29,736,3,20,0
Nova Russas,Nova Russas,2020-09-30,739,3,20,0
Nova Russas,Nova Russas,2020-10-01,749,10,21,1
Nova Russas,Nova Russas,2020-10-02,750,1,21,0
Nova Russas,Nova Russas,2020-10-03,751,1,21,0
Nova Russas,Nova Russas,2020-10-04,751,0,21,0
Nova Russas,Nova Russas,2020-10-05,751,0,21,0
Nova Russas,Nova Russas,2020-10-06,764,13,20,-1
Nova Russas,Nova Russas,2020-10-07,766,2,20,0
Nova Russas,Nova Russas,2020-10-08,769,3,20,0
Nova Russas,Nova Russas,2020-10-09,768,-1,20,0
Nova Russas,Nova Russas,2020-10-10,768,0,20,0
Nova Russas,Nova Russas,2020-10-11,769,1,20,0
Nova Russas,Nova Russas,2020-10-12,771,2,20,0
Nova Russas,Nova Russas,2020-10-13,772,1,20,0
Nova Russas,Nova Russas,2020-10-14,775,3,20,0
Nova Russas,Nova Russas,2020-10-15,777,2,20,0
Nova Russas,Nova Russas,2020-10-16,777,0,20,0
Nova Russas,Nova Russas,2020-10-17,785,8,20,0
Nova Russas,Nova Russas,2020-10-18,788,3,20,0
Nova Russas,Nova Russas,2020-10-19,789,1,20,0
Nova Russas,Nova Russas,2020-10-20,788,-1,20,0
Nova Russas,Nova Russas,2020-10-21,788,0,20,0
Nova Russas,Nova Russas,2020-10-22,789,1,20,0
Nova Russas,Nova Russas,2020-10-23,790,1,20,0
Nova Russas,Nova Russas,2020-10-24,790,0,20,0
Nova Russas,Nova Russas,2020-10-25,792,2,20,0
Nova Russas,Nova Russas,2020-10-26,792,0,20,0
Nova Russas,Nova Russas,2020-10-27,794,2,20,0
Nova Russas,Nova Russas,2020-10-28,802,8,20,0
Nova Russas,Nova Russas,2020-10-29,804,2,20,0
Nova Russas,Nova Russas,2020-10-30,805,1,20,0
Nova Russas,Nova Russas,2020-10-31,806,1,20,0
Nova Russas,Nova Russas,2020-11-01,806,0,20,0
Nova Russas,Nova Russas,2020-11-02,806,0,20,0
Nova Russas,Nova Russas,2020-11-03,806,0,20,0
Nova Russas,Nova Russas,2020-11-04,812,6,20,0
Nova Russas,Nova Russas,2020-11-05,813,1,20,0
Nova Russas,Nova Russas,2020-11-06,813,0,20,0
Nova Russas,Nova Russas,2020-11-07,814,1,20,0
Nova Russas,Nova Russas,2020-11-08,816,2,20,0
Nova Russas,Nova Russas,2020-11-09,818,2,20,0
Nova Russas,Nova Russas,2020-11-10,820,2,20,0
Nova Russas,Nova Russas,2020-11-11,822,2,20,0
Nova Russas,Nova Russas,2020-11-12,823,1,20,0
Nova Russas,Nova Russas,2020-11-13,823,0,20,0
Nova Russas,Nova Russas,2020-11-14,823,0,20,0
Nova Russas,Nova Russas,2020-11-15,823,0,20,0
Nova Russas,Nova Russas,2020-11-16,823,0,20,0
Nova Russas,Nova Russas,2020-11-17,823,0,20,0
Nova Russas,Nova Russas,2020-11-18,824,1,20,0
Nova Russas,Nova Russas,2020-11-19,828,4,20,0
Nova Russas,Nova Russas,2020-11-20,830,2,20,0
Nova Russas,Nova Russas,2020-11-21,831,1,20,0
Nova Russas,Nova Russas,2020-11-22,831,0,20,0
Nova Russas,Nova Russas,2020-11-23,832,1,20,0
Nova Russas,Nova Russas,2020-11-24,832,0,20,0
Nova Russas,Nova Russas,2020-11-25,833,1,20,0
Nova Russas,Nova Russas,2020-11-26,834,1,20,0
Nova Russas,Nova Russas,2020-11-27,836,2,20,0
Nova Russas,Nova Russas,2020-11-28,838,2,20,0
Nova Russas,Nova Russas,2020-11-29,838,0,20,0
Nova Russas,Nova Russas,2020-11-30,838,0,20,0
Nova Russas,Nova Russas,2020-12-01,842,4,20,0
Nova Russas,Nova Russas,2020-12-02,842,0,20,0
Nova Russas,Nova Russas,2020-12-03,846,4,20,0
Nova Russas,Nova Russas,2020-12-04,846,0,20,0
Nova Russas,Nova Russas,2020-12-05,847,1,20,0
Nova Russas,Nova Russas,2020-12-06,847,0,20,0
Nova Russas,Nova Russas,2020-12-07,847,0,20,0
Nova Russas,Nova Russas,2020-12-08,851,4,20,0
Nova Russas,Nova Russas,2020-12-09,851,0,20,0
Nova Russas,Nova Russas,2020-12-10,851,0,20,0
Nova Russas,Nova Russas,2020-12-11,851,0,20,0
Nova Russas,Nova Russas,2020-12-12,852,1,20,0
Nova Russas,Nova Russas,2020-12-13,855,3,20,0
Nova Russas,Nova Russas,2020-12-14,860,5,20,0
Nova Russas,Nova Russas,2020-12-15,862,2,20,0
Nova Russas,Nova Russas,2020-12-16,863,1,20,0
Nova Russas,Nova Russas,2020-12-17,865,2,20,0
Nova Russas,Nova Russas,2020-12-18,866,1,20,0
Nova Russas,Nova Russas,2020-12-19,865,-1,20,0
Nova Russas,Nova Russas,2020-12-20,865,0,20,0
Nova Russas,Nova Russas,2020-12-21,865,0,20,0
Nova Russas,Nova Russas,2020-12-22,868,3,20,0
Nova Russas,Nova Russas,2020-12-23,870,2,20,0
Nova Russas,Nova Russas,2020-12-24,871,1,20,0
Nova Russas,Nova Russas,2020-12-25,871,0,20,0
Nova Russas,Nova Russas,2020-12-26,872,1,20,0
Nova Russas,Nova Russas,2020-12-27,872,0,20,0
Nova Russas,Nova Russas,2020-12-28,872,0,20,0
Nova Russas,Nova Russas,2020-12-29,873,1,20,0
Nova Russas,Nova Russas,2020-12-30,873,0,20,0
Nova Russas,Nova Russas,2020-12-31,878,5,20,0
Nova Russas,Nova Russas,2021-01-01,879,1,20,0
Nova Russas,Nova Russas,2021-01-02,879,0,20,0
Nova Russas,Nova Russas,2021-01-03,879,0,20,0
Nova Russas,Nova Russas,2021-01-04,879,0,20,0
Nova Russas,Nova Russas,2021-01-05,880,1,20,0
Nova Russas,Nova Russas,2021-01-06,881,1,20,0
Nova Russas,Nova Russas,2021-01-07,881,0,20,0
Nova Russas,Nova Russas,2021-01-08,884,3,20,0
Nova Russas,Nova Russas,2021-01-09,884,0,20,0
Nova Russas,Nova Russas,2021-01-10,884,0,20,0
Nova Russas,Nova Russas,2021-01-11,885,1,20,0
Nova Russas,Nova Russas,2021-01-12,885,0,20,0
Nova Russas,Nova Russas,2021-01-13,894,9,20,0
Nova Russas,Nova Russas,2021-01-14,897,3,20,0
Nova Russas,Nova Russas,2021-01-15,902,5,20,0
Nova Russas,Nova Russas,2021-01-16,902,0,20,0
Nova Russas,Nova Russas,2021-01-17,902,0,20,0
Nova Russas,Nova Russas,2021-01-18,902,0,20,0
Nova Russas,Nova Russas,2021-01-19,911,9,20,0
Nova Russas,Nova Russas,2021-01-20,911,0,20,0
Nova Russas,Nova Russas,2021-01-21,915,4,21,1
Nova Russas,Nova Russas,2021-01-22,917,2,21,0
Nova Russas,Nova Russas,2021-01-23,918,1,22,1
Nova Russas,Nova Russas,2021-01-24,931,13,22,0
Nova Russas,Nova Russas,2021-01-25,935,4,22,0
Nova Russas,Nova Russas,2021-01-26,935,0,22,0
Nova Russas,Nova Russas,2021-01-27,937,2,22,0
Nova Russas,Nova Russas,2021-01-28,941,4,22,0
Nova Russas,Nova Russas,2021-01-29,944,3,22,0
Nova Russas,Nova Russas,2021-01-30,944,0,22,0
Nova Russas,Nova Russas,2021-01-31,951,7,22,0
Nova Russas,Nova Russas,2021-02-01,951,0,22,0
Nova Russas,Nova Russas,2021-02-02,951,0,22,0
Nova Russas,Nova Russas,2021-02-03,952,1,22,0
Nova Russas,Nova Russas,2021-02-04,952,0,22,0
Nova Russas,Nova Russas,2021-02-05,964,12,22,0
Nova Russas,Nova Russas,2021-02-06,971,7,22,0
Nova Russas,Nova Russas,2021-02-07,971,0,22,0
Nova Russas,Nova Russas,2021-02-08,976,5,22,0
