city,city,date,cases,daily cases,deaths,daily deaths
Nova Olímpia,Nova Olímpia,2020-03-27,0,0,0,0
Nova Olímpia,Nova Olímpia,2020-03-28,0,0,0,0
Nova Olímpia,Nova Olímpia,2020-03-29,0,0,0,0
Nova Olímpia,Nova Olímpia,2020-03-30,0,0,0,0
Nova Olímpia,Nova Olímpia,2020-03-31,0,0,0,0
Nova Olímpia,Nova Olímpia,2020-04-01,0,0,0,0
Nova Olímpia,Nova Olímpia,2020-04-02,0,0,0,0
Nova Olímpia,Nova Olímpia,2020-04-03,0,0,0,0
Nova Olímpia,Nova Olímpia,2020-04-04,0,0,0,0
Nova Olímpia,Nova Olímpia,2020-04-05,0,0,0,0
Nova Olímpia,Nova Olímpia,2020-04-06,0,0,0,0
Nova Olímpia,Nova Olímpia,2020-04-07,0,0,0,0
Nova Olímpia,Nova Olímpia,2020-04-08,0,0,0,0
Nova Olímpia,Nova Olímpia,2020-04-09,0,0,0,0
Nova Olímpia,Nova Olímpia,2020-04-10,0,0,0,0
Nova Olímpia,Nova Olímpia,2020-04-11,0,0,0,0
Nova Olímpia,Nova Olímpia,2020-04-12,0,0,0,0
Nova Olímpia,Nova Olímpia,2020-04-13,0,0,0,0
Nova Olímpia,Nova Olímpia,2020-04-14,0,0,0,0
Nova Olímpia,Nova Olímpia,2020-04-15,0,0,0,0
Nova Olímpia,Nova Olímpia,2020-04-16,0,0,0,0
Nova Olímpia,Nova Olímpia,2020-04-17,0,0,0,0
Nova Olímpia,Nova Olímpia,2020-04-18,0,0,0,0
Nova Olímpia,Nova Olímpia,2020-04-19,0,0,0,0
Nova Olímpia,Nova Olímpia,2020-04-20,0,0,0,0
Nova Olímpia,Nova Olímpia,2020-04-21,0,0,0,0
Nova Olímpia,Nova Olímpia,2020-04-22,0,0,0,0
Nova Olímpia,Nova Olímpia,2020-04-23,0,0,0,0
Nova Olímpia,Nova Olímpia,2020-04-24,0,0,0,0
Nova Olímpia,Nova Olímpia,2020-04-25,0,0,0,0
Nova Olímpia,Nova Olímpia,2020-04-26,0,0,0,0
Nova Olímpia,Nova Olímpia,2020-04-27,0,0,0,0
Nova Olímpia,Nova Olímpia,2020-04-28,0,0,0,0
Nova Olímpia,Nova Olímpia,2020-04-29,0,0,0,0
Nova Olímpia,Nova Olímpia,2020-04-30,0,0,0,0
Nova Olímpia,Nova Olímpia,2020-05-01,0,0,0,0
Nova Olímpia,Nova Olímpia,2020-05-02,0,0,0,0
Nova Olímpia,Nova Olímpia,2020-05-03,0,0,0,0
Nova Olímpia,Nova Olímpia,2020-05-04,0,0,0,0
Nova Olímpia,Nova Olímpia,2020-05-05,0,0,0,0
Nova Olímpia,Nova Olímpia,2020-05-06,0,0,0,0
Nova Olímpia,Nova Olímpia,2020-05-07,0,0,0,0
Nova Olímpia,Nova Olímpia,2020-05-08,0,0,0,0
Nova Olímpia,Nova Olímpia,2020-05-09,0,0,0,0
Nova Olímpia,Nova Olímpia,2020-05-10,0,0,0,0
Nova Olímpia,Nova Olímpia,2020-05-11,0,0,0,0
Nova Olímpia,Nova Olímpia,2020-05-12,0,0,0,0
Nova Olímpia,Nova Olímpia,2020-05-13,0,0,0,0
Nova Olímpia,Nova Olímpia,2020-05-14,0,0,0,0
Nova Olímpia,Nova Olímpia,2020-05-15,1,1,0,0
Nova Olímpia,Nova Olímpia,2020-05-16,1,0,0,0
Nova Olímpia,Nova Olímpia,2020-05-17,1,0,0,0
Nova Olímpia,Nova Olímpia,2020-05-18,1,0,0,0
Nova Olímpia,Nova Olímpia,2020-05-19,1,0,0,0
Nova Olímpia,Nova Olímpia,2020-05-20,1,0,0,0
Nova Olímpia,Nova Olímpia,2020-05-21,1,0,0,0
Nova Olímpia,Nova Olímpia,2020-05-22,1,0,0,0
Nova Olímpia,Nova Olímpia,2020-05-23,1,0,0,0
Nova Olímpia,Nova Olímpia,2020-05-24,1,0,0,0
Nova Olímpia,Nova Olímpia,2020-05-25,1,0,0,0
Nova Olímpia,Nova Olímpia,2020-05-26,2,1,0,0
Nova Olímpia,Nova Olímpia,2020-05-27,2,0,0,0
Nova Olímpia,Nova Olímpia,2020-05-28,2,0,0,0
Nova Olímpia,Nova Olímpia,2020-05-29,3,1,0,0
Nova Olímpia,Nova Olímpia,2020-05-30,4,1,0,0
Nova Olímpia,Nova Olímpia,2020-05-31,4,0,0,0
Nova Olímpia,Nova Olímpia,2020-06-01,4,0,0,0
Nova Olímpia,Nova Olímpia,2020-06-02,5,1,0,0
Nova Olímpia,Nova Olímpia,2020-06-03,5,0,0,0
Nova Olímpia,Nova Olímpia,2020-06-04,5,0,0,0
Nova Olímpia,Nova Olímpia,2020-06-05,5,0,0,0
Nova Olímpia,Nova Olímpia,2020-06-06,6,1,0,0
Nova Olímpia,Nova Olímpia,2020-06-07,6,0,0,0
Nova Olímpia,Nova Olímpia,2020-06-08,6,0,0,0
Nova Olímpia,Nova Olímpia,2020-06-09,6,0,0,0
Nova Olímpia,Nova Olímpia,2020-06-10,8,2,0,0
Nova Olímpia,Nova Olímpia,2020-06-11,8,0,0,0
Nova Olímpia,Nova Olímpia,2020-06-12,8,0,0,0
Nova Olímpia,Nova Olímpia,2020-06-13,8,0,0,0
Nova Olímpia,Nova Olímpia,2020-06-14,8,0,0,0
Nova Olímpia,Nova Olímpia,2020-06-15,8,0,0,0
Nova Olímpia,Nova Olímpia,2020-06-16,8,0,0,0
Nova Olímpia,Nova Olímpia,2020-06-17,10,2,0,0
Nova Olímpia,Nova Olímpia,2020-06-18,12,2,0,0
Nova Olímpia,Nova Olímpia,2020-06-19,12,0,0,0
Nova Olímpia,Nova Olímpia,2020-06-20,14,2,0,0
Nova Olímpia,Nova Olímpia,2020-06-21,14,0,0,0
Nova Olímpia,Nova Olímpia,2020-06-22,15,1,1,1
Nova Olímpia,Nova Olímpia,2020-06-23,16,1,1,0
Nova Olímpia,Nova Olímpia,2020-06-24,18,2,2,1
Nova Olímpia,Nova Olímpia,2020-06-25,24,6,2,0
Nova Olímpia,Nova Olímpia,2020-06-26,22,-2,2,0
Nova Olímpia,Nova Olímpia,2020-06-27,22,0,2,0
Nova Olímpia,Nova Olímpia,2020-06-28,22,0,2,0
Nova Olímpia,Nova Olímpia,2020-06-29,27,5,2,0
Nova Olímpia,Nova Olímpia,2020-06-30,27,0,2,0
Nova Olímpia,Nova Olímpia,2020-07-01,33,6,1,-1
Nova Olímpia,Nova Olímpia,2020-07-02,35,2,1,0
Nova Olímpia,Nova Olímpia,2020-07-03,41,6,1,0
Nova Olímpia,Nova Olímpia,2020-07-04,53,12,2,1
Nova Olímpia,Nova Olímpia,2020-07-05,52,-1,0,-2
Nova Olímpia,Nova Olímpia,2020-07-06,56,4,2,2
Nova Olímpia,Nova Olímpia,2020-07-07,67,11,3,1
Nova Olímpia,Nova Olímpia,2020-07-08,67,0,3,0
Nova Olímpia,Nova Olímpia,2020-07-09,67,0,3,0
Nova Olímpia,Nova Olímpia,2020-07-10,69,2,3,0
Nova Olímpia,Nova Olímpia,2020-07-11,69,0,3,0
Nova Olímpia,Nova Olímpia,2020-07-12,75,6,3,0
Nova Olímpia,Nova Olímpia,2020-07-13,78,3,3,0
Nova Olímpia,Nova Olímpia,2020-07-14,78,0,3,0
Nova Olímpia,Nova Olímpia,2020-07-15,78,0,3,0
Nova Olímpia,Nova Olímpia,2020-07-16,97,19,3,0
Nova Olímpia,Nova Olímpia,2020-07-17,104,7,3,0
Nova Olímpia,Nova Olímpia,2020-07-18,107,3,5,2
Nova Olímpia,Nova Olímpia,2020-07-19,108,1,5,0
Nova Olímpia,Nova Olímpia,2020-07-20,113,5,5,0
Nova Olímpia,Nova Olímpia,2020-07-21,117,4,5,0
Nova Olímpia,Nova Olímpia,2020-07-22,122,5,5,0
Nova Olímpia,Nova Olímpia,2020-07-23,141,19,5,0
Nova Olímpia,Nova Olímpia,2020-07-24,149,8,5,0
Nova Olímpia,Nova Olímpia,2020-07-25,151,2,6,1
Nova Olímpia,Nova Olímpia,2020-07-26,151,0,6,0
Nova Olímpia,Nova Olímpia,2020-07-27,157,6,6,0
Nova Olímpia,Nova Olímpia,2020-07-28,171,14,6,0
Nova Olímpia,Nova Olímpia,2020-07-29,175,4,6,0
Nova Olímpia,Nova Olímpia,2020-07-30,188,13,7,1
Nova Olímpia,Nova Olímpia,2020-07-31,189,1,7,0
Nova Olímpia,Nova Olímpia,2020-08-01,190,1,7,0
Nova Olímpia,Nova Olímpia,2020-08-02,190,0,8,1
Nova Olímpia,Nova Olímpia,2020-08-03,190,0,8,0
Nova Olímpia,Nova Olímpia,2020-08-04,190,0,8,0
Nova Olímpia,Nova Olímpia,2020-08-05,216,26,8,0
Nova Olímpia,Nova Olímpia,2020-08-06,218,2,8,0
Nova Olímpia,Nova Olímpia,2020-08-07,226,8,9,1
Nova Olímpia,Nova Olímpia,2020-08-08,227,1,9,0
Nova Olímpia,Nova Olímpia,2020-08-09,227,0,9,0
Nova Olímpia,Nova Olímpia,2020-08-10,237,10,9,0
Nova Olímpia,Nova Olímpia,2020-08-11,239,2,10,1
Nova Olímpia,Nova Olímpia,2020-08-12,240,1,10,0
Nova Olímpia,Nova Olímpia,2020-08-13,254,14,10,0
Nova Olímpia,Nova Olímpia,2020-08-14,267,13,10,0
Nova Olímpia,Nova Olímpia,2020-08-15,271,4,10,0
Nova Olímpia,Nova Olímpia,2020-08-16,271,0,10,0
Nova Olímpia,Nova Olímpia,2020-08-17,271,0,11,1
Nova Olímpia,Nova Olímpia,2020-08-18,279,8,11,0
Nova Olímpia,Nova Olímpia,2020-08-19,285,6,11,0
Nova Olímpia,Nova Olímpia,2020-08-20,290,5,11,0
Nova Olímpia,Nova Olímpia,2020-08-21,291,1,11,0
Nova Olímpia,Nova Olímpia,2020-08-22,294,3,11,0
Nova Olímpia,Nova Olímpia,2020-08-23,294,0,11,0
Nova Olímpia,Nova Olímpia,2020-08-24,308,14,12,1
Nova Olímpia,Nova Olímpia,2020-08-25,332,24,12,0
Nova Olímpia,Nova Olímpia,2020-08-26,339,7,12,0
Nova Olímpia,Nova Olímpia,2020-08-27,339,0,12,0
Nova Olímpia,Nova Olímpia,2020-08-28,339,0,12,0
Nova Olímpia,Nova Olímpia,2020-08-29,339,0,12,0
Nova Olímpia,Nova Olímpia,2020-08-30,339,0,12,0
Nova Olímpia,Nova Olímpia,2020-08-31,339,0,13,1
Nova Olímpia,Nova Olímpia,2020-09-01,369,30,13,0
Nova Olímpia,Nova Olímpia,2020-09-02,369,0,13,0
Nova Olímpia,Nova Olímpia,2020-09-03,370,1,13,0
Nova Olímpia,Nova Olímpia,2020-09-04,372,2,13,0
Nova Olímpia,Nova Olímpia,2020-09-05,372,0,13,0
Nova Olímpia,Nova Olímpia,2020-09-06,372,0,13,0
Nova Olímpia,Nova Olímpia,2020-09-07,372,0,13,0
Nova Olímpia,Nova Olímpia,2020-09-08,373,1,13,0
Nova Olímpia,Nova Olímpia,2020-09-09,396,23,13,0
Nova Olímpia,Nova Olímpia,2020-09-10,396,0,13,0
Nova Olímpia,Nova Olímpia,2020-09-11,396,0,13,0
Nova Olímpia,Nova Olímpia,2020-09-12,396,0,13,0
Nova Olímpia,Nova Olímpia,2020-09-13,396,0,14,1
Nova Olímpia,Nova Olímpia,2020-09-14,422,26,14,0
Nova Olímpia,Nova Olímpia,2020-09-15,423,1,14,0
Nova Olímpia,Nova Olímpia,2020-09-16,424,1,14,0
Nova Olímpia,Nova Olímpia,2020-09-17,424,0,14,0
Nova Olímpia,Nova Olímpia,2020-09-18,426,2,14,0
Nova Olímpia,Nova Olímpia,2020-09-19,426,0,14,0
Nova Olímpia,Nova Olímpia,2020-09-20,427,1,14,0
Nova Olímpia,Nova Olímpia,2020-09-21,430,3,14,0
Nova Olímpia,Nova Olímpia,2020-09-22,430,0,14,0
Nova Olímpia,Nova Olímpia,2020-09-23,430,0,14,0
Nova Olímpia,Nova Olímpia,2020-09-24,430,0,14,0
Nova Olímpia,Nova Olímpia,2020-09-25,430,0,14,0
Nova Olímpia,Nova Olímpia,2020-09-26,430,0,14,0
Nova Olímpia,Nova Olímpia,2020-09-27,430,0,14,0
Nova Olímpia,Nova Olímpia,2020-09-28,468,38,14,0
Nova Olímpia,Nova Olímpia,2020-09-29,468,0,14,0
Nova Olímpia,Nova Olímpia,2020-09-30,468,0,14,0
Nova Olímpia,Nova Olímpia,2020-10-01,468,0,14,0
Nova Olímpia,Nova Olímpia,2020-10-02,468,0,14,0
Nova Olímpia,Nova Olímpia,2020-10-03,468,0,14,0
Nova Olímpia,Nova Olímpia,2020-10-04,468,0,14,0
Nova Olímpia,Nova Olímpia,2020-10-05,468,0,14,0
Nova Olímpia,Nova Olímpia,2020-10-06,468,0,14,0
Nova Olímpia,Nova Olímpia,2020-10-07,469,1,14,0
Nova Olímpia,Nova Olímpia,2020-10-08,469,0,14,0
Nova Olímpia,Nova Olímpia,2020-10-09,469,0,14,0
Nova Olímpia,Nova Olímpia,2020-10-10,469,0,14,0
Nova Olímpia,Nova Olímpia,2020-10-11,469,0,14,0
Nova Olímpia,Nova Olímpia,2020-10-12,469,0,14,0
Nova Olímpia,Nova Olímpia,2020-10-13,474,5,14,0
Nova Olímpia,Nova Olímpia,2020-10-14,485,11,14,0
Nova Olímpia,Nova Olímpia,2020-10-15,486,1,14,0
Nova Olímpia,Nova Olímpia,2020-10-16,486,0,14,0
Nova Olímpia,Nova Olímpia,2020-10-17,486,0,14,0
Nova Olímpia,Nova Olímpia,2020-10-18,486,0,14,0
Nova Olímpia,Nova Olímpia,2020-10-19,488,2,15,1
Nova Olímpia,Nova Olímpia,2020-10-20,490,2,15,0
Nova Olímpia,Nova Olímpia,2020-10-21,490,0,15,0
Nova Olímpia,Nova Olímpia,2020-10-22,490,0,15,0
Nova Olímpia,Nova Olímpia,2020-10-23,488,-2,15,0
Nova Olímpia,Nova Olímpia,2020-10-24,488,0,15,0
Nova Olímpia,Nova Olímpia,2020-10-25,488,0,15,0
Nova Olímpia,Nova Olímpia,2020-10-26,488,0,15,0
Nova Olímpia,Nova Olímpia,2020-10-27,488,0,15,0
Nova Olímpia,Nova Olímpia,2020-10-28,489,1,15,0
Nova Olímpia,Nova Olímpia,2020-10-29,510,21,15,0
Nova Olímpia,Nova Olímpia,2020-10-30,510,0,15,0
Nova Olímpia,Nova Olímpia,2020-10-31,510,0,15,0
Nova Olímpia,Nova Olímpia,2020-11-01,510,0,15,0
Nova Olímpia,Nova Olímpia,2020-11-02,510,0,16,1
Nova Olímpia,Nova Olímpia,2020-11-03,510,0,16,0
Nova Olímpia,Nova Olímpia,2020-11-04,510,0,16,0
Nova Olímpia,Nova Olímpia,2020-11-05,510,0,16,0
Nova Olímpia,Nova Olímpia,2020-11-06,510,0,16,0
Nova Olímpia,Nova Olímpia,2020-11-07,511,1,16,0
Nova Olímpia,Nova Olímpia,2020-11-08,511,0,16,0
Nova Olímpia,Nova Olímpia,2020-11-09,511,0,16,0
Nova Olímpia,Nova Olímpia,2020-11-10,511,0,16,0
Nova Olímpia,Nova Olímpia,2020-11-11,511,0,16,0
Nova Olímpia,Nova Olímpia,2020-11-12,520,9,16,0
Nova Olímpia,Nova Olímpia,2020-11-13,520,0,16,0
Nova Olímpia,Nova Olímpia,2020-11-14,520,0,16,0
Nova Olímpia,Nova Olímpia,2020-11-15,520,0,16,0
Nova Olímpia,Nova Olímpia,2020-11-16,520,0,16,0
Nova Olímpia,Nova Olímpia,2020-11-17,520,0,16,0
Nova Olímpia,Nova Olímpia,2020-11-18,521,1,16,0
Nova Olímpia,Nova Olímpia,2020-11-19,521,0,16,0
Nova Olímpia,Nova Olímpia,2020-11-20,521,0,16,0
Nova Olímpia,Nova Olímpia,2020-11-21,521,0,16,0
Nova Olímpia,Nova Olímpia,2020-11-22,521,0,16,0
Nova Olímpia,Nova Olímpia,2020-11-23,524,3,16,0
Nova Olímpia,Nova Olímpia,2020-11-24,524,0,16,0
Nova Olímpia,Nova Olímpia,2020-11-25,525,1,16,0
Nova Olímpia,Nova Olímpia,2020-11-26,527,2,16,0
Nova Olímpia,Nova Olímpia,2020-11-27,548,21,16,0
Nova Olímpia,Nova Olímpia,2020-11-28,548,0,16,0
Nova Olímpia,Nova Olímpia,2020-11-29,548,0,16,0
Nova Olímpia,Nova Olímpia,2020-11-30,549,1,16,0
Nova Olímpia,Nova Olímpia,2020-12-01,549,0,16,0
Nova Olímpia,Nova Olímpia,2020-12-02,551,2,16,0
Nova Olímpia,Nova Olímpia,2020-12-03,553,2,16,0
Nova Olímpia,Nova Olímpia,2020-12-04,554,1,16,0
Nova Olímpia,Nova Olímpia,2020-12-05,557,3,16,0
Nova Olímpia,Nova Olímpia,2020-12-06,558,1,16,0
Nova Olímpia,Nova Olímpia,2020-12-07,579,21,16,0
Nova Olímpia,Nova Olímpia,2020-12-08,584,5,16,0
Nova Olímpia,Nova Olímpia,2020-12-09,585,1,16,0
Nova Olímpia,Nova Olímpia,2020-12-10,588,3,16,0
Nova Olímpia,Nova Olímpia,2020-12-11,610,22,16,0
Nova Olímpia,Nova Olímpia,2020-12-12,615,5,16,0
Nova Olímpia,Nova Olímpia,2020-12-13,615,0,16,0
Nova Olímpia,Nova Olímpia,2020-12-14,616,1,16,0
Nova Olímpia,Nova Olímpia,2020-12-15,619,3,16,0
Nova Olímpia,Nova Olímpia,2020-12-16,619,0,16,0
Nova Olímpia,Nova Olímpia,2020-12-17,619,0,15,-1
Nova Olímpia,Nova Olímpia,2020-12-18,619,0,15,0
Nova Olímpia,Nova Olímpia,2020-12-19,619,0,15,0
Nova Olímpia,Nova Olímpia,2020-12-20,620,1,15,0
Nova Olímpia,Nova Olímpia,2020-12-21,625,5,15,0
Nova Olímpia,Nova Olímpia,2020-12-22,626,1,15,0
Nova Olímpia,Nova Olímpia,2020-12-23,626,0,15,0
Nova Olímpia,Nova Olímpia,2020-12-24,626,0,15,0
Nova Olímpia,Nova Olímpia,2020-12-25,627,1,16,1
Nova Olímpia,Nova Olímpia,2020-12-26,627,0,16,0
Nova Olímpia,Nova Olímpia,2020-12-27,627,0,16,0
Nova Olímpia,Nova Olímpia,2020-12-28,628,1,16,0
Nova Olímpia,Nova Olímpia,2020-12-29,659,31,16,0
Nova Olímpia,Nova Olímpia,2020-12-30,665,6,16,0
Nova Olímpia,Nova Olímpia,2020-12-31,674,9,16,0
Nova Olímpia,Nova Olímpia,2021-01-01,684,10,17,1
Nova Olímpia,Nova Olímpia,2021-01-02,684,0,17,0
Nova Olímpia,Nova Olímpia,2021-01-03,684,0,17,0
Nova Olímpia,Nova Olímpia,2021-01-04,684,0,17,0
Nova Olímpia,Nova Olímpia,2021-01-05,695,11,17,0
Nova Olímpia,Nova Olímpia,2021-01-06,698,3,17,0
Nova Olímpia,Nova Olímpia,2021-01-07,714,16,17,0
Nova Olímpia,Nova Olímpia,2021-01-08,715,1,17,0
Nova Olímpia,Nova Olímpia,2021-01-09,724,9,17,0
Nova Olímpia,Nova Olímpia,2021-01-10,724,0,17,0
Nova Olímpia,Nova Olímpia,2021-01-11,725,1,17,0
Nova Olímpia,Nova Olímpia,2021-01-12,741,16,17,0
Nova Olímpia,Nova Olímpia,2021-01-13,742,1,17,0
Nova Olímpia,Nova Olímpia,2021-01-14,747,5,18,1
Nova Olímpia,Nova Olímpia,2021-01-15,752,5,18,0
Nova Olímpia,Nova Olímpia,2021-01-16,757,5,18,0
Nova Olímpia,Nova Olímpia,2021-01-17,757,0,18,0
Nova Olímpia,Nova Olímpia,2021-01-18,759,2,18,0
Nova Olímpia,Nova Olímpia,2021-01-19,760,1,18,0
Nova Olímpia,Nova Olímpia,2021-01-20,768,8,18,0
Nova Olímpia,Nova Olímpia,2021-01-21,771,3,18,0
Nova Olímpia,Nova Olímpia,2021-01-22,802,31,19,1
Nova Olímpia,Nova Olímpia,2021-01-23,804,2,19,0
Nova Olímpia,Nova Olímpia,2021-01-24,812,8,19,0
Nova Olímpia,Nova Olímpia,2021-01-25,814,2,19,0
Nova Olímpia,Nova Olímpia,2021-01-26,830,16,20,1
Nova Olímpia,Nova Olímpia,2021-01-27,840,10,20,0
Nova Olímpia,Nova Olímpia,2021-01-28,850,10,22,2
Nova Olímpia,Nova Olímpia,2021-01-29,853,3,22,0
Nova Olímpia,Nova Olímpia,2021-01-30,854,1,22,0
Nova Olímpia,Nova Olímpia,2021-01-31,854,0,22,0
Nova Olímpia,Nova Olímpia,2021-02-01,854,0,22,0
Nova Olímpia,Nova Olímpia,2021-02-02,863,9,23,1
Nova Olímpia,Nova Olímpia,2021-02-03,865,2,24,1
Nova Olímpia,Nova Olímpia,2021-02-04,871,6,24,0
Nova Olímpia,Nova Olímpia,2021-02-05,873,2,24,0
Nova Olímpia,Nova Olímpia,2021-02-06,876,3,24,0
Nova Olímpia,Nova Olímpia,2021-02-07,876,0,24,0
Nova Olímpia,Nova Olímpia,2021-02-08,877,1,24,0
