city,city,date,cases,daily cases,deaths,daily deaths
Pacujá,Pacujá,2020-03-27,0,0,0,0
Pacujá,Pacujá,2020-03-28,0,0,0,0
Pacujá,Pacujá,2020-03-29,0,0,0,0
Pacujá,Pacujá,2020-03-30,0,0,0,0
Pacujá,Pacujá,2020-03-31,0,0,0,0
Pacujá,Pacujá,2020-04-01,0,0,0,0
Pacujá,Pacujá,2020-04-02,0,0,0,0
Pacujá,Pacujá,2020-04-03,0,0,0,0
Pacujá,Pacujá,2020-04-04,0,0,0,0
Pacujá,Pacujá,2020-04-05,0,0,0,0
Pacujá,Pacujá,2020-04-06,0,0,0,0
Pacujá,Pacujá,2020-04-07,0,0,0,0
Pacujá,Pacujá,2020-04-08,0,0,0,0
Pacujá,Pacujá,2020-04-09,0,0,0,0
Pacujá,Pacujá,2020-04-10,0,0,0,0
Pacujá,Pacujá,2020-04-11,0,0,0,0
Pacujá,Pacujá,2020-04-12,0,0,0,0
Pacujá,Pacujá,2020-04-13,0,0,0,0
Pacujá,Pacujá,2020-04-14,0,0,0,0
Pacujá,Pacujá,2020-04-15,0,0,0,0
Pacujá,Pacujá,2020-04-16,0,0,0,0
Pacujá,Pacujá,2020-04-17,0,0,0,0
Pacujá,Pacujá,2020-04-18,0,0,0,0
Pacujá,Pacujá,2020-04-19,0,0,0,0
Pacujá,Pacujá,2020-04-20,0,0,0,0
Pacujá,Pacujá,2020-04-21,0,0,0,0
Pacujá,Pacujá,2020-04-22,0,0,0,0
Pacujá,Pacujá,2020-04-23,0,0,0,0
Pacujá,Pacujá,2020-04-24,0,0,0,0
Pacujá,Pacujá,2020-04-25,0,0,0,0
Pacujá,Pacujá,2020-04-26,0,0,0,0
Pacujá,Pacujá,2020-04-27,0,0,0,0
Pacujá,Pacujá,2020-04-28,0,0,0,0
Pacujá,Pacujá,2020-04-29,0,0,0,0
Pacujá,Pacujá,2020-04-30,0,0,0,0
Pacujá,Pacujá,2020-05-01,0,0,0,0
Pacujá,Pacujá,2020-05-02,0,0,0,0
Pacujá,Pacujá,2020-05-03,0,0,0,0
Pacujá,Pacujá,2020-05-04,0,0,0,0
Pacujá,Pacujá,2020-05-05,0,0,0,0
Pacujá,Pacujá,2020-05-06,0,0,0,0
Pacujá,Pacujá,2020-05-07,0,0,0,0
Pacujá,Pacujá,2020-05-08,0,0,0,0
Pacujá,Pacujá,2020-05-09,0,0,0,0
Pacujá,Pacujá,2020-05-10,0,0,0,0
Pacujá,Pacujá,2020-05-11,0,0,0,0
Pacujá,Pacujá,2020-05-12,0,0,0,0
Pacujá,Pacujá,2020-05-13,0,0,0,0
Pacujá,Pacujá,2020-05-14,1,1,0,0
Pacujá,Pacujá,2020-05-15,1,0,0,0
Pacujá,Pacujá,2020-05-16,1,0,0,0
Pacujá,Pacujá,2020-05-17,1,0,0,0
Pacujá,Pacujá,2020-05-18,2,1,0,0
Pacujá,Pacujá,2020-05-19,2,0,0,0
Pacujá,Pacujá,2020-05-20,3,1,0,0
Pacujá,Pacujá,2020-05-21,3,0,0,0
Pacujá,Pacujá,2020-05-22,7,4,0,0
Pacujá,Pacujá,2020-05-23,8,1,0,0
Pacujá,Pacujá,2020-05-24,8,0,0,0
Pacujá,Pacujá,2020-05-25,9,1,0,0
Pacujá,Pacujá,2020-05-26,9,0,0,0
Pacujá,Pacujá,2020-05-27,9,0,0,0
Pacujá,Pacujá,2020-05-28,9,0,0,0
Pacujá,Pacujá,2020-05-29,9,0,0,0
Pacujá,Pacujá,2020-05-30,14,5,0,0
Pacujá,Pacujá,2020-05-31,14,0,0,0
Pacujá,Pacujá,2020-06-01,14,0,0,0
Pacujá,Pacujá,2020-06-02,14,0,0,0
Pacujá,Pacujá,2020-06-03,16,2,0,0
Pacujá,Pacujá,2020-06-04,18,2,0,0
Pacujá,Pacujá,2020-06-05,20,2,0,0
Pacujá,Pacujá,2020-06-06,25,5,0,0
Pacujá,Pacujá,2020-06-07,25,0,0,0
Pacujá,Pacujá,2020-06-08,26,1,0,0
Pacujá,Pacujá,2020-06-09,29,3,0,0
Pacujá,Pacujá,2020-06-10,32,3,0,0
Pacujá,Pacujá,2020-06-11,34,2,0,0
Pacujá,Pacujá,2020-06-12,34,0,0,0
Pacujá,Pacujá,2020-06-13,34,0,0,0
Pacujá,Pacujá,2020-06-14,34,0,0,0
Pacujá,Pacujá,2020-06-15,42,8,0,0
Pacujá,Pacujá,2020-06-16,46,4,0,0
Pacujá,Pacujá,2020-06-17,49,3,0,0
Pacujá,Pacujá,2020-06-18,48,-1,1,1
Pacujá,Pacujá,2020-06-19,53,5,1,0
Pacujá,Pacujá,2020-06-20,56,3,1,0
Pacujá,Pacujá,2020-06-21,56,0,1,0
Pacujá,Pacujá,2020-06-22,56,0,1,0
Pacujá,Pacujá,2020-06-23,66,10,1,0
Pacujá,Pacujá,2020-06-24,70,4,1,0
Pacujá,Pacujá,2020-06-25,70,0,1,0
Pacujá,Pacujá,2020-06-26,78,8,1,0
Pacujá,Pacujá,2020-06-27,82,4,1,0
Pacujá,Pacujá,2020-06-28,82,0,1,0
Pacujá,Pacujá,2020-06-29,82,0,1,0
Pacujá,Pacujá,2020-06-30,85,3,1,0
Pacujá,Pacujá,2020-07-01,109,24,1,0
Pacujá,Pacujá,2020-07-02,110,1,1,0
Pacujá,Pacujá,2020-07-03,112,2,1,0
Pacujá,Pacujá,2020-07-04,114,2,1,0
Pacujá,Pacujá,2020-07-05,114,0,1,0
Pacujá,Pacujá,2020-07-06,114,0,1,0
Pacujá,Pacujá,2020-07-07,116,2,1,0
Pacujá,Pacujá,2020-07-08,125,9,1,0
Pacujá,Pacujá,2020-07-09,126,1,1,0
Pacujá,Pacujá,2020-07-10,129,3,1,0
Pacujá,Pacujá,2020-07-11,132,3,1,0
Pacujá,Pacujá,2020-07-12,132,0,1,0
Pacujá,Pacujá,2020-07-13,132,0,1,0
Pacujá,Pacujá,2020-07-14,136,4,1,0
Pacujá,Pacujá,2020-07-15,144,8,1,0
Pacujá,Pacujá,2020-07-16,151,7,1,0
Pacujá,Pacujá,2020-07-17,154,3,1,0
Pacujá,Pacujá,2020-07-18,154,0,1,0
Pacujá,Pacujá,2020-07-19,154,0,1,0
Pacujá,Pacujá,2020-07-20,154,0,1,0
Pacujá,Pacujá,2020-07-21,155,1,1,0
Pacujá,Pacujá,2020-07-22,163,8,1,0
Pacujá,Pacujá,2020-07-23,164,1,2,1
Pacujá,Pacujá,2020-07-24,164,0,2,0
Pacujá,Pacujá,2020-07-25,165,1,2,0
Pacujá,Pacujá,2020-07-26,165,0,2,0
Pacujá,Pacujá,2020-07-27,165,0,2,0
Pacujá,Pacujá,2020-07-28,168,3,2,0
Pacujá,Pacujá,2020-07-29,168,0,2,0
Pacujá,Pacujá,2020-07-30,172,4,2,0
Pacujá,Pacujá,2020-07-31,174,2,2,0
Pacujá,Pacujá,2020-08-01,175,1,2,0
Pacujá,Pacujá,2020-08-02,174,-1,2,0
Pacujá,Pacujá,2020-08-03,174,0,2,0
Pacujá,Pacujá,2020-08-04,176,2,2,0
Pacujá,Pacujá,2020-08-05,176,0,2,0
Pacujá,Pacujá,2020-08-06,176,0,2,0
Pacujá,Pacujá,2020-08-07,176,0,2,0
Pacujá,Pacujá,2020-08-08,176,0,2,0
Pacujá,Pacujá,2020-08-09,176,0,2,0
Pacujá,Pacujá,2020-08-10,176,0,2,0
Pacujá,Pacujá,2020-08-11,176,0,2,0
Pacujá,Pacujá,2020-08-12,178,2,2,0
Pacujá,Pacujá,2020-08-13,179,1,2,0
Pacujá,Pacujá,2020-08-14,180,1,2,0
Pacujá,Pacujá,2020-08-15,182,2,2,0
Pacujá,Pacujá,2020-08-16,182,0,2,0
Pacujá,Pacujá,2020-08-17,182,0,2,0
Pacujá,Pacujá,2020-08-18,183,1,2,0
Pacujá,Pacujá,2020-08-19,186,3,2,0
Pacujá,Pacujá,2020-08-20,187,1,2,0
Pacujá,Pacujá,2020-08-21,187,0,3,1
Pacujá,Pacujá,2020-08-22,188,1,3,0
Pacujá,Pacujá,2020-08-23,188,0,3,0
Pacujá,Pacujá,2020-08-24,188,0,3,0
Pacujá,Pacujá,2020-08-25,187,-1,3,0
Pacujá,Pacujá,2020-08-26,199,12,3,0
Pacujá,Pacujá,2020-08-27,200,1,3,0
Pacujá,Pacujá,2020-08-28,200,0,3,0
Pacujá,Pacujá,2020-08-29,204,4,3,0
Pacujá,Pacujá,2020-08-30,204,0,3,0
Pacujá,Pacujá,2020-08-31,204,0,3,0
Pacujá,Pacujá,2020-09-01,208,4,3,0
Pacujá,Pacujá,2020-09-02,209,1,3,0
Pacujá,Pacujá,2020-09-03,218,9,3,0
Pacujá,Pacujá,2020-09-04,225,7,3,0
Pacujá,Pacujá,2020-09-05,221,-4,3,0
Pacujá,Pacujá,2020-09-06,221,0,3,0
Pacujá,Pacujá,2020-09-07,221,0,3,0
Pacujá,Pacujá,2020-09-08,221,0,3,0
Pacujá,Pacujá,2020-09-09,223,2,3,0
Pacujá,Pacujá,2020-09-10,224,1,3,0
Pacujá,Pacujá,2020-09-11,224,0,3,0
Pacujá,Pacujá,2020-09-12,227,3,3,0
Pacujá,Pacujá,2020-09-13,227,0,3,0
Pacujá,Pacujá,2020-09-14,227,0,3,0
Pacujá,Pacujá,2020-09-15,229,2,3,0
Pacujá,Pacujá,2020-09-16,231,2,3,0
Pacujá,Pacujá,2020-09-17,232,1,3,0
Pacujá,Pacujá,2020-09-18,235,3,3,0
Pacujá,Pacujá,2020-09-19,235,0,3,0
Pacujá,Pacujá,2020-09-20,235,0,3,0
Pacujá,Pacujá,2020-09-21,235,0,3,0
Pacujá,Pacujá,2020-09-22,239,4,3,0
Pacujá,Pacujá,2020-09-23,241,2,3,0
Pacujá,Pacujá,2020-09-24,246,5,3,0
Pacujá,Pacujá,2020-09-25,246,0,3,0
Pacujá,Pacujá,2020-09-26,251,5,3,0
Pacujá,Pacujá,2020-09-27,251,0,3,0
Pacujá,Pacujá,2020-09-28,251,0,3,0
Pacujá,Pacujá,2020-09-29,251,0,3,0
Pacujá,Pacujá,2020-09-30,262,11,3,0
Pacujá,Pacujá,2020-10-01,264,2,3,0
Pacujá,Pacujá,2020-10-02,264,0,3,0
Pacujá,Pacujá,2020-10-03,264,0,3,0
Pacujá,Pacujá,2020-10-04,264,0,3,0
Pacujá,Pacujá,2020-10-05,264,0,3,0
Pacujá,Pacujá,2020-10-06,282,18,3,0
Pacujá,Pacujá,2020-10-07,294,12,3,0
Pacujá,Pacujá,2020-10-08,316,22,3,0
Pacujá,Pacujá,2020-10-09,318,2,3,0
Pacujá,Pacujá,2020-10-10,334,16,3,0
Pacujá,Pacujá,2020-10-11,334,0,3,0
Pacujá,Pacujá,2020-10-12,334,0,3,0
Pacujá,Pacujá,2020-10-13,334,0,3,0
Pacujá,Pacujá,2020-10-14,334,0,3,0
Pacujá,Pacujá,2020-10-15,335,1,3,0
Pacujá,Pacujá,2020-10-16,335,0,3,0
Pacujá,Pacujá,2020-10-17,335,0,3,0
Pacujá,Pacujá,2020-10-18,335,0,3,0
Pacujá,Pacujá,2020-10-19,335,0,3,0
Pacujá,Pacujá,2020-10-20,335,0,3,0
Pacujá,Pacujá,2020-10-21,335,0,3,0
Pacujá,Pacujá,2020-10-22,335,0,3,0
Pacujá,Pacujá,2020-10-23,336,1,3,0
Pacujá,Pacujá,2020-10-24,336,0,3,0
Pacujá,Pacujá,2020-10-25,336,0,3,0
Pacujá,Pacujá,2020-10-26,336,0,3,0
Pacujá,Pacujá,2020-10-27,337,1,3,0
Pacujá,Pacujá,2020-10-28,338,1,3,0
Pacujá,Pacujá,2020-10-29,338,0,3,0
Pacujá,Pacujá,2020-10-30,338,0,3,0
Pacujá,Pacujá,2020-10-31,339,1,5,2
Pacujá,Pacujá,2020-11-01,339,0,5,0
Pacujá,Pacujá,2020-11-02,339,0,5,0
Pacujá,Pacujá,2020-11-03,339,0,5,0
Pacujá,Pacujá,2020-11-04,340,1,5,0
Pacujá,Pacujá,2020-11-05,340,0,5,0
Pacujá,Pacujá,2020-11-06,340,0,5,0
Pacujá,Pacujá,2020-11-07,340,0,5,0
Pacujá,Pacujá,2020-11-08,340,0,5,0
Pacujá,Pacujá,2020-11-09,340,0,5,0
Pacujá,Pacujá,2020-11-10,340,0,5,0
Pacujá,Pacujá,2020-11-11,340,0,5,0
Pacujá,Pacujá,2020-11-12,340,0,5,0
Pacujá,Pacujá,2020-11-13,340,0,5,0
Pacujá,Pacujá,2020-11-14,340,0,5,0
Pacujá,Pacujá,2020-11-15,340,0,5,0
Pacujá,Pacujá,2020-11-16,340,0,5,0
Pacujá,Pacujá,2020-11-17,340,0,5,0
Pacujá,Pacujá,2020-11-18,340,0,5,0
Pacujá,Pacujá,2020-11-19,340,0,5,0
Pacujá,Pacujá,2020-11-20,340,0,5,0
Pacujá,Pacujá,2020-11-21,340,0,5,0
Pacujá,Pacujá,2020-11-22,340,0,5,0
Pacujá,Pacujá,2020-11-23,340,0,5,0
Pacujá,Pacujá,2020-11-24,340,0,5,0
Pacujá,Pacujá,2020-11-25,342,2,5,0
Pacujá,Pacujá,2020-11-26,341,-1,5,0
Pacujá,Pacujá,2020-11-27,341,0,5,0
Pacujá,Pacujá,2020-11-28,350,9,5,0
Pacujá,Pacujá,2020-11-29,350,0,5,0
Pacujá,Pacujá,2020-11-30,350,0,5,0
Pacujá,Pacujá,2020-12-01,410,60,5,0
Pacujá,Pacujá,2020-12-02,410,0,5,0
Pacujá,Pacujá,2020-12-03,436,26,5,0
Pacujá,Pacujá,2020-12-04,437,1,5,0
Pacujá,Pacujá,2020-12-05,437,0,5,0
Pacujá,Pacujá,2020-12-06,437,0,5,0
Pacujá,Pacujá,2020-12-07,437,0,5,0
Pacujá,Pacujá,2020-12-08,437,0,5,0
Pacujá,Pacujá,2020-12-09,437,0,5,0
Pacujá,Pacujá,2020-12-10,437,0,5,0
Pacujá,Pacujá,2020-12-11,437,0,5,0
Pacujá,Pacujá,2020-12-12,437,0,5,0
Pacujá,Pacujá,2020-12-13,437,0,5,0
Pacujá,Pacujá,2020-12-14,437,0,5,0
Pacujá,Pacujá,2020-12-15,437,0,5,0
Pacujá,Pacujá,2020-12-16,437,0,5,0
Pacujá,Pacujá,2020-12-17,437,0,5,0
Pacujá,Pacujá,2020-12-18,437,0,5,0
Pacujá,Pacujá,2020-12-19,437,0,5,0
Pacujá,Pacujá,2020-12-20,437,0,5,0
Pacujá,Pacujá,2020-12-21,437,0,5,0
Pacujá,Pacujá,2020-12-22,437,0,5,0
Pacujá,Pacujá,2020-12-23,437,0,5,0
Pacujá,Pacujá,2020-12-24,437,0,5,0
Pacujá,Pacujá,2020-12-25,437,0,5,0
Pacujá,Pacujá,2020-12-26,437,0,5,0
Pacujá,Pacujá,2020-12-27,437,0,5,0
Pacujá,Pacujá,2020-12-28,437,0,5,0
Pacujá,Pacujá,2020-12-29,437,0,5,0
Pacujá,Pacujá,2020-12-30,437,0,5,0
Pacujá,Pacujá,2020-12-31,438,1,6,1
Pacujá,Pacujá,2021-01-01,438,0,6,0
Pacujá,Pacujá,2021-01-02,438,0,6,0
Pacujá,Pacujá,2021-01-03,438,0,6,0
Pacujá,Pacujá,2021-01-04,438,0,6,0
Pacujá,Pacujá,2021-01-05,438,0,6,0
Pacujá,Pacujá,2021-01-06,438,0,6,0
Pacujá,Pacujá,2021-01-07,438,0,6,0
Pacujá,Pacujá,2021-01-08,439,1,6,0
Pacujá,Pacujá,2021-01-09,439,0,6,0
Pacujá,Pacujá,2021-01-10,439,0,6,0
Pacujá,Pacujá,2021-01-11,439,0,6,0
Pacujá,Pacujá,2021-01-12,439,0,6,0
Pacujá,Pacujá,2021-01-13,439,0,6,0
Pacujá,Pacujá,2021-01-14,439,0,6,0
Pacujá,Pacujá,2021-01-15,439,0,6,0
Pacujá,Pacujá,2021-01-16,439,0,6,0
Pacujá,Pacujá,2021-01-17,439,0,6,0
Pacujá,Pacujá,2021-01-18,439,0,6,0
Pacujá,Pacujá,2021-01-19,439,0,6,0
Pacujá,Pacujá,2021-01-20,439,0,6,0
Pacujá,Pacujá,2021-01-21,439,0,6,0
Pacujá,Pacujá,2021-01-22,439,0,6,0
Pacujá,Pacujá,2021-01-23,439,0,6,0
Pacujá,Pacujá,2021-01-24,439,0,6,0
Pacujá,Pacujá,2021-01-25,439,0,6,0
Pacujá,Pacujá,2021-01-26,439,0,6,0
Pacujá,Pacujá,2021-01-27,439,0,6,0
Pacujá,Pacujá,2021-01-28,439,0,6,0
Pacujá,Pacujá,2021-01-29,439,0,6,0
Pacujá,Pacujá,2021-01-30,440,1,6,0
Pacujá,Pacujá,2021-01-31,441,1,6,0
Pacujá,Pacujá,2021-02-01,441,0,6,0
Pacujá,Pacujá,2021-02-02,441,0,6,0
Pacujá,Pacujá,2021-02-03,441,0,6,0
Pacujá,Pacujá,2021-02-04,441,0,6,0
Pacujá,Pacujá,2021-02-05,441,0,6,0
Pacujá,Pacujá,2021-02-06,441,0,6,0
Pacujá,Pacujá,2021-02-07,441,0,6,0
Pacujá,Pacujá,2021-02-08,441,0,6,0
