city,city,date,cases,daily cases,deaths,daily deaths
Palmital,Palmital,2020-03-27,0,0,0,0
Palmital,Palmital,2020-03-28,0,0,0,0
Palmital,Palmital,2020-03-29,0,0,0,0
Palmital,Palmital,2020-03-30,0,0,0,0
Palmital,Palmital,2020-03-31,0,0,0,0
Palmital,Palmital,2020-04-01,0,0,0,0
Palmital,Palmital,2020-04-02,0,0,0,0
Palmital,Palmital,2020-04-03,0,0,0,0
Palmital,Palmital,2020-04-04,0,0,0,0
Palmital,Palmital,2020-04-05,0,0,0,0
Palmital,Palmital,2020-04-06,0,0,0,0
Palmital,Palmital,2020-04-07,0,0,0,0
Palmital,Palmital,2020-04-08,0,0,0,0
Palmital,Palmital,2020-04-09,0,0,0,0
Palmital,Palmital,2020-04-10,0,0,0,0
Palmital,Palmital,2020-04-11,0,0,0,0
Palmital,Palmital,2020-04-12,0,0,0,0
Palmital,Palmital,2020-04-13,0,0,0,0
Palmital,Palmital,2020-04-14,0,0,0,0
Palmital,Palmital,2020-04-15,0,0,0,0
Palmital,Palmital,2020-04-16,0,0,0,0
Palmital,Palmital,2020-04-17,0,0,0,0
Palmital,Palmital,2020-04-18,0,0,0,0
Palmital,Palmital,2020-04-19,0,0,0,0
Palmital,Palmital,2020-04-20,0,0,0,0
Palmital,Palmital,2020-04-21,0,0,0,0
Palmital,Palmital,2020-04-22,0,0,0,0
Palmital,Palmital,2020-04-23,1,1,0,0
Palmital,Palmital,2020-04-24,1,0,0,0
Palmital,Palmital,2020-04-25,1,0,0,0
Palmital,Palmital,2020-04-26,1,0,0,0
Palmital,Palmital,2020-04-27,1,0,0,0
Palmital,Palmital,2020-04-28,1,0,0,0
Palmital,Palmital,2020-04-29,1,0,0,0
Palmital,Palmital,2020-04-30,1,0,0,0
Palmital,Palmital,2020-05-01,1,0,0,0
Palmital,Palmital,2020-05-02,1,0,0,0
Palmital,Palmital,2020-05-03,1,0,0,0
Palmital,Palmital,2020-05-04,1,0,0,0
Palmital,Palmital,2020-05-05,1,0,0,0
Palmital,Palmital,2020-05-06,1,0,0,0
Palmital,Palmital,2020-05-07,1,0,0,0
Palmital,Palmital,2020-05-08,1,0,0,0
Palmital,Palmital,2020-05-09,1,0,0,0
Palmital,Palmital,2020-05-10,1,0,0,0
Palmital,Palmital,2020-05-11,1,0,0,0
Palmital,Palmital,2020-05-12,1,0,0,0
Palmital,Palmital,2020-05-13,1,0,0,0
Palmital,Palmital,2020-05-14,1,0,0,0
Palmital,Palmital,2020-05-15,1,0,0,0
Palmital,Palmital,2020-05-16,1,0,0,0
Palmital,Palmital,2020-05-17,1,0,0,0
Palmital,Palmital,2020-05-18,1,0,0,0
Palmital,Palmital,2020-05-19,1,0,0,0
Palmital,Palmital,2020-05-20,1,0,0,0
Palmital,Palmital,2020-05-21,1,0,0,0
Palmital,Palmital,2020-05-22,1,0,0,0
Palmital,Palmital,2020-05-23,1,0,0,0
Palmital,Palmital,2020-05-24,1,0,0,0
Palmital,Palmital,2020-05-25,1,0,0,0
Palmital,Palmital,2020-05-26,1,0,0,0
Palmital,Palmital,2020-05-27,1,0,0,0
Palmital,Palmital,2020-05-28,4,3,0,0
Palmital,Palmital,2020-05-29,4,0,0,0
Palmital,Palmital,2020-05-30,4,0,0,0
Palmital,Palmital,2020-05-31,4,0,0,0
Palmital,Palmital,2020-06-01,4,0,0,0
Palmital,Palmital,2020-06-02,5,1,0,0
Palmital,Palmital,2020-06-03,7,2,0,0
Palmital,Palmital,2020-06-04,9,2,0,0
Palmital,Palmital,2020-06-05,10,1,0,0
Palmital,Palmital,2020-06-06,11,1,0,0
Palmital,Palmital,2020-06-07,11,0,0,0
Palmital,Palmital,2020-06-08,12,1,0,0
Palmital,Palmital,2020-06-09,13,1,1,1
Palmital,Palmital,2020-06-10,18,5,1,0
Palmital,Palmital,2020-06-11,19,1,1,0
Palmital,Palmital,2020-06-12,19,0,1,0
Palmital,Palmital,2020-06-13,20,1,1,0
Palmital,Palmital,2020-06-14,20,0,1,0
Palmital,Palmital,2020-06-15,20,0,1,0
Palmital,Palmital,2020-06-16,24,4,1,0
Palmital,Palmital,2020-06-17,24,0,1,0
Palmital,Palmital,2020-06-18,24,0,1,0
Palmital,Palmital,2020-06-19,27,3,1,0
Palmital,Palmital,2020-06-20,28,1,1,0
Palmital,Palmital,2020-06-21,28,0,1,0
Palmital,Palmital,2020-06-22,28,0,1,0
Palmital,Palmital,2020-06-23,28,0,1,0
Palmital,Palmital,2020-06-24,27,-1,1,0
Palmital,Palmital,2020-06-25,28,1,1,0
Palmital,Palmital,2020-06-26,30,2,1,0
Palmital,Palmital,2020-06-27,30,0,1,0
Palmital,Palmital,2020-06-28,30,0,1,0
Palmital,Palmital,2020-06-29,30,0,1,0
Palmital,Palmital,2020-06-30,31,1,1,0
Palmital,Palmital,2020-07-01,32,1,1,0
Palmital,Palmital,2020-07-02,33,1,1,0
Palmital,Palmital,2020-07-03,33,0,1,0
Palmital,Palmital,2020-07-04,33,0,1,0
Palmital,Palmital,2020-07-05,33,0,1,0
Palmital,Palmital,2020-07-06,34,1,1,0
Palmital,Palmital,2020-07-07,34,0,1,0
Palmital,Palmital,2020-07-08,34,0,1,0
Palmital,Palmital,2020-07-09,34,0,1,0
Palmital,Palmital,2020-07-10,35,1,1,0
Palmital,Palmital,2020-07-11,35,0,1,0
Palmital,Palmital,2020-07-12,36,1,1,0
Palmital,Palmital,2020-07-13,36,0,1,0
Palmital,Palmital,2020-07-14,40,4,1,0
Palmital,Palmital,2020-07-15,39,-1,1,0
Palmital,Palmital,2020-07-16,40,1,1,0
Palmital,Palmital,2020-07-17,45,5,1,0
Palmital,Palmital,2020-07-18,47,2,1,0
Palmital,Palmital,2020-07-19,48,1,1,0
Palmital,Palmital,2020-07-20,48,0,1,0
Palmital,Palmital,2020-07-21,49,1,1,0
Palmital,Palmital,2020-07-22,50,1,1,0
Palmital,Palmital,2020-07-23,49,-1,1,0
Palmital,Palmital,2020-07-24,52,3,1,0
Palmital,Palmital,2020-07-25,58,6,1,0
Palmital,Palmital,2020-07-26,59,1,1,0
Palmital,Palmital,2020-07-27,59,0,1,0
Palmital,Palmital,2020-07-28,59,0,1,0
Palmital,Palmital,2020-07-29,70,11,1,0
Palmital,Palmital,2020-07-30,72,2,1,0
Palmital,Palmital,2020-07-31,73,1,1,0
Palmital,Palmital,2020-08-01,81,8,1,0
Palmital,Palmital,2020-08-02,84,3,1,0
Palmital,Palmital,2020-08-03,84,0,1,0
Palmital,Palmital,2020-08-04,88,4,1,0
Palmital,Palmital,2020-08-05,91,3,1,0
Palmital,Palmital,2020-08-06,93,2,1,0
Palmital,Palmital,2020-08-07,97,4,1,0
Palmital,Palmital,2020-08-08,99,2,1,0
Palmital,Palmital,2020-08-09,107,8,1,0
Palmital,Palmital,2020-08-10,107,0,1,0
Palmital,Palmital,2020-08-11,112,5,1,0
Palmital,Palmital,2020-08-12,117,5,1,0
Palmital,Palmital,2020-08-13,124,7,1,0
Palmital,Palmital,2020-08-14,129,5,1,0
Palmital,Palmital,2020-08-15,133,4,1,0
Palmital,Palmital,2020-08-16,134,1,1,0
Palmital,Palmital,2020-08-17,134,0,1,0
Palmital,Palmital,2020-08-18,136,2,1,0
Palmital,Palmital,2020-08-19,144,8,1,0
Palmital,Palmital,2020-08-20,155,11,1,0
Palmital,Palmital,2020-08-21,156,1,1,0
Palmital,Palmital,2020-08-22,165,9,1,0
Palmital,Palmital,2020-08-23,166,1,1,0
Palmital,Palmital,2020-08-24,170,4,1,0
Palmital,Palmital,2020-08-25,177,7,1,0
Palmital,Palmital,2020-08-26,179,2,1,0
Palmital,Palmital,2020-08-27,181,2,1,0
Palmital,Palmital,2020-08-28,184,3,1,0
Palmital,Palmital,2020-08-29,186,2,1,0
Palmital,Palmital,2020-08-30,186,0,1,0
Palmital,Palmital,2020-08-31,186,0,1,0
Palmital,Palmital,2020-09-01,194,8,1,0
Palmital,Palmital,2020-09-02,201,7,1,0
Palmital,Palmital,2020-09-03,206,5,1,0
Palmital,Palmital,2020-09-04,215,9,1,0
Palmital,Palmital,2020-09-05,225,10,1,0
Palmital,Palmital,2020-09-06,231,6,1,0
Palmital,Palmital,2020-09-07,234,3,1,0
Palmital,Palmital,2020-09-08,234,0,1,0
Palmital,Palmital,2020-09-09,244,10,1,0
Palmital,Palmital,2020-09-10,248,4,1,0
Palmital,Palmital,2020-09-11,263,15,2,1
Palmital,Palmital,2020-09-12,269,6,2,0
Palmital,Palmital,2020-09-13,269,0,2,0
Palmital,Palmital,2020-09-14,270,1,2,0
Palmital,Palmital,2020-09-15,279,9,2,0
Palmital,Palmital,2020-09-16,291,12,2,0
Palmital,Palmital,2020-09-17,300,9,2,0
Palmital,Palmital,2020-09-18,318,18,2,0
Palmital,Palmital,2020-09-19,327,9,2,0
Palmital,Palmital,2020-09-20,327,0,2,0
Palmital,Palmital,2020-09-21,331,4,2,0
Palmital,Palmital,2020-09-22,337,6,2,0
Palmital,Palmital,2020-09-23,346,9,3,1
Palmital,Palmital,2020-09-24,354,8,4,1
Palmital,Palmital,2020-09-25,372,18,4,0
Palmital,Palmital,2020-09-26,383,11,4,0
Palmital,Palmital,2020-09-27,385,2,4,0
Palmital,Palmital,2020-09-28,386,1,4,0
Palmital,Palmital,2020-09-29,387,1,4,0
Palmital,Palmital,2020-09-30,390,3,4,0
Palmital,Palmital,2020-10-01,393,3,4,0
Palmital,Palmital,2020-10-02,399,6,4,0
Palmital,Palmital,2020-10-03,403,4,5,1
Palmital,Palmital,2020-10-04,405,2,5,0
Palmital,Palmital,2020-10-05,409,4,5,0
Palmital,Palmital,2020-10-06,412,3,5,0
Palmital,Palmital,2020-10-07,420,8,5,0
Palmital,Palmital,2020-10-08,440,20,5,0
Palmital,Palmital,2020-10-09,457,17,5,0
Palmital,Palmital,2020-10-10,469,12,5,0
Palmital,Palmital,2020-10-11,470,1,5,0
Palmital,Palmital,2020-10-12,470,0,5,0
Palmital,Palmital,2020-10-13,477,7,5,0
Palmital,Palmital,2020-10-14,485,8,5,0
Palmital,Palmital,2020-10-15,498,13,5,0
Palmital,Palmital,2020-10-16,505,7,5,0
Palmital,Palmital,2020-10-17,517,12,5,0
Palmital,Palmital,2020-10-18,517,0,5,0
Palmital,Palmital,2020-10-19,521,4,6,1
Palmital,Palmital,2020-10-20,536,15,6,0
Palmital,Palmital,2020-10-21,540,4,6,0
Palmital,Palmital,2020-10-22,544,4,6,0
Palmital,Palmital,2020-10-23,544,0,6,0
Palmital,Palmital,2020-10-24,545,1,6,0
Palmital,Palmital,2020-10-25,545,0,6,0
Palmital,Palmital,2020-10-26,548,3,6,0
Palmital,Palmital,2020-10-27,555,7,8,2
Palmital,Palmital,2020-10-28,560,5,8,0
Palmital,Palmital,2020-10-29,559,-1,8,0
Palmital,Palmital,2020-10-30,560,1,8,0
Palmital,Palmital,2020-10-31,560,0,8,0
Palmital,Palmital,2020-11-01,560,0,8,0
Palmital,Palmital,2020-11-02,560,0,8,0
Palmital,Palmital,2020-11-03,562,2,8,0
Palmital,Palmital,2020-11-04,563,1,8,0
Palmital,Palmital,2020-11-05,563,0,8,0
Palmital,Palmital,2020-11-06,567,4,8,0
Palmital,Palmital,2020-11-07,567,0,8,0
Palmital,Palmital,2020-11-08,567,0,8,0
Palmital,Palmital,2020-11-09,578,11,8,0
Palmital,Palmital,2020-11-10,579,1,8,0
Palmital,Palmital,2020-11-11,587,8,8,0
Palmital,Palmital,2020-11-12,587,0,9,1
Palmital,Palmital,2020-11-13,589,2,9,0
Palmital,Palmital,2020-11-14,594,5,9,0
Palmital,Palmital,2020-11-15,594,0,9,0
Palmital,Palmital,2020-11-16,599,5,9,0
Palmital,Palmital,2020-11-17,605,6,9,0
Palmital,Palmital,2020-11-18,606,1,9,0
Palmital,Palmital,2020-11-19,606,0,9,0
Palmital,Palmital,2020-11-20,609,3,9,0
Palmital,Palmital,2020-11-21,610,1,9,0
Palmital,Palmital,2020-11-22,611,1,9,0
Palmital,Palmital,2020-11-23,611,0,9,0
Palmital,Palmital,2020-11-24,619,8,9,0
Palmital,Palmital,2020-11-25,629,10,9,0
Palmital,Palmital,2020-11-26,630,1,9,0
Palmital,Palmital,2020-11-27,633,3,9,0
Palmital,Palmital,2020-11-28,634,1,9,0
Palmital,Palmital,2020-11-29,635,1,9,0
Palmital,Palmital,2020-11-30,636,1,9,0
Palmital,Palmital,2020-12-01,648,12,11,2
Palmital,Palmital,2020-12-02,650,2,11,0
Palmital,Palmital,2020-12-03,651,1,11,0
Palmital,Palmital,2020-12-04,651,0,11,0
Palmital,Palmital,2020-12-05,655,4,11,0
Palmital,Palmital,2020-12-06,656,1,11,0
Palmital,Palmital,2020-12-07,656,0,11,0
Palmital,Palmital,2020-12-08,663,7,12,1
Palmital,Palmital,2020-12-09,667,4,12,0
Palmital,Palmital,2020-12-10,669,2,12,0
Palmital,Palmital,2020-12-11,674,5,12,0
Palmital,Palmital,2020-12-12,680,6,12,0
Palmital,Palmital,2020-12-13,680,0,12,0
Palmital,Palmital,2020-12-14,680,0,12,0
Palmital,Palmital,2020-12-15,683,3,12,0
Palmital,Palmital,2020-12-16,683,0,12,0
Palmital,Palmital,2020-12-17,699,16,12,0
Palmital,Palmital,2020-12-18,707,8,12,0
Palmital,Palmital,2020-12-19,715,8,12,0
Palmital,Palmital,2020-12-20,715,0,12,0
Palmital,Palmital,2020-12-21,717,2,12,0
Palmital,Palmital,2020-12-22,730,13,12,0
Palmital,Palmital,2020-12-23,739,9,12,0
Palmital,Palmital,2020-12-24,745,6,12,0
Palmital,Palmital,2020-12-25,749,4,12,0
Palmital,Palmital,2020-12-26,762,13,12,0
Palmital,Palmital,2020-12-27,764,2,12,0
Palmital,Palmital,2020-12-28,775,11,12,0
Palmital,Palmital,2020-12-29,776,1,12,0
Palmital,Palmital,2020-12-30,791,15,13,1
Palmital,Palmital,2020-12-31,811,20,13,0
Palmital,Palmital,2021-01-01,826,15,13,0
Palmital,Palmital,2021-01-02,826,0,13,0
Palmital,Palmital,2021-01-03,835,9,13,0
Palmital,Palmital,2021-01-04,849,14,13,0
Palmital,Palmital,2021-01-05,870,21,13,0
Palmital,Palmital,2021-01-06,882,12,13,0
Palmital,Palmital,2021-01-07,900,18,13,0
Palmital,Palmital,2021-01-08,916,16,13,0
Palmital,Palmital,2021-01-09,923,7,13,0
Palmital,Palmital,2021-01-10,947,24,13,0
Palmital,Palmital,2021-01-11,949,2,14,1
Palmital,Palmital,2021-01-12,949,0,14,0
Palmital,Palmital,2021-01-13,963,14,14,0
Palmital,Palmital,2021-01-14,1006,43,16,2
Palmital,Palmital,2021-01-15,1012,6,17,1
Palmital,Palmital,2021-01-16,1027,15,17,0
Palmital,Palmital,2021-01-17,1029,2,17,0
Palmital,Palmital,2021-01-18,1059,30,18,1
Palmital,Palmital,2021-01-19,1080,21,18,0
Palmital,Palmital,2021-01-20,1107,27,18,0
Palmital,Palmital,2021-01-21,1142,35,18,0
Palmital,Palmital,2021-01-22,1161,19,18,0
Palmital,Palmital,2021-01-23,1202,41,18,0
Palmital,Palmital,2021-01-24,1210,8,18,0
Palmital,Palmital,2021-01-25,1219,9,18,0
Palmital,Palmital,2021-01-26,1229,10,18,0
Palmital,Palmital,2021-01-27,1266,37,18,0
Palmital,Palmital,2021-01-28,1281,15,18,0
Palmital,Palmital,2021-01-29,1290,9,19,1
Palmital,Palmital,2021-01-30,1302,12,19,0
Palmital,Palmital,2021-01-31,1304,2,19,0
Palmital,Palmital,2021-02-01,1305,1,19,0
Palmital,Palmital,2021-02-02,1324,19,19,0
Palmital,Palmital,2021-02-03,1330,6,19,0
Palmital,Palmital,2021-02-04,1347,17,19,0
Palmital,Palmital,2021-02-05,1355,8,19,0
Palmital,Palmital,2021-02-06,1361,6,19,0
Palmital,Palmital,2021-02-07,1362,1,19,0
Palmital,Palmital,2021-02-08,1374,12,19,0
