city,city,date,cases,daily cases,deaths,daily deaths
Palotina,Palotina,2020-03-27,0,0,0,0
Palotina,Palotina,2020-03-28,0,0,0,0
Palotina,Palotina,2020-03-29,0,0,0,0
Palotina,Palotina,2020-03-30,0,0,0,0
Palotina,Palotina,2020-03-31,0,0,0,0
Palotina,Palotina,2020-04-01,0,0,0,0
Palotina,Palotina,2020-04-02,0,0,0,0
Palotina,Palotina,2020-04-03,0,0,0,0
Palotina,Palotina,2020-04-04,0,0,0,0
Palotina,Palotina,2020-04-05,0,0,0,0
Palotina,Palotina,2020-04-06,0,0,0,0
Palotina,Palotina,2020-04-07,0,0,0,0
Palotina,Palotina,2020-04-08,0,0,0,0
Palotina,Palotina,2020-04-09,0,0,0,0
Palotina,Palotina,2020-04-10,0,0,0,0
Palotina,Palotina,2020-04-11,0,0,0,0
Palotina,Palotina,2020-04-12,0,0,0,0
Palotina,Palotina,2020-04-13,0,0,0,0
Palotina,Palotina,2020-04-14,0,0,0,0
Palotina,Palotina,2020-04-15,0,0,0,0
Palotina,Palotina,2020-04-16,0,0,0,0
Palotina,Palotina,2020-04-17,0,0,0,0
Palotina,Palotina,2020-04-18,0,0,0,0
Palotina,Palotina,2020-04-19,0,0,0,0
Palotina,Palotina,2020-04-20,0,0,0,0
Palotina,Palotina,2020-04-21,0,0,0,0
Palotina,Palotina,2020-04-22,0,0,0,0
Palotina,Palotina,2020-04-23,0,0,0,0
Palotina,Palotina,2020-04-24,0,0,0,0
Palotina,Palotina,2020-04-25,0,0,0,0
Palotina,Palotina,2020-04-26,0,0,0,0
Palotina,Palotina,2020-04-27,0,0,0,0
Palotina,Palotina,2020-04-28,0,0,0,0
Palotina,Palotina,2020-04-29,0,0,0,0
Palotina,Palotina,2020-04-30,0,0,0,0
Palotina,Palotina,2020-05-01,2,2,0,0
Palotina,Palotina,2020-05-02,2,0,0,0
Palotina,Palotina,2020-05-03,2,0,0,0
Palotina,Palotina,2020-05-04,2,0,0,0
Palotina,Palotina,2020-05-05,2,0,0,0
Palotina,Palotina,2020-05-06,2,0,0,0
Palotina,Palotina,2020-05-07,2,0,0,0
Palotina,Palotina,2020-05-08,2,0,0,0
Palotina,Palotina,2020-05-09,2,0,0,0
Palotina,Palotina,2020-05-10,2,0,0,0
Palotina,Palotina,2020-05-11,2,0,0,0
Palotina,Palotina,2020-05-12,3,1,0,0
Palotina,Palotina,2020-05-13,3,0,0,0
Palotina,Palotina,2020-05-14,3,0,0,0
Palotina,Palotina,2020-05-15,3,0,0,0
Palotina,Palotina,2020-05-16,3,0,0,0
Palotina,Palotina,2020-05-17,4,1,0,0
Palotina,Palotina,2020-05-18,6,2,0,0
Palotina,Palotina,2020-05-19,6,0,0,0
Palotina,Palotina,2020-05-20,7,1,0,0
Palotina,Palotina,2020-05-21,7,0,0,0
Palotina,Palotina,2020-05-22,7,0,0,0
Palotina,Palotina,2020-05-23,8,1,0,0
Palotina,Palotina,2020-05-24,8,0,0,0
Palotina,Palotina,2020-05-25,8,0,0,0
Palotina,Palotina,2020-05-26,11,3,0,0
Palotina,Palotina,2020-05-27,11,0,0,0
Palotina,Palotina,2020-05-28,11,0,0,0
Palotina,Palotina,2020-05-29,12,1,0,0
Palotina,Palotina,2020-05-30,13,1,0,0
Palotina,Palotina,2020-05-31,14,1,0,0
Palotina,Palotina,2020-06-01,15,1,1,1
Palotina,Palotina,2020-06-02,16,1,1,0
Palotina,Palotina,2020-06-03,16,0,1,0
Palotina,Palotina,2020-06-04,16,0,1,0
Palotina,Palotina,2020-06-05,18,2,1,0
Palotina,Palotina,2020-06-06,18,0,1,0
Palotina,Palotina,2020-06-07,19,1,1,0
Palotina,Palotina,2020-06-08,19,0,1,0
Palotina,Palotina,2020-06-09,19,0,1,0
Palotina,Palotina,2020-06-10,19,0,1,0
Palotina,Palotina,2020-06-11,19,0,1,0
Palotina,Palotina,2020-06-12,19,0,1,0
Palotina,Palotina,2020-06-13,22,3,1,0
Palotina,Palotina,2020-06-14,22,0,1,0
Palotina,Palotina,2020-06-15,22,0,1,0
Palotina,Palotina,2020-06-16,24,2,1,0
Palotina,Palotina,2020-06-17,25,1,1,0
Palotina,Palotina,2020-06-18,25,0,1,0
Palotina,Palotina,2020-06-19,27,2,1,0
Palotina,Palotina,2020-06-20,28,1,1,0
Palotina,Palotina,2020-06-21,31,3,1,0
Palotina,Palotina,2020-06-22,32,1,1,0
Palotina,Palotina,2020-06-23,32,0,1,0
Palotina,Palotina,2020-06-24,37,5,1,0
Palotina,Palotina,2020-06-25,38,1,1,0
Palotina,Palotina,2020-06-26,41,3,1,0
Palotina,Palotina,2020-06-27,47,6,1,0
Palotina,Palotina,2020-06-28,50,3,1,0
Palotina,Palotina,2020-06-29,50,0,1,0
Palotina,Palotina,2020-06-30,57,7,1,0
Palotina,Palotina,2020-07-01,58,1,1,0
Palotina,Palotina,2020-07-02,63,5,1,0
Palotina,Palotina,2020-07-03,65,2,1,0
Palotina,Palotina,2020-07-04,77,12,1,0
Palotina,Palotina,2020-07-05,84,7,1,0
Palotina,Palotina,2020-07-06,100,16,1,0
Palotina,Palotina,2020-07-07,116,16,1,0
Palotina,Palotina,2020-07-08,119,3,1,0
Palotina,Palotina,2020-07-09,127,8,1,0
Palotina,Palotina,2020-07-10,140,13,1,0
Palotina,Palotina,2020-07-11,141,1,1,0
Palotina,Palotina,2020-07-12,161,20,2,1
Palotina,Palotina,2020-07-13,171,10,2,0
Palotina,Palotina,2020-07-14,187,16,2,0
Palotina,Palotina,2020-07-15,193,6,2,0
Palotina,Palotina,2020-07-16,200,7,2,0
Palotina,Palotina,2020-07-17,217,17,2,0
Palotina,Palotina,2020-07-18,252,35,2,0
Palotina,Palotina,2020-07-19,263,11,2,0
Palotina,Palotina,2020-07-20,283,20,2,0
Palotina,Palotina,2020-07-21,289,6,3,1
Palotina,Palotina,2020-07-22,303,14,3,0
Palotina,Palotina,2020-07-23,321,18,3,0
Palotina,Palotina,2020-07-24,325,4,3,0
Palotina,Palotina,2020-07-25,325,0,4,1
Palotina,Palotina,2020-07-26,336,11,4,0
Palotina,Palotina,2020-07-27,340,4,4,0
Palotina,Palotina,2020-07-28,340,0,4,0
Palotina,Palotina,2020-07-29,351,11,4,0
Palotina,Palotina,2020-07-30,377,26,4,0
Palotina,Palotina,2020-07-31,385,8,4,0
Palotina,Palotina,2020-08-01,414,29,4,0
Palotina,Palotina,2020-08-02,429,15,4,0
Palotina,Palotina,2020-08-03,437,8,4,0
Palotina,Palotina,2020-08-04,440,3,4,0
Palotina,Palotina,2020-08-05,451,11,4,0
Palotina,Palotina,2020-08-06,466,15,4,0
Palotina,Palotina,2020-08-07,476,10,4,0
Palotina,Palotina,2020-08-08,476,0,4,0
Palotina,Palotina,2020-08-09,479,3,4,0
Palotina,Palotina,2020-08-10,520,41,4,0
Palotina,Palotina,2020-08-11,524,4,5,1
Palotina,Palotina,2020-08-12,528,4,5,0
Palotina,Palotina,2020-08-13,540,12,5,0
Palotina,Palotina,2020-08-14,561,21,6,1
Palotina,Palotina,2020-08-15,573,12,6,0
Palotina,Palotina,2020-08-16,577,4,6,0
Palotina,Palotina,2020-08-17,580,3,9,3
Palotina,Palotina,2020-08-18,594,14,9,0
Palotina,Palotina,2020-08-19,597,3,9,0
Palotina,Palotina,2020-08-20,604,7,9,0
Palotina,Palotina,2020-08-21,624,20,9,0
Palotina,Palotina,2020-08-22,643,19,9,0
Palotina,Palotina,2020-08-23,646,3,9,0
Palotina,Palotina,2020-08-24,648,2,10,1
Palotina,Palotina,2020-08-25,658,10,10,0
Palotina,Palotina,2020-08-26,671,13,10,0
Palotina,Palotina,2020-08-27,671,0,10,0
Palotina,Palotina,2020-08-28,698,27,10,0
Palotina,Palotina,2020-08-29,700,2,10,0
Palotina,Palotina,2020-08-30,706,6,10,0
Palotina,Palotina,2020-08-31,714,8,10,0
Palotina,Palotina,2020-09-01,723,9,10,0
Palotina,Palotina,2020-09-02,732,9,10,0
Palotina,Palotina,2020-09-03,738,6,10,0
Palotina,Palotina,2020-09-04,749,11,10,0
Palotina,Palotina,2020-09-05,756,7,10,0
Palotina,Palotina,2020-09-06,764,8,10,0
Palotina,Palotina,2020-09-07,766,2,10,0
Palotina,Palotina,2020-09-08,778,12,10,0
Palotina,Palotina,2020-09-09,780,2,12,2
Palotina,Palotina,2020-09-10,787,7,12,0
Palotina,Palotina,2020-09-11,793,6,13,1
Palotina,Palotina,2020-09-12,798,5,13,0
Palotina,Palotina,2020-09-13,806,8,13,0
Palotina,Palotina,2020-09-14,807,1,13,0
Palotina,Palotina,2020-09-15,816,9,13,0
Palotina,Palotina,2020-09-16,817,1,13,0
Palotina,Palotina,2020-09-17,830,13,13,0
Palotina,Palotina,2020-09-18,832,2,14,1
Palotina,Palotina,2020-09-19,838,6,14,0
Palotina,Palotina,2020-09-20,839,1,14,0
Palotina,Palotina,2020-09-21,843,4,14,0
Palotina,Palotina,2020-09-22,851,8,14,0
Palotina,Palotina,2020-09-23,856,5,14,0
Palotina,Palotina,2020-09-24,860,4,14,0
Palotina,Palotina,2020-09-25,863,3,14,0
Palotina,Palotina,2020-09-26,865,2,14,0
Palotina,Palotina,2020-09-27,868,3,14,0
Palotina,Palotina,2020-09-28,874,6,14,0
Palotina,Palotina,2020-09-29,874,0,14,0
Palotina,Palotina,2020-09-30,874,0,14,0
Palotina,Palotina,2020-10-01,877,3,14,0
Palotina,Palotina,2020-10-02,881,4,14,0
Palotina,Palotina,2020-10-03,882,1,14,0
Palotina,Palotina,2020-10-04,884,2,14,0
Palotina,Palotina,2020-10-05,884,0,14,0
Palotina,Palotina,2020-10-06,888,4,14,0
Palotina,Palotina,2020-10-07,890,2,14,0
Palotina,Palotina,2020-10-08,890,0,14,0
Palotina,Palotina,2020-10-09,895,5,14,0
Palotina,Palotina,2020-10-10,900,5,14,0
Palotina,Palotina,2020-10-11,901,1,14,0
Palotina,Palotina,2020-10-12,915,14,14,0
Palotina,Palotina,2020-10-13,916,1,14,0
Palotina,Palotina,2020-10-14,916,0,14,0
Palotina,Palotina,2020-10-15,917,1,14,0
Palotina,Palotina,2020-10-16,920,3,14,0
Palotina,Palotina,2020-10-17,921,1,14,0
Palotina,Palotina,2020-10-18,921,0,14,0
Palotina,Palotina,2020-10-19,922,1,14,0
Palotina,Palotina,2020-10-20,924,2,14,0
Palotina,Palotina,2020-10-21,925,1,14,0
Palotina,Palotina,2020-10-22,928,3,14,0
Palotina,Palotina,2020-10-23,930,2,14,0
Palotina,Palotina,2020-10-24,931,1,14,0
Palotina,Palotina,2020-10-25,931,0,14,0
Palotina,Palotina,2020-10-26,932,1,14,0
Palotina,Palotina,2020-10-27,935,3,14,0
Palotina,Palotina,2020-10-28,935,0,14,0
Palotina,Palotina,2020-10-29,935,0,14,0
Palotina,Palotina,2020-10-30,936,1,14,0
Palotina,Palotina,2020-10-31,941,5,14,0
Palotina,Palotina,2020-11-01,945,4,14,0
Palotina,Palotina,2020-11-02,945,0,14,0
Palotina,Palotina,2020-11-03,950,5,14,0
Palotina,Palotina,2020-11-04,951,1,14,0
Palotina,Palotina,2020-11-05,953,2,14,0
Palotina,Palotina,2020-11-06,962,9,14,0
Palotina,Palotina,2020-11-07,968,6,14,0
Palotina,Palotina,2020-11-08,969,1,14,0
Palotina,Palotina,2020-11-09,987,18,14,0
Palotina,Palotina,2020-11-10,989,2,14,0
Palotina,Palotina,2020-11-11,997,8,14,0
Palotina,Palotina,2020-11-12,998,1,14,0
Palotina,Palotina,2020-11-13,998,0,14,0
Palotina,Palotina,2020-11-14,1048,50,14,0
Palotina,Palotina,2020-11-15,1048,0,14,0
Palotina,Palotina,2020-11-16,1064,16,14,0
Palotina,Palotina,2020-11-17,1068,4,14,0
Palotina,Palotina,2020-11-18,1080,12,14,0
Palotina,Palotina,2020-11-19,1091,11,14,0
Palotina,Palotina,2020-11-20,1107,16,14,0
Palotina,Palotina,2020-11-21,1139,32,14,0
Palotina,Palotina,2020-11-22,1140,1,14,0
Palotina,Palotina,2020-11-23,1141,1,14,0
Palotina,Palotina,2020-11-24,1164,23,14,0
Palotina,Palotina,2020-11-25,1176,12,14,0
Palotina,Palotina,2020-11-26,1194,18,14,0
Palotina,Palotina,2020-11-27,1208,14,14,0
Palotina,Palotina,2020-11-28,1222,14,14,0
Palotina,Palotina,2020-11-29,1229,7,14,0
Palotina,Palotina,2020-11-30,1245,16,15,1
Palotina,Palotina,2020-12-01,1282,37,18,3
Palotina,Palotina,2020-12-02,1294,12,18,0
Palotina,Palotina,2020-12-03,1322,28,18,0
Palotina,Palotina,2020-12-04,1342,20,18,0
Palotina,Palotina,2020-12-05,1356,14,18,0
Palotina,Palotina,2020-12-06,1370,14,18,0
Palotina,Palotina,2020-12-07,1379,9,19,1
Palotina,Palotina,2020-12-08,1422,43,19,0
Palotina,Palotina,2020-12-09,1437,15,19,0
Palotina,Palotina,2020-12-10,1465,28,19,0
Palotina,Palotina,2020-12-11,1484,19,20,1
Palotina,Palotina,2020-12-12,1543,59,21,1
Palotina,Palotina,2020-12-13,1569,26,21,0
Palotina,Palotina,2020-12-14,1592,23,21,0
Palotina,Palotina,2020-12-15,1612,20,21,0
Palotina,Palotina,2020-12-16,1619,7,21,0
Palotina,Palotina,2020-12-17,1622,3,21,0
Palotina,Palotina,2020-12-18,1653,31,21,0
Palotina,Palotina,2020-12-19,1672,19,21,0
Palotina,Palotina,2020-12-20,1677,5,21,0
Palotina,Palotina,2020-12-21,1685,8,21,0
Palotina,Palotina,2020-12-22,1704,19,21,0
Palotina,Palotina,2020-12-23,1715,11,21,0
Palotina,Palotina,2020-12-24,1729,14,21,0
Palotina,Palotina,2020-12-25,1757,28,21,0
Palotina,Palotina,2020-12-26,1767,10,21,0
Palotina,Palotina,2020-12-27,1776,9,21,0
Palotina,Palotina,2020-12-28,1795,19,22,1
Palotina,Palotina,2020-12-29,1805,10,22,0
Palotina,Palotina,2020-12-30,1817,12,22,0
Palotina,Palotina,2020-12-31,1867,50,23,1
Palotina,Palotina,2021-01-01,1874,7,23,0
Palotina,Palotina,2021-01-02,1880,6,23,0
Palotina,Palotina,2021-01-03,1885,5,23,0
Palotina,Palotina,2021-01-04,1897,12,23,0
Palotina,Palotina,2021-01-05,1915,18,23,0
Palotina,Palotina,2021-01-06,1921,6,23,0
Palotina,Palotina,2021-01-07,2043,122,23,0
Palotina,Palotina,2021-01-08,2043,0,23,0
Palotina,Palotina,2021-01-09,2096,53,25,2
Palotina,Palotina,2021-01-10,2099,3,25,0
Palotina,Palotina,2021-01-11,2134,35,25,0
Palotina,Palotina,2021-01-12,2176,42,27,2
Palotina,Palotina,2021-01-13,2180,4,27,0
Palotina,Palotina,2021-01-14,2208,28,27,0
Palotina,Palotina,2021-01-15,2235,27,28,1
Palotina,Palotina,2021-01-16,2271,36,28,0
Palotina,Palotina,2021-01-17,2273,2,28,0
Palotina,Palotina,2021-01-18,2273,0,28,0
Palotina,Palotina,2021-01-19,2318,45,28,0
Palotina,Palotina,2021-01-20,2334,16,28,0
Palotina,Palotina,2021-01-21,2352,18,28,0
Palotina,Palotina,2021-01-22,2371,19,28,0
Palotina,Palotina,2021-01-23,2373,2,28,0
Palotina,Palotina,2021-01-24,2385,12,28,0
Palotina,Palotina,2021-01-25,2391,6,29,1
Palotina,Palotina,2021-01-26,2412,21,29,0
Palotina,Palotina,2021-01-27,2420,8,29,0
Palotina,Palotina,2021-01-28,2438,18,29,0
Palotina,Palotina,2021-01-29,2445,7,29,0
Palotina,Palotina,2021-01-30,2465,20,29,0
Palotina,Palotina,2021-01-31,2465,0,29,0
Palotina,Palotina,2021-02-01,2477,12,29,0
Palotina,Palotina,2021-02-02,2494,17,29,0
Palotina,Palotina,2021-02-03,2504,10,29,0
Palotina,Palotina,2021-02-04,2510,6,30,1
Palotina,Palotina,2021-02-05,2517,7,30,0
Palotina,Palotina,2021-02-06,2538,21,30,0
Palotina,Palotina,2021-02-07,2539,1,30,0
Palotina,Palotina,2021-02-08,2543,4,30,0
