city,city,date,cases,daily cases,deaths,daily deaths
Paracuru,Paracuru,2020-03-27,0,0,0,0
Paracuru,Paracuru,2020-03-28,0,0,0,0
Paracuru,Paracuru,2020-03-29,0,0,0,0
Paracuru,Paracuru,2020-03-30,0,0,0,0
Paracuru,Paracuru,2020-03-31,0,0,0,0
Paracuru,Paracuru,2020-04-01,0,0,0,0
Paracuru,Paracuru,2020-04-02,0,0,0,0
Paracuru,Paracuru,2020-04-03,0,0,0,0
Paracuru,Paracuru,2020-04-04,0,0,0,0
Paracuru,Paracuru,2020-04-05,0,0,0,0
Paracuru,Paracuru,2020-04-06,0,0,0,0
Paracuru,Paracuru,2020-04-07,0,0,0,0
Paracuru,Paracuru,2020-04-08,0,0,0,0
Paracuru,Paracuru,2020-04-09,0,0,0,0
Paracuru,Paracuru,2020-04-10,0,0,0,0
Paracuru,Paracuru,2020-04-11,0,0,0,0
Paracuru,Paracuru,2020-04-12,0,0,0,0
Paracuru,Paracuru,2020-04-13,0,0,0,0
Paracuru,Paracuru,2020-04-14,1,1,0,0
Paracuru,Paracuru,2020-04-15,1,0,0,0
Paracuru,Paracuru,2020-04-16,1,0,0,0
Paracuru,Paracuru,2020-04-17,1,0,0,0
Paracuru,Paracuru,2020-04-18,1,0,0,0
Paracuru,Paracuru,2020-04-19,1,0,0,0
Paracuru,Paracuru,2020-04-20,1,0,0,0
Paracuru,Paracuru,2020-04-21,1,0,0,0
Paracuru,Paracuru,2020-04-22,1,0,0,0
Paracuru,Paracuru,2020-04-23,1,0,0,0
Paracuru,Paracuru,2020-04-24,4,3,0,0
Paracuru,Paracuru,2020-04-25,3,-1,0,0
Paracuru,Paracuru,2020-04-26,3,0,0,0
Paracuru,Paracuru,2020-04-27,3,0,0,0
Paracuru,Paracuru,2020-04-28,3,0,0,0
Paracuru,Paracuru,2020-04-29,4,1,0,0
Paracuru,Paracuru,2020-04-30,4,0,0,0
Paracuru,Paracuru,2020-05-01,4,0,0,0
Paracuru,Paracuru,2020-05-02,4,0,0,0
Paracuru,Paracuru,2020-05-03,4,0,0,0
Paracuru,Paracuru,2020-05-04,7,3,0,0
Paracuru,Paracuru,2020-05-05,7,0,0,0
Paracuru,Paracuru,2020-05-06,7,0,0,0
Paracuru,Paracuru,2020-05-07,10,3,0,0
Paracuru,Paracuru,2020-05-08,12,2,0,0
Paracuru,Paracuru,2020-05-09,13,1,0,0
Paracuru,Paracuru,2020-05-10,13,0,0,0
Paracuru,Paracuru,2020-05-11,22,9,0,0
Paracuru,Paracuru,2020-05-12,24,2,0,0
Paracuru,Paracuru,2020-05-13,25,1,1,1
Paracuru,Paracuru,2020-05-14,35,10,1,0
Paracuru,Paracuru,2020-05-15,50,15,1,0
Paracuru,Paracuru,2020-05-16,52,2,1,0
Paracuru,Paracuru,2020-05-17,55,3,1,0
Paracuru,Paracuru,2020-05-18,69,14,1,0
Paracuru,Paracuru,2020-05-19,82,13,4,3
Paracuru,Paracuru,2020-05-20,85,3,5,1
Paracuru,Paracuru,2020-05-21,85,0,7,2
Paracuru,Paracuru,2020-05-22,111,26,8,1
Paracuru,Paracuru,2020-05-23,111,0,8,0
Paracuru,Paracuru,2020-05-24,113,2,8,0
Paracuru,Paracuru,2020-05-25,113,0,8,0
Paracuru,Paracuru,2020-05-26,113,0,8,0
Paracuru,Paracuru,2020-05-27,114,1,9,1
Paracuru,Paracuru,2020-05-28,114,0,9,0
Paracuru,Paracuru,2020-05-29,115,1,9,0
Paracuru,Paracuru,2020-05-30,155,40,10,1
Paracuru,Paracuru,2020-05-31,158,3,11,1
Paracuru,Paracuru,2020-06-01,159,1,12,1
Paracuru,Paracuru,2020-06-02,159,0,12,0
Paracuru,Paracuru,2020-06-03,176,17,12,0
Paracuru,Paracuru,2020-06-04,203,27,12,0
Paracuru,Paracuru,2020-06-05,214,11,12,0
Paracuru,Paracuru,2020-06-06,224,10,13,1
Paracuru,Paracuru,2020-06-07,226,2,13,0
Paracuru,Paracuru,2020-06-08,231,5,13,0
Paracuru,Paracuru,2020-06-09,234,3,16,3
Paracuru,Paracuru,2020-06-10,255,21,17,1
Paracuru,Paracuru,2020-06-11,257,2,17,0
Paracuru,Paracuru,2020-06-12,260,3,17,0
Paracuru,Paracuru,2020-06-13,265,5,19,2
Paracuru,Paracuru,2020-06-14,264,-1,18,-1
Paracuru,Paracuru,2020-06-15,266,2,19,1
Paracuru,Paracuru,2020-06-16,274,8,19,0
Paracuru,Paracuru,2020-06-17,291,17,21,2
Paracuru,Paracuru,2020-06-18,307,16,24,3
Paracuru,Paracuru,2020-06-19,316,9,25,1
Paracuru,Paracuru,2020-06-20,337,21,26,1
Paracuru,Paracuru,2020-06-21,338,1,27,1
Paracuru,Paracuru,2020-06-22,339,1,27,0
Paracuru,Paracuru,2020-06-23,362,23,27,0
Paracuru,Paracuru,2020-06-24,377,15,27,0
Paracuru,Paracuru,2020-06-25,378,1,25,-2
Paracuru,Paracuru,2020-06-26,392,14,25,0
Paracuru,Paracuru,2020-06-27,408,16,24,-1
Paracuru,Paracuru,2020-06-28,409,1,24,0
Paracuru,Paracuru,2020-06-29,409,0,24,0
Paracuru,Paracuru,2020-06-30,422,13,25,1
Paracuru,Paracuru,2020-07-01,440,18,27,2
Paracuru,Paracuru,2020-07-02,441,1,28,1
Paracuru,Paracuru,2020-07-03,457,16,28,0
Paracuru,Paracuru,2020-07-04,467,10,28,0
Paracuru,Paracuru,2020-07-05,467,0,28,0
Paracuru,Paracuru,2020-07-06,467,0,29,1
Paracuru,Paracuru,2020-07-07,472,5,31,2
Paracuru,Paracuru,2020-07-08,475,3,33,2
Paracuru,Paracuru,2020-07-09,479,4,35,2
Paracuru,Paracuru,2020-07-10,480,1,36,1
Paracuru,Paracuru,2020-07-11,482,2,36,0
Paracuru,Paracuru,2020-07-12,483,1,36,0
Paracuru,Paracuru,2020-07-13,483,0,36,0
Paracuru,Paracuru,2020-07-14,501,18,36,0
Paracuru,Paracuru,2020-07-15,519,18,36,0
Paracuru,Paracuru,2020-07-16,526,7,36,0
Paracuru,Paracuru,2020-07-17,535,9,36,0
Paracuru,Paracuru,2020-07-18,539,4,36,0
Paracuru,Paracuru,2020-07-19,540,1,36,0
Paracuru,Paracuru,2020-07-20,540,0,36,0
Paracuru,Paracuru,2020-07-21,538,-2,36,0
Paracuru,Paracuru,2020-07-22,546,8,36,0
Paracuru,Paracuru,2020-07-23,559,13,36,0
Paracuru,Paracuru,2020-07-24,586,27,37,1
Paracuru,Paracuru,2020-07-25,612,26,37,0
Paracuru,Paracuru,2020-07-26,614,2,37,0
Paracuru,Paracuru,2020-07-27,614,0,37,0
Paracuru,Paracuru,2020-07-28,620,6,37,0
Paracuru,Paracuru,2020-07-29,632,12,37,0
Paracuru,Paracuru,2020-07-30,639,7,37,0
Paracuru,Paracuru,2020-07-31,640,1,37,0
Paracuru,Paracuru,2020-08-01,657,17,37,0
Paracuru,Paracuru,2020-08-02,659,2,37,0
Paracuru,Paracuru,2020-08-03,659,0,37,0
Paracuru,Paracuru,2020-08-04,667,8,37,0
Paracuru,Paracuru,2020-08-05,673,6,37,0
Paracuru,Paracuru,2020-08-06,683,10,37,0
Paracuru,Paracuru,2020-08-07,699,16,37,0
Paracuru,Paracuru,2020-08-08,712,13,37,0
Paracuru,Paracuru,2020-08-09,714,2,37,0
Paracuru,Paracuru,2020-08-10,714,0,38,1
Paracuru,Paracuru,2020-08-11,714,0,37,-1
Paracuru,Paracuru,2020-08-12,713,-1,37,0
Paracuru,Paracuru,2020-08-13,716,3,39,2
Paracuru,Paracuru,2020-08-14,729,13,39,0
Paracuru,Paracuru,2020-08-15,731,2,39,0
Paracuru,Paracuru,2020-08-16,732,1,39,0
Paracuru,Paracuru,2020-08-17,733,1,39,0
Paracuru,Paracuru,2020-08-18,738,5,39,0
Paracuru,Paracuru,2020-08-19,745,7,39,0
Paracuru,Paracuru,2020-08-20,756,11,39,0
Paracuru,Paracuru,2020-08-21,757,1,39,0
Paracuru,Paracuru,2020-08-22,764,7,39,0
Paracuru,Paracuru,2020-08-23,764,0,39,0
Paracuru,Paracuru,2020-08-24,764,0,39,0
Paracuru,Paracuru,2020-08-25,781,17,40,1
Paracuru,Paracuru,2020-08-26,784,3,40,0
Paracuru,Paracuru,2020-08-27,786,2,40,0
Paracuru,Paracuru,2020-08-28,792,6,40,0
Paracuru,Paracuru,2020-08-29,796,4,40,0
Paracuru,Paracuru,2020-08-30,796,0,40,0
Paracuru,Paracuru,2020-08-31,796,0,40,0
Paracuru,Paracuru,2020-09-01,796,0,40,0
Paracuru,Paracuru,2020-09-02,804,8,40,0
Paracuru,Paracuru,2020-09-03,806,2,40,0
Paracuru,Paracuru,2020-09-04,1036,230,40,0
Paracuru,Paracuru,2020-09-05,832,-204,40,0
Paracuru,Paracuru,2020-09-06,831,-1,40,0
Paracuru,Paracuru,2020-09-07,831,0,40,0
Paracuru,Paracuru,2020-09-08,831,0,40,0
Paracuru,Paracuru,2020-09-09,837,6,41,1
Paracuru,Paracuru,2020-09-10,845,8,41,0
Paracuru,Paracuru,2020-09-11,854,9,41,0
Paracuru,Paracuru,2020-09-12,855,1,41,0
Paracuru,Paracuru,2020-09-13,858,3,41,0
Paracuru,Paracuru,2020-09-14,857,-1,41,0
Paracuru,Paracuru,2020-09-15,861,4,41,0
Paracuru,Paracuru,2020-09-16,862,1,41,0
Paracuru,Paracuru,2020-09-17,862,0,41,0
Paracuru,Paracuru,2020-09-18,864,2,41,0
Paracuru,Paracuru,2020-09-19,865,1,41,0
Paracuru,Paracuru,2020-09-20,866,1,41,0
Paracuru,Paracuru,2020-09-21,866,0,42,1
Paracuru,Paracuru,2020-09-22,868,2,42,0
Paracuru,Paracuru,2020-09-23,869,1,42,0
Paracuru,Paracuru,2020-09-24,871,2,42,0
Paracuru,Paracuru,2020-09-25,870,-1,42,0
Paracuru,Paracuru,2020-09-26,869,-1,42,0
Paracuru,Paracuru,2020-09-27,869,0,42,0
Paracuru,Paracuru,2020-09-28,870,1,42,0
Paracuru,Paracuru,2020-09-29,871,1,42,0
Paracuru,Paracuru,2020-09-30,871,0,42,0
Paracuru,Paracuru,2020-10-01,873,2,42,0
Paracuru,Paracuru,2020-10-02,872,-1,42,0
Paracuru,Paracuru,2020-10-03,874,2,42,0
Paracuru,Paracuru,2020-10-04,874,0,42,0
Paracuru,Paracuru,2020-10-05,875,1,42,0
Paracuru,Paracuru,2020-10-06,1114,239,42,0
Paracuru,Paracuru,2020-10-07,1142,28,42,0
Paracuru,Paracuru,2020-10-08,1157,15,43,1
Paracuru,Paracuru,2020-10-09,1164,7,44,1
Paracuru,Paracuru,2020-10-10,1165,1,44,0
Paracuru,Paracuru,2020-10-11,1166,1,44,0
Paracuru,Paracuru,2020-10-12,1165,-1,44,0
Paracuru,Paracuru,2020-10-13,1166,1,44,0
Paracuru,Paracuru,2020-10-14,1171,5,44,0
Paracuru,Paracuru,2020-10-15,1170,-1,44,0
Paracuru,Paracuru,2020-10-16,1174,4,44,0
Paracuru,Paracuru,2020-10-17,1176,2,44,0
Paracuru,Paracuru,2020-10-18,1186,10,44,0
Paracuru,Paracuru,2020-10-19,1186,0,44,0
Paracuru,Paracuru,2020-10-20,1189,3,44,0
Paracuru,Paracuru,2020-10-21,1189,0,44,0
Paracuru,Paracuru,2020-10-22,1216,27,44,0
Paracuru,Paracuru,2020-10-23,1217,1,44,0
Paracuru,Paracuru,2020-10-24,1217,0,44,0
Paracuru,Paracuru,2020-10-25,1217,0,44,0
Paracuru,Paracuru,2020-10-26,1217,0,44,0
Paracuru,Paracuru,2020-10-27,1217,0,44,0
Paracuru,Paracuru,2020-10-28,1222,5,44,0
Paracuru,Paracuru,2020-10-29,1223,1,44,0
Paracuru,Paracuru,2020-10-30,1223,0,44,0
Paracuru,Paracuru,2020-10-31,1228,5,44,0
Paracuru,Paracuru,2020-11-01,1228,0,44,0
Paracuru,Paracuru,2020-11-02,1228,0,44,0
Paracuru,Paracuru,2020-11-03,1228,0,44,0
Paracuru,Paracuru,2020-11-04,1233,5,44,0
Paracuru,Paracuru,2020-11-05,1234,1,44,0
Paracuru,Paracuru,2020-11-06,1238,4,44,0
Paracuru,Paracuru,2020-11-07,1238,0,44,0
Paracuru,Paracuru,2020-11-08,1238,0,44,0
Paracuru,Paracuru,2020-11-09,1240,2,44,0
Paracuru,Paracuru,2020-11-10,1243,3,44,0
Paracuru,Paracuru,2020-11-11,1243,0,44,0
Paracuru,Paracuru,2020-11-12,1243,0,44,0
Paracuru,Paracuru,2020-11-13,1243,0,44,0
Paracuru,Paracuru,2020-11-14,1244,1,44,0
Paracuru,Paracuru,2020-11-15,1244,0,44,0
Paracuru,Paracuru,2020-11-16,1246,2,44,0
Paracuru,Paracuru,2020-11-17,1247,1,44,0
Paracuru,Paracuru,2020-11-18,1251,4,44,0
Paracuru,Paracuru,2020-11-19,1252,1,44,0
Paracuru,Paracuru,2020-11-20,1252,0,44,0
Paracuru,Paracuru,2020-11-21,1252,0,44,0
Paracuru,Paracuru,2020-11-22,1252,0,44,0
Paracuru,Paracuru,2020-11-23,1253,1,44,0
Paracuru,Paracuru,2020-11-24,1253,0,44,0
Paracuru,Paracuru,2020-11-25,1257,4,44,0
Paracuru,Paracuru,2020-11-26,1258,1,44,0
Paracuru,Paracuru,2020-11-27,1263,5,44,0
Paracuru,Paracuru,2020-11-28,1258,-5,44,0
Paracuru,Paracuru,2020-11-29,1258,0,44,0
Paracuru,Paracuru,2020-11-30,1258,0,44,0
Paracuru,Paracuru,2020-12-01,1258,0,44,0
Paracuru,Paracuru,2020-12-02,1260,2,44,0
Paracuru,Paracuru,2020-12-03,1263,3,44,0
Paracuru,Paracuru,2020-12-04,1265,2,44,0
Paracuru,Paracuru,2020-12-05,1271,6,44,0
Paracuru,Paracuru,2020-12-06,1271,0,44,0
Paracuru,Paracuru,2020-12-07,1271,0,44,0
Paracuru,Paracuru,2020-12-08,1281,10,44,0
Paracuru,Paracuru,2020-12-09,1288,7,44,0
Paracuru,Paracuru,2020-12-10,1289,1,44,0
Paracuru,Paracuru,2020-12-11,1291,2,44,0
Paracuru,Paracuru,2020-12-12,1291,0,44,0
Paracuru,Paracuru,2020-12-13,1294,3,44,0
Paracuru,Paracuru,2020-12-14,1295,1,44,0
Paracuru,Paracuru,2020-12-15,1295,0,44,0
Paracuru,Paracuru,2020-12-16,1302,7,44,0
Paracuru,Paracuru,2020-12-17,1303,1,44,0
Paracuru,Paracuru,2020-12-18,1306,3,44,0
Paracuru,Paracuru,2020-12-19,1306,0,44,0
Paracuru,Paracuru,2020-12-20,1307,1,44,0
Paracuru,Paracuru,2020-12-21,1309,2,44,0
Paracuru,Paracuru,2020-12-22,1311,2,44,0
Paracuru,Paracuru,2020-12-23,1312,1,44,0
Paracuru,Paracuru,2020-12-24,1314,2,44,0
Paracuru,Paracuru,2020-12-25,1314,0,44,0
Paracuru,Paracuru,2020-12-26,1314,0,44,0
Paracuru,Paracuru,2020-12-27,1314,0,44,0
Paracuru,Paracuru,2020-12-28,1314,0,44,0
Paracuru,Paracuru,2020-12-29,1318,4,44,0
Paracuru,Paracuru,2020-12-30,1326,8,44,0
Paracuru,Paracuru,2020-12-31,1326,0,44,0
Paracuru,Paracuru,2021-01-01,1326,0,44,0
Paracuru,Paracuru,2021-01-02,1327,1,44,0
Paracuru,Paracuru,2021-01-03,1327,0,44,0
Paracuru,Paracuru,2021-01-04,1327,0,44,0
Paracuru,Paracuru,2021-01-05,1332,5,44,0
Paracuru,Paracuru,2021-01-06,1337,5,44,0
Paracuru,Paracuru,2021-01-07,1379,42,43,-1
Paracuru,Paracuru,2021-01-08,1378,-1,43,0
Paracuru,Paracuru,2021-01-09,1387,9,43,0
Paracuru,Paracuru,2021-01-10,1387,0,43,0
Paracuru,Paracuru,2021-01-11,1388,1,43,0
Paracuru,Paracuru,2021-01-12,1388,0,43,0
Paracuru,Paracuru,2021-01-13,1393,5,44,1
Paracuru,Paracuru,2021-01-14,1394,1,44,0
Paracuru,Paracuru,2021-01-15,1399,5,44,0
Paracuru,Paracuru,2021-01-16,1403,4,44,0
Paracuru,Paracuru,2021-01-17,1404,1,44,0
Paracuru,Paracuru,2021-01-18,1417,13,44,0
Paracuru,Paracuru,2021-01-19,1421,4,44,0
Paracuru,Paracuru,2021-01-20,1422,1,44,0
Paracuru,Paracuru,2021-01-21,1426,4,44,0
Paracuru,Paracuru,2021-01-22,1426,0,44,0
Paracuru,Paracuru,2021-01-23,1427,1,44,0
Paracuru,Paracuru,2021-01-24,1427,0,44,0
Paracuru,Paracuru,2021-01-25,1432,5,44,0
Paracuru,Paracuru,2021-01-26,1436,4,44,0
Paracuru,Paracuru,2021-01-27,1442,6,46,2
Paracuru,Paracuru,2021-01-28,1443,1,46,0
Paracuru,Paracuru,2021-01-29,1443,0,46,0
Paracuru,Paracuru,2021-01-30,1443,0,46,0
Paracuru,Paracuru,2021-01-31,1449,6,46,0
Paracuru,Paracuru,2021-02-01,1455,6,46,0
Paracuru,Paracuru,2021-02-02,1455,0,46,0
Paracuru,Paracuru,2021-02-03,1465,10,47,1
Paracuru,Paracuru,2021-02-04,1465,0,47,0
Paracuru,Paracuru,2021-02-05,1472,7,47,0
Paracuru,Paracuru,2021-02-06,1478,6,47,0
Paracuru,Paracuru,2021-02-07,1478,0,47,0
Paracuru,Paracuru,2021-02-08,1483,5,47,0
