city,city,date,cases,daily cases,deaths,daily deaths
Paraibuna,Paraibuna,2020-03-27,0,0,0,0
Paraibuna,Paraibuna,2020-03-28,0,0,0,0
Paraibuna,Paraibuna,2020-03-29,0,0,0,0
Paraibuna,Paraibuna,2020-03-30,0,0,0,0
Paraibuna,Paraibuna,2020-03-31,0,0,0,0
Paraibuna,Paraibuna,2020-04-01,0,0,0,0
Paraibuna,Paraibuna,2020-04-02,0,0,0,0
Paraibuna,Paraibuna,2020-04-03,0,0,0,0
Paraibuna,Paraibuna,2020-04-04,0,0,0,0
Paraibuna,Paraibuna,2020-04-05,0,0,0,0
Paraibuna,Paraibuna,2020-04-06,0,0,0,0
Paraibuna,Paraibuna,2020-04-07,0,0,0,0
Paraibuna,Paraibuna,2020-04-08,0,0,0,0
Paraibuna,Paraibuna,2020-04-09,0,0,0,0
Paraibuna,Paraibuna,2020-04-10,0,0,0,0
Paraibuna,Paraibuna,2020-04-11,0,0,0,0
Paraibuna,Paraibuna,2020-04-12,0,0,0,0
Paraibuna,Paraibuna,2020-04-13,0,0,0,0
Paraibuna,Paraibuna,2020-04-14,0,0,0,0
Paraibuna,Paraibuna,2020-04-15,0,0,0,0
Paraibuna,Paraibuna,2020-04-16,0,0,0,0
Paraibuna,Paraibuna,2020-04-17,0,0,0,0
Paraibuna,Paraibuna,2020-04-18,0,0,0,0
Paraibuna,Paraibuna,2020-04-19,0,0,0,0
Paraibuna,Paraibuna,2020-04-20,0,0,0,0
Paraibuna,Paraibuna,2020-04-21,0,0,0,0
Paraibuna,Paraibuna,2020-04-22,0,0,0,0
Paraibuna,Paraibuna,2020-04-23,0,0,0,0
Paraibuna,Paraibuna,2020-04-24,0,0,0,0
Paraibuna,Paraibuna,2020-04-25,0,0,0,0
Paraibuna,Paraibuna,2020-04-26,0,0,0,0
Paraibuna,Paraibuna,2020-04-27,0,0,0,0
Paraibuna,Paraibuna,2020-04-28,0,0,0,0
Paraibuna,Paraibuna,2020-04-29,1,1,0,0
Paraibuna,Paraibuna,2020-04-30,1,0,0,0
Paraibuna,Paraibuna,2020-05-01,2,1,0,0
Paraibuna,Paraibuna,2020-05-02,2,0,0,0
Paraibuna,Paraibuna,2020-05-03,2,0,0,0
Paraibuna,Paraibuna,2020-05-04,2,0,0,0
Paraibuna,Paraibuna,2020-05-05,1,-1,0,0
Paraibuna,Paraibuna,2020-05-06,1,0,0,0
Paraibuna,Paraibuna,2020-05-07,1,0,0,0
Paraibuna,Paraibuna,2020-05-08,1,0,0,0
Paraibuna,Paraibuna,2020-05-09,1,0,0,0
Paraibuna,Paraibuna,2020-05-10,1,0,0,0
Paraibuna,Paraibuna,2020-05-11,1,0,0,0
Paraibuna,Paraibuna,2020-05-12,1,0,0,0
Paraibuna,Paraibuna,2020-05-13,2,1,0,0
Paraibuna,Paraibuna,2020-05-14,2,0,0,0
Paraibuna,Paraibuna,2020-05-15,2,0,0,0
Paraibuna,Paraibuna,2020-05-16,2,0,0,0
Paraibuna,Paraibuna,2020-05-17,2,0,0,0
Paraibuna,Paraibuna,2020-05-18,2,0,0,0
Paraibuna,Paraibuna,2020-05-19,2,0,0,0
Paraibuna,Paraibuna,2020-05-20,3,1,0,0
Paraibuna,Paraibuna,2020-05-21,3,0,0,0
Paraibuna,Paraibuna,2020-05-22,5,2,0,0
Paraibuna,Paraibuna,2020-05-23,5,0,0,0
Paraibuna,Paraibuna,2020-05-24,5,0,0,0
Paraibuna,Paraibuna,2020-05-25,6,1,0,0
Paraibuna,Paraibuna,2020-05-26,6,0,0,0
Paraibuna,Paraibuna,2020-05-27,6,0,0,0
Paraibuna,Paraibuna,2020-05-28,7,1,0,0
Paraibuna,Paraibuna,2020-05-29,7,0,0,0
Paraibuna,Paraibuna,2020-05-30,10,3,0,0
Paraibuna,Paraibuna,2020-05-31,10,0,0,0
Paraibuna,Paraibuna,2020-06-01,10,0,0,0
Paraibuna,Paraibuna,2020-06-02,12,2,0,0
Paraibuna,Paraibuna,2020-06-03,12,0,0,0
Paraibuna,Paraibuna,2020-06-04,15,3,0,0
Paraibuna,Paraibuna,2020-06-05,17,2,0,0
Paraibuna,Paraibuna,2020-06-06,18,1,0,0
Paraibuna,Paraibuna,2020-06-07,18,0,0,0
Paraibuna,Paraibuna,2020-06-08,18,0,0,0
Paraibuna,Paraibuna,2020-06-09,21,3,0,0
Paraibuna,Paraibuna,2020-06-10,22,1,0,0
Paraibuna,Paraibuna,2020-06-11,22,0,0,0
Paraibuna,Paraibuna,2020-06-12,22,0,0,0
Paraibuna,Paraibuna,2020-06-13,23,1,0,0
Paraibuna,Paraibuna,2020-06-14,24,1,0,0
Paraibuna,Paraibuna,2020-06-15,24,0,0,0
Paraibuna,Paraibuna,2020-06-16,24,0,0,0
Paraibuna,Paraibuna,2020-06-17,24,0,0,0
Paraibuna,Paraibuna,2020-06-18,24,0,0,0
Paraibuna,Paraibuna,2020-06-19,24,0,0,0
Paraibuna,Paraibuna,2020-06-20,25,1,0,0
Paraibuna,Paraibuna,2020-06-21,25,0,0,0
Paraibuna,Paraibuna,2020-06-22,25,0,0,0
Paraibuna,Paraibuna,2020-06-23,24,-1,0,0
Paraibuna,Paraibuna,2020-06-24,24,0,0,0
Paraibuna,Paraibuna,2020-06-25,25,1,0,0
Paraibuna,Paraibuna,2020-06-26,25,0,0,0
Paraibuna,Paraibuna,2020-06-27,26,1,0,0
Paraibuna,Paraibuna,2020-06-28,28,2,0,0
Paraibuna,Paraibuna,2020-06-29,28,0,0,0
Paraibuna,Paraibuna,2020-06-30,29,1,0,0
Paraibuna,Paraibuna,2020-07-01,30,1,0,0
Paraibuna,Paraibuna,2020-07-02,31,1,0,0
Paraibuna,Paraibuna,2020-07-03,31,0,0,0
Paraibuna,Paraibuna,2020-07-04,31,0,0,0
Paraibuna,Paraibuna,2020-07-05,32,1,0,0
Paraibuna,Paraibuna,2020-07-06,32,0,0,0
Paraibuna,Paraibuna,2020-07-07,33,1,0,0
Paraibuna,Paraibuna,2020-07-08,33,0,0,0
Paraibuna,Paraibuna,2020-07-09,33,0,0,0
Paraibuna,Paraibuna,2020-07-10,33,0,0,0
Paraibuna,Paraibuna,2020-07-11,33,0,0,0
Paraibuna,Paraibuna,2020-07-12,33,0,0,0
Paraibuna,Paraibuna,2020-07-13,33,0,0,0
Paraibuna,Paraibuna,2020-07-14,35,2,0,0
Paraibuna,Paraibuna,2020-07-15,35,0,0,0
Paraibuna,Paraibuna,2020-07-16,36,1,0,0
Paraibuna,Paraibuna,2020-07-17,36,0,0,0
Paraibuna,Paraibuna,2020-07-18,36,0,0,0
Paraibuna,Paraibuna,2020-07-19,36,0,0,0
Paraibuna,Paraibuna,2020-07-20,36,0,0,0
Paraibuna,Paraibuna,2020-07-21,37,1,0,0
Paraibuna,Paraibuna,2020-07-22,43,6,0,0
Paraibuna,Paraibuna,2020-07-23,44,1,0,0
Paraibuna,Paraibuna,2020-07-24,45,1,0,0
Paraibuna,Paraibuna,2020-07-25,50,5,0,0
Paraibuna,Paraibuna,2020-07-26,50,0,0,0
Paraibuna,Paraibuna,2020-07-27,50,0,0,0
Paraibuna,Paraibuna,2020-07-28,50,0,0,0
Paraibuna,Paraibuna,2020-07-29,56,6,0,0
Paraibuna,Paraibuna,2020-07-30,59,3,0,0
Paraibuna,Paraibuna,2020-07-31,60,1,0,0
Paraibuna,Paraibuna,2020-08-01,62,2,1,1
Paraibuna,Paraibuna,2020-08-02,69,7,1,0
Paraibuna,Paraibuna,2020-08-03,69,0,1,0
Paraibuna,Paraibuna,2020-08-04,72,3,2,1
Paraibuna,Paraibuna,2020-08-05,72,0,3,1
Paraibuna,Paraibuna,2020-08-06,82,10,4,1
Paraibuna,Paraibuna,2020-08-07,82,0,4,0
Paraibuna,Paraibuna,2020-08-08,84,2,4,0
Paraibuna,Paraibuna,2020-08-09,88,4,4,0
Paraibuna,Paraibuna,2020-08-10,88,0,4,0
Paraibuna,Paraibuna,2020-08-11,92,4,5,1
Paraibuna,Paraibuna,2020-08-12,92,0,5,0
Paraibuna,Paraibuna,2020-08-13,95,3,7,2
Paraibuna,Paraibuna,2020-08-14,99,4,7,0
Paraibuna,Paraibuna,2020-08-15,100,1,7,0
Paraibuna,Paraibuna,2020-08-16,100,0,7,0
Paraibuna,Paraibuna,2020-08-17,102,2,7,0
Paraibuna,Paraibuna,2020-08-18,102,0,7,0
Paraibuna,Paraibuna,2020-08-19,104,2,8,1
Paraibuna,Paraibuna,2020-08-20,107,3,8,0
Paraibuna,Paraibuna,2020-08-21,108,1,8,0
Paraibuna,Paraibuna,2020-08-22,112,4,8,0
Paraibuna,Paraibuna,2020-08-23,113,1,8,0
Paraibuna,Paraibuna,2020-08-24,114,1,8,0
Paraibuna,Paraibuna,2020-08-25,115,1,8,0
Paraibuna,Paraibuna,2020-08-26,115,0,8,0
Paraibuna,Paraibuna,2020-08-27,116,1,8,0
Paraibuna,Paraibuna,2020-08-28,116,0,8,0
Paraibuna,Paraibuna,2020-08-29,116,0,8,0
Paraibuna,Paraibuna,2020-08-30,116,0,8,0
Paraibuna,Paraibuna,2020-08-31,116,0,8,0
Paraibuna,Paraibuna,2020-09-01,118,2,8,0
Paraibuna,Paraibuna,2020-09-02,118,0,8,0
Paraibuna,Paraibuna,2020-09-03,119,1,8,0
Paraibuna,Paraibuna,2020-09-04,119,0,8,0
Paraibuna,Paraibuna,2020-09-05,119,0,8,0
Paraibuna,Paraibuna,2020-09-06,120,1,8,0
Paraibuna,Paraibuna,2020-09-07,120,0,8,0
Paraibuna,Paraibuna,2020-09-08,121,1,8,0
Paraibuna,Paraibuna,2020-09-09,127,6,8,0
Paraibuna,Paraibuna,2020-09-10,128,1,8,0
Paraibuna,Paraibuna,2020-09-11,131,3,8,0
Paraibuna,Paraibuna,2020-09-12,134,3,8,0
Paraibuna,Paraibuna,2020-09-13,134,0,8,0
Paraibuna,Paraibuna,2020-09-14,134,0,8,0
Paraibuna,Paraibuna,2020-09-15,140,6,8,0
Paraibuna,Paraibuna,2020-09-16,144,4,8,0
Paraibuna,Paraibuna,2020-09-17,145,1,8,0
Paraibuna,Paraibuna,2020-09-18,148,3,8,0
Paraibuna,Paraibuna,2020-09-19,151,3,9,1
Paraibuna,Paraibuna,2020-09-20,151,0,9,0
Paraibuna,Paraibuna,2020-09-21,152,1,9,0
Paraibuna,Paraibuna,2020-09-22,156,4,9,0
Paraibuna,Paraibuna,2020-09-23,159,3,9,0
Paraibuna,Paraibuna,2020-09-24,160,1,9,0
Paraibuna,Paraibuna,2020-09-25,162,2,9,0
Paraibuna,Paraibuna,2020-09-26,163,1,9,0
Paraibuna,Paraibuna,2020-09-27,163,0,9,0
Paraibuna,Paraibuna,2020-09-28,163,0,9,0
Paraibuna,Paraibuna,2020-09-29,167,4,10,1
Paraibuna,Paraibuna,2020-09-30,170,3,10,0
Paraibuna,Paraibuna,2020-10-01,174,4,10,0
Paraibuna,Paraibuna,2020-10-02,174,0,10,0
Paraibuna,Paraibuna,2020-10-03,174,0,10,0
Paraibuna,Paraibuna,2020-10-04,174,0,10,0
Paraibuna,Paraibuna,2020-10-05,174,0,10,0
Paraibuna,Paraibuna,2020-10-06,176,2,10,0
Paraibuna,Paraibuna,2020-10-07,177,1,10,0
Paraibuna,Paraibuna,2020-10-08,180,3,10,0
Paraibuna,Paraibuna,2020-10-09,180,0,10,0
Paraibuna,Paraibuna,2020-10-10,181,1,10,0
Paraibuna,Paraibuna,2020-10-11,181,0,10,0
Paraibuna,Paraibuna,2020-10-12,181,0,10,0
Paraibuna,Paraibuna,2020-10-13,181,0,10,0
Paraibuna,Paraibuna,2020-10-14,182,1,10,0
Paraibuna,Paraibuna,2020-10-15,182,0,10,0
Paraibuna,Paraibuna,2020-10-16,184,2,10,0
Paraibuna,Paraibuna,2020-10-17,184,0,10,0
Paraibuna,Paraibuna,2020-10-18,184,0,10,0
Paraibuna,Paraibuna,2020-10-19,185,1,10,0
Paraibuna,Paraibuna,2020-10-20,188,3,10,0
Paraibuna,Paraibuna,2020-10-21,188,0,10,0
Paraibuna,Paraibuna,2020-10-22,190,2,10,0
Paraibuna,Paraibuna,2020-10-23,190,0,10,0
Paraibuna,Paraibuna,2020-10-24,191,1,10,0
Paraibuna,Paraibuna,2020-10-25,191,0,10,0
Paraibuna,Paraibuna,2020-10-26,191,0,10,0
Paraibuna,Paraibuna,2020-10-27,192,1,10,0
Paraibuna,Paraibuna,2020-10-28,192,0,10,0
Paraibuna,Paraibuna,2020-10-29,194,2,10,0
Paraibuna,Paraibuna,2020-10-30,194,0,10,0
Paraibuna,Paraibuna,2020-10-31,194,0,10,0
Paraibuna,Paraibuna,2020-11-01,194,0,10,0
Paraibuna,Paraibuna,2020-11-02,194,0,10,0
Paraibuna,Paraibuna,2020-11-03,194,0,10,0
Paraibuna,Paraibuna,2020-11-04,194,0,10,0
Paraibuna,Paraibuna,2020-11-05,194,0,10,0
Paraibuna,Paraibuna,2020-11-06,194,0,10,0
Paraibuna,Paraibuna,2020-11-07,194,0,10,0
Paraibuna,Paraibuna,2020-11-08,194,0,10,0
Paraibuna,Paraibuna,2020-11-09,194,0,10,0
Paraibuna,Paraibuna,2020-11-10,194,0,10,0
Paraibuna,Paraibuna,2020-11-11,196,2,10,0
Paraibuna,Paraibuna,2020-11-12,197,1,10,0
Paraibuna,Paraibuna,2020-11-13,197,0,10,0
Paraibuna,Paraibuna,2020-11-14,197,0,10,0
Paraibuna,Paraibuna,2020-11-15,197,0,10,0
Paraibuna,Paraibuna,2020-11-16,198,1,10,0
Paraibuna,Paraibuna,2020-11-17,198,0,10,0
Paraibuna,Paraibuna,2020-11-18,199,1,10,0
Paraibuna,Paraibuna,2020-11-19,200,1,11,1
Paraibuna,Paraibuna,2020-11-20,200,0,11,0
Paraibuna,Paraibuna,2020-11-21,203,3,11,0
Paraibuna,Paraibuna,2020-11-22,203,0,11,0
Paraibuna,Paraibuna,2020-11-23,203,0,11,0
Paraibuna,Paraibuna,2020-11-24,204,1,11,0
Paraibuna,Paraibuna,2020-11-25,204,0,11,0
Paraibuna,Paraibuna,2020-11-26,204,0,11,0
Paraibuna,Paraibuna,2020-11-27,204,0,11,0
Paraibuna,Paraibuna,2020-11-28,204,0,11,0
Paraibuna,Paraibuna,2020-11-29,204,0,11,0
Paraibuna,Paraibuna,2020-11-30,204,0,11,0
Paraibuna,Paraibuna,2020-12-01,206,2,11,0
Paraibuna,Paraibuna,2020-12-02,208,2,11,0
Paraibuna,Paraibuna,2020-12-03,208,0,11,0
Paraibuna,Paraibuna,2020-12-04,209,1,11,0
Paraibuna,Paraibuna,2020-12-05,209,0,11,0
Paraibuna,Paraibuna,2020-12-06,209,0,11,0
Paraibuna,Paraibuna,2020-12-07,209,0,11,0
Paraibuna,Paraibuna,2020-12-08,211,2,11,0
Paraibuna,Paraibuna,2020-12-09,212,1,11,0
Paraibuna,Paraibuna,2020-12-10,212,0,11,0
Paraibuna,Paraibuna,2020-12-11,212,0,11,0
Paraibuna,Paraibuna,2020-12-12,213,1,11,0
Paraibuna,Paraibuna,2020-12-13,213,0,11,0
Paraibuna,Paraibuna,2020-12-14,213,0,11,0
Paraibuna,Paraibuna,2020-12-15,213,0,11,0
Paraibuna,Paraibuna,2020-12-16,213,0,11,0
Paraibuna,Paraibuna,2020-12-17,212,-1,11,0
Paraibuna,Paraibuna,2020-12-18,215,3,11,0
Paraibuna,Paraibuna,2020-12-19,219,4,11,0
Paraibuna,Paraibuna,2020-12-20,219,0,11,0
Paraibuna,Paraibuna,2020-12-21,219,0,11,0
Paraibuna,Paraibuna,2020-12-22,232,13,11,0
Paraibuna,Paraibuna,2020-12-23,252,20,11,0
Paraibuna,Paraibuna,2020-12-24,253,1,11,0
Paraibuna,Paraibuna,2020-12-25,254,1,11,0
Paraibuna,Paraibuna,2020-12-26,254,0,11,0
Paraibuna,Paraibuna,2020-12-27,254,0,11,0
Paraibuna,Paraibuna,2020-12-28,254,0,11,0
Paraibuna,Paraibuna,2020-12-29,255,1,11,0
Paraibuna,Paraibuna,2020-12-30,256,1,11,0
Paraibuna,Paraibuna,2020-12-31,256,0,11,0
Paraibuna,Paraibuna,2021-01-01,256,0,11,0
Paraibuna,Paraibuna,2021-01-02,256,0,11,0
Paraibuna,Paraibuna,2021-01-03,256,0,11,0
Paraibuna,Paraibuna,2021-01-04,256,0,11,0
Paraibuna,Paraibuna,2021-01-05,256,0,11,0
Paraibuna,Paraibuna,2021-01-06,264,8,11,0
Paraibuna,Paraibuna,2021-01-07,272,8,11,0
Paraibuna,Paraibuna,2021-01-08,285,13,11,0
Paraibuna,Paraibuna,2021-01-09,301,16,11,0
Paraibuna,Paraibuna,2021-01-10,302,1,11,0
Paraibuna,Paraibuna,2021-01-11,304,2,11,0
Paraibuna,Paraibuna,2021-01-12,323,19,11,0
Paraibuna,Paraibuna,2021-01-13,330,7,11,0
Paraibuna,Paraibuna,2021-01-14,350,20,11,0
Paraibuna,Paraibuna,2021-01-15,363,13,11,0
Paraibuna,Paraibuna,2021-01-16,368,5,11,0
Paraibuna,Paraibuna,2021-01-17,370,2,11,0
Paraibuna,Paraibuna,2021-01-18,370,0,11,0
Paraibuna,Paraibuna,2021-01-19,414,44,12,1
Paraibuna,Paraibuna,2021-01-20,419,5,12,0
Paraibuna,Paraibuna,2021-01-21,424,5,13,1
Paraibuna,Paraibuna,2021-01-22,440,16,13,0
Paraibuna,Paraibuna,2021-01-23,447,7,13,0
Paraibuna,Paraibuna,2021-01-24,447,0,13,0
Paraibuna,Paraibuna,2021-01-25,447,0,13,0
Paraibuna,Paraibuna,2021-01-26,462,15,13,0
Paraibuna,Paraibuna,2021-01-27,472,10,13,0
Paraibuna,Paraibuna,2021-01-28,475,3,13,0
Paraibuna,Paraibuna,2021-01-29,480,5,13,0
Paraibuna,Paraibuna,2021-01-30,489,9,13,0
Paraibuna,Paraibuna,2021-01-31,488,-1,13,0
Paraibuna,Paraibuna,2021-02-01,488,0,13,0
Paraibuna,Paraibuna,2021-02-02,510,22,13,0
Paraibuna,Paraibuna,2021-02-03,516,6,13,0
Paraibuna,Paraibuna,2021-02-04,519,3,13,0
Paraibuna,Paraibuna,2021-02-05,529,10,14,1
Paraibuna,Paraibuna,2021-02-06,535,6,14,0
Paraibuna,Paraibuna,2021-02-07,535,0,14,0
Paraibuna,Paraibuna,2021-02-08,536,1,14,0
