city,city,date,cases,daily cases,deaths,daily deaths
Paraty,Paraty,2020-03-27,0,0,0,0
Paraty,Paraty,2020-03-28,0,0,0,0
Paraty,Paraty,2020-03-29,0,0,0,0
Paraty,Paraty,2020-03-30,0,0,0,0
Paraty,Paraty,2020-03-31,0,0,0,0
Paraty,Paraty,2020-04-01,0,0,0,0
Paraty,Paraty,2020-04-02,0,0,0,0
Paraty,Paraty,2020-04-03,0,0,0,0
Paraty,Paraty,2020-04-04,0,0,0,0
Paraty,Paraty,2020-04-05,0,0,0,0
Paraty,Paraty,2020-04-06,0,0,0,0
Paraty,Paraty,2020-04-07,0,0,0,0
Paraty,Paraty,2020-04-08,0,0,0,0
Paraty,Paraty,2020-04-09,1,1,0,0
Paraty,Paraty,2020-04-10,1,0,0,0
Paraty,Paraty,2020-04-11,1,0,0,0
Paraty,Paraty,2020-04-12,1,0,0,0
Paraty,Paraty,2020-04-13,1,0,0,0
Paraty,Paraty,2020-04-14,1,0,0,0
Paraty,Paraty,2020-04-15,3,2,0,0
Paraty,Paraty,2020-04-16,3,0,0,0
Paraty,Paraty,2020-04-17,4,1,0,0
Paraty,Paraty,2020-04-18,4,0,1,1
Paraty,Paraty,2020-04-19,4,0,1,0
Paraty,Paraty,2020-04-20,4,0,1,0
Paraty,Paraty,2020-04-21,4,0,1,0
Paraty,Paraty,2020-04-22,4,0,1,0
Paraty,Paraty,2020-04-23,4,0,1,0
Paraty,Paraty,2020-04-24,4,0,1,0
Paraty,Paraty,2020-04-25,5,1,1,0
Paraty,Paraty,2020-04-26,5,0,1,0
Paraty,Paraty,2020-04-27,5,0,1,0
Paraty,Paraty,2020-04-28,6,1,1,0
Paraty,Paraty,2020-04-29,6,0,1,0
Paraty,Paraty,2020-04-30,7,1,1,0
Paraty,Paraty,2020-05-01,7,0,1,0
Paraty,Paraty,2020-05-02,7,0,1,0
Paraty,Paraty,2020-05-03,7,0,1,0
Paraty,Paraty,2020-05-04,7,0,1,0
Paraty,Paraty,2020-05-05,7,0,1,0
Paraty,Paraty,2020-05-06,7,0,1,0
Paraty,Paraty,2020-05-07,10,3,1,0
Paraty,Paraty,2020-05-08,10,0,1,0
Paraty,Paraty,2020-05-09,14,4,2,1
Paraty,Paraty,2020-05-10,52,38,2,0
Paraty,Paraty,2020-05-11,52,0,2,0
Paraty,Paraty,2020-05-12,55,3,2,0
Paraty,Paraty,2020-05-13,55,0,2,0
Paraty,Paraty,2020-05-14,55,0,2,0
Paraty,Paraty,2020-05-15,55,0,2,0
Paraty,Paraty,2020-05-16,63,8,2,0
Paraty,Paraty,2020-05-17,63,0,2,0
Paraty,Paraty,2020-05-18,69,6,2,0
Paraty,Paraty,2020-05-19,70,1,3,1
Paraty,Paraty,2020-05-20,70,0,3,0
Paraty,Paraty,2020-05-21,70,0,3,0
Paraty,Paraty,2020-05-22,70,0,3,0
Paraty,Paraty,2020-05-23,70,0,3,0
Paraty,Paraty,2020-05-24,70,0,3,0
Paraty,Paraty,2020-05-25,71,1,3,0
Paraty,Paraty,2020-05-26,73,2,3,0
Paraty,Paraty,2020-05-27,73,0,3,0
Paraty,Paraty,2020-05-28,73,0,3,0
Paraty,Paraty,2020-05-29,80,7,4,1
Paraty,Paraty,2020-05-30,78,-2,5,1
Paraty,Paraty,2020-05-31,78,0,5,0
Paraty,Paraty,2020-06-01,78,0,5,0
Paraty,Paraty,2020-06-02,100,22,5,0
Paraty,Paraty,2020-06-03,100,0,5,0
Paraty,Paraty,2020-06-04,100,0,5,0
Paraty,Paraty,2020-06-05,101,1,5,0
Paraty,Paraty,2020-06-06,104,3,5,0
Paraty,Paraty,2020-06-07,119,15,5,0
Paraty,Paraty,2020-06-08,121,2,5,0
Paraty,Paraty,2020-06-09,133,12,7,2
Paraty,Paraty,2020-06-10,133,0,7,0
Paraty,Paraty,2020-06-11,134,1,7,0
Paraty,Paraty,2020-06-12,140,6,7,0
Paraty,Paraty,2020-06-13,143,3,7,0
Paraty,Paraty,2020-06-14,146,3,7,0
Paraty,Paraty,2020-06-15,147,1,7,0
Paraty,Paraty,2020-06-16,151,4,8,1
Paraty,Paraty,2020-06-17,157,6,8,0
Paraty,Paraty,2020-06-18,157,0,8,0
Paraty,Paraty,2020-06-19,172,15,8,0
Paraty,Paraty,2020-06-20,177,5,8,0
Paraty,Paraty,2020-06-21,179,2,8,0
Paraty,Paraty,2020-06-22,181,2,8,0
Paraty,Paraty,2020-06-23,188,7,9,1
Paraty,Paraty,2020-06-24,192,4,9,0
Paraty,Paraty,2020-06-25,218,26,10,1
Paraty,Paraty,2020-06-26,232,14,11,1
Paraty,Paraty,2020-06-27,232,0,11,0
Paraty,Paraty,2020-06-28,255,23,11,0
Paraty,Paraty,2020-06-29,256,1,11,0
Paraty,Paraty,2020-06-30,256,0,11,0
Paraty,Paraty,2020-07-01,268,12,11,0
Paraty,Paraty,2020-07-02,279,11,12,1
Paraty,Paraty,2020-07-03,292,13,12,0
Paraty,Paraty,2020-07-04,294,2,13,1
Paraty,Paraty,2020-07-05,296,2,13,0
Paraty,Paraty,2020-07-06,296,0,13,0
Paraty,Paraty,2020-07-07,309,13,13,0
Paraty,Paraty,2020-07-08,314,5,13,0
Paraty,Paraty,2020-07-09,323,9,13,0
Paraty,Paraty,2020-07-10,323,0,13,0
Paraty,Paraty,2020-07-11,324,1,13,0
Paraty,Paraty,2020-07-12,324,0,13,0
Paraty,Paraty,2020-07-13,348,24,13,0
Paraty,Paraty,2020-07-14,363,15,15,2
Paraty,Paraty,2020-07-15,367,4,15,0
Paraty,Paraty,2020-07-16,367,0,15,0
Paraty,Paraty,2020-07-17,380,13,15,0
Paraty,Paraty,2020-07-18,380,0,15,0
Paraty,Paraty,2020-07-19,410,30,15,0
Paraty,Paraty,2020-07-20,445,35,15,0
Paraty,Paraty,2020-07-21,438,-7,15,0
Paraty,Paraty,2020-07-22,442,4,15,0
Paraty,Paraty,2020-07-23,463,21,15,0
Paraty,Paraty,2020-07-24,472,9,15,0
Paraty,Paraty,2020-07-25,481,9,20,5
Paraty,Paraty,2020-07-26,481,0,20,0
Paraty,Paraty,2020-07-27,482,1,20,0
Paraty,Paraty,2020-07-28,488,6,23,3
Paraty,Paraty,2020-07-29,500,12,23,0
Paraty,Paraty,2020-07-30,501,1,23,0
Paraty,Paraty,2020-07-31,512,11,23,0
Paraty,Paraty,2020-08-01,513,1,23,0
Paraty,Paraty,2020-08-02,513,0,23,0
Paraty,Paraty,2020-08-03,516,3,23,0
Paraty,Paraty,2020-08-04,517,1,24,1
Paraty,Paraty,2020-08-05,529,12,25,1
Paraty,Paraty,2020-08-06,531,2,25,0
Paraty,Paraty,2020-08-07,537,6,25,0
Paraty,Paraty,2020-08-08,549,12,25,0
Paraty,Paraty,2020-08-09,551,2,25,0
Paraty,Paraty,2020-08-10,557,6,25,0
Paraty,Paraty,2020-08-11,568,11,25,0
Paraty,Paraty,2020-08-12,576,8,24,-1
Paraty,Paraty,2020-08-13,580,4,26,2
Paraty,Paraty,2020-08-14,584,4,26,0
Paraty,Paraty,2020-08-15,584,0,26,0
Paraty,Paraty,2020-08-16,592,8,26,0
Paraty,Paraty,2020-08-17,595,3,26,0
Paraty,Paraty,2020-08-18,606,11,26,0
Paraty,Paraty,2020-08-19,607,1,26,0
Paraty,Paraty,2020-08-20,608,1,27,1
Paraty,Paraty,2020-08-21,610,2,28,1
Paraty,Paraty,2020-08-22,625,15,28,0
Paraty,Paraty,2020-08-23,631,6,28,0
Paraty,Paraty,2020-08-24,631,0,28,0
Paraty,Paraty,2020-08-25,635,4,28,0
Paraty,Paraty,2020-08-26,638,3,28,0
Paraty,Paraty,2020-08-27,654,16,30,2
Paraty,Paraty,2020-08-28,654,0,30,0
Paraty,Paraty,2020-08-29,711,57,31,1
Paraty,Paraty,2020-08-30,712,1,31,0
Paraty,Paraty,2020-08-31,715,3,31,0
Paraty,Paraty,2020-09-01,724,9,31,0
Paraty,Paraty,2020-09-02,741,17,31,0
Paraty,Paraty,2020-09-03,748,7,31,0
Paraty,Paraty,2020-09-04,754,6,31,0
Paraty,Paraty,2020-09-05,754,0,31,0
Paraty,Paraty,2020-09-06,754,0,31,0
Paraty,Paraty,2020-09-07,754,0,31,0
Paraty,Paraty,2020-09-08,754,0,31,0
Paraty,Paraty,2020-09-09,755,1,31,0
Paraty,Paraty,2020-09-10,755,0,31,0
Paraty,Paraty,2020-09-11,792,37,32,1
Paraty,Paraty,2020-09-12,792,0,32,0
Paraty,Paraty,2020-09-13,800,8,32,0
Paraty,Paraty,2020-09-14,800,0,32,0
Paraty,Paraty,2020-09-15,804,4,32,0
Paraty,Paraty,2020-09-16,811,7,32,0
Paraty,Paraty,2020-09-17,812,1,33,1
Paraty,Paraty,2020-09-18,845,33,33,0
Paraty,Paraty,2020-09-19,854,9,33,0
Paraty,Paraty,2020-09-20,854,0,33,0
Paraty,Paraty,2020-09-21,854,0,33,0
Paraty,Paraty,2020-09-22,865,11,33,0
Paraty,Paraty,2020-09-23,866,1,34,1
Paraty,Paraty,2020-09-24,869,3,34,0
Paraty,Paraty,2020-09-25,875,6,34,0
Paraty,Paraty,2020-09-26,875,0,34,0
Paraty,Paraty,2020-09-27,875,0,34,0
Paraty,Paraty,2020-09-28,875,0,34,0
Paraty,Paraty,2020-09-29,875,0,34,0
Paraty,Paraty,2020-09-30,875,0,34,0
Paraty,Paraty,2020-10-01,879,4,34,0
Paraty,Paraty,2020-10-02,890,11,34,0
Paraty,Paraty,2020-10-03,896,6,34,0
Paraty,Paraty,2020-10-04,896,0,34,0
Paraty,Paraty,2020-10-05,896,0,34,0
Paraty,Paraty,2020-10-06,900,4,34,0
Paraty,Paraty,2020-10-07,906,6,34,0
Paraty,Paraty,2020-10-08,919,13,34,0
Paraty,Paraty,2020-10-09,919,0,34,0
Paraty,Paraty,2020-10-10,923,4,34,0
Paraty,Paraty,2020-10-11,923,0,34,0
Paraty,Paraty,2020-10-12,923,0,34,0
Paraty,Paraty,2020-10-13,925,2,34,0
Paraty,Paraty,2020-10-14,932,7,34,0
Paraty,Paraty,2020-10-15,941,9,34,0
Paraty,Paraty,2020-10-16,944,3,34,0
Paraty,Paraty,2020-10-17,944,0,34,0
Paraty,Paraty,2020-10-18,958,14,34,0
Paraty,Paraty,2020-10-19,958,0,34,0
Paraty,Paraty,2020-10-20,958,0,34,0
Paraty,Paraty,2020-10-21,962,4,34,0
Paraty,Paraty,2020-10-22,965,3,34,0
Paraty,Paraty,2020-10-23,965,0,34,0
Paraty,Paraty,2020-10-24,982,17,34,0
Paraty,Paraty,2020-10-25,982,0,34,0
Paraty,Paraty,2020-10-26,1028,46,34,0
Paraty,Paraty,2020-10-27,1028,0,34,0
Paraty,Paraty,2020-10-28,1028,0,34,0
Paraty,Paraty,2020-10-29,1029,1,34,0
Paraty,Paraty,2020-10-30,1031,2,34,0
Paraty,Paraty,2020-10-31,1031,0,34,0
Paraty,Paraty,2020-11-01,1032,1,34,0
Paraty,Paraty,2020-11-02,1033,1,34,0
Paraty,Paraty,2020-11-03,1033,0,34,0
Paraty,Paraty,2020-11-04,1036,3,34,0
Paraty,Paraty,2020-11-05,1036,0,34,0
Paraty,Paraty,2020-11-06,1036,0,34,0
Paraty,Paraty,2020-11-07,1036,0,34,0
Paraty,Paraty,2020-11-08,994,-42,34,0
Paraty,Paraty,2020-11-09,994,0,34,0
Paraty,Paraty,2020-11-10,997,3,34,0
Paraty,Paraty,2020-11-11,998,1,34,0
Paraty,Paraty,2020-11-12,999,1,34,0
Paraty,Paraty,2020-11-13,999,0,34,0
Paraty,Paraty,2020-11-14,1005,6,34,0
Paraty,Paraty,2020-11-15,1005,0,34,0
Paraty,Paraty,2020-11-16,1008,3,34,0
Paraty,Paraty,2020-11-17,1009,1,34,0
Paraty,Paraty,2020-11-18,1011,2,34,0
Paraty,Paraty,2020-11-19,1011,0,34,0
Paraty,Paraty,2020-11-20,1015,4,34,0
Paraty,Paraty,2020-11-21,1015,0,34,0
Paraty,Paraty,2020-11-22,1017,2,34,0
Paraty,Paraty,2020-11-23,1019,2,34,0
Paraty,Paraty,2020-11-24,1022,3,34,0
Paraty,Paraty,2020-11-25,1023,1,34,0
Paraty,Paraty,2020-11-26,1024,1,34,0
Paraty,Paraty,2020-11-27,1028,4,34,0
Paraty,Paraty,2020-11-28,1032,4,34,0
Paraty,Paraty,2020-11-29,1032,0,34,0
Paraty,Paraty,2020-11-30,1039,7,34,0
Paraty,Paraty,2020-12-01,1047,8,34,0
Paraty,Paraty,2020-12-02,1055,8,34,0
Paraty,Paraty,2020-12-03,1057,2,34,0
Paraty,Paraty,2020-12-04,1059,2,34,0
Paraty,Paraty,2020-12-05,1061,2,34,0
Paraty,Paraty,2020-12-06,1071,10,34,0
Paraty,Paraty,2020-12-07,1071,0,34,0
Paraty,Paraty,2020-12-08,1071,0,34,0
Paraty,Paraty,2020-12-09,1074,3,34,0
Paraty,Paraty,2020-12-10,1081,7,34,0
Paraty,Paraty,2020-12-11,1084,3,37,3
Paraty,Paraty,2020-12-12,1098,14,37,0
Paraty,Paraty,2020-12-13,1098,0,37,0
Paraty,Paraty,2020-12-14,1098,0,37,0
Paraty,Paraty,2020-12-15,1100,2,37,0
Paraty,Paraty,2020-12-16,1102,2,37,0
Paraty,Paraty,2020-12-17,1108,6,37,0
Paraty,Paraty,2020-12-18,1113,5,40,3
Paraty,Paraty,2020-12-19,1113,0,40,0
Paraty,Paraty,2020-12-20,1114,1,40,0
Paraty,Paraty,2020-12-21,1129,15,40,0
Paraty,Paraty,2020-12-22,1132,3,40,0
Paraty,Paraty,2020-12-23,1133,1,40,0
Paraty,Paraty,2020-12-24,1135,2,40,0
Paraty,Paraty,2020-12-25,1135,0,40,0
Paraty,Paraty,2020-12-26,1141,6,40,0
Paraty,Paraty,2020-12-27,1147,6,40,0
Paraty,Paraty,2020-12-28,1148,1,41,1
Paraty,Paraty,2020-12-29,1148,0,41,0
Paraty,Paraty,2020-12-30,1148,0,41,0
Paraty,Paraty,2020-12-31,1158,10,41,0
Paraty,Paraty,2021-01-01,1162,4,41,0
Paraty,Paraty,2021-01-02,1162,0,41,0
Paraty,Paraty,2021-01-03,1162,0,41,0
Paraty,Paraty,2021-01-04,1170,8,41,0
Paraty,Paraty,2021-01-05,1173,3,41,0
Paraty,Paraty,2021-01-06,1179,6,44,3
Paraty,Paraty,2021-01-07,1190,11,44,0
Paraty,Paraty,2021-01-08,1190,0,44,0
Paraty,Paraty,2021-01-09,1208,18,44,0
Paraty,Paraty,2021-01-10,1208,0,44,0
Paraty,Paraty,2021-01-11,1208,0,44,0
Paraty,Paraty,2021-01-12,1208,0,44,0
Paraty,Paraty,2021-01-13,1210,2,44,0
Paraty,Paraty,2021-01-14,1230,20,44,0
Paraty,Paraty,2021-01-15,1230,0,44,0
Paraty,Paraty,2021-01-16,1231,1,44,0
Paraty,Paraty,2021-01-17,1235,4,44,0
Paraty,Paraty,2021-01-18,1235,0,44,0
Paraty,Paraty,2021-01-19,1254,19,44,0
Paraty,Paraty,2021-01-20,1258,4,44,0
Paraty,Paraty,2021-01-21,1261,3,44,0
Paraty,Paraty,2021-01-22,1261,0,44,0
Paraty,Paraty,2021-01-23,1300,39,44,0
Paraty,Paraty,2021-01-24,1303,3,44,0
Paraty,Paraty,2021-01-25,1303,0,44,0
Paraty,Paraty,2021-01-26,1326,23,44,0
Paraty,Paraty,2021-01-27,1328,2,44,0
Paraty,Paraty,2021-01-28,1366,38,44,0
Paraty,Paraty,2021-01-29,1378,12,44,0
Paraty,Paraty,2021-01-30,1408,30,44,0
Paraty,Paraty,2021-01-31,1408,0,44,0
Paraty,Paraty,2021-02-01,1410,2,44,0
Paraty,Paraty,2021-02-02,1417,7,44,0
Paraty,Paraty,2021-02-03,1421,4,44,0
Paraty,Paraty,2021-02-04,1438,17,44,0
Paraty,Paraty,2021-02-05,1458,20,44,0
Paraty,Paraty,2021-02-06,1461,3,44,0
Paraty,Paraty,2021-02-07,1461,0,44,0
Paraty,Paraty,2021-02-08,1475,14,44,0
