city,city,date,cases,daily cases,deaths,daily deaths
Paraí,Paraí,2020-03-27,0,0,0,0
Paraí,Paraí,2020-03-28,1,1,0,0
Paraí,Paraí,2020-03-29,1,0,0,0
Paraí,Paraí,2020-03-30,1,0,0,0
Paraí,Paraí,2020-03-31,1,0,0,0
Paraí,Paraí,2020-04-01,1,0,0,0
Paraí,Paraí,2020-04-02,1,0,0,0
Paraí,Paraí,2020-04-03,1,0,0,0
Paraí,Paraí,2020-04-04,1,0,0,0
Paraí,Paraí,2020-04-05,1,0,0,0
Paraí,Paraí,2020-04-06,1,0,0,0
Paraí,Paraí,2020-04-07,1,0,0,0
Paraí,Paraí,2020-04-08,2,1,0,0
Paraí,Paraí,2020-04-09,2,0,0,0
Paraí,Paraí,2020-04-10,2,0,0,0
Paraí,Paraí,2020-04-11,2,0,0,0
Paraí,Paraí,2020-04-12,2,0,0,0
Paraí,Paraí,2020-04-13,2,0,0,0
Paraí,Paraí,2020-04-14,2,0,0,0
Paraí,Paraí,2020-04-15,2,0,0,0
Paraí,Paraí,2020-04-16,2,0,0,0
Paraí,Paraí,2020-04-17,2,0,0,0
Paraí,Paraí,2020-04-18,2,0,0,0
Paraí,Paraí,2020-04-19,2,0,0,0
Paraí,Paraí,2020-04-20,2,0,0,0
Paraí,Paraí,2020-04-21,2,0,0,0
Paraí,Paraí,2020-04-22,2,0,0,0
Paraí,Paraí,2020-04-23,2,0,0,0
Paraí,Paraí,2020-04-24,2,0,0,0
Paraí,Paraí,2020-04-25,2,0,0,0
Paraí,Paraí,2020-04-26,2,0,0,0
Paraí,Paraí,2020-04-27,2,0,0,0
Paraí,Paraí,2020-04-28,2,0,0,0
Paraí,Paraí,2020-04-29,2,0,0,0
Paraí,Paraí,2020-04-30,2,0,0,0
Paraí,Paraí,2020-05-01,2,0,0,0
Paraí,Paraí,2020-05-02,2,0,0,0
Paraí,Paraí,2020-05-03,2,0,0,0
Paraí,Paraí,2020-05-04,2,0,0,0
Paraí,Paraí,2020-05-05,2,0,0,0
Paraí,Paraí,2020-05-06,2,0,0,0
Paraí,Paraí,2020-05-07,2,0,0,0
Paraí,Paraí,2020-05-08,2,0,0,0
Paraí,Paraí,2020-05-09,2,0,0,0
Paraí,Paraí,2020-05-10,2,0,0,0
Paraí,Paraí,2020-05-11,2,0,0,0
Paraí,Paraí,2020-05-12,2,0,0,0
Paraí,Paraí,2020-05-13,2,0,0,0
Paraí,Paraí,2020-05-14,3,1,0,0
Paraí,Paraí,2020-05-15,4,1,0,0
Paraí,Paraí,2020-05-16,4,0,0,0
Paraí,Paraí,2020-05-17,4,0,0,0
Paraí,Paraí,2020-05-18,4,0,0,0
Paraí,Paraí,2020-05-19,4,0,0,0
Paraí,Paraí,2020-05-20,3,-1,0,0
Paraí,Paraí,2020-05-21,4,1,0,0
Paraí,Paraí,2020-05-22,6,2,0,0
Paraí,Paraí,2020-05-23,6,0,0,0
Paraí,Paraí,2020-05-24,6,0,0,0
Paraí,Paraí,2020-05-25,6,0,0,0
Paraí,Paraí,2020-05-26,6,0,0,0
Paraí,Paraí,2020-05-27,6,0,0,0
Paraí,Paraí,2020-05-28,8,2,0,0
Paraí,Paraí,2020-05-29,10,2,0,0
Paraí,Paraí,2020-05-30,11,1,0,0
Paraí,Paraí,2020-05-31,11,0,0,0
Paraí,Paraí,2020-06-01,11,0,0,0
Paraí,Paraí,2020-06-02,12,1,0,0
Paraí,Paraí,2020-06-03,12,0,0,0
Paraí,Paraí,2020-06-04,12,0,0,0
Paraí,Paraí,2020-06-05,13,1,0,0
Paraí,Paraí,2020-06-06,13,0,0,0
Paraí,Paraí,2020-06-07,13,0,0,0
Paraí,Paraí,2020-06-08,13,0,0,0
Paraí,Paraí,2020-06-09,13,0,0,0
Paraí,Paraí,2020-06-10,14,1,0,0
Paraí,Paraí,2020-06-11,14,0,0,0
Paraí,Paraí,2020-06-12,14,0,0,0
Paraí,Paraí,2020-06-13,15,1,0,0
Paraí,Paraí,2020-06-14,15,0,0,0
Paraí,Paraí,2020-06-15,16,1,0,0
Paraí,Paraí,2020-06-16,17,1,0,0
Paraí,Paraí,2020-06-17,18,1,0,0
Paraí,Paraí,2020-06-18,18,0,0,0
Paraí,Paraí,2020-06-19,18,0,0,0
Paraí,Paraí,2020-06-20,18,0,0,0
Paraí,Paraí,2020-06-21,18,0,0,0
Paraí,Paraí,2020-06-22,18,0,0,0
Paraí,Paraí,2020-06-23,18,0,0,0
Paraí,Paraí,2020-06-24,25,7,0,0
Paraí,Paraí,2020-06-25,28,3,0,0
Paraí,Paraí,2020-06-26,29,1,0,0
Paraí,Paraí,2020-06-27,29,0,0,0
Paraí,Paraí,2020-06-28,29,0,0,0
Paraí,Paraí,2020-06-29,29,0,0,0
Paraí,Paraí,2020-06-30,30,1,0,0
Paraí,Paraí,2020-07-01,31,1,0,0
Paraí,Paraí,2020-07-02,33,2,0,0
Paraí,Paraí,2020-07-03,33,0,0,0
Paraí,Paraí,2020-07-04,34,1,0,0
Paraí,Paraí,2020-07-05,34,0,0,0
Paraí,Paraí,2020-07-06,34,0,0,0
Paraí,Paraí,2020-07-07,37,3,0,0
Paraí,Paraí,2020-07-08,37,0,0,0
Paraí,Paraí,2020-07-09,37,0,0,0
Paraí,Paraí,2020-07-10,37,0,0,0
Paraí,Paraí,2020-07-11,38,1,0,0
Paraí,Paraí,2020-07-12,38,0,0,0
Paraí,Paraí,2020-07-13,38,0,0,0
Paraí,Paraí,2020-07-14,38,0,0,0
Paraí,Paraí,2020-07-15,39,1,0,0
Paraí,Paraí,2020-07-16,39,0,0,0
Paraí,Paraí,2020-07-17,40,1,0,0
Paraí,Paraí,2020-07-18,40,0,0,0
Paraí,Paraí,2020-07-19,40,0,0,0
Paraí,Paraí,2020-07-20,40,0,0,0
Paraí,Paraí,2020-07-21,51,11,0,0
Paraí,Paraí,2020-07-22,53,2,0,0
Paraí,Paraí,2020-07-23,57,4,0,0
Paraí,Paraí,2020-07-24,60,3,0,0
Paraí,Paraí,2020-07-25,69,9,0,0
Paraí,Paraí,2020-07-26,69,0,0,0
Paraí,Paraí,2020-07-27,69,0,0,0
Paraí,Paraí,2020-07-28,71,2,0,0
Paraí,Paraí,2020-07-29,80,9,0,0
Paraí,Paraí,2020-07-30,81,1,0,0
Paraí,Paraí,2020-07-31,81,0,0,0
Paraí,Paraí,2020-08-01,92,11,0,0
Paraí,Paraí,2020-08-02,92,0,0,0
Paraí,Paraí,2020-08-03,92,0,0,0
Paraí,Paraí,2020-08-04,94,2,0,0
Paraí,Paraí,2020-08-05,104,10,0,0
Paraí,Paraí,2020-08-06,109,5,0,0
Paraí,Paraí,2020-08-07,110,1,0,0
Paraí,Paraí,2020-08-08,131,21,0,0
Paraí,Paraí,2020-08-09,131,0,0,0
Paraí,Paraí,2020-08-10,131,0,0,0
Paraí,Paraí,2020-08-11,136,5,0,0
Paraí,Paraí,2020-08-12,143,7,0,0
Paraí,Paraí,2020-08-13,148,5,1,1
Paraí,Paraí,2020-08-14,155,7,1,0
Paraí,Paraí,2020-08-15,162,7,1,0
Paraí,Paraí,2020-08-16,163,1,1,0
Paraí,Paraí,2020-08-17,163,0,1,0
Paraí,Paraí,2020-08-18,179,16,1,0
Paraí,Paraí,2020-08-19,186,7,1,0
Paraí,Paraí,2020-08-20,187,1,1,0
Paraí,Paraí,2020-08-21,190,3,1,0
Paraí,Paraí,2020-08-22,203,13,2,1
Paraí,Paraí,2020-08-23,220,17,2,0
Paraí,Paraí,2020-08-24,220,0,2,0
Paraí,Paraí,2020-08-25,229,9,2,0
Paraí,Paraí,2020-08-26,241,12,2,0
Paraí,Paraí,2020-08-27,253,12,2,0
Paraí,Paraí,2020-08-28,266,13,2,0
Paraí,Paraí,2020-08-29,289,23,3,1
Paraí,Paraí,2020-08-30,289,0,3,0
Paraí,Paraí,2020-08-31,289,0,3,0
Paraí,Paraí,2020-09-01,298,9,3,0
Paraí,Paraí,2020-09-02,308,10,3,0
Paraí,Paraí,2020-09-03,324,16,3,0
Paraí,Paraí,2020-09-04,329,5,3,0
Paraí,Paraí,2020-09-05,336,7,3,0
Paraí,Paraí,2020-09-06,337,1,3,0
Paraí,Paraí,2020-09-07,337,0,4,1
Paraí,Paraí,2020-09-08,337,0,4,0
Paraí,Paraí,2020-09-09,342,5,4,0
Paraí,Paraí,2020-09-10,355,13,4,0
Paraí,Paraí,2020-09-11,364,9,4,0
Paraí,Paraí,2020-09-12,374,10,5,1
Paraí,Paraí,2020-09-13,374,0,5,0
Paraí,Paraí,2020-09-14,374,0,5,0
Paraí,Paraí,2020-09-15,382,8,5,0
Paraí,Paraí,2020-09-16,382,0,5,0
Paraí,Paraí,2020-09-17,389,7,5,0
Paraí,Paraí,2020-09-18,390,1,5,0
Paraí,Paraí,2020-09-19,393,3,5,0
Paraí,Paraí,2020-09-20,393,0,5,0
Paraí,Paraí,2020-09-21,392,-1,5,0
Paraí,Paraí,2020-09-22,395,3,5,0
Paraí,Paraí,2020-09-23,396,1,5,0
Paraí,Paraí,2020-09-24,395,-1,5,0
Paraí,Paraí,2020-09-25,398,3,5,0
Paraí,Paraí,2020-09-26,403,5,5,0
Paraí,Paraí,2020-09-27,403,0,5,0
Paraí,Paraí,2020-09-28,403,0,5,0
Paraí,Paraí,2020-09-29,408,5,5,0
Paraí,Paraí,2020-09-30,409,1,5,0
Paraí,Paraí,2020-10-01,416,7,5,0
Paraí,Paraí,2020-10-02,420,4,5,0
Paraí,Paraí,2020-10-03,425,5,5,0
Paraí,Paraí,2020-10-04,425,0,5,0
Paraí,Paraí,2020-10-05,425,0,5,0
Paraí,Paraí,2020-10-06,434,9,5,0
Paraí,Paraí,2020-10-07,437,3,5,0
Paraí,Paraí,2020-10-08,438,1,5,0
Paraí,Paraí,2020-10-09,442,4,5,0
Paraí,Paraí,2020-10-10,447,5,5,0
Paraí,Paraí,2020-10-11,447,0,5,0
Paraí,Paraí,2020-10-12,447,0,5,0
Paraí,Paraí,2020-10-13,447,0,5,0
Paraí,Paraí,2020-10-14,449,2,5,0
Paraí,Paraí,2020-10-15,453,4,5,0
Paraí,Paraí,2020-10-16,453,0,5,0
Paraí,Paraí,2020-10-17,454,1,5,0
Paraí,Paraí,2020-10-18,454,0,5,0
Paraí,Paraí,2020-10-19,454,0,5,0
Paraí,Paraí,2020-10-20,456,2,5,0
Paraí,Paraí,2020-10-21,460,4,5,0
Paraí,Paraí,2020-10-22,462,2,5,0
Paraí,Paraí,2020-10-23,468,6,5,0
Paraí,Paraí,2020-10-24,475,7,5,0
Paraí,Paraí,2020-10-25,475,0,5,0
Paraí,Paraí,2020-10-26,475,0,5,0
Paraí,Paraí,2020-10-27,478,3,5,0
Paraí,Paraí,2020-10-28,481,3,5,0
Paraí,Paraí,2020-10-29,485,4,5,0
Paraí,Paraí,2020-10-30,485,0,5,0
Paraí,Paraí,2020-10-31,486,1,5,0
Paraí,Paraí,2020-11-01,486,0,5,0
Paraí,Paraí,2020-11-02,486,0,5,0
Paraí,Paraí,2020-11-03,486,0,5,0
Paraí,Paraí,2020-11-04,486,0,5,0
Paraí,Paraí,2020-11-05,491,5,5,0
Paraí,Paraí,2020-11-06,498,7,5,0
Paraí,Paraí,2020-11-07,500,2,5,0
Paraí,Paraí,2020-11-08,500,0,5,0
Paraí,Paraí,2020-11-09,500,0,5,0
Paraí,Paraí,2020-11-10,503,3,5,0
Paraí,Paraí,2020-11-11,505,2,5,0
Paraí,Paraí,2020-11-12,506,1,5,0
Paraí,Paraí,2020-11-13,508,2,5,0
Paraí,Paraí,2020-11-14,510,2,5,0
Paraí,Paraí,2020-11-15,510,0,5,0
Paraí,Paraí,2020-11-16,510,0,5,0
Paraí,Paraí,2020-11-17,510,0,5,0
Paraí,Paraí,2020-11-18,510,0,5,0
Paraí,Paraí,2020-11-19,513,3,5,0
Paraí,Paraí,2020-11-20,513,0,5,0
Paraí,Paraí,2020-11-21,513,0,5,0
Paraí,Paraí,2020-11-22,513,0,5,0
Paraí,Paraí,2020-11-23,513,0,5,0
Paraí,Paraí,2020-11-24,514,1,5,0
Paraí,Paraí,2020-11-25,517,3,5,0
Paraí,Paraí,2020-11-26,517,0,5,0
Paraí,Paraí,2020-11-27,518,1,5,0
Paraí,Paraí,2020-11-28,524,6,5,0
Paraí,Paraí,2020-11-29,524,0,5,0
Paraí,Paraí,2020-11-30,524,0,5,0
Paraí,Paraí,2020-12-01,525,1,5,0
Paraí,Paraí,2020-12-02,527,2,5,0
Paraí,Paraí,2020-12-03,532,5,5,0
Paraí,Paraí,2020-12-04,532,0,5,0
Paraí,Paraí,2020-12-05,535,3,5,0
Paraí,Paraí,2020-12-06,535,0,5,0
Paraí,Paraí,2020-12-07,535,0,5,0
Paraí,Paraí,2020-12-08,536,1,5,0
Paraí,Paraí,2020-12-09,538,2,5,0
Paraí,Paraí,2020-12-10,541,3,5,0
Paraí,Paraí,2020-12-11,544,3,5,0
Paraí,Paraí,2020-12-12,548,4,5,0
Paraí,Paraí,2020-12-13,548,0,5,0
Paraí,Paraí,2020-12-14,548,0,5,0
Paraí,Paraí,2020-12-15,548,0,5,0
Paraí,Paraí,2020-12-16,552,4,5,0
Paraí,Paraí,2020-12-17,553,1,5,0
Paraí,Paraí,2020-12-18,558,5,5,0
Paraí,Paraí,2020-12-19,559,1,5,0
Paraí,Paraí,2020-12-20,559,0,5,0
Paraí,Paraí,2020-12-21,560,1,5,0
Paraí,Paraí,2020-12-22,566,6,5,0
Paraí,Paraí,2020-12-23,567,1,5,0
Paraí,Paraí,2020-12-24,578,11,5,0
Paraí,Paraí,2020-12-25,584,6,5,0
Paraí,Paraí,2020-12-26,584,0,5,0
Paraí,Paraí,2020-12-27,584,0,5,0
Paraí,Paraí,2020-12-28,584,0,5,0
Paraí,Paraí,2020-12-29,584,0,5,0
Paraí,Paraí,2020-12-30,595,11,5,0
Paraí,Paraí,2020-12-31,601,6,6,1
Paraí,Paraí,2021-01-01,602,1,6,0
Paraí,Paraí,2021-01-02,602,0,6,0
Paraí,Paraí,2021-01-03,602,0,6,0
Paraí,Paraí,2021-01-04,602,0,6,0
Paraí,Paraí,2021-01-05,603,1,6,0
Paraí,Paraí,2021-01-06,613,10,6,0
Paraí,Paraí,2021-01-07,613,0,6,0
Paraí,Paraí,2021-01-08,618,5,6,0
Paraí,Paraí,2021-01-09,620,2,6,0
Paraí,Paraí,2021-01-10,620,0,6,0
Paraí,Paraí,2021-01-11,620,0,6,0
Paraí,Paraí,2021-01-12,620,0,6,0
Paraí,Paraí,2021-01-13,624,4,6,0
Paraí,Paraí,2021-01-14,624,0,6,0
Paraí,Paraí,2021-01-15,626,2,6,0
Paraí,Paraí,2021-01-16,629,3,6,0
Paraí,Paraí,2021-01-17,629,0,6,0
Paraí,Paraí,2021-01-18,629,0,6,0
Paraí,Paraí,2021-01-19,629,0,6,0
Paraí,Paraí,2021-01-20,629,0,6,0
Paraí,Paraí,2021-01-21,629,0,6,0
Paraí,Paraí,2021-01-22,629,0,6,0
Paraí,Paraí,2021-01-23,635,6,6,0
Paraí,Paraí,2021-01-24,635,0,6,0
Paraí,Paraí,2021-01-25,635,0,6,0
Paraí,Paraí,2021-01-26,640,5,6,0
Paraí,Paraí,2021-01-27,640,0,6,0
Paraí,Paraí,2021-01-28,641,1,6,0
Paraí,Paraí,2021-01-29,643,2,6,0
Paraí,Paraí,2021-01-30,648,5,6,0
Paraí,Paraí,2021-01-31,648,0,6,0
Paraí,Paraí,2021-02-01,648,0,6,0
Paraí,Paraí,2021-02-02,651,3,6,0
Paraí,Paraí,2021-02-03,651,0,6,0
Paraí,Paraí,2021-02-04,651,0,6,0
Paraí,Paraí,2021-02-05,660,9,6,0
Paraí,Paraí,2021-02-06,665,5,6,0
Paraí,Paraí,2021-02-07,665,0,6,0
Paraí,Paraí,2021-02-08,665,0,6,0
