city,city,date,cases,daily cases,deaths,daily deaths
Parauapebas,Parauapebas,2020-03-27,0,0,0,0
Parauapebas,Parauapebas,2020-03-28,1,1,0,0
Parauapebas,Parauapebas,2020-03-29,1,0,0,0
Parauapebas,Parauapebas,2020-03-30,1,0,0,0
Parauapebas,Parauapebas,2020-03-31,1,0,0,0
Parauapebas,Parauapebas,2020-04-01,1,0,0,0
Parauapebas,Parauapebas,2020-04-02,1,0,0,0
Parauapebas,Parauapebas,2020-04-03,1,0,0,0
Parauapebas,Parauapebas,2020-04-04,2,1,0,0
Parauapebas,Parauapebas,2020-04-05,2,0,0,0
Parauapebas,Parauapebas,2020-04-06,2,0,0,0
Parauapebas,Parauapebas,2020-04-07,2,0,0,0
Parauapebas,Parauapebas,2020-04-08,3,1,0,0
Parauapebas,Parauapebas,2020-04-09,3,0,0,0
Parauapebas,Parauapebas,2020-04-10,3,0,0,0
Parauapebas,Parauapebas,2020-04-11,8,5,0,0
Parauapebas,Parauapebas,2020-04-12,8,0,0,0
Parauapebas,Parauapebas,2020-04-13,11,3,0,0
Parauapebas,Parauapebas,2020-04-14,11,0,0,0
Parauapebas,Parauapebas,2020-04-15,11,0,0,0
Parauapebas,Parauapebas,2020-04-16,14,3,0,0
Parauapebas,Parauapebas,2020-04-17,15,1,0,0
Parauapebas,Parauapebas,2020-04-18,15,0,3,3
Parauapebas,Parauapebas,2020-04-19,15,0,4,1
Parauapebas,Parauapebas,2020-04-20,19,4,4,0
Parauapebas,Parauapebas,2020-04-21,25,6,4,0
Parauapebas,Parauapebas,2020-04-22,31,6,4,0
Parauapebas,Parauapebas,2020-04-23,31,0,4,0
Parauapebas,Parauapebas,2020-04-24,39,8,4,0
Parauapebas,Parauapebas,2020-04-25,45,6,4,0
Parauapebas,Parauapebas,2020-04-26,49,4,4,0
Parauapebas,Parauapebas,2020-04-27,58,9,4,0
Parauapebas,Parauapebas,2020-04-28,58,0,6,2
Parauapebas,Parauapebas,2020-04-29,58,0,6,0
Parauapebas,Parauapebas,2020-04-30,67,9,6,0
Parauapebas,Parauapebas,2020-05-01,73,6,6,0
Parauapebas,Parauapebas,2020-05-02,78,5,6,0
Parauapebas,Parauapebas,2020-05-03,88,10,7,1
Parauapebas,Parauapebas,2020-05-04,88,0,7,0
Parauapebas,Parauapebas,2020-05-05,89,1,14,7
Parauapebas,Parauapebas,2020-05-06,101,12,15,1
Parauapebas,Parauapebas,2020-05-07,101,0,16,1
Parauapebas,Parauapebas,2020-05-08,117,16,17,1
Parauapebas,Parauapebas,2020-05-09,118,1,21,4
Parauapebas,Parauapebas,2020-05-10,132,14,21,0
Parauapebas,Parauapebas,2020-05-11,132,0,21,0
Parauapebas,Parauapebas,2020-05-12,141,9,23,2
Parauapebas,Parauapebas,2020-05-13,155,14,23,0
Parauapebas,Parauapebas,2020-05-14,157,2,23,0
Parauapebas,Parauapebas,2020-05-15,180,23,23,0
Parauapebas,Parauapebas,2020-05-16,188,8,23,0
Parauapebas,Parauapebas,2020-05-17,201,13,26,3
Parauapebas,Parauapebas,2020-05-18,253,52,40,14
Parauapebas,Parauapebas,2020-05-19,338,85,44,4
Parauapebas,Parauapebas,2020-05-20,567,229,44,0
Parauapebas,Parauapebas,2020-05-21,631,64,50,6
Parauapebas,Parauapebas,2020-05-22,783,152,51,1
Parauapebas,Parauapebas,2020-05-23,876,93,51,0
Parauapebas,Parauapebas,2020-05-24,883,7,51,0
Parauapebas,Parauapebas,2020-05-25,908,25,53,2
Parauapebas,Parauapebas,2020-05-26,1039,131,54,1
Parauapebas,Parauapebas,2020-05-27,1161,122,54,0
Parauapebas,Parauapebas,2020-05-28,1294,133,55,1
Parauapebas,Parauapebas,2020-05-29,1388,94,56,1
Parauapebas,Parauapebas,2020-05-30,1427,39,57,1
Parauapebas,Parauapebas,2020-05-31,1428,1,57,0
Parauapebas,Parauapebas,2020-06-01,1428,0,57,0
Parauapebas,Parauapebas,2020-06-02,1663,235,62,5
Parauapebas,Parauapebas,2020-06-03,2144,481,65,3
Parauapebas,Parauapebas,2020-06-04,2588,444,66,1
Parauapebas,Parauapebas,2020-06-05,2942,354,73,7
Parauapebas,Parauapebas,2020-06-06,3319,377,78,5
Parauapebas,Parauapebas,2020-06-07,3490,171,83,5
Parauapebas,Parauapebas,2020-06-08,3775,285,84,1
Parauapebas,Parauapebas,2020-06-09,4160,385,87,3
Parauapebas,Parauapebas,2020-06-10,4491,331,88,1
Parauapebas,Parauapebas,2020-06-11,4759,268,95,7
Parauapebas,Parauapebas,2020-06-12,5161,402,95,0
Parauapebas,Parauapebas,2020-06-13,5438,277,95,0
Parauapebas,Parauapebas,2020-06-14,5506,68,96,1
Parauapebas,Parauapebas,2020-06-15,5658,152,98,2
Parauapebas,Parauapebas,2020-06-16,5793,135,98,0
Parauapebas,Parauapebas,2020-06-17,6246,453,98,0
Parauapebas,Parauapebas,2020-06-18,6644,398,98,0
Parauapebas,Parauapebas,2020-06-19,7278,634,105,7
Parauapebas,Parauapebas,2020-06-20,7766,488,105,0
Parauapebas,Parauapebas,2020-06-21,8170,404,107,2
Parauapebas,Parauapebas,2020-06-22,8389,219,107,0
Parauapebas,Parauapebas,2020-06-23,8817,428,107,0
Parauapebas,Parauapebas,2020-06-24,9148,331,107,0
Parauapebas,Parauapebas,2020-06-25,9197,49,107,0
Parauapebas,Parauapebas,2020-06-26,9374,177,107,0
Parauapebas,Parauapebas,2020-06-27,9593,219,111,4
Parauapebas,Parauapebas,2020-06-28,9597,4,111,0
Parauapebas,Parauapebas,2020-06-29,9615,18,113,2
Parauapebas,Parauapebas,2020-06-30,9704,89,116,3
Parauapebas,Parauapebas,2020-07-01,9801,97,118,2
Parauapebas,Parauapebas,2020-07-02,9910,109,120,2
Parauapebas,Parauapebas,2020-07-03,10012,102,126,6
Parauapebas,Parauapebas,2020-07-04,10102,90,127,1
Parauapebas,Parauapebas,2020-07-05,10224,122,127,0
Parauapebas,Parauapebas,2020-07-06,10320,96,127,0
Parauapebas,Parauapebas,2020-07-07,10424,104,127,0
Parauapebas,Parauapebas,2020-07-08,10628,204,127,0
Parauapebas,Parauapebas,2020-07-09,10793,165,130,3
Parauapebas,Parauapebas,2020-07-10,11016,223,133,3
Parauapebas,Parauapebas,2020-07-11,11363,347,136,3
Parauapebas,Parauapebas,2020-07-12,11498,135,136,0
Parauapebas,Parauapebas,2020-07-13,11713,215,136,0
Parauapebas,Parauapebas,2020-07-14,12045,332,137,1
Parauapebas,Parauapebas,2020-07-15,12430,385,141,4
Parauapebas,Parauapebas,2020-07-16,12832,402,141,0
Parauapebas,Parauapebas,2020-07-17,13090,258,142,1
Parauapebas,Parauapebas,2020-07-18,13203,113,143,1
Parauapebas,Parauapebas,2020-07-19,13225,22,143,0
Parauapebas,Parauapebas,2020-07-20,13225,0,143,0
Parauapebas,Parauapebas,2020-07-21,13291,66,143,0
Parauapebas,Parauapebas,2020-07-22,13404,113,143,0
Parauapebas,Parauapebas,2020-07-23,13646,242,145,2
Parauapebas,Parauapebas,2020-07-24,14001,355,145,0
Parauapebas,Parauapebas,2020-07-25,14209,208,146,1
Parauapebas,Parauapebas,2020-07-26,14284,75,146,0
Parauapebas,Parauapebas,2020-07-27,14311,27,146,0
Parauapebas,Parauapebas,2020-07-28,14388,77,146,0
Parauapebas,Parauapebas,2020-07-29,14461,73,148,2
Parauapebas,Parauapebas,2020-07-30,14715,254,148,0
Parauapebas,Parauapebas,2020-07-31,14756,41,148,0
Parauapebas,Parauapebas,2020-08-01,14862,106,148,0
Parauapebas,Parauapebas,2020-08-02,14873,11,148,0
Parauapebas,Parauapebas,2020-08-03,14876,3,148,0
Parauapebas,Parauapebas,2020-08-04,14978,102,148,0
Parauapebas,Parauapebas,2020-08-05,15131,153,148,0
Parauapebas,Parauapebas,2020-08-06,15241,110,149,1
Parauapebas,Parauapebas,2020-08-07,15371,130,150,1
Parauapebas,Parauapebas,2020-08-08,15738,367,151,1
Parauapebas,Parauapebas,2020-08-09,15908,170,151,0
Parauapebas,Parauapebas,2020-08-10,16069,161,151,0
Parauapebas,Parauapebas,2020-08-11,16362,293,151,0
Parauapebas,Parauapebas,2020-08-12,16697,335,151,0
Parauapebas,Parauapebas,2020-08-13,17014,317,151,0
Parauapebas,Parauapebas,2020-08-14,17302,288,151,0
Parauapebas,Parauapebas,2020-08-15,17523,221,151,0
Parauapebas,Parauapebas,2020-08-16,17801,278,152,1
Parauapebas,Parauapebas,2020-08-17,17919,118,152,0
Parauapebas,Parauapebas,2020-08-18,18087,168,154,2
Parauapebas,Parauapebas,2020-08-19,18403,316,154,0
Parauapebas,Parauapebas,2020-08-20,18680,277,154,0
Parauapebas,Parauapebas,2020-08-21,18951,271,154,0
Parauapebas,Parauapebas,2020-08-22,19102,151,154,0
Parauapebas,Parauapebas,2020-08-23,19111,9,154,0
Parauapebas,Parauapebas,2020-08-24,19111,0,154,0
Parauapebas,Parauapebas,2020-08-25,19193,82,154,0
Parauapebas,Parauapebas,2020-08-26,19340,147,154,0
Parauapebas,Parauapebas,2020-08-27,19454,114,155,1
Parauapebas,Parauapebas,2020-08-28,19547,93,155,0
Parauapebas,Parauapebas,2020-08-29,19574,27,155,0
Parauapebas,Parauapebas,2020-08-30,19574,0,155,0
Parauapebas,Parauapebas,2020-08-31,19574,0,155,0
Parauapebas,Parauapebas,2020-09-01,19800,226,157,2
Parauapebas,Parauapebas,2020-09-02,20033,233,158,1
Parauapebas,Parauapebas,2020-09-03,20130,97,159,1
Parauapebas,Parauapebas,2020-09-04,20271,141,161,2
Parauapebas,Parauapebas,2020-09-05,20364,93,161,0
Parauapebas,Parauapebas,2020-09-06,20364,0,161,0
Parauapebas,Parauapebas,2020-09-07,20391,27,161,0
Parauapebas,Parauapebas,2020-09-08,20391,0,167,6
Parauapebas,Parauapebas,2020-09-09,20470,79,167,0
Parauapebas,Parauapebas,2020-09-10,20604,134,167,0
Parauapebas,Parauapebas,2020-09-11,20678,74,169,2
Parauapebas,Parauapebas,2020-09-12,20907,229,171,2
Parauapebas,Parauapebas,2020-09-13,21185,278,174,3
Parauapebas,Parauapebas,2020-09-14,21512,327,174,0
Parauapebas,Parauapebas,2020-09-15,21845,333,174,0
Parauapebas,Parauapebas,2020-09-16,21979,134,176,2
Parauapebas,Parauapebas,2020-09-17,22093,114,176,0
Parauapebas,Parauapebas,2020-09-18,22184,91,177,1
Parauapebas,Parauapebas,2020-09-19,22282,98,179,2
Parauapebas,Parauapebas,2020-09-20,22517,235,179,0
Parauapebas,Parauapebas,2020-09-21,22629,112,180,1
Parauapebas,Parauapebas,2020-09-22,22701,72,180,0
Parauapebas,Parauapebas,2020-09-23,23106,405,181,1
Parauapebas,Parauapebas,2020-09-24,23449,343,181,0
Parauapebas,Parauapebas,2020-09-25,23836,387,182,1
Parauapebas,Parauapebas,2020-09-26,24218,382,183,1
Parauapebas,Parauapebas,2020-09-27,24796,578,183,0
Parauapebas,Parauapebas,2020-09-28,24966,170,185,2
Parauapebas,Parauapebas,2020-09-29,25208,242,186,1
Parauapebas,Parauapebas,2020-09-30,25443,235,186,0
Parauapebas,Parauapebas,2020-10-01,25659,216,187,1
Parauapebas,Parauapebas,2020-10-02,25867,208,188,1
Parauapebas,Parauapebas,2020-10-03,25872,5,188,0
Parauapebas,Parauapebas,2020-10-04,25967,95,188,0
Parauapebas,Parauapebas,2020-10-05,26020,53,188,0
Parauapebas,Parauapebas,2020-10-06,26096,76,188,0
Parauapebas,Parauapebas,2020-10-07,26193,97,188,0
Parauapebas,Parauapebas,2020-10-08,26308,115,188,0
Parauapebas,Parauapebas,2020-10-09,26432,124,188,0
Parauapebas,Parauapebas,2020-10-10,26441,9,188,0
Parauapebas,Parauapebas,2020-10-11,26441,0,188,0
Parauapebas,Parauapebas,2020-10-12,26441,0,188,0
Parauapebas,Parauapebas,2020-10-13,26441,0,188,0
Parauapebas,Parauapebas,2020-10-14,26489,48,188,0
Parauapebas,Parauapebas,2020-10-15,26543,54,188,0
Parauapebas,Parauapebas,2020-10-16,26543,0,188,0
Parauapebas,Parauapebas,2020-10-17,26619,76,190,2
Parauapebas,Parauapebas,2020-10-18,26654,35,190,0
Parauapebas,Parauapebas,2020-10-19,26654,0,190,0
Parauapebas,Parauapebas,2020-10-20,26726,72,190,0
Parauapebas,Parauapebas,2020-10-21,26825,99,191,1
Parauapebas,Parauapebas,2020-10-22,26873,48,191,0
Parauapebas,Parauapebas,2020-10-23,26934,61,192,1
Parauapebas,Parauapebas,2020-10-24,26937,3,193,1
Parauapebas,Parauapebas,2020-10-25,26969,32,194,1
Parauapebas,Parauapebas,2020-10-26,27024,55,194,0
Parauapebas,Parauapebas,2020-10-27,27156,132,194,0
Parauapebas,Parauapebas,2020-10-28,27237,81,194,0
Parauapebas,Parauapebas,2020-10-29,27315,78,194,0
Parauapebas,Parauapebas,2020-10-30,27420,105,194,0
Parauapebas,Parauapebas,2020-10-31,27540,120,194,0
Parauapebas,Parauapebas,2020-11-01,27540,0,196,2
Parauapebas,Parauapebas,2020-11-02,27540,0,196,0
Parauapebas,Parauapebas,2020-11-03,27571,31,196,0
Parauapebas,Parauapebas,2020-11-04,27688,117,196,0
Parauapebas,Parauapebas,2020-11-05,27775,87,196,0
Parauapebas,Parauapebas,2020-11-06,27817,42,196,0
Parauapebas,Parauapebas,2020-11-07,27817,0,196,0
Parauapebas,Parauapebas,2020-11-08,27925,108,196,0
Parauapebas,Parauapebas,2020-11-09,27979,54,196,0
Parauapebas,Parauapebas,2020-11-10,27989,10,196,0
Parauapebas,Parauapebas,2020-11-11,27990,1,196,0
Parauapebas,Parauapebas,2020-11-12,27990,0,196,0
Parauapebas,Parauapebas,2020-11-13,27996,6,196,0
Parauapebas,Parauapebas,2020-11-14,27997,1,196,0
Parauapebas,Parauapebas,2020-11-15,27997,0,196,0
Parauapebas,Parauapebas,2020-11-16,27997,0,196,0
Parauapebas,Parauapebas,2020-11-17,28002,5,196,0
Parauapebas,Parauapebas,2020-11-18,28002,0,196,0
Parauapebas,Parauapebas,2020-11-19,28002,0,196,0
Parauapebas,Parauapebas,2020-11-20,28189,187,196,0
Parauapebas,Parauapebas,2020-11-21,28254,65,196,0
Parauapebas,Parauapebas,2020-11-22,28404,150,196,0
Parauapebas,Parauapebas,2020-11-23,28404,0,196,0
Parauapebas,Parauapebas,2020-11-24,28521,117,196,0
Parauapebas,Parauapebas,2020-11-25,28578,57,196,0
Parauapebas,Parauapebas,2020-11-26,28633,55,196,0
Parauapebas,Parauapebas,2020-11-27,28672,39,196,0
Parauapebas,Parauapebas,2020-11-28,28672,0,196,0
Parauapebas,Parauapebas,2020-11-29,28672,0,196,0
Parauapebas,Parauapebas,2020-11-30,28672,0,196,0
Parauapebas,Parauapebas,2020-12-01,28676,4,196,0
Parauapebas,Parauapebas,2020-12-02,28679,3,196,0
Parauapebas,Parauapebas,2020-12-03,28822,143,196,0
Parauapebas,Parauapebas,2020-12-04,28884,62,196,0
Parauapebas,Parauapebas,2020-12-05,29044,160,196,0
Parauapebas,Parauapebas,2020-12-06,29066,22,196,0
Parauapebas,Parauapebas,2020-12-07,29066,0,196,0
Parauapebas,Parauapebas,2020-12-08,29113,47,196,0
Parauapebas,Parauapebas,2020-12-09,29265,152,196,0
Parauapebas,Parauapebas,2020-12-10,29375,110,197,1
Parauapebas,Parauapebas,2020-12-11,29430,55,197,0
Parauapebas,Parauapebas,2020-12-12,29542,112,197,0
Parauapebas,Parauapebas,2020-12-13,29543,1,197,0
Parauapebas,Parauapebas,2020-12-14,29543,0,197,0
Parauapebas,Parauapebas,2020-12-15,29654,111,197,0
Parauapebas,Parauapebas,2020-12-16,29668,14,197,0
Parauapebas,Parauapebas,2020-12-17,29684,16,197,0
Parauapebas,Parauapebas,2020-12-18,29706,22,197,0
Parauapebas,Parauapebas,2020-12-19,29706,0,197,0
Parauapebas,Parauapebas,2020-12-20,29706,0,197,0
Parauapebas,Parauapebas,2020-12-21,29706,0,197,0
Parauapebas,Parauapebas,2020-12-22,29707,1,197,0
Parauapebas,Parauapebas,2020-12-23,29707,0,197,0
Parauapebas,Parauapebas,2020-12-24,29707,0,197,0
Parauapebas,Parauapebas,2020-12-25,29709,2,198,1
Parauapebas,Parauapebas,2020-12-26,29709,0,199,1
Parauapebas,Parauapebas,2020-12-27,29710,1,199,0
Parauapebas,Parauapebas,2020-12-28,29710,0,199,0
Parauapebas,Parauapebas,2020-12-29,29713,3,199,0
Parauapebas,Parauapebas,2020-12-30,29713,0,202,3
Parauapebas,Parauapebas,2020-12-31,29713,0,202,0
Parauapebas,Parauapebas,2021-01-01,29715,2,203,1
Parauapebas,Parauapebas,2021-01-02,29715,0,203,0
Parauapebas,Parauapebas,2021-01-03,29715,0,203,0
Parauapebas,Parauapebas,2021-01-04,29716,1,203,0
Parauapebas,Parauapebas,2021-01-05,29754,38,203,0
Parauapebas,Parauapebas,2021-01-06,29825,71,203,0
Parauapebas,Parauapebas,2021-01-07,29825,0,203,0
Parauapebas,Parauapebas,2021-01-08,29927,102,203,0
Parauapebas,Parauapebas,2021-01-09,29929,2,203,0
Parauapebas,Parauapebas,2021-01-10,29930,1,203,0
Parauapebas,Parauapebas,2021-01-11,29930,0,203,0
Parauapebas,Parauapebas,2021-01-12,29946,16,204,1
Parauapebas,Parauapebas,2021-01-13,29947,1,204,0
Parauapebas,Parauapebas,2021-01-14,29948,1,204,0
Parauapebas,Parauapebas,2021-01-15,29949,1,204,0
Parauapebas,Parauapebas,2021-01-16,29952,3,204,0
Parauapebas,Parauapebas,2021-01-17,29952,0,204,0
Parauapebas,Parauapebas,2021-01-18,29953,1,204,0
Parauapebas,Parauapebas,2021-01-19,29956,3,204,0
Parauapebas,Parauapebas,2021-01-20,29959,3,205,1
Parauapebas,Parauapebas,2021-01-21,30358,399,205,0
Parauapebas,Parauapebas,2021-01-22,30359,1,205,0
Parauapebas,Parauapebas,2021-01-23,30360,1,205,0
Parauapebas,Parauapebas,2021-01-24,30590,230,205,0
Parauapebas,Parauapebas,2021-01-25,30723,133,205,0
Parauapebas,Parauapebas,2021-01-26,30724,1,205,0
Parauapebas,Parauapebas,2021-01-27,30760,36,205,0
Parauapebas,Parauapebas,2021-01-28,30762,2,205,0
Parauapebas,Parauapebas,2021-01-29,30840,78,205,0
Parauapebas,Parauapebas,2021-01-30,30988,148,206,1
Parauapebas,Parauapebas,2021-01-31,30988,0,207,1
Parauapebas,Parauapebas,2021-02-01,30988,0,208,1
Parauapebas,Parauapebas,2021-02-02,31163,175,208,0
Parauapebas,Parauapebas,2021-02-03,31319,156,208,0
Parauapebas,Parauapebas,2021-02-04,31580,261,208,0
Parauapebas,Parauapebas,2021-02-05,31738,158,208,0
Parauapebas,Parauapebas,2021-02-06,32009,271,210,2
Parauapebas,Parauapebas,2021-02-07,32215,206,210,0
Parauapebas,Parauapebas,2021-02-08,32229,14,210,0
