city,city,date,cases,daily cases,deaths,daily deaths
Paranaguá,Paranaguá,2020-03-27,0,0,0,0
Paranaguá,Paranaguá,2020-03-28,0,0,0,0
Paranaguá,Paranaguá,2020-03-29,0,0,0,0
Paranaguá,Paranaguá,2020-03-30,0,0,0,0
Paranaguá,Paranaguá,2020-03-31,0,0,0,0
Paranaguá,Paranaguá,2020-04-01,0,0,0,0
Paranaguá,Paranaguá,2020-04-02,1,1,0,0
Paranaguá,Paranaguá,2020-04-03,2,1,0,0
Paranaguá,Paranaguá,2020-04-04,4,2,0,0
Paranaguá,Paranaguá,2020-04-05,5,1,0,0
Paranaguá,Paranaguá,2020-04-06,5,0,0,0
Paranaguá,Paranaguá,2020-04-07,5,0,0,0
Paranaguá,Paranaguá,2020-04-08,6,1,1,1
Paranaguá,Paranaguá,2020-04-09,5,-1,2,1
Paranaguá,Paranaguá,2020-04-10,5,0,2,0
Paranaguá,Paranaguá,2020-04-11,5,0,2,0
Paranaguá,Paranaguá,2020-04-12,6,1,2,0
Paranaguá,Paranaguá,2020-04-13,6,0,2,0
Paranaguá,Paranaguá,2020-04-14,8,2,2,0
Paranaguá,Paranaguá,2020-04-15,8,0,2,0
Paranaguá,Paranaguá,2020-04-16,10,2,2,0
Paranaguá,Paranaguá,2020-04-17,10,0,2,0
Paranaguá,Paranaguá,2020-04-18,11,1,2,0
Paranaguá,Paranaguá,2020-04-19,11,0,2,0
Paranaguá,Paranaguá,2020-04-20,11,0,2,0
Paranaguá,Paranaguá,2020-04-21,12,1,2,0
Paranaguá,Paranaguá,2020-04-22,12,0,2,0
Paranaguá,Paranaguá,2020-04-23,12,0,2,0
Paranaguá,Paranaguá,2020-04-24,12,0,2,0
Paranaguá,Paranaguá,2020-04-25,12,0,2,0
Paranaguá,Paranaguá,2020-04-26,12,0,2,0
Paranaguá,Paranaguá,2020-04-27,14,2,2,0
Paranaguá,Paranaguá,2020-04-28,14,0,2,0
Paranaguá,Paranaguá,2020-04-29,16,2,2,0
Paranaguá,Paranaguá,2020-04-30,16,0,2,0
Paranaguá,Paranaguá,2020-05-01,16,0,2,0
Paranaguá,Paranaguá,2020-05-02,16,0,2,0
Paranaguá,Paranaguá,2020-05-03,16,0,2,0
Paranaguá,Paranaguá,2020-05-04,16,0,2,0
Paranaguá,Paranaguá,2020-05-05,16,0,2,0
Paranaguá,Paranaguá,2020-05-06,16,0,2,0
Paranaguá,Paranaguá,2020-05-07,16,0,2,0
Paranaguá,Paranaguá,2020-05-08,16,0,2,0
Paranaguá,Paranaguá,2020-05-09,17,1,2,0
Paranaguá,Paranaguá,2020-05-10,17,0,2,0
Paranaguá,Paranaguá,2020-05-11,18,1,2,0
Paranaguá,Paranaguá,2020-05-12,18,0,2,0
Paranaguá,Paranaguá,2020-05-13,20,2,2,0
Paranaguá,Paranaguá,2020-05-14,25,5,2,0
Paranaguá,Paranaguá,2020-05-15,25,0,2,0
Paranaguá,Paranaguá,2020-05-16,27,2,3,1
Paranaguá,Paranaguá,2020-05-17,29,2,3,0
Paranaguá,Paranaguá,2020-05-18,34,5,3,0
Paranaguá,Paranaguá,2020-05-19,41,7,3,0
Paranaguá,Paranaguá,2020-05-20,41,0,3,0
Paranaguá,Paranaguá,2020-05-21,43,2,3,0
Paranaguá,Paranaguá,2020-05-22,44,1,4,1
Paranaguá,Paranaguá,2020-05-23,44,0,4,0
Paranaguá,Paranaguá,2020-05-24,44,0,4,0
Paranaguá,Paranaguá,2020-05-25,44,0,4,0
Paranaguá,Paranaguá,2020-05-26,44,0,4,0
Paranaguá,Paranaguá,2020-05-27,46,2,4,0
Paranaguá,Paranaguá,2020-05-28,46,0,4,0
Paranaguá,Paranaguá,2020-05-29,54,8,4,0
Paranaguá,Paranaguá,2020-05-30,54,0,4,0
Paranaguá,Paranaguá,2020-05-31,62,8,4,0
Paranaguá,Paranaguá,2020-06-01,63,1,4,0
Paranaguá,Paranaguá,2020-06-02,63,0,4,0
Paranaguá,Paranaguá,2020-06-03,64,1,4,0
Paranaguá,Paranaguá,2020-06-04,71,7,4,0
Paranaguá,Paranaguá,2020-06-05,71,0,4,0
Paranaguá,Paranaguá,2020-06-06,73,2,4,0
Paranaguá,Paranaguá,2020-06-07,80,7,4,0
Paranaguá,Paranaguá,2020-06-08,80,0,4,0
Paranaguá,Paranaguá,2020-06-09,82,2,4,0
Paranaguá,Paranaguá,2020-06-10,83,1,4,0
Paranaguá,Paranaguá,2020-06-11,89,6,4,0
Paranaguá,Paranaguá,2020-06-12,96,7,4,0
Paranaguá,Paranaguá,2020-06-13,96,0,4,0
Paranaguá,Paranaguá,2020-06-14,111,15,4,0
Paranaguá,Paranaguá,2020-06-15,114,3,4,0
Paranaguá,Paranaguá,2020-06-16,129,15,4,0
Paranaguá,Paranaguá,2020-06-17,130,1,4,0
Paranaguá,Paranaguá,2020-06-18,133,3,4,0
Paranaguá,Paranaguá,2020-06-19,160,27,4,0
Paranaguá,Paranaguá,2020-06-20,161,1,4,0
Paranaguá,Paranaguá,2020-06-21,162,1,5,1
Paranaguá,Paranaguá,2020-06-22,162,0,5,0
Paranaguá,Paranaguá,2020-06-23,190,28,5,0
Paranaguá,Paranaguá,2020-06-24,211,21,5,0
Paranaguá,Paranaguá,2020-06-25,220,9,5,0
Paranaguá,Paranaguá,2020-06-26,231,11,5,0
Paranaguá,Paranaguá,2020-06-27,263,32,5,0
Paranaguá,Paranaguá,2020-06-28,270,7,5,0
Paranaguá,Paranaguá,2020-06-29,312,42,6,1
Paranaguá,Paranaguá,2020-06-30,319,7,6,0
Paranaguá,Paranaguá,2020-07-01,382,63,6,0
Paranaguá,Paranaguá,2020-07-02,415,33,6,0
Paranaguá,Paranaguá,2020-07-03,441,26,9,3
Paranaguá,Paranaguá,2020-07-04,588,147,10,1
Paranaguá,Paranaguá,2020-07-05,611,23,10,0
Paranaguá,Paranaguá,2020-07-06,683,72,12,2
Paranaguá,Paranaguá,2020-07-07,725,42,12,0
Paranaguá,Paranaguá,2020-07-08,739,14,13,1
Paranaguá,Paranaguá,2020-07-09,823,84,14,1
Paranaguá,Paranaguá,2020-07-10,866,43,15,1
Paranaguá,Paranaguá,2020-07-11,871,5,15,0
Paranaguá,Paranaguá,2020-07-12,962,91,15,0
Paranaguá,Paranaguá,2020-07-13,1001,39,20,5
Paranaguá,Paranaguá,2020-07-14,1073,72,22,2
Paranaguá,Paranaguá,2020-07-15,1131,58,25,3
Paranaguá,Paranaguá,2020-07-16,1287,156,27,2
Paranaguá,Paranaguá,2020-07-17,1403,116,30,3
Paranaguá,Paranaguá,2020-07-18,1495,92,30,0
Paranaguá,Paranaguá,2020-07-19,1559,64,30,0
Paranaguá,Paranaguá,2020-07-20,1619,60,30,0
Paranaguá,Paranaguá,2020-07-21,1657,38,34,4
Paranaguá,Paranaguá,2020-07-22,1703,46,35,1
Paranaguá,Paranaguá,2020-07-23,1835,132,35,0
Paranaguá,Paranaguá,2020-07-24,1920,85,39,4
Paranaguá,Paranaguá,2020-07-25,1953,33,41,2
Paranaguá,Paranaguá,2020-07-26,2055,102,41,0
Paranaguá,Paranaguá,2020-07-27,2056,1,43,2
Paranaguá,Paranaguá,2020-07-28,2061,5,43,0
Paranaguá,Paranaguá,2020-07-29,2081,20,44,1
Paranaguá,Paranaguá,2020-07-30,2145,64,49,5
Paranaguá,Paranaguá,2020-07-31,2205,60,50,1
Paranaguá,Paranaguá,2020-08-01,2226,21,50,0
Paranaguá,Paranaguá,2020-08-02,2299,73,50,0
Paranaguá,Paranaguá,2020-08-03,2302,3,50,0
Paranaguá,Paranaguá,2020-08-04,2351,49,54,4
Paranaguá,Paranaguá,2020-08-05,2389,38,54,0
Paranaguá,Paranaguá,2020-08-06,2403,14,56,2
Paranaguá,Paranaguá,2020-08-07,2507,104,56,0
Paranaguá,Paranaguá,2020-08-08,2507,0,56,0
Paranaguá,Paranaguá,2020-08-09,2511,4,56,0
Paranaguá,Paranaguá,2020-08-10,2676,165,57,1
Paranaguá,Paranaguá,2020-08-11,2680,4,58,1
Paranaguá,Paranaguá,2020-08-12,2684,4,59,1
Paranaguá,Paranaguá,2020-08-13,2762,78,61,2
Paranaguá,Paranaguá,2020-08-14,2806,44,61,0
Paranaguá,Paranaguá,2020-08-15,2840,34,61,0
Paranaguá,Paranaguá,2020-08-16,2867,27,61,0
Paranaguá,Paranaguá,2020-08-17,2868,1,66,5
Paranaguá,Paranaguá,2020-08-18,2896,28,66,0
Paranaguá,Paranaguá,2020-08-19,2896,0,66,0
Paranaguá,Paranaguá,2020-08-20,2957,61,66,0
Paranaguá,Paranaguá,2020-08-21,2986,29,67,1
Paranaguá,Paranaguá,2020-08-22,3021,35,67,0
Paranaguá,Paranaguá,2020-08-23,3033,12,67,0
Paranaguá,Paranaguá,2020-08-24,3072,39,67,0
Paranaguá,Paranaguá,2020-08-25,3076,4,69,2
Paranaguá,Paranaguá,2020-08-26,3077,1,69,0
Paranaguá,Paranaguá,2020-08-27,3100,23,69,0
Paranaguá,Paranaguá,2020-08-28,3148,48,70,1
Paranaguá,Paranaguá,2020-08-29,3167,19,70,0
Paranaguá,Paranaguá,2020-08-30,3177,10,70,0
Paranaguá,Paranaguá,2020-08-31,3238,61,70,0
Paranaguá,Paranaguá,2020-09-01,3252,14,72,2
Paranaguá,Paranaguá,2020-09-02,3273,21,72,0
Paranaguá,Paranaguá,2020-09-03,3303,30,73,1
Paranaguá,Paranaguá,2020-09-04,3351,48,74,1
Paranaguá,Paranaguá,2020-09-05,3381,30,74,0
Paranaguá,Paranaguá,2020-09-06,3402,21,74,0
Paranaguá,Paranaguá,2020-09-07,3413,11,74,0
Paranaguá,Paranaguá,2020-09-08,3413,0,74,0
Paranaguá,Paranaguá,2020-09-09,3453,40,78,4
Paranaguá,Paranaguá,2020-09-10,3464,11,78,0
Paranaguá,Paranaguá,2020-09-11,3522,58,78,0
Paranaguá,Paranaguá,2020-09-12,3571,49,78,0
Paranaguá,Paranaguá,2020-09-13,3573,2,78,0
Paranaguá,Paranaguá,2020-09-14,3605,32,79,1
Paranaguá,Paranaguá,2020-09-15,3615,10,79,0
Paranaguá,Paranaguá,2020-09-16,3620,5,80,1
Paranaguá,Paranaguá,2020-09-17,3689,69,80,0
Paranaguá,Paranaguá,2020-09-18,3707,18,81,1
Paranaguá,Paranaguá,2020-09-19,3765,58,81,0
Paranaguá,Paranaguá,2020-09-20,3806,41,81,0
Paranaguá,Paranaguá,2020-09-21,3823,17,81,0
Paranaguá,Paranaguá,2020-09-22,3923,100,82,1
Paranaguá,Paranaguá,2020-09-23,3930,7,82,0
Paranaguá,Paranaguá,2020-09-24,3987,57,82,0
Paranaguá,Paranaguá,2020-09-25,4015,28,85,3
Paranaguá,Paranaguá,2020-09-26,4044,29,85,0
Paranaguá,Paranaguá,2020-09-27,4049,5,85,0
Paranaguá,Paranaguá,2020-09-28,4063,14,85,0
Paranaguá,Paranaguá,2020-09-29,4083,20,88,3
Paranaguá,Paranaguá,2020-09-30,4092,9,88,0
Paranaguá,Paranaguá,2020-10-01,4150,58,88,0
Paranaguá,Paranaguá,2020-10-02,4176,26,88,0
Paranaguá,Paranaguá,2020-10-03,4190,14,88,0
Paranaguá,Paranaguá,2020-10-04,4194,4,88,0
Paranaguá,Paranaguá,2020-10-05,4193,-1,88,0
Paranaguá,Paranaguá,2020-10-06,4204,11,89,1
Paranaguá,Paranaguá,2020-10-07,4234,30,89,0
Paranaguá,Paranaguá,2020-10-08,4239,5,89,0
Paranaguá,Paranaguá,2020-10-09,4248,9,89,0
Paranaguá,Paranaguá,2020-10-10,4298,50,89,0
Paranaguá,Paranaguá,2020-10-11,4299,1,89,0
Paranaguá,Paranaguá,2020-10-12,4407,108,89,0
Paranaguá,Paranaguá,2020-10-13,4443,36,89,0
Paranaguá,Paranaguá,2020-10-14,4456,13,89,0
Paranaguá,Paranaguá,2020-10-15,4477,21,90,1
Paranaguá,Paranaguá,2020-10-16,4512,35,90,0
Paranaguá,Paranaguá,2020-10-17,4514,2,90,0
Paranaguá,Paranaguá,2020-10-18,4523,9,90,0
Paranaguá,Paranaguá,2020-10-19,4545,22,90,0
Paranaguá,Paranaguá,2020-10-20,4555,10,91,1
Paranaguá,Paranaguá,2020-10-21,4561,6,91,0
Paranaguá,Paranaguá,2020-10-22,4597,36,92,1
Paranaguá,Paranaguá,2020-10-23,4620,23,92,0
Paranaguá,Paranaguá,2020-10-24,4643,23,92,0
Paranaguá,Paranaguá,2020-10-25,4643,0,92,0
Paranaguá,Paranaguá,2020-10-26,4670,27,92,0
Paranaguá,Paranaguá,2020-10-27,4719,49,92,0
Paranaguá,Paranaguá,2020-10-28,4750,31,93,1
Paranaguá,Paranaguá,2020-10-29,4762,12,93,0
Paranaguá,Paranaguá,2020-10-30,4763,1,95,2
Paranaguá,Paranaguá,2020-10-31,4763,0,95,0
Paranaguá,Paranaguá,2020-11-01,4763,0,95,0
Paranaguá,Paranaguá,2020-11-02,4763,0,95,0
Paranaguá,Paranaguá,2020-11-03,4815,52,95,0
Paranaguá,Paranaguá,2020-11-04,4872,57,95,0
Paranaguá,Paranaguá,2020-11-05,4911,39,95,0
Paranaguá,Paranaguá,2020-11-06,4925,14,96,1
Paranaguá,Paranaguá,2020-11-07,4927,2,97,1
Paranaguá,Paranaguá,2020-11-08,4927,0,97,0
Paranaguá,Paranaguá,2020-11-09,4973,46,97,0
Paranaguá,Paranaguá,2020-11-10,4988,15,97,0
Paranaguá,Paranaguá,2020-11-11,5004,16,97,0
Paranaguá,Paranaguá,2020-11-12,5060,56,97,0
Paranaguá,Paranaguá,2020-11-13,5060,0,97,0
Paranaguá,Paranaguá,2020-11-14,5318,258,97,0
Paranaguá,Paranaguá,2020-11-15,5318,0,97,0
Paranaguá,Paranaguá,2020-11-16,5322,4,99,2
Paranaguá,Paranaguá,2020-11-17,5394,72,100,1
Paranaguá,Paranaguá,2020-11-18,5440,46,100,0
Paranaguá,Paranaguá,2020-11-19,5477,37,100,0
Paranaguá,Paranaguá,2020-11-20,5507,30,100,0
Paranaguá,Paranaguá,2020-11-21,5509,2,100,0
Paranaguá,Paranaguá,2020-11-22,5509,0,100,0
Paranaguá,Paranaguá,2020-11-23,5510,1,100,0
Paranaguá,Paranaguá,2020-11-24,5524,14,101,1
Paranaguá,Paranaguá,2020-11-25,5535,11,101,0
Paranaguá,Paranaguá,2020-11-26,5569,34,103,2
Paranaguá,Paranaguá,2020-11-27,5608,39,103,0
Paranaguá,Paranaguá,2020-11-28,5675,67,104,1
Paranaguá,Paranaguá,2020-11-29,5703,28,104,0
Paranaguá,Paranaguá,2020-11-30,5709,6,105,1
Paranaguá,Paranaguá,2020-12-01,5794,85,107,2
Paranaguá,Paranaguá,2020-12-02,5862,68,107,0
Paranaguá,Paranaguá,2020-12-03,5940,78,108,1
Paranaguá,Paranaguá,2020-12-04,6016,76,109,1
Paranaguá,Paranaguá,2020-12-05,6050,34,109,0
Paranaguá,Paranaguá,2020-12-06,6050,0,109,0
Paranaguá,Paranaguá,2020-12-07,6062,12,109,0
Paranaguá,Paranaguá,2020-12-08,6066,4,109,0
Paranaguá,Paranaguá,2020-12-09,6128,62,110,1
Paranaguá,Paranaguá,2020-12-10,6197,69,110,0
Paranaguá,Paranaguá,2020-12-11,6216,19,111,1
Paranaguá,Paranaguá,2020-12-12,6222,6,113,2
Paranaguá,Paranaguá,2020-12-13,6222,0,113,0
Paranaguá,Paranaguá,2020-12-14,6278,56,113,0
Paranaguá,Paranaguá,2020-12-15,6368,90,113,0
Paranaguá,Paranaguá,2020-12-16,6581,213,118,5
Paranaguá,Paranaguá,2020-12-17,6723,142,120,2
Paranaguá,Paranaguá,2020-12-18,6902,179,124,4
Paranaguá,Paranaguá,2020-12-19,6995,93,124,0
Paranaguá,Paranaguá,2020-12-20,7005,10,124,0
Paranaguá,Paranaguá,2020-12-21,7043,38,124,0
Paranaguá,Paranaguá,2020-12-22,7198,155,126,2
Paranaguá,Paranaguá,2020-12-23,7262,64,126,0
Paranaguá,Paranaguá,2020-12-24,7296,34,127,1
Paranaguá,Paranaguá,2020-12-25,7313,17,127,0
Paranaguá,Paranaguá,2020-12-26,7313,0,127,0
Paranaguá,Paranaguá,2020-12-27,7313,0,127,0
Paranaguá,Paranaguá,2020-12-28,7369,56,127,0
Paranaguá,Paranaguá,2020-12-29,7527,158,129,2
Paranaguá,Paranaguá,2020-12-30,7664,137,129,0
Paranaguá,Paranaguá,2020-12-31,7733,69,129,0
Paranaguá,Paranaguá,2021-01-01,7733,0,129,0
Paranaguá,Paranaguá,2021-01-02,7733,0,129,0
Paranaguá,Paranaguá,2021-01-03,7733,0,129,0
Paranaguá,Paranaguá,2021-01-04,7733,0,129,0
Paranaguá,Paranaguá,2021-01-05,7822,89,131,2
Paranaguá,Paranaguá,2021-01-06,7893,71,132,1
Paranaguá,Paranaguá,2021-01-07,9227,1334,142,10
Paranaguá,Paranaguá,2021-01-08,9227,0,142,0
Paranaguá,Paranaguá,2021-01-09,9344,117,144,2
Paranaguá,Paranaguá,2021-01-10,9344,0,144,0
Paranaguá,Paranaguá,2021-01-11,9345,1,144,0
Paranaguá,Paranaguá,2021-01-12,9540,195,147,3
Paranaguá,Paranaguá,2021-01-13,9526,-14,149,2
Paranaguá,Paranaguá,2021-01-14,9756,230,150,1
Paranaguá,Paranaguá,2021-01-15,9827,71,150,0
Paranaguá,Paranaguá,2021-01-16,9968,141,150,0
Paranaguá,Paranaguá,2021-01-17,9968,0,150,0
Paranaguá,Paranaguá,2021-01-18,9971,3,150,0
Paranaguá,Paranaguá,2021-01-19,10076,105,151,1
Paranaguá,Paranaguá,2021-01-20,10224,148,151,0
Paranaguá,Paranaguá,2021-01-21,10331,107,156,5
Paranaguá,Paranaguá,2021-01-22,10363,32,157,1
Paranaguá,Paranaguá,2021-01-23,10407,44,158,1
Paranaguá,Paranaguá,2021-01-24,10407,0,158,0
Paranaguá,Paranaguá,2021-01-25,10418,11,159,1
Paranaguá,Paranaguá,2021-01-26,10529,111,159,0
Paranaguá,Paranaguá,2021-01-27,10613,84,160,1
Paranaguá,Paranaguá,2021-01-28,10716,103,162,2
Paranaguá,Paranaguá,2021-01-29,10762,46,163,1
Paranaguá,Paranaguá,2021-01-30,10817,55,163,0
Paranaguá,Paranaguá,2021-01-31,10847,30,163,0
Paranaguá,Paranaguá,2021-02-01,10883,36,163,0
Paranaguá,Paranaguá,2021-02-02,10922,39,164,1
Paranaguá,Paranaguá,2021-02-03,10979,57,164,0
Paranaguá,Paranaguá,2021-02-04,11098,119,165,1
Paranaguá,Paranaguá,2021-02-05,11143,45,165,0
Paranaguá,Paranaguá,2021-02-06,11417,274,166,1
Paranaguá,Paranaguá,2021-02-07,11452,35,166,0
Paranaguá,Paranaguá,2021-02-08,11459,7,166,0
