city,city,date,cases,daily cases,deaths,daily deaths
Paripueira,Paripueira,2020-03-27,0,0,0,0
Paripueira,Paripueira,2020-03-28,0,0,0,0
Paripueira,Paripueira,2020-03-29,0,0,0,0
Paripueira,Paripueira,2020-03-30,0,0,0,0
Paripueira,Paripueira,2020-03-31,0,0,0,0
Paripueira,Paripueira,2020-04-01,0,0,0,0
Paripueira,Paripueira,2020-04-02,0,0,0,0
Paripueira,Paripueira,2020-04-03,0,0,0,0
Paripueira,Paripueira,2020-04-04,0,0,0,0
Paripueira,Paripueira,2020-04-05,0,0,0,0
Paripueira,Paripueira,2020-04-06,0,0,0,0
Paripueira,Paripueira,2020-04-07,0,0,0,0
Paripueira,Paripueira,2020-04-08,0,0,0,0
Paripueira,Paripueira,2020-04-09,0,0,0,0
Paripueira,Paripueira,2020-04-10,0,0,0,0
Paripueira,Paripueira,2020-04-11,0,0,0,0
Paripueira,Paripueira,2020-04-12,0,0,0,0
Paripueira,Paripueira,2020-04-13,0,0,0,0
Paripueira,Paripueira,2020-04-14,0,0,0,0
Paripueira,Paripueira,2020-04-15,0,0,0,0
Paripueira,Paripueira,2020-04-16,0,0,0,0
Paripueira,Paripueira,2020-04-17,0,0,0,0
Paripueira,Paripueira,2020-04-18,0,0,0,0
Paripueira,Paripueira,2020-04-19,0,0,0,0
Paripueira,Paripueira,2020-04-20,0,0,0,0
Paripueira,Paripueira,2020-04-21,0,0,0,0
Paripueira,Paripueira,2020-04-22,0,0,0,0
Paripueira,Paripueira,2020-04-23,1,1,1,1
Paripueira,Paripueira,2020-04-24,1,0,1,0
Paripueira,Paripueira,2020-04-25,1,0,1,0
Paripueira,Paripueira,2020-04-26,1,0,1,0
Paripueira,Paripueira,2020-04-27,1,0,1,0
Paripueira,Paripueira,2020-04-28,1,0,1,0
Paripueira,Paripueira,2020-04-29,1,0,1,0
Paripueira,Paripueira,2020-04-30,1,0,1,0
Paripueira,Paripueira,2020-05-01,1,0,1,0
Paripueira,Paripueira,2020-05-02,1,0,1,0
Paripueira,Paripueira,2020-05-03,2,1,2,1
Paripueira,Paripueira,2020-05-04,2,0,2,0
Paripueira,Paripueira,2020-05-05,3,1,2,0
Paripueira,Paripueira,2020-05-06,5,2,2,0
Paripueira,Paripueira,2020-05-07,5,0,2,0
Paripueira,Paripueira,2020-05-08,7,2,2,0
Paripueira,Paripueira,2020-05-09,7,0,2,0
Paripueira,Paripueira,2020-05-10,7,0,3,1
Paripueira,Paripueira,2020-05-11,7,0,3,0
Paripueira,Paripueira,2020-05-12,7,0,3,0
Paripueira,Paripueira,2020-05-13,7,0,3,0
Paripueira,Paripueira,2020-05-14,7,0,3,0
Paripueira,Paripueira,2020-05-15,8,1,3,0
Paripueira,Paripueira,2020-05-16,9,1,3,0
Paripueira,Paripueira,2020-05-17,12,3,3,0
Paripueira,Paripueira,2020-05-18,12,0,3,0
Paripueira,Paripueira,2020-05-19,13,1,3,0
Paripueira,Paripueira,2020-05-20,13,0,3,0
Paripueira,Paripueira,2020-05-21,16,3,3,0
Paripueira,Paripueira,2020-05-22,16,0,3,0
Paripueira,Paripueira,2020-05-23,16,0,3,0
Paripueira,Paripueira,2020-05-24,19,3,3,0
Paripueira,Paripueira,2020-05-25,19,0,3,0
Paripueira,Paripueira,2020-05-26,21,2,3,0
Paripueira,Paripueira,2020-05-27,24,3,3,0
Paripueira,Paripueira,2020-05-28,24,0,3,0
Paripueira,Paripueira,2020-05-29,25,1,3,0
Paripueira,Paripueira,2020-05-30,26,1,3,0
Paripueira,Paripueira,2020-05-31,27,1,3,0
Paripueira,Paripueira,2020-06-01,28,1,3,0
Paripueira,Paripueira,2020-06-02,28,0,4,1
Paripueira,Paripueira,2020-06-03,33,5,4,0
Paripueira,Paripueira,2020-06-04,34,1,4,0
Paripueira,Paripueira,2020-06-05,35,1,4,0
Paripueira,Paripueira,2020-06-06,37,2,4,0
Paripueira,Paripueira,2020-06-07,43,6,4,0
Paripueira,Paripueira,2020-06-08,43,0,4,0
Paripueira,Paripueira,2020-06-09,46,3,4,0
Paripueira,Paripueira,2020-06-10,48,2,4,0
Paripueira,Paripueira,2020-06-11,49,1,4,0
Paripueira,Paripueira,2020-06-12,53,4,4,0
Paripueira,Paripueira,2020-06-13,57,4,6,2
Paripueira,Paripueira,2020-06-14,58,1,6,0
Paripueira,Paripueira,2020-06-15,58,0,6,0
Paripueira,Paripueira,2020-06-16,63,5,6,0
Paripueira,Paripueira,2020-06-17,64,1,6,0
Paripueira,Paripueira,2020-06-18,67,3,6,0
Paripueira,Paripueira,2020-06-19,68,1,6,0
Paripueira,Paripueira,2020-06-20,70,2,6,0
Paripueira,Paripueira,2020-06-21,70,0,6,0
Paripueira,Paripueira,2020-06-22,71,1,6,0
Paripueira,Paripueira,2020-06-23,72,1,6,0
Paripueira,Paripueira,2020-06-24,76,4,6,0
Paripueira,Paripueira,2020-06-25,78,2,6,0
Paripueira,Paripueira,2020-06-26,79,1,6,0
Paripueira,Paripueira,2020-06-27,80,1,6,0
Paripueira,Paripueira,2020-06-28,81,1,6,0
Paripueira,Paripueira,2020-06-29,81,0,7,1
Paripueira,Paripueira,2020-06-30,81,0,7,0
Paripueira,Paripueira,2020-07-01,83,2,7,0
Paripueira,Paripueira,2020-07-02,84,1,7,0
Paripueira,Paripueira,2020-07-03,93,9,7,0
Paripueira,Paripueira,2020-07-04,94,1,7,0
Paripueira,Paripueira,2020-07-05,94,0,7,0
Paripueira,Paripueira,2020-07-06,95,1,7,0
Paripueira,Paripueira,2020-07-07,97,2,7,0
Paripueira,Paripueira,2020-07-08,99,2,7,0
Paripueira,Paripueira,2020-07-09,100,1,7,0
Paripueira,Paripueira,2020-07-10,100,0,7,0
Paripueira,Paripueira,2020-07-11,102,2,7,0
Paripueira,Paripueira,2020-07-12,102,0,7,0
Paripueira,Paripueira,2020-07-13,102,0,7,0
Paripueira,Paripueira,2020-07-14,103,1,7,0
Paripueira,Paripueira,2020-07-15,104,1,8,1
Paripueira,Paripueira,2020-07-16,105,1,9,1
Paripueira,Paripueira,2020-07-17,107,2,9,0
Paripueira,Paripueira,2020-07-18,108,1,10,1
Paripueira,Paripueira,2020-07-19,109,1,10,0
Paripueira,Paripueira,2020-07-20,109,0,10,0
Paripueira,Paripueira,2020-07-21,109,0,10,0
Paripueira,Paripueira,2020-07-22,111,2,10,0
Paripueira,Paripueira,2020-07-23,111,0,10,0
Paripueira,Paripueira,2020-07-24,111,0,10,0
Paripueira,Paripueira,2020-07-25,112,1,10,0
Paripueira,Paripueira,2020-07-26,112,0,10,0
Paripueira,Paripueira,2020-07-27,112,0,10,0
Paripueira,Paripueira,2020-07-28,113,1,10,0
Paripueira,Paripueira,2020-07-29,116,3,10,0
Paripueira,Paripueira,2020-07-30,116,0,10,0
Paripueira,Paripueira,2020-07-31,116,0,10,0
Paripueira,Paripueira,2020-08-01,116,0,10,0
Paripueira,Paripueira,2020-08-02,116,0,10,0
Paripueira,Paripueira,2020-08-03,116,0,10,0
Paripueira,Paripueira,2020-08-04,117,1,10,0
Paripueira,Paripueira,2020-08-05,117,0,10,0
Paripueira,Paripueira,2020-08-06,117,0,10,0
Paripueira,Paripueira,2020-08-07,118,1,10,0
Paripueira,Paripueira,2020-08-08,118,0,10,0
Paripueira,Paripueira,2020-08-09,119,1,10,0
Paripueira,Paripueira,2020-08-10,119,0,10,0
Paripueira,Paripueira,2020-08-11,119,0,10,0
Paripueira,Paripueira,2020-08-12,121,2,10,0
Paripueira,Paripueira,2020-08-13,121,0,10,0
Paripueira,Paripueira,2020-08-14,121,0,10,0
Paripueira,Paripueira,2020-08-15,121,0,10,0
Paripueira,Paripueira,2020-08-16,121,0,10,0
Paripueira,Paripueira,2020-08-17,121,0,10,0
Paripueira,Paripueira,2020-08-18,121,0,10,0
Paripueira,Paripueira,2020-08-19,121,0,10,0
Paripueira,Paripueira,2020-08-20,121,0,10,0
Paripueira,Paripueira,2020-08-21,121,0,10,0
Paripueira,Paripueira,2020-08-22,121,0,10,0
Paripueira,Paripueira,2020-08-23,121,0,10,0
Paripueira,Paripueira,2020-08-24,121,0,10,0
Paripueira,Paripueira,2020-08-25,121,0,10,0
Paripueira,Paripueira,2020-08-26,121,0,10,0
Paripueira,Paripueira,2020-08-27,122,1,10,0
Paripueira,Paripueira,2020-08-28,123,1,10,0
Paripueira,Paripueira,2020-08-29,123,0,10,0
Paripueira,Paripueira,2020-08-30,123,0,10,0
Paripueira,Paripueira,2020-08-31,123,0,10,0
Paripueira,Paripueira,2020-09-01,124,1,10,0
Paripueira,Paripueira,2020-09-02,124,0,10,0
Paripueira,Paripueira,2020-09-03,124,0,10,0
Paripueira,Paripueira,2020-09-04,124,0,10,0
Paripueira,Paripueira,2020-09-05,125,1,10,0
Paripueira,Paripueira,2020-09-06,126,1,10,0
Paripueira,Paripueira,2020-09-07,126,0,10,0
Paripueira,Paripueira,2020-09-08,126,0,10,0
Paripueira,Paripueira,2020-09-09,126,0,10,0
Paripueira,Paripueira,2020-09-10,126,0,10,0
Paripueira,Paripueira,2020-09-11,126,0,10,0
Paripueira,Paripueira,2020-09-12,126,0,10,0
Paripueira,Paripueira,2020-09-13,171,45,10,0
Paripueira,Paripueira,2020-09-14,171,0,10,0
Paripueira,Paripueira,2020-09-15,171,0,10,0
Paripueira,Paripueira,2020-09-16,171,0,10,0
Paripueira,Paripueira,2020-09-17,171,0,10,0
Paripueira,Paripueira,2020-09-18,171,0,10,0
Paripueira,Paripueira,2020-09-19,181,10,10,0
Paripueira,Paripueira,2020-09-20,181,0,10,0
Paripueira,Paripueira,2020-09-21,181,0,10,0
Paripueira,Paripueira,2020-09-22,181,0,10,0
Paripueira,Paripueira,2020-09-23,181,0,10,0
Paripueira,Paripueira,2020-09-24,181,0,10,0
Paripueira,Paripueira,2020-09-25,181,0,10,0
Paripueira,Paripueira,2020-09-26,181,0,10,0
Paripueira,Paripueira,2020-09-27,181,0,10,0
Paripueira,Paripueira,2020-09-28,181,0,10,0
Paripueira,Paripueira,2020-09-29,181,0,10,0
Paripueira,Paripueira,2020-09-30,181,0,10,0
Paripueira,Paripueira,2020-10-01,181,0,10,0
Paripueira,Paripueira,2020-10-02,181,0,10,0
Paripueira,Paripueira,2020-10-03,181,0,10,0
Paripueira,Paripueira,2020-10-04,181,0,10,0
Paripueira,Paripueira,2020-10-05,181,0,10,0
Paripueira,Paripueira,2020-10-06,181,0,10,0
Paripueira,Paripueira,2020-10-07,181,0,10,0
Paripueira,Paripueira,2020-10-08,181,0,10,0
Paripueira,Paripueira,2020-10-09,181,0,10,0
Paripueira,Paripueira,2020-10-10,183,2,10,0
Paripueira,Paripueira,2020-10-11,184,1,10,0
Paripueira,Paripueira,2020-10-12,184,0,10,0
Paripueira,Paripueira,2020-10-13,184,0,10,0
Paripueira,Paripueira,2020-10-14,184,0,10,0
Paripueira,Paripueira,2020-10-15,184,0,10,0
Paripueira,Paripueira,2020-10-16,184,0,10,0
Paripueira,Paripueira,2020-10-17,184,0,10,0
Paripueira,Paripueira,2020-10-18,187,3,10,0
Paripueira,Paripueira,2020-10-19,187,0,10,0
Paripueira,Paripueira,2020-10-20,187,0,10,0
Paripueira,Paripueira,2020-10-21,187,0,10,0
Paripueira,Paripueira,2020-10-22,187,0,10,0
Paripueira,Paripueira,2020-10-23,187,0,10,0
Paripueira,Paripueira,2020-10-24,187,0,10,0
Paripueira,Paripueira,2020-10-25,188,1,11,1
Paripueira,Paripueira,2020-10-26,188,0,11,0
Paripueira,Paripueira,2020-10-27,190,2,11,0
Paripueira,Paripueira,2020-10-28,188,-2,11,0
Paripueira,Paripueira,2020-10-29,188,0,11,0
Paripueira,Paripueira,2020-10-30,188,0,11,0
Paripueira,Paripueira,2020-10-31,188,0,11,0
Paripueira,Paripueira,2020-11-01,188,0,11,0
Paripueira,Paripueira,2020-11-02,188,0,11,0
Paripueira,Paripueira,2020-11-03,189,1,11,0
Paripueira,Paripueira,2020-11-04,189,0,11,0
Paripueira,Paripueira,2020-11-05,189,0,11,0
Paripueira,Paripueira,2020-11-06,189,0,11,0
Paripueira,Paripueira,2020-11-07,189,0,11,0
Paripueira,Paripueira,2020-11-08,189,0,11,0
Paripueira,Paripueira,2020-11-09,189,0,11,0
Paripueira,Paripueira,2020-11-10,189,0,11,0
Paripueira,Paripueira,2020-11-11,189,0,11,0
Paripueira,Paripueira,2020-11-12,189,0,11,0
Paripueira,Paripueira,2020-11-13,189,0,11,0
Paripueira,Paripueira,2020-11-14,189,0,11,0
Paripueira,Paripueira,2020-11-15,189,0,11,0
Paripueira,Paripueira,2020-11-16,189,0,11,0
Paripueira,Paripueira,2020-11-17,190,1,11,0
Paripueira,Paripueira,2020-11-18,190,0,11,0
Paripueira,Paripueira,2020-11-19,190,0,11,0
Paripueira,Paripueira,2020-11-20,190,0,11,0
Paripueira,Paripueira,2020-11-21,190,0,11,0
Paripueira,Paripueira,2020-11-22,190,0,11,0
Paripueira,Paripueira,2020-11-23,190,0,11,0
Paripueira,Paripueira,2020-11-24,190,0,11,0
Paripueira,Paripueira,2020-11-25,190,0,11,0
Paripueira,Paripueira,2020-11-26,190,0,11,0
Paripueira,Paripueira,2020-11-27,190,0,11,0
Paripueira,Paripueira,2020-11-28,190,0,11,0
Paripueira,Paripueira,2020-11-29,190,0,11,0
Paripueira,Paripueira,2020-11-30,190,0,11,0
Paripueira,Paripueira,2020-12-01,191,1,11,0
Paripueira,Paripueira,2020-12-02,191,0,11,0
Paripueira,Paripueira,2020-12-03,191,0,11,0
Paripueira,Paripueira,2020-12-04,191,0,11,0
Paripueira,Paripueira,2020-12-05,191,0,11,0
Paripueira,Paripueira,2020-12-06,191,0,11,0
Paripueira,Paripueira,2020-12-07,191,0,11,0
Paripueira,Paripueira,2020-12-08,191,0,11,0
Paripueira,Paripueira,2020-12-09,191,0,11,0
Paripueira,Paripueira,2020-12-10,191,0,11,0
Paripueira,Paripueira,2020-12-11,191,0,11,0
Paripueira,Paripueira,2020-12-12,192,1,11,0
Paripueira,Paripueira,2020-12-13,193,1,11,0
Paripueira,Paripueira,2020-12-14,193,0,11,0
Paripueira,Paripueira,2020-12-15,193,0,11,0
Paripueira,Paripueira,2020-12-16,195,2,11,0
Paripueira,Paripueira,2020-12-17,195,0,11,0
Paripueira,Paripueira,2020-12-18,196,1,11,0
Paripueira,Paripueira,2020-12-19,197,1,11,0
Paripueira,Paripueira,2020-12-20,198,1,11,0
Paripueira,Paripueira,2020-12-21,198,0,11,0
Paripueira,Paripueira,2020-12-22,198,0,11,0
Paripueira,Paripueira,2020-12-23,198,0,11,0
Paripueira,Paripueira,2020-12-24,199,1,11,0
Paripueira,Paripueira,2020-12-25,199,0,11,0
Paripueira,Paripueira,2020-12-26,199,0,11,0
Paripueira,Paripueira,2020-12-27,199,0,11,0
Paripueira,Paripueira,2020-12-28,199,0,11,0
Paripueira,Paripueira,2020-12-29,200,1,11,0
Paripueira,Paripueira,2020-12-30,200,0,11,0
Paripueira,Paripueira,2020-12-31,200,0,11,0
Paripueira,Paripueira,2021-01-01,200,0,11,0
Paripueira,Paripueira,2021-01-02,200,0,11,0
Paripueira,Paripueira,2021-01-03,200,0,11,0
Paripueira,Paripueira,2021-01-04,200,0,11,0
Paripueira,Paripueira,2021-01-05,200,0,11,0
Paripueira,Paripueira,2021-01-06,200,0,11,0
Paripueira,Paripueira,2021-01-07,200,0,11,0
Paripueira,Paripueira,2021-01-08,200,0,11,0
Paripueira,Paripueira,2021-01-09,200,0,11,0
Paripueira,Paripueira,2021-01-10,200,0,11,0
Paripueira,Paripueira,2021-01-11,200,0,11,0
Paripueira,Paripueira,2021-01-12,200,0,11,0
Paripueira,Paripueira,2021-01-13,201,1,11,0
Paripueira,Paripueira,2021-01-14,201,0,11,0
Paripueira,Paripueira,2021-01-15,201,0,11,0
Paripueira,Paripueira,2021-01-16,201,0,11,0
Paripueira,Paripueira,2021-01-17,202,1,11,0
Paripueira,Paripueira,2021-01-18,202,0,11,0
Paripueira,Paripueira,2021-01-19,203,1,11,0
Paripueira,Paripueira,2021-01-20,204,1,11,0
Paripueira,Paripueira,2021-01-21,204,0,11,0
Paripueira,Paripueira,2021-01-22,205,1,11,0
Paripueira,Paripueira,2021-01-23,207,2,11,0
Paripueira,Paripueira,2021-01-24,209,2,11,0
Paripueira,Paripueira,2021-01-25,209,0,11,0
Paripueira,Paripueira,2021-01-26,209,0,11,0
Paripueira,Paripueira,2021-01-27,209,0,11,0
Paripueira,Paripueira,2021-01-28,210,1,11,0
Paripueira,Paripueira,2021-01-29,210,0,11,0
Paripueira,Paripueira,2021-01-30,211,1,11,0
Paripueira,Paripueira,2021-01-31,211,0,11,0
Paripueira,Paripueira,2021-02-01,211,0,11,0
Paripueira,Paripueira,2021-02-02,211,0,11,0
Paripueira,Paripueira,2021-02-03,211,0,11,0
Paripueira,Paripueira,2021-02-04,211,0,11,0
Paripueira,Paripueira,2021-02-05,211,0,11,0
Paripueira,Paripueira,2021-02-06,211,0,11,0
Paripueira,Paripueira,2021-02-07,211,0,11,0
Paripueira,Paripueira,2021-02-08,211,0,11,0
