city,city,date,cases,daily cases,deaths,daily deaths
Passira,Passira,2020-03-27,0,0,0,0
Passira,Passira,2020-03-28,0,0,0,0
Passira,Passira,2020-03-29,0,0,0,0
Passira,Passira,2020-03-30,0,0,0,0
Passira,Passira,2020-03-31,0,0,0,0
Passira,Passira,2020-04-01,0,0,0,0
Passira,Passira,2020-04-02,0,0,0,0
Passira,Passira,2020-04-03,0,0,0,0
Passira,Passira,2020-04-04,0,0,0,0
Passira,Passira,2020-04-05,0,0,0,0
Passira,Passira,2020-04-06,0,0,0,0
Passira,Passira,2020-04-07,0,0,0,0
Passira,Passira,2020-04-08,1,1,0,0
Passira,Passira,2020-04-09,1,0,0,0
Passira,Passira,2020-04-10,1,0,0,0
Passira,Passira,2020-04-11,1,0,0,0
Passira,Passira,2020-04-12,1,0,0,0
Passira,Passira,2020-04-13,1,0,0,0
Passira,Passira,2020-04-14,1,0,0,0
Passira,Passira,2020-04-15,1,0,0,0
Passira,Passira,2020-04-16,1,0,0,0
Passira,Passira,2020-04-17,1,0,0,0
Passira,Passira,2020-04-18,1,0,0,0
Passira,Passira,2020-04-19,1,0,0,0
Passira,Passira,2020-04-20,1,0,0,0
Passira,Passira,2020-04-21,3,2,0,0
Passira,Passira,2020-04-22,3,0,0,0
Passira,Passira,2020-04-23,3,0,0,0
Passira,Passira,2020-04-24,3,0,0,0
Passira,Passira,2020-04-25,3,0,0,0
Passira,Passira,2020-04-26,3,0,0,0
Passira,Passira,2020-04-27,3,0,0,0
Passira,Passira,2020-04-28,3,0,0,0
Passira,Passira,2020-04-29,4,1,0,0
Passira,Passira,2020-04-30,8,4,0,0
Passira,Passira,2020-05-01,9,1,0,0
Passira,Passira,2020-05-02,13,4,0,0
Passira,Passira,2020-05-03,14,1,0,0
Passira,Passira,2020-05-04,16,2,0,0
Passira,Passira,2020-05-05,16,0,0,0
Passira,Passira,2020-05-06,16,0,0,0
Passira,Passira,2020-05-07,18,2,0,0
Passira,Passira,2020-05-08,21,3,0,0
Passira,Passira,2020-05-09,21,0,0,0
Passira,Passira,2020-05-10,22,1,0,0
Passira,Passira,2020-05-11,23,1,0,0
Passira,Passira,2020-05-12,24,1,1,1
Passira,Passira,2020-05-13,24,0,1,0
Passira,Passira,2020-05-14,26,2,1,0
Passira,Passira,2020-05-15,26,0,1,0
Passira,Passira,2020-05-16,34,8,1,0
Passira,Passira,2020-05-17,36,2,2,1
Passira,Passira,2020-05-18,36,0,2,0
Passira,Passira,2020-05-19,37,1,2,0
Passira,Passira,2020-05-20,44,7,4,2
Passira,Passira,2020-05-21,48,4,4,0
Passira,Passira,2020-05-22,49,1,4,0
Passira,Passira,2020-05-23,52,3,4,0
Passira,Passira,2020-05-24,54,2,4,0
Passira,Passira,2020-05-25,55,1,4,0
Passira,Passira,2020-05-26,56,1,4,0
Passira,Passira,2020-05-27,56,0,4,0
Passira,Passira,2020-05-28,56,0,5,1
Passira,Passira,2020-05-29,57,1,5,0
Passira,Passira,2020-05-30,68,11,5,0
Passira,Passira,2020-05-31,76,8,5,0
Passira,Passira,2020-06-01,76,0,5,0
Passira,Passira,2020-06-02,76,0,5,0
Passira,Passira,2020-06-03,76,0,5,0
Passira,Passira,2020-06-04,114,38,5,0
Passira,Passira,2020-06-05,115,1,5,0
Passira,Passira,2020-06-06,115,0,5,0
Passira,Passira,2020-06-07,115,0,5,0
Passira,Passira,2020-06-08,115,0,5,0
Passira,Passira,2020-06-09,116,1,5,0
Passira,Passira,2020-06-10,117,1,5,0
Passira,Passira,2020-06-11,120,3,5,0
Passira,Passira,2020-06-12,122,2,6,1
Passira,Passira,2020-06-13,124,2,6,0
Passira,Passira,2020-06-14,124,0,6,0
Passira,Passira,2020-06-15,124,0,6,0
Passira,Passira,2020-06-16,133,9,7,1
Passira,Passira,2020-06-17,137,4,7,0
Passira,Passira,2020-06-18,139,2,7,0
Passira,Passira,2020-06-19,140,1,7,0
Passira,Passira,2020-06-20,143,3,7,0
Passira,Passira,2020-06-21,163,20,7,0
Passira,Passira,2020-06-22,163,0,7,0
Passira,Passira,2020-06-23,163,0,9,2
Passira,Passira,2020-06-24,163,0,9,0
Passira,Passira,2020-06-25,163,0,9,0
Passira,Passira,2020-06-26,163,0,9,0
Passira,Passira,2020-06-27,165,2,9,0
Passira,Passira,2020-06-28,185,20,10,1
Passira,Passira,2020-06-29,185,0,10,0
Passira,Passira,2020-06-30,188,3,10,0
Passira,Passira,2020-07-01,188,0,10,0
Passira,Passira,2020-07-02,189,1,10,0
Passira,Passira,2020-07-03,190,1,10,0
Passira,Passira,2020-07-04,191,1,10,0
Passira,Passira,2020-07-05,193,2,11,1
Passira,Passira,2020-07-06,193,0,11,0
Passira,Passira,2020-07-07,193,0,12,1
Passira,Passira,2020-07-08,195,2,13,1
Passira,Passira,2020-07-09,195,0,13,0
Passira,Passira,2020-07-10,195,0,13,0
Passira,Passira,2020-07-11,197,2,13,0
Passira,Passira,2020-07-12,200,3,13,0
Passira,Passira,2020-07-13,200,0,13,0
Passira,Passira,2020-07-14,201,1,13,0
Passira,Passira,2020-07-15,201,0,13,0
Passira,Passira,2020-07-16,201,0,13,0
Passira,Passira,2020-07-17,201,0,14,1
Passira,Passira,2020-07-18,205,4,15,1
Passira,Passira,2020-07-19,207,2,15,0
Passira,Passira,2020-07-20,209,2,15,0
Passira,Passira,2020-07-21,210,1,15,0
Passira,Passira,2020-07-22,231,21,15,0
Passira,Passira,2020-07-23,244,13,15,0
Passira,Passira,2020-07-24,246,2,16,1
Passira,Passira,2020-07-25,250,4,16,0
Passira,Passira,2020-07-26,260,10,16,0
Passira,Passira,2020-07-27,276,16,16,0
Passira,Passira,2020-07-28,276,0,16,0
Passira,Passira,2020-07-29,276,0,16,0
Passira,Passira,2020-07-30,310,34,16,0
Passira,Passira,2020-07-31,312,2,16,0
Passira,Passira,2020-08-01,336,24,16,0
Passira,Passira,2020-08-02,342,6,16,0
Passira,Passira,2020-08-03,342,0,16,0
Passira,Passira,2020-08-04,348,6,16,0
Passira,Passira,2020-08-05,350,2,16,0
Passira,Passira,2020-08-06,350,0,16,0
Passira,Passira,2020-08-07,351,1,16,0
Passira,Passira,2020-08-08,358,7,16,0
Passira,Passira,2020-08-09,359,1,17,1
Passira,Passira,2020-08-10,359,0,17,0
Passira,Passira,2020-08-11,359,0,17,0
Passira,Passira,2020-08-12,366,7,17,0
Passira,Passira,2020-08-13,386,20,17,0
Passira,Passira,2020-08-14,392,6,17,0
Passira,Passira,2020-08-15,393,1,17,0
Passira,Passira,2020-08-16,402,9,17,0
Passira,Passira,2020-08-17,402,0,18,1
Passira,Passira,2020-08-18,405,3,19,1
Passira,Passira,2020-08-19,407,2,19,0
Passira,Passira,2020-08-20,409,2,19,0
Passira,Passira,2020-08-21,409,0,19,0
Passira,Passira,2020-08-22,410,1,20,1
Passira,Passira,2020-08-23,424,14,20,0
Passira,Passira,2020-08-24,424,0,20,0
Passira,Passira,2020-08-25,426,2,20,0
Passira,Passira,2020-08-26,428,2,21,1
Passira,Passira,2020-08-27,430,2,21,0
Passira,Passira,2020-08-28,447,17,21,0
Passira,Passira,2020-08-29,448,1,22,1
Passira,Passira,2020-08-30,460,12,22,0
Passira,Passira,2020-08-31,460,0,22,0
Passira,Passira,2020-09-01,469,9,23,1
Passira,Passira,2020-09-02,476,7,25,2
Passira,Passira,2020-09-03,483,7,25,0
Passira,Passira,2020-09-04,484,1,25,0
Passira,Passira,2020-09-05,485,1,25,0
Passira,Passira,2020-09-06,486,1,26,1
Passira,Passira,2020-09-07,486,0,26,0
Passira,Passira,2020-09-08,486,0,26,0
Passira,Passira,2020-09-09,498,12,27,1
Passira,Passira,2020-09-10,514,16,27,0
Passira,Passira,2020-09-11,517,3,27,0
Passira,Passira,2020-09-12,518,1,27,0
Passira,Passira,2020-09-13,518,0,27,0
Passira,Passira,2020-09-14,518,0,27,0
Passira,Passira,2020-09-15,522,4,28,1
Passira,Passira,2020-09-16,523,1,28,0
Passira,Passira,2020-09-17,540,17,28,0
Passira,Passira,2020-09-18,541,1,28,0
Passira,Passira,2020-09-19,543,2,28,0
Passira,Passira,2020-09-20,543,0,28,0
Passira,Passira,2020-09-21,543,0,28,0
Passira,Passira,2020-09-22,548,5,28,0
Passira,Passira,2020-09-23,548,0,28,0
Passira,Passira,2020-09-24,558,10,28,0
Passira,Passira,2020-09-25,570,12,28,0
Passira,Passira,2020-09-26,570,0,28,0
Passira,Passira,2020-09-27,570,0,28,0
Passira,Passira,2020-09-28,570,0,28,0
Passira,Passira,2020-09-29,571,1,28,0
Passira,Passira,2020-09-30,571,0,28,0
Passira,Passira,2020-10-01,576,5,28,0
Passira,Passira,2020-10-02,581,5,28,0
Passira,Passira,2020-10-03,581,0,28,0
Passira,Passira,2020-10-04,581,0,28,0
Passira,Passira,2020-10-05,581,0,28,0
Passira,Passira,2020-10-06,581,0,28,0
Passira,Passira,2020-10-07,595,14,28,0
Passira,Passira,2020-10-08,629,34,28,0
Passira,Passira,2020-10-09,627,-2,28,0
Passira,Passira,2020-10-10,627,0,28,0
Passira,Passira,2020-10-11,627,0,28,0
Passira,Passira,2020-10-12,627,0,28,0
Passira,Passira,2020-10-13,627,0,28,0
Passira,Passira,2020-10-14,626,-1,28,0
Passira,Passira,2020-10-15,623,-3,28,0
Passira,Passira,2020-10-16,625,2,29,1
Passira,Passira,2020-10-17,625,0,29,0
Passira,Passira,2020-10-18,625,0,29,0
Passira,Passira,2020-10-19,625,0,29,0
Passira,Passira,2020-10-20,631,6,31,2
Passira,Passira,2020-10-21,631,0,31,0
Passira,Passira,2020-10-22,633,2,31,0
Passira,Passira,2020-10-23,633,0,31,0
Passira,Passira,2020-10-24,637,4,31,0
Passira,Passira,2020-10-25,637,0,31,0
Passira,Passira,2020-10-26,637,0,31,0
Passira,Passira,2020-10-27,637,0,31,0
Passira,Passira,2020-10-28,637,0,31,0
Passira,Passira,2020-10-29,637,0,31,0
Passira,Passira,2020-10-30,639,2,32,1
Passira,Passira,2020-10-31,639,0,32,0
Passira,Passira,2020-11-01,639,0,32,0
Passira,Passira,2020-11-02,639,0,32,0
Passira,Passira,2020-11-03,639,0,32,0
Passira,Passira,2020-11-04,639,0,32,0
Passira,Passira,2020-11-05,646,7,32,0
Passira,Passira,2020-11-06,654,8,32,0
Passira,Passira,2020-11-07,654,0,32,0
Passira,Passira,2020-11-08,654,0,32,0
Passira,Passira,2020-11-09,654,0,32,0
Passira,Passira,2020-11-10,654,0,32,0
Passira,Passira,2020-11-11,656,2,32,0
Passira,Passira,2020-11-12,664,8,32,0
Passira,Passira,2020-11-13,670,6,32,0
Passira,Passira,2020-11-14,670,0,32,0
Passira,Passira,2020-11-15,670,0,32,0
Passira,Passira,2020-11-16,670,0,32,0
Passira,Passira,2020-11-17,670,0,32,0
Passira,Passira,2020-11-18,679,9,32,0
Passira,Passira,2020-11-19,683,4,32,0
Passira,Passira,2020-11-20,682,-1,32,0
Passira,Passira,2020-11-21,682,0,32,0
Passira,Passira,2020-11-22,682,0,32,0
Passira,Passira,2020-11-23,682,0,32,0
Passira,Passira,2020-11-24,682,0,32,0
Passira,Passira,2020-11-25,689,7,32,0
Passira,Passira,2020-11-26,692,3,32,0
Passira,Passira,2020-11-27,696,4,32,0
Passira,Passira,2020-11-28,698,2,32,0
Passira,Passira,2020-11-29,698,0,32,0
Passira,Passira,2020-11-30,698,0,32,0
Passira,Passira,2020-12-01,698,0,32,0
Passira,Passira,2020-12-02,709,11,32,0
Passira,Passira,2020-12-03,710,1,32,0
Passira,Passira,2020-12-04,711,1,32,0
Passira,Passira,2020-12-05,711,0,32,0
Passira,Passira,2020-12-06,711,0,32,0
Passira,Passira,2020-12-07,711,0,32,0
Passira,Passira,2020-12-08,712,1,32,0
Passira,Passira,2020-12-09,713,1,32,0
Passira,Passira,2020-12-10,714,1,32,0
Passira,Passira,2020-12-11,714,0,32,0
Passira,Passira,2020-12-12,717,3,32,0
Passira,Passira,2020-12-13,717,0,32,0
Passira,Passira,2020-12-14,717,0,32,0
Passira,Passira,2020-12-15,717,0,33,1
Passira,Passira,2020-12-16,724,7,33,0
Passira,Passira,2020-12-17,725,1,33,0
Passira,Passira,2020-12-18,725,0,33,0
Passira,Passira,2020-12-19,726,1,33,0
Passira,Passira,2020-12-20,727,1,34,1
Passira,Passira,2020-12-21,736,9,34,0
Passira,Passira,2020-12-22,737,1,34,0
Passira,Passira,2020-12-23,743,6,34,0
Passira,Passira,2020-12-24,743,0,34,0
Passira,Passira,2020-12-25,743,0,34,0
Passira,Passira,2020-12-26,743,0,35,1
Passira,Passira,2020-12-27,743,0,35,0
Passira,Passira,2020-12-28,743,0,35,0
Passira,Passira,2020-12-29,744,1,36,1
Passira,Passira,2020-12-30,749,5,36,0
Passira,Passira,2020-12-31,749,0,36,0
Passira,Passira,2021-01-01,749,0,36,0
Passira,Passira,2021-01-02,749,0,36,0
Passira,Passira,2021-01-03,749,0,36,0
Passira,Passira,2021-01-04,749,0,36,0
Passira,Passira,2021-01-05,749,0,36,0
Passira,Passira,2021-01-06,749,0,36,0
Passira,Passira,2021-01-07,750,1,36,0
Passira,Passira,2021-01-08,750,0,36,0
Passira,Passira,2021-01-09,752,2,36,0
Passira,Passira,2021-01-10,757,5,36,0
Passira,Passira,2021-01-11,757,0,36,0
Passira,Passira,2021-01-12,762,5,36,0
Passira,Passira,2021-01-13,771,9,36,0
Passira,Passira,2021-01-14,769,-2,36,0
Passira,Passira,2021-01-15,770,1,36,0
Passira,Passira,2021-01-16,771,1,36,0
Passira,Passira,2021-01-17,771,0,36,0
Passira,Passira,2021-01-18,771,0,36,0
Passira,Passira,2021-01-19,772,1,36,0
Passira,Passira,2021-01-20,772,0,36,0
Passira,Passira,2021-01-21,774,2,36,0
Passira,Passira,2021-01-22,774,0,36,0
Passira,Passira,2021-01-23,774,0,36,0
Passira,Passira,2021-01-24,775,1,36,0
Passira,Passira,2021-01-25,775,0,36,0
Passira,Passira,2021-01-26,780,5,36,0
Passira,Passira,2021-01-27,781,1,36,0
Passira,Passira,2021-01-28,781,0,36,0
Passira,Passira,2021-01-29,784,3,36,0
Passira,Passira,2021-01-30,785,1,36,0
Passira,Passira,2021-01-31,785,0,36,0
Passira,Passira,2021-02-01,785,0,36,0
Passira,Passira,2021-02-02,786,1,36,0
Passira,Passira,2021-02-03,790,4,36,0
Passira,Passira,2021-02-04,790,0,36,0
Passira,Passira,2021-02-05,790,0,36,0
Passira,Passira,2021-02-06,790,0,36,0
Passira,Passira,2021-02-07,790,0,36,0
Passira,Passira,2021-02-08,790,0,36,0
