city,city,date,cases,daily cases,deaths,daily deaths
Paulo Afonso,Paulo Afonso,2020-03-27,0,0,0,0
Paulo Afonso,Paulo Afonso,2020-03-28,0,0,0,0
Paulo Afonso,Paulo Afonso,2020-03-29,0,0,0,0
Paulo Afonso,Paulo Afonso,2020-03-30,0,0,0,0
Paulo Afonso,Paulo Afonso,2020-03-31,0,0,0,0
Paulo Afonso,Paulo Afonso,2020-04-01,0,0,0,0
Paulo Afonso,Paulo Afonso,2020-04-02,0,0,0,0
Paulo Afonso,Paulo Afonso,2020-04-03,0,0,0,0
Paulo Afonso,Paulo Afonso,2020-04-04,0,0,0,0
Paulo Afonso,Paulo Afonso,2020-04-05,0,0,0,0
Paulo Afonso,Paulo Afonso,2020-04-06,0,0,0,0
Paulo Afonso,Paulo Afonso,2020-04-07,0,0,0,0
Paulo Afonso,Paulo Afonso,2020-04-08,0,0,0,0
Paulo Afonso,Paulo Afonso,2020-04-09,0,0,0,0
Paulo Afonso,Paulo Afonso,2020-04-10,0,0,0,0
Paulo Afonso,Paulo Afonso,2020-04-11,0,0,0,0
Paulo Afonso,Paulo Afonso,2020-04-12,0,0,0,0
Paulo Afonso,Paulo Afonso,2020-04-13,0,0,0,0
Paulo Afonso,Paulo Afonso,2020-04-14,0,0,0,0
Paulo Afonso,Paulo Afonso,2020-04-15,0,0,0,0
Paulo Afonso,Paulo Afonso,2020-04-16,0,0,0,0
Paulo Afonso,Paulo Afonso,2020-04-17,0,0,0,0
Paulo Afonso,Paulo Afonso,2020-04-18,0,0,0,0
Paulo Afonso,Paulo Afonso,2020-04-19,0,0,0,0
Paulo Afonso,Paulo Afonso,2020-04-20,0,0,0,0
Paulo Afonso,Paulo Afonso,2020-04-21,1,1,0,0
Paulo Afonso,Paulo Afonso,2020-04-22,1,0,0,0
Paulo Afonso,Paulo Afonso,2020-04-23,2,1,0,0
Paulo Afonso,Paulo Afonso,2020-04-24,2,0,0,0
Paulo Afonso,Paulo Afonso,2020-04-25,3,1,0,0
Paulo Afonso,Paulo Afonso,2020-04-26,3,0,0,0
Paulo Afonso,Paulo Afonso,2020-04-27,5,2,0,0
Paulo Afonso,Paulo Afonso,2020-04-28,6,1,0,0
Paulo Afonso,Paulo Afonso,2020-04-29,6,0,0,0
Paulo Afonso,Paulo Afonso,2020-04-30,7,1,0,0
Paulo Afonso,Paulo Afonso,2020-05-01,7,0,0,0
Paulo Afonso,Paulo Afonso,2020-05-02,7,0,0,0
Paulo Afonso,Paulo Afonso,2020-05-03,7,0,0,0
Paulo Afonso,Paulo Afonso,2020-05-04,7,0,0,0
Paulo Afonso,Paulo Afonso,2020-05-05,7,0,0,0
Paulo Afonso,Paulo Afonso,2020-05-06,8,1,0,0
Paulo Afonso,Paulo Afonso,2020-05-07,8,0,0,0
Paulo Afonso,Paulo Afonso,2020-05-08,8,0,0,0
Paulo Afonso,Paulo Afonso,2020-05-09,8,0,0,0
Paulo Afonso,Paulo Afonso,2020-05-10,8,0,0,0
Paulo Afonso,Paulo Afonso,2020-05-11,8,0,0,0
Paulo Afonso,Paulo Afonso,2020-05-12,8,0,0,0
Paulo Afonso,Paulo Afonso,2020-05-13,9,1,0,0
Paulo Afonso,Paulo Afonso,2020-05-14,10,1,0,0
Paulo Afonso,Paulo Afonso,2020-05-15,9,-1,0,0
Paulo Afonso,Paulo Afonso,2020-05-16,9,0,0,0
Paulo Afonso,Paulo Afonso,2020-05-17,11,2,0,0
Paulo Afonso,Paulo Afonso,2020-05-18,12,1,0,0
Paulo Afonso,Paulo Afonso,2020-05-19,13,1,0,0
Paulo Afonso,Paulo Afonso,2020-05-20,14,1,0,0
Paulo Afonso,Paulo Afonso,2020-05-21,15,1,0,0
Paulo Afonso,Paulo Afonso,2020-05-22,15,0,0,0
Paulo Afonso,Paulo Afonso,2020-05-23,15,0,0,0
Paulo Afonso,Paulo Afonso,2020-05-24,19,4,0,0
Paulo Afonso,Paulo Afonso,2020-05-25,19,0,0,0
Paulo Afonso,Paulo Afonso,2020-05-26,19,0,0,0
Paulo Afonso,Paulo Afonso,2020-05-27,19,0,0,0
Paulo Afonso,Paulo Afonso,2020-05-28,23,4,0,0
Paulo Afonso,Paulo Afonso,2020-05-29,24,1,0,0
Paulo Afonso,Paulo Afonso,2020-05-30,24,0,0,0
Paulo Afonso,Paulo Afonso,2020-05-31,27,3,0,0
Paulo Afonso,Paulo Afonso,2020-06-01,27,0,0,0
Paulo Afonso,Paulo Afonso,2020-06-02,36,9,0,0
Paulo Afonso,Paulo Afonso,2020-06-03,41,5,0,0
Paulo Afonso,Paulo Afonso,2020-06-04,48,7,0,0
Paulo Afonso,Paulo Afonso,2020-06-05,53,5,0,0
Paulo Afonso,Paulo Afonso,2020-06-06,54,1,0,0
Paulo Afonso,Paulo Afonso,2020-06-07,59,5,0,0
Paulo Afonso,Paulo Afonso,2020-06-08,61,2,0,0
Paulo Afonso,Paulo Afonso,2020-06-09,68,7,0,0
Paulo Afonso,Paulo Afonso,2020-06-10,69,1,0,0
Paulo Afonso,Paulo Afonso,2020-06-11,72,3,0,0
Paulo Afonso,Paulo Afonso,2020-06-12,74,2,1,1
Paulo Afonso,Paulo Afonso,2020-06-13,79,5,1,0
Paulo Afonso,Paulo Afonso,2020-06-14,85,6,1,0
Paulo Afonso,Paulo Afonso,2020-06-15,87,2,1,0
Paulo Afonso,Paulo Afonso,2020-06-16,91,4,1,0
Paulo Afonso,Paulo Afonso,2020-06-17,100,9,1,0
Paulo Afonso,Paulo Afonso,2020-06-18,103,3,1,0
Paulo Afonso,Paulo Afonso,2020-06-19,111,8,1,0
Paulo Afonso,Paulo Afonso,2020-06-20,119,8,1,0
Paulo Afonso,Paulo Afonso,2020-06-21,122,3,1,0
Paulo Afonso,Paulo Afonso,2020-06-22,128,6,1,0
Paulo Afonso,Paulo Afonso,2020-06-23,137,9,1,0
Paulo Afonso,Paulo Afonso,2020-06-24,143,6,1,0
Paulo Afonso,Paulo Afonso,2020-06-25,147,4,2,1
Paulo Afonso,Paulo Afonso,2020-06-26,153,6,2,0
Paulo Afonso,Paulo Afonso,2020-06-27,163,10,2,0
Paulo Afonso,Paulo Afonso,2020-06-28,169,6,2,0
Paulo Afonso,Paulo Afonso,2020-06-29,170,1,2,0
Paulo Afonso,Paulo Afonso,2020-06-30,174,4,7,5
Paulo Afonso,Paulo Afonso,2020-07-01,176,2,7,0
Paulo Afonso,Paulo Afonso,2020-07-02,177,1,7,0
Paulo Afonso,Paulo Afonso,2020-07-03,185,8,7,0
Paulo Afonso,Paulo Afonso,2020-07-04,195,10,7,0
Paulo Afonso,Paulo Afonso,2020-07-05,200,5,7,0
Paulo Afonso,Paulo Afonso,2020-07-06,201,1,7,0
Paulo Afonso,Paulo Afonso,2020-07-07,210,9,7,0
Paulo Afonso,Paulo Afonso,2020-07-08,239,29,7,0
Paulo Afonso,Paulo Afonso,2020-07-09,241,2,7,0
Paulo Afonso,Paulo Afonso,2020-07-10,249,8,8,1
Paulo Afonso,Paulo Afonso,2020-07-11,256,7,8,0
Paulo Afonso,Paulo Afonso,2020-07-12,257,1,8,0
Paulo Afonso,Paulo Afonso,2020-07-13,259,2,8,0
Paulo Afonso,Paulo Afonso,2020-07-14,274,15,8,0
Paulo Afonso,Paulo Afonso,2020-07-15,289,15,9,1
Paulo Afonso,Paulo Afonso,2020-07-16,296,7,9,0
Paulo Afonso,Paulo Afonso,2020-07-17,299,3,9,0
Paulo Afonso,Paulo Afonso,2020-07-18,310,11,10,1
Paulo Afonso,Paulo Afonso,2020-07-19,317,7,10,0
Paulo Afonso,Paulo Afonso,2020-07-20,317,0,10,0
Paulo Afonso,Paulo Afonso,2020-07-21,323,6,10,0
Paulo Afonso,Paulo Afonso,2020-07-22,333,10,10,0
Paulo Afonso,Paulo Afonso,2020-07-23,352,19,10,0
Paulo Afonso,Paulo Afonso,2020-07-24,365,13,10,0
Paulo Afonso,Paulo Afonso,2020-07-25,382,17,10,0
Paulo Afonso,Paulo Afonso,2020-07-26,390,8,10,0
Paulo Afonso,Paulo Afonso,2020-07-27,391,1,10,0
Paulo Afonso,Paulo Afonso,2020-07-28,394,3,10,0
Paulo Afonso,Paulo Afonso,2020-07-29,408,14,10,0
Paulo Afonso,Paulo Afonso,2020-07-30,418,10,10,0
Paulo Afonso,Paulo Afonso,2020-07-31,428,10,10,0
Paulo Afonso,Paulo Afonso,2020-08-01,435,7,10,0
Paulo Afonso,Paulo Afonso,2020-08-02,443,8,10,0
Paulo Afonso,Paulo Afonso,2020-08-03,445,2,10,0
Paulo Afonso,Paulo Afonso,2020-08-04,450,5,10,0
Paulo Afonso,Paulo Afonso,2020-08-05,459,9,10,0
Paulo Afonso,Paulo Afonso,2020-08-06,469,10,10,0
Paulo Afonso,Paulo Afonso,2020-08-07,476,7,10,0
Paulo Afonso,Paulo Afonso,2020-08-08,478,2,10,0
Paulo Afonso,Paulo Afonso,2020-08-09,486,8,10,0
Paulo Afonso,Paulo Afonso,2020-08-10,486,0,10,0
Paulo Afonso,Paulo Afonso,2020-08-11,498,12,11,1
Paulo Afonso,Paulo Afonso,2020-08-12,503,5,11,0
Paulo Afonso,Paulo Afonso,2020-08-13,514,11,11,0
Paulo Afonso,Paulo Afonso,2020-08-14,527,13,14,3
Paulo Afonso,Paulo Afonso,2020-08-15,543,16,15,1
Paulo Afonso,Paulo Afonso,2020-08-16,546,3,15,0
Paulo Afonso,Paulo Afonso,2020-08-17,554,8,15,0
Paulo Afonso,Paulo Afonso,2020-08-18,572,18,15,0
Paulo Afonso,Paulo Afonso,2020-08-19,581,9,15,0
Paulo Afonso,Paulo Afonso,2020-08-20,597,16,15,0
Paulo Afonso,Paulo Afonso,2020-08-21,616,19,15,0
Paulo Afonso,Paulo Afonso,2020-08-22,634,18,15,0
Paulo Afonso,Paulo Afonso,2020-08-23,643,9,15,0
Paulo Afonso,Paulo Afonso,2020-08-24,642,-1,15,0
Paulo Afonso,Paulo Afonso,2020-08-25,651,9,16,1
Paulo Afonso,Paulo Afonso,2020-08-26,688,37,16,0
Paulo Afonso,Paulo Afonso,2020-08-27,705,17,16,0
Paulo Afonso,Paulo Afonso,2020-08-28,736,31,16,0
Paulo Afonso,Paulo Afonso,2020-08-29,771,35,16,0
Paulo Afonso,Paulo Afonso,2020-08-30,785,14,25,9
Paulo Afonso,Paulo Afonso,2020-08-31,785,0,30,5
Paulo Afonso,Paulo Afonso,2020-09-01,828,43,30,0
Paulo Afonso,Paulo Afonso,2020-09-02,842,14,33,3
Paulo Afonso,Paulo Afonso,2020-09-03,865,23,33,0
Paulo Afonso,Paulo Afonso,2020-09-04,896,31,32,-1
Paulo Afonso,Paulo Afonso,2020-09-05,926,30,32,0
Paulo Afonso,Paulo Afonso,2020-09-06,934,8,32,0
Paulo Afonso,Paulo Afonso,2020-09-07,961,27,32,0
Paulo Afonso,Paulo Afonso,2020-09-08,965,4,32,0
Paulo Afonso,Paulo Afonso,2020-09-09,987,22,32,0
Paulo Afonso,Paulo Afonso,2020-09-10,1018,31,32,0
Paulo Afonso,Paulo Afonso,2020-09-11,1051,33,32,0
Paulo Afonso,Paulo Afonso,2020-09-12,1081,30,35,3
Paulo Afonso,Paulo Afonso,2020-09-13,1101,20,35,0
Paulo Afonso,Paulo Afonso,2020-09-14,1110,9,36,1
Paulo Afonso,Paulo Afonso,2020-09-15,1132,22,36,0
Paulo Afonso,Paulo Afonso,2020-09-16,1169,37,36,0
Paulo Afonso,Paulo Afonso,2020-09-17,1184,15,36,0
Paulo Afonso,Paulo Afonso,2020-09-18,1185,1,36,0
Paulo Afonso,Paulo Afonso,2020-09-19,1212,27,37,1
Paulo Afonso,Paulo Afonso,2020-09-20,1217,5,37,0
Paulo Afonso,Paulo Afonso,2020-09-21,1229,12,37,0
Paulo Afonso,Paulo Afonso,2020-09-22,1238,9,37,0
Paulo Afonso,Paulo Afonso,2020-09-23,1250,12,38,1
Paulo Afonso,Paulo Afonso,2020-09-24,1265,15,38,0
Paulo Afonso,Paulo Afonso,2020-09-25,1272,7,39,1
Paulo Afonso,Paulo Afonso,2020-09-26,1278,6,40,1
Paulo Afonso,Paulo Afonso,2020-09-27,1295,17,40,0
Paulo Afonso,Paulo Afonso,2020-09-28,1304,9,43,3
Paulo Afonso,Paulo Afonso,2020-09-29,1314,10,44,1
Paulo Afonso,Paulo Afonso,2020-09-30,1320,6,45,1
Paulo Afonso,Paulo Afonso,2020-10-01,1331,11,45,0
Paulo Afonso,Paulo Afonso,2020-10-02,1336,5,47,2
Paulo Afonso,Paulo Afonso,2020-10-03,1340,4,48,1
Paulo Afonso,Paulo Afonso,2020-10-04,1344,4,48,0
Paulo Afonso,Paulo Afonso,2020-10-05,1349,5,49,1
Paulo Afonso,Paulo Afonso,2020-10-06,1355,6,50,1
Paulo Afonso,Paulo Afonso,2020-10-07,1365,10,51,1
Paulo Afonso,Paulo Afonso,2020-10-08,1374,9,51,0
Paulo Afonso,Paulo Afonso,2020-10-09,1386,12,51,0
Paulo Afonso,Paulo Afonso,2020-10-10,1390,4,51,0
Paulo Afonso,Paulo Afonso,2020-10-11,1394,4,51,0
Paulo Afonso,Paulo Afonso,2020-10-12,1396,2,51,0
Paulo Afonso,Paulo Afonso,2020-10-13,1398,2,51,0
Paulo Afonso,Paulo Afonso,2020-10-14,1404,6,52,1
Paulo Afonso,Paulo Afonso,2020-10-15,1405,1,52,0
Paulo Afonso,Paulo Afonso,2020-10-16,1422,17,52,0
Paulo Afonso,Paulo Afonso,2020-10-17,1425,3,53,1
Paulo Afonso,Paulo Afonso,2020-10-18,1425,0,55,2
Paulo Afonso,Paulo Afonso,2020-10-19,1427,2,55,0
Paulo Afonso,Paulo Afonso,2020-10-20,1431,4,55,0
Paulo Afonso,Paulo Afonso,2020-10-21,1433,2,55,0
Paulo Afonso,Paulo Afonso,2020-10-22,1438,5,55,0
Paulo Afonso,Paulo Afonso,2020-10-23,1443,5,55,0
Paulo Afonso,Paulo Afonso,2020-10-24,1449,6,55,0
Paulo Afonso,Paulo Afonso,2020-10-25,1449,0,55,0
Paulo Afonso,Paulo Afonso,2020-10-26,1455,6,55,0
Paulo Afonso,Paulo Afonso,2020-10-27,1455,0,55,0
Paulo Afonso,Paulo Afonso,2020-10-28,1455,0,55,0
Paulo Afonso,Paulo Afonso,2020-10-29,1458,3,55,0
Paulo Afonso,Paulo Afonso,2020-10-30,1460,2,55,0
Paulo Afonso,Paulo Afonso,2020-10-31,1461,1,55,0
Paulo Afonso,Paulo Afonso,2020-11-01,1461,0,55,0
Paulo Afonso,Paulo Afonso,2020-11-02,1461,0,55,0
Paulo Afonso,Paulo Afonso,2020-11-03,1465,4,56,1
Paulo Afonso,Paulo Afonso,2020-11-04,1465,0,56,0
Paulo Afonso,Paulo Afonso,2020-11-05,1471,6,56,0
Paulo Afonso,Paulo Afonso,2020-11-06,1473,2,56,0
Paulo Afonso,Paulo Afonso,2020-11-07,1475,2,56,0
Paulo Afonso,Paulo Afonso,2020-11-08,1477,2,56,0
Paulo Afonso,Paulo Afonso,2020-11-09,1477,0,56,0
Paulo Afonso,Paulo Afonso,2020-11-10,1481,4,56,0
Paulo Afonso,Paulo Afonso,2020-11-11,1482,1,56,0
Paulo Afonso,Paulo Afonso,2020-11-12,1485,3,56,0
Paulo Afonso,Paulo Afonso,2020-11-13,1486,1,56,0
Paulo Afonso,Paulo Afonso,2020-11-14,1487,1,56,0
Paulo Afonso,Paulo Afonso,2020-11-15,1491,4,56,0
Paulo Afonso,Paulo Afonso,2020-11-16,1491,0,56,0
Paulo Afonso,Paulo Afonso,2020-11-17,1491,0,57,1
Paulo Afonso,Paulo Afonso,2020-11-18,1491,0,57,0
Paulo Afonso,Paulo Afonso,2020-11-19,1500,9,57,0
Paulo Afonso,Paulo Afonso,2020-11-20,1501,1,57,0
Paulo Afonso,Paulo Afonso,2020-11-21,1502,1,57,0
Paulo Afonso,Paulo Afonso,2020-11-22,1503,1,57,0
Paulo Afonso,Paulo Afonso,2020-11-23,1503,0,57,0
Paulo Afonso,Paulo Afonso,2020-11-24,1503,0,57,0
Paulo Afonso,Paulo Afonso,2020-11-25,1515,12,57,0
Paulo Afonso,Paulo Afonso,2020-11-26,1518,3,57,0
Paulo Afonso,Paulo Afonso,2020-11-27,1519,1,57,0
Paulo Afonso,Paulo Afonso,2020-11-28,1537,18,57,0
Paulo Afonso,Paulo Afonso,2020-11-29,1538,1,57,0
Paulo Afonso,Paulo Afonso,2020-11-30,1543,5,57,0
Paulo Afonso,Paulo Afonso,2020-12-01,1552,9,57,0
Paulo Afonso,Paulo Afonso,2020-12-02,1554,2,57,0
Paulo Afonso,Paulo Afonso,2020-12-03,1561,7,57,0
Paulo Afonso,Paulo Afonso,2020-12-04,1609,48,57,0
Paulo Afonso,Paulo Afonso,2020-12-05,1614,5,57,0
Paulo Afonso,Paulo Afonso,2020-12-06,1619,5,57,0
Paulo Afonso,Paulo Afonso,2020-12-07,1619,0,57,0
Paulo Afonso,Paulo Afonso,2020-12-08,1621,2,57,0
Paulo Afonso,Paulo Afonso,2020-12-09,1624,3,57,0
Paulo Afonso,Paulo Afonso,2020-12-10,1628,4,57,0
Paulo Afonso,Paulo Afonso,2020-12-11,1631,3,57,0
Paulo Afonso,Paulo Afonso,2020-12-12,1642,11,57,0
Paulo Afonso,Paulo Afonso,2020-12-13,1642,0,57,0
Paulo Afonso,Paulo Afonso,2020-12-14,1653,11,57,0
Paulo Afonso,Paulo Afonso,2020-12-15,1665,12,57,0
Paulo Afonso,Paulo Afonso,2020-12-16,1672,7,57,0
Paulo Afonso,Paulo Afonso,2020-12-17,1681,9,57,0
Paulo Afonso,Paulo Afonso,2020-12-18,1686,5,57,0
Paulo Afonso,Paulo Afonso,2020-12-19,1697,11,57,0
Paulo Afonso,Paulo Afonso,2020-12-20,1705,8,57,0
Paulo Afonso,Paulo Afonso,2020-12-21,1706,1,57,0
Paulo Afonso,Paulo Afonso,2020-12-22,1722,16,57,0
Paulo Afonso,Paulo Afonso,2020-12-23,1738,16,57,0
Paulo Afonso,Paulo Afonso,2020-12-24,1747,9,57,0
Paulo Afonso,Paulo Afonso,2020-12-25,1761,14,57,0
Paulo Afonso,Paulo Afonso,2020-12-26,1763,2,57,0
Paulo Afonso,Paulo Afonso,2020-12-27,1765,2,57,0
Paulo Afonso,Paulo Afonso,2020-12-28,1768,3,57,0
Paulo Afonso,Paulo Afonso,2020-12-29,1781,13,57,0
Paulo Afonso,Paulo Afonso,2020-12-30,1796,15,57,0
Paulo Afonso,Paulo Afonso,2020-12-31,1823,27,57,0
Paulo Afonso,Paulo Afonso,2021-01-01,1842,19,57,0
Paulo Afonso,Paulo Afonso,2021-01-02,1844,2,57,0
Paulo Afonso,Paulo Afonso,2021-01-03,1848,4,58,1
Paulo Afonso,Paulo Afonso,2021-01-04,1850,2,58,0
Paulo Afonso,Paulo Afonso,2021-01-05,1866,16,58,0
Paulo Afonso,Paulo Afonso,2021-01-06,1887,21,58,0
Paulo Afonso,Paulo Afonso,2021-01-07,1915,28,58,0
Paulo Afonso,Paulo Afonso,2021-01-08,1927,12,58,0
Paulo Afonso,Paulo Afonso,2021-01-09,1947,20,58,0
Paulo Afonso,Paulo Afonso,2021-01-10,1991,44,58,0
Paulo Afonso,Paulo Afonso,2021-01-11,2009,18,58,0
Paulo Afonso,Paulo Afonso,2021-01-12,2040,31,58,0
Paulo Afonso,Paulo Afonso,2021-01-13,2071,31,58,0
Paulo Afonso,Paulo Afonso,2021-01-14,2081,10,58,0
Paulo Afonso,Paulo Afonso,2021-01-15,2112,31,58,0
Paulo Afonso,Paulo Afonso,2021-01-16,2197,85,58,0
Paulo Afonso,Paulo Afonso,2021-01-17,2222,25,58,0
Paulo Afonso,Paulo Afonso,2021-01-18,2240,18,58,0
Paulo Afonso,Paulo Afonso,2021-01-19,2277,37,58,0
Paulo Afonso,Paulo Afonso,2021-01-20,2336,59,58,0
Paulo Afonso,Paulo Afonso,2021-01-21,2376,40,58,0
Paulo Afonso,Paulo Afonso,2021-01-22,2400,24,58,0
Paulo Afonso,Paulo Afonso,2021-01-23,2427,27,60,2
Paulo Afonso,Paulo Afonso,2021-01-24,2495,68,60,0
Paulo Afonso,Paulo Afonso,2021-01-25,2502,7,60,0
Paulo Afonso,Paulo Afonso,2021-01-26,2536,34,60,0
Paulo Afonso,Paulo Afonso,2021-01-27,2555,19,60,0
Paulo Afonso,Paulo Afonso,2021-01-28,2580,25,60,0
Paulo Afonso,Paulo Afonso,2021-01-29,2615,35,60,0
Paulo Afonso,Paulo Afonso,2021-01-30,2646,31,61,1
Paulo Afonso,Paulo Afonso,2021-01-31,2664,18,62,1
Paulo Afonso,Paulo Afonso,2021-02-01,2670,6,62,0
Paulo Afonso,Paulo Afonso,2021-02-02,2724,54,63,1
Paulo Afonso,Paulo Afonso,2021-02-03,2748,24,63,0
Paulo Afonso,Paulo Afonso,2021-02-04,2774,26,63,0
Paulo Afonso,Paulo Afonso,2021-02-05,2805,31,64,1
Paulo Afonso,Paulo Afonso,2021-02-06,2813,8,64,0
Paulo Afonso,Paulo Afonso,2021-02-07,2832,19,64,0
Paulo Afonso,Paulo Afonso,2021-02-08,2851,19,64,0
