city,city,date,cases,daily cases,deaths,daily deaths
Paulino Neves,Paulino Neves,2020-03-27,0,0,0,0
Paulino Neves,Paulino Neves,2020-03-28,0,0,0,0
Paulino Neves,Paulino Neves,2020-03-29,0,0,0,0
Paulino Neves,Paulino Neves,2020-03-30,0,0,0,0
Paulino Neves,Paulino Neves,2020-03-31,0,0,0,0
Paulino Neves,Paulino Neves,2020-04-01,0,0,0,0
Paulino Neves,Paulino Neves,2020-04-02,0,0,0,0
Paulino Neves,Paulino Neves,2020-04-03,0,0,0,0
Paulino Neves,Paulino Neves,2020-04-04,0,0,0,0
Paulino Neves,Paulino Neves,2020-04-05,0,0,0,0
Paulino Neves,Paulino Neves,2020-04-06,0,0,0,0
Paulino Neves,Paulino Neves,2020-04-07,0,0,0,0
Paulino Neves,Paulino Neves,2020-04-08,0,0,0,0
Paulino Neves,Paulino Neves,2020-04-09,0,0,0,0
Paulino Neves,Paulino Neves,2020-04-10,0,0,0,0
Paulino Neves,Paulino Neves,2020-04-11,0,0,0,0
Paulino Neves,Paulino Neves,2020-04-12,0,0,0,0
Paulino Neves,Paulino Neves,2020-04-13,0,0,0,0
Paulino Neves,Paulino Neves,2020-04-14,0,0,0,0
Paulino Neves,Paulino Neves,2020-04-15,0,0,0,0
Paulino Neves,Paulino Neves,2020-04-16,0,0,0,0
Paulino Neves,Paulino Neves,2020-04-17,0,0,0,0
Paulino Neves,Paulino Neves,2020-04-18,0,0,0,0
Paulino Neves,Paulino Neves,2020-04-19,0,0,0,0
Paulino Neves,Paulino Neves,2020-04-20,0,0,0,0
Paulino Neves,Paulino Neves,2020-04-21,0,0,0,0
Paulino Neves,Paulino Neves,2020-04-22,0,0,0,0
Paulino Neves,Paulino Neves,2020-04-23,0,0,0,0
Paulino Neves,Paulino Neves,2020-04-24,0,0,0,0
Paulino Neves,Paulino Neves,2020-04-25,0,0,0,0
Paulino Neves,Paulino Neves,2020-04-26,0,0,0,0
Paulino Neves,Paulino Neves,2020-04-27,0,0,0,0
Paulino Neves,Paulino Neves,2020-04-28,0,0,0,0
Paulino Neves,Paulino Neves,2020-04-29,0,0,0,0
Paulino Neves,Paulino Neves,2020-04-30,0,0,0,0
Paulino Neves,Paulino Neves,2020-05-01,1,1,0,0
Paulino Neves,Paulino Neves,2020-05-02,1,0,0,0
Paulino Neves,Paulino Neves,2020-05-03,1,0,0,0
Paulino Neves,Paulino Neves,2020-05-04,1,0,0,0
Paulino Neves,Paulino Neves,2020-05-05,1,0,0,0
Paulino Neves,Paulino Neves,2020-05-06,1,0,0,0
Paulino Neves,Paulino Neves,2020-05-07,1,0,0,0
Paulino Neves,Paulino Neves,2020-05-08,1,0,0,0
Paulino Neves,Paulino Neves,2020-05-09,1,0,0,0
Paulino Neves,Paulino Neves,2020-05-10,1,0,0,0
Paulino Neves,Paulino Neves,2020-05-11,1,0,0,0
Paulino Neves,Paulino Neves,2020-05-12,2,1,0,0
Paulino Neves,Paulino Neves,2020-05-13,3,1,0,0
Paulino Neves,Paulino Neves,2020-05-14,4,1,0,0
Paulino Neves,Paulino Neves,2020-05-15,7,3,0,0
Paulino Neves,Paulino Neves,2020-05-16,10,3,0,0
Paulino Neves,Paulino Neves,2020-05-17,10,0,0,0
Paulino Neves,Paulino Neves,2020-05-18,9,-1,0,0
Paulino Neves,Paulino Neves,2020-05-19,10,1,0,0
Paulino Neves,Paulino Neves,2020-05-20,12,2,0,0
Paulino Neves,Paulino Neves,2020-05-21,14,2,0,0
Paulino Neves,Paulino Neves,2020-05-22,14,0,0,0
Paulino Neves,Paulino Neves,2020-05-23,19,5,0,0
Paulino Neves,Paulino Neves,2020-05-24,19,0,0,0
Paulino Neves,Paulino Neves,2020-05-25,27,8,1,1
Paulino Neves,Paulino Neves,2020-05-26,31,4,1,0
Paulino Neves,Paulino Neves,2020-05-27,33,2,1,0
Paulino Neves,Paulino Neves,2020-05-28,40,7,1,0
Paulino Neves,Paulino Neves,2020-05-29,46,6,1,0
Paulino Neves,Paulino Neves,2020-05-30,51,5,1,0
Paulino Neves,Paulino Neves,2020-05-31,51,0,1,0
Paulino Neves,Paulino Neves,2020-06-01,57,6,1,0
Paulino Neves,Paulino Neves,2020-06-02,62,5,1,0
Paulino Neves,Paulino Neves,2020-06-03,68,6,1,0
Paulino Neves,Paulino Neves,2020-06-04,67,-1,1,0
Paulino Neves,Paulino Neves,2020-06-05,73,6,1,0
Paulino Neves,Paulino Neves,2020-06-06,73,0,1,0
Paulino Neves,Paulino Neves,2020-06-07,73,0,1,0
Paulino Neves,Paulino Neves,2020-06-08,76,3,1,0
Paulino Neves,Paulino Neves,2020-06-09,80,4,1,0
Paulino Neves,Paulino Neves,2020-06-10,80,0,1,0
Paulino Neves,Paulino Neves,2020-06-11,83,3,1,0
Paulino Neves,Paulino Neves,2020-06-12,83,0,1,0
Paulino Neves,Paulino Neves,2020-06-13,83,0,1,0
Paulino Neves,Paulino Neves,2020-06-14,83,0,1,0
Paulino Neves,Paulino Neves,2020-06-15,83,0,1,0
Paulino Neves,Paulino Neves,2020-06-16,91,8,1,0
Paulino Neves,Paulino Neves,2020-06-17,94,3,1,0
Paulino Neves,Paulino Neves,2020-06-18,95,1,1,0
Paulino Neves,Paulino Neves,2020-06-19,97,2,1,0
Paulino Neves,Paulino Neves,2020-06-20,99,2,1,0
Paulino Neves,Paulino Neves,2020-06-21,99,0,1,0
Paulino Neves,Paulino Neves,2020-06-22,99,0,1,0
Paulino Neves,Paulino Neves,2020-06-23,101,2,1,0
Paulino Neves,Paulino Neves,2020-06-24,101,0,1,0
Paulino Neves,Paulino Neves,2020-06-25,100,-1,1,0
Paulino Neves,Paulino Neves,2020-06-26,100,0,1,0
Paulino Neves,Paulino Neves,2020-06-27,100,0,1,0
Paulino Neves,Paulino Neves,2020-06-28,100,0,1,0
Paulino Neves,Paulino Neves,2020-06-29,100,0,1,0
Paulino Neves,Paulino Neves,2020-06-30,101,1,1,0
Paulino Neves,Paulino Neves,2020-07-01,102,1,1,0
Paulino Neves,Paulino Neves,2020-07-02,102,0,1,0
Paulino Neves,Paulino Neves,2020-07-03,103,1,1,0
Paulino Neves,Paulino Neves,2020-07-04,103,0,1,0
Paulino Neves,Paulino Neves,2020-07-05,103,0,1,0
Paulino Neves,Paulino Neves,2020-07-06,104,1,1,0
Paulino Neves,Paulino Neves,2020-07-07,105,1,1,0
Paulino Neves,Paulino Neves,2020-07-08,107,2,1,0
Paulino Neves,Paulino Neves,2020-07-09,109,2,1,0
Paulino Neves,Paulino Neves,2020-07-10,114,5,1,0
Paulino Neves,Paulino Neves,2020-07-11,114,0,1,0
Paulino Neves,Paulino Neves,2020-07-12,114,0,1,0
Paulino Neves,Paulino Neves,2020-07-13,114,0,1,0
Paulino Neves,Paulino Neves,2020-07-14,117,3,1,0
Paulino Neves,Paulino Neves,2020-07-15,117,0,1,0
Paulino Neves,Paulino Neves,2020-07-16,121,4,1,0
Paulino Neves,Paulino Neves,2020-07-17,121,0,1,0
Paulino Neves,Paulino Neves,2020-07-18,121,0,1,0
Paulino Neves,Paulino Neves,2020-07-19,121,0,1,0
Paulino Neves,Paulino Neves,2020-07-20,123,2,1,0
Paulino Neves,Paulino Neves,2020-07-21,131,8,1,0
Paulino Neves,Paulino Neves,2020-07-22,132,1,1,0
Paulino Neves,Paulino Neves,2020-07-23,133,1,1,0
Paulino Neves,Paulino Neves,2020-07-24,133,0,1,0
Paulino Neves,Paulino Neves,2020-07-25,133,0,1,0
Paulino Neves,Paulino Neves,2020-07-26,133,0,1,0
Paulino Neves,Paulino Neves,2020-07-27,134,1,1,0
Paulino Neves,Paulino Neves,2020-07-28,134,0,1,0
Paulino Neves,Paulino Neves,2020-07-29,137,3,1,0
Paulino Neves,Paulino Neves,2020-07-30,139,2,1,0
Paulino Neves,Paulino Neves,2020-07-31,141,2,1,0
Paulino Neves,Paulino Neves,2020-08-01,142,1,2,1
Paulino Neves,Paulino Neves,2020-08-02,142,0,2,0
Paulino Neves,Paulino Neves,2020-08-03,142,0,2,0
Paulino Neves,Paulino Neves,2020-08-04,142,0,2,0
Paulino Neves,Paulino Neves,2020-08-05,145,3,2,0
Paulino Neves,Paulino Neves,2020-08-06,145,0,2,0
Paulino Neves,Paulino Neves,2020-08-07,145,0,2,0
Paulino Neves,Paulino Neves,2020-08-08,148,3,2,0
Paulino Neves,Paulino Neves,2020-08-09,149,1,2,0
Paulino Neves,Paulino Neves,2020-08-10,149,0,2,0
Paulino Neves,Paulino Neves,2020-08-11,151,2,2,0
Paulino Neves,Paulino Neves,2020-08-12,151,0,2,0
Paulino Neves,Paulino Neves,2020-08-13,151,0,2,0
Paulino Neves,Paulino Neves,2020-08-14,151,0,2,0
Paulino Neves,Paulino Neves,2020-08-15,151,0,2,0
Paulino Neves,Paulino Neves,2020-08-16,151,0,2,0
Paulino Neves,Paulino Neves,2020-08-17,151,0,2,0
Paulino Neves,Paulino Neves,2020-08-18,151,0,2,0
Paulino Neves,Paulino Neves,2020-08-19,151,0,2,0
Paulino Neves,Paulino Neves,2020-08-20,152,1,2,0
Paulino Neves,Paulino Neves,2020-08-21,152,0,2,0
Paulino Neves,Paulino Neves,2020-08-22,152,0,2,0
Paulino Neves,Paulino Neves,2020-08-23,152,0,2,0
Paulino Neves,Paulino Neves,2020-08-24,152,0,2,0
Paulino Neves,Paulino Neves,2020-08-25,152,0,2,0
Paulino Neves,Paulino Neves,2020-08-26,152,0,2,0
Paulino Neves,Paulino Neves,2020-08-27,152,0,2,0
Paulino Neves,Paulino Neves,2020-08-28,152,0,2,0
Paulino Neves,Paulino Neves,2020-08-29,152,0,2,0
Paulino Neves,Paulino Neves,2020-08-30,152,0,2,0
Paulino Neves,Paulino Neves,2020-08-31,152,0,2,0
Paulino Neves,Paulino Neves,2020-09-01,152,0,2,0
Paulino Neves,Paulino Neves,2020-09-02,152,0,2,0
Paulino Neves,Paulino Neves,2020-09-03,152,0,2,0
Paulino Neves,Paulino Neves,2020-09-04,152,0,2,0
Paulino Neves,Paulino Neves,2020-09-05,152,0,2,0
Paulino Neves,Paulino Neves,2020-09-06,152,0,2,0
Paulino Neves,Paulino Neves,2020-09-07,152,0,2,0
Paulino Neves,Paulino Neves,2020-09-08,153,1,2,0
Paulino Neves,Paulino Neves,2020-09-09,153,0,2,0
Paulino Neves,Paulino Neves,2020-09-10,154,1,2,0
Paulino Neves,Paulino Neves,2020-09-11,154,0,2,0
Paulino Neves,Paulino Neves,2020-09-12,154,0,2,0
Paulino Neves,Paulino Neves,2020-09-13,154,0,2,0
Paulino Neves,Paulino Neves,2020-09-14,155,1,2,0
Paulino Neves,Paulino Neves,2020-09-15,157,2,2,0
Paulino Neves,Paulino Neves,2020-09-16,158,1,2,0
Paulino Neves,Paulino Neves,2020-09-17,159,1,2,0
Paulino Neves,Paulino Neves,2020-09-18,160,1,2,0
Paulino Neves,Paulino Neves,2020-09-19,160,0,2,0
Paulino Neves,Paulino Neves,2020-09-20,160,0,2,0
Paulino Neves,Paulino Neves,2020-09-21,160,0,2,0
Paulino Neves,Paulino Neves,2020-09-22,161,1,2,0
Paulino Neves,Paulino Neves,2020-09-23,161,0,2,0
Paulino Neves,Paulino Neves,2020-09-24,161,0,2,0
Paulino Neves,Paulino Neves,2020-09-25,161,0,2,0
Paulino Neves,Paulino Neves,2020-09-26,161,0,2,0
Paulino Neves,Paulino Neves,2020-09-27,161,0,2,0
Paulino Neves,Paulino Neves,2020-09-28,161,0,2,0
Paulino Neves,Paulino Neves,2020-09-29,161,0,2,0
Paulino Neves,Paulino Neves,2020-09-30,161,0,2,0
Paulino Neves,Paulino Neves,2020-10-01,162,1,2,0
Paulino Neves,Paulino Neves,2020-10-02,162,0,2,0
Paulino Neves,Paulino Neves,2020-10-03,162,0,2,0
Paulino Neves,Paulino Neves,2020-10-04,162,0,2,0
Paulino Neves,Paulino Neves,2020-10-05,162,0,2,0
Paulino Neves,Paulino Neves,2020-10-06,162,0,2,0
Paulino Neves,Paulino Neves,2020-10-07,162,0,2,0
Paulino Neves,Paulino Neves,2020-10-08,162,0,2,0
Paulino Neves,Paulino Neves,2020-10-09,162,0,2,0
Paulino Neves,Paulino Neves,2020-10-10,162,0,2,0
Paulino Neves,Paulino Neves,2020-10-11,162,0,2,0
Paulino Neves,Paulino Neves,2020-10-12,162,0,2,0
Paulino Neves,Paulino Neves,2020-10-13,162,0,2,0
Paulino Neves,Paulino Neves,2020-10-14,162,0,2,0
Paulino Neves,Paulino Neves,2020-10-15,162,0,2,0
Paulino Neves,Paulino Neves,2020-10-16,162,0,2,0
Paulino Neves,Paulino Neves,2020-10-17,162,0,2,0
Paulino Neves,Paulino Neves,2020-10-18,162,0,2,0
Paulino Neves,Paulino Neves,2020-10-19,162,0,2,0
Paulino Neves,Paulino Neves,2020-10-20,162,0,2,0
Paulino Neves,Paulino Neves,2020-10-21,162,0,2,0
Paulino Neves,Paulino Neves,2020-10-22,162,0,2,0
Paulino Neves,Paulino Neves,2020-10-23,162,0,2,0
Paulino Neves,Paulino Neves,2020-10-24,162,0,2,0
Paulino Neves,Paulino Neves,2020-10-25,162,0,2,0
Paulino Neves,Paulino Neves,2020-10-26,162,0,2,0
Paulino Neves,Paulino Neves,2020-10-27,162,0,2,0
Paulino Neves,Paulino Neves,2020-10-28,162,0,2,0
Paulino Neves,Paulino Neves,2020-10-29,162,0,2,0
Paulino Neves,Paulino Neves,2020-10-30,162,0,2,0
Paulino Neves,Paulino Neves,2020-10-31,162,0,2,0
Paulino Neves,Paulino Neves,2020-11-01,162,0,2,0
Paulino Neves,Paulino Neves,2020-11-02,162,0,2,0
Paulino Neves,Paulino Neves,2020-11-03,162,0,2,0
Paulino Neves,Paulino Neves,2020-11-04,162,0,2,0
Paulino Neves,Paulino Neves,2020-11-05,162,0,2,0
Paulino Neves,Paulino Neves,2020-11-06,162,0,2,0
Paulino Neves,Paulino Neves,2020-11-07,162,0,2,0
Paulino Neves,Paulino Neves,2020-11-08,162,0,2,0
Paulino Neves,Paulino Neves,2020-11-09,162,0,2,0
Paulino Neves,Paulino Neves,2020-11-10,162,0,2,0
Paulino Neves,Paulino Neves,2020-11-11,162,0,2,0
Paulino Neves,Paulino Neves,2020-11-12,162,0,2,0
Paulino Neves,Paulino Neves,2020-11-13,162,0,2,0
Paulino Neves,Paulino Neves,2020-11-14,162,0,2,0
Paulino Neves,Paulino Neves,2020-11-15,162,0,2,0
Paulino Neves,Paulino Neves,2020-11-16,162,0,2,0
Paulino Neves,Paulino Neves,2020-11-17,162,0,2,0
Paulino Neves,Paulino Neves,2020-11-18,162,0,2,0
Paulino Neves,Paulino Neves,2020-11-19,162,0,2,0
Paulino Neves,Paulino Neves,2020-11-20,162,0,2,0
Paulino Neves,Paulino Neves,2020-11-21,162,0,2,0
Paulino Neves,Paulino Neves,2020-11-22,162,0,2,0
Paulino Neves,Paulino Neves,2020-11-23,162,0,2,0
Paulino Neves,Paulino Neves,2020-11-24,162,0,2,0
Paulino Neves,Paulino Neves,2020-11-25,162,0,2,0
Paulino Neves,Paulino Neves,2020-11-26,162,0,2,0
Paulino Neves,Paulino Neves,2020-11-27,162,0,2,0
Paulino Neves,Paulino Neves,2020-11-28,162,0,2,0
Paulino Neves,Paulino Neves,2020-11-29,162,0,2,0
Paulino Neves,Paulino Neves,2020-11-30,162,0,2,0
Paulino Neves,Paulino Neves,2020-12-01,162,0,2,0
Paulino Neves,Paulino Neves,2020-12-02,163,1,2,0
Paulino Neves,Paulino Neves,2020-12-03,163,0,2,0
Paulino Neves,Paulino Neves,2020-12-04,163,0,3,1
Paulino Neves,Paulino Neves,2020-12-05,163,0,3,0
Paulino Neves,Paulino Neves,2020-12-06,163,0,3,0
Paulino Neves,Paulino Neves,2020-12-07,163,0,3,0
Paulino Neves,Paulino Neves,2020-12-08,163,0,3,0
Paulino Neves,Paulino Neves,2020-12-09,163,0,3,0
Paulino Neves,Paulino Neves,2020-12-10,163,0,3,0
Paulino Neves,Paulino Neves,2020-12-11,163,0,3,0
Paulino Neves,Paulino Neves,2020-12-12,163,0,3,0
Paulino Neves,Paulino Neves,2020-12-13,163,0,3,0
Paulino Neves,Paulino Neves,2020-12-14,163,0,3,0
Paulino Neves,Paulino Neves,2020-12-15,163,0,3,0
Paulino Neves,Paulino Neves,2020-12-16,163,0,3,0
Paulino Neves,Paulino Neves,2020-12-17,163,0,3,0
Paulino Neves,Paulino Neves,2020-12-18,163,0,3,0
Paulino Neves,Paulino Neves,2020-12-19,163,0,3,0
Paulino Neves,Paulino Neves,2020-12-20,163,0,3,0
Paulino Neves,Paulino Neves,2020-12-21,163,0,3,0
Paulino Neves,Paulino Neves,2020-12-22,163,0,3,0
Paulino Neves,Paulino Neves,2020-12-23,163,0,3,0
Paulino Neves,Paulino Neves,2020-12-24,163,0,3,0
Paulino Neves,Paulino Neves,2020-12-25,163,0,3,0
Paulino Neves,Paulino Neves,2020-12-26,163,0,3,0
Paulino Neves,Paulino Neves,2020-12-27,163,0,3,0
Paulino Neves,Paulino Neves,2020-12-28,163,0,3,0
Paulino Neves,Paulino Neves,2020-12-29,163,0,3,0
Paulino Neves,Paulino Neves,2020-12-30,163,0,3,0
Paulino Neves,Paulino Neves,2020-12-31,163,0,3,0
Paulino Neves,Paulino Neves,2021-01-01,163,0,3,0
Paulino Neves,Paulino Neves,2021-01-02,163,0,3,0
Paulino Neves,Paulino Neves,2021-01-03,163,0,3,0
Paulino Neves,Paulino Neves,2021-01-04,163,0,3,0
Paulino Neves,Paulino Neves,2021-01-05,163,0,3,0
Paulino Neves,Paulino Neves,2021-01-06,163,0,3,0
Paulino Neves,Paulino Neves,2021-01-07,163,0,3,0
Paulino Neves,Paulino Neves,2021-01-08,163,0,3,0
Paulino Neves,Paulino Neves,2021-01-09,163,0,3,0
Paulino Neves,Paulino Neves,2021-01-10,163,0,3,0
Paulino Neves,Paulino Neves,2021-01-11,163,0,3,0
Paulino Neves,Paulino Neves,2021-01-12,163,0,3,0
Paulino Neves,Paulino Neves,2021-01-13,163,0,3,0
Paulino Neves,Paulino Neves,2021-01-14,163,0,3,0
Paulino Neves,Paulino Neves,2021-01-15,163,0,3,0
Paulino Neves,Paulino Neves,2021-01-16,163,0,3,0
Paulino Neves,Paulino Neves,2021-01-17,163,0,3,0
Paulino Neves,Paulino Neves,2021-01-18,163,0,3,0
Paulino Neves,Paulino Neves,2021-01-19,163,0,3,0
Paulino Neves,Paulino Neves,2021-01-20,163,0,3,0
Paulino Neves,Paulino Neves,2021-01-21,163,0,3,0
Paulino Neves,Paulino Neves,2021-01-22,163,0,3,0
Paulino Neves,Paulino Neves,2021-01-23,163,0,3,0
Paulino Neves,Paulino Neves,2021-01-24,163,0,3,0
Paulino Neves,Paulino Neves,2021-01-25,163,0,3,0
Paulino Neves,Paulino Neves,2021-01-26,163,0,3,0
Paulino Neves,Paulino Neves,2021-01-27,164,1,3,0
Paulino Neves,Paulino Neves,2021-01-28,165,1,3,0
Paulino Neves,Paulino Neves,2021-01-29,165,0,3,0
Paulino Neves,Paulino Neves,2021-01-30,165,0,3,0
Paulino Neves,Paulino Neves,2021-01-31,165,0,3,0
Paulino Neves,Paulino Neves,2021-02-01,165,0,3,0
Paulino Neves,Paulino Neves,2021-02-02,165,0,3,0
Paulino Neves,Paulino Neves,2021-02-03,165,0,3,0
Paulino Neves,Paulino Neves,2021-02-04,165,0,3,0
Paulino Neves,Paulino Neves,2021-02-05,165,0,3,0
Paulino Neves,Paulino Neves,2021-02-06,165,0,3,0
Paulino Neves,Paulino Neves,2021-02-07,165,0,3,0
Paulino Neves,Paulino Neves,2021-02-08,165,0,3,0
