city,city,date,cases,daily cases,deaths,daily deaths
Pelotas,Pelotas,2020-03-27,0,0,0,0
Pelotas,Pelotas,2020-03-28,2,2,0,0
Pelotas,Pelotas,2020-03-29,2,0,0,0
Pelotas,Pelotas,2020-03-30,2,0,0,0
Pelotas,Pelotas,2020-03-31,2,0,0,0
Pelotas,Pelotas,2020-04-01,2,0,0,0
Pelotas,Pelotas,2020-04-02,2,0,0,0
Pelotas,Pelotas,2020-04-03,2,0,0,0
Pelotas,Pelotas,2020-04-04,3,1,0,0
Pelotas,Pelotas,2020-04-05,3,0,0,0
Pelotas,Pelotas,2020-04-06,5,2,0,0
Pelotas,Pelotas,2020-04-07,5,0,0,0
Pelotas,Pelotas,2020-04-08,5,0,0,0
Pelotas,Pelotas,2020-04-09,5,0,0,0
Pelotas,Pelotas,2020-04-10,5,0,0,0
Pelotas,Pelotas,2020-04-11,5,0,0,0
Pelotas,Pelotas,2020-04-12,5,0,0,0
Pelotas,Pelotas,2020-04-13,5,0,0,0
Pelotas,Pelotas,2020-04-14,9,4,0,0
Pelotas,Pelotas,2020-04-15,9,0,0,0
Pelotas,Pelotas,2020-04-16,12,3,0,0
Pelotas,Pelotas,2020-04-17,12,0,0,0
Pelotas,Pelotas,2020-04-18,12,0,0,0
Pelotas,Pelotas,2020-04-19,12,0,0,0
Pelotas,Pelotas,2020-04-20,12,0,0,0
Pelotas,Pelotas,2020-04-21,12,0,0,0
Pelotas,Pelotas,2020-04-22,12,0,0,0
Pelotas,Pelotas,2020-04-23,12,0,0,0
Pelotas,Pelotas,2020-04-24,12,0,0,0
Pelotas,Pelotas,2020-04-25,12,0,0,0
Pelotas,Pelotas,2020-04-26,13,1,0,0
Pelotas,Pelotas,2020-04-27,13,0,0,0
Pelotas,Pelotas,2020-04-28,19,6,0,0
Pelotas,Pelotas,2020-04-29,19,0,0,0
Pelotas,Pelotas,2020-04-30,21,2,0,0
Pelotas,Pelotas,2020-05-01,22,1,0,0
Pelotas,Pelotas,2020-05-02,20,-2,0,0
Pelotas,Pelotas,2020-05-03,20,0,0,0
Pelotas,Pelotas,2020-05-04,20,0,0,0
Pelotas,Pelotas,2020-05-05,20,0,0,0
Pelotas,Pelotas,2020-05-06,21,1,0,0
Pelotas,Pelotas,2020-05-07,23,2,0,0
Pelotas,Pelotas,2020-05-08,23,0,0,0
Pelotas,Pelotas,2020-05-09,26,3,0,0
Pelotas,Pelotas,2020-05-10,26,0,0,0
Pelotas,Pelotas,2020-05-11,26,0,0,0
Pelotas,Pelotas,2020-05-12,29,3,0,0
Pelotas,Pelotas,2020-05-13,29,0,0,0
Pelotas,Pelotas,2020-05-14,29,0,0,0
Pelotas,Pelotas,2020-05-15,34,5,0,0
Pelotas,Pelotas,2020-05-16,35,1,0,0
Pelotas,Pelotas,2020-05-17,35,0,0,0
Pelotas,Pelotas,2020-05-18,35,0,0,0
Pelotas,Pelotas,2020-05-19,35,0,0,0
Pelotas,Pelotas,2020-05-20,48,13,0,0
Pelotas,Pelotas,2020-05-21,45,-3,0,0
Pelotas,Pelotas,2020-05-22,50,5,0,0
Pelotas,Pelotas,2020-05-23,53,3,0,0
Pelotas,Pelotas,2020-05-24,58,5,0,0
Pelotas,Pelotas,2020-05-25,59,1,0,0
Pelotas,Pelotas,2020-05-26,59,0,0,0
Pelotas,Pelotas,2020-05-27,63,4,0,0
Pelotas,Pelotas,2020-05-28,70,7,0,0
Pelotas,Pelotas,2020-05-29,75,5,0,0
Pelotas,Pelotas,2020-05-30,80,5,0,0
Pelotas,Pelotas,2020-05-31,83,3,0,0
Pelotas,Pelotas,2020-06-01,83,0,0,0
Pelotas,Pelotas,2020-06-02,91,8,0,0
Pelotas,Pelotas,2020-06-03,100,9,0,0
Pelotas,Pelotas,2020-06-04,103,3,0,0
Pelotas,Pelotas,2020-06-05,106,3,0,0
Pelotas,Pelotas,2020-06-06,112,6,0,0
Pelotas,Pelotas,2020-06-07,116,4,0,0
Pelotas,Pelotas,2020-06-08,117,1,0,0
Pelotas,Pelotas,2020-06-09,121,4,0,0
Pelotas,Pelotas,2020-06-10,127,6,0,0
Pelotas,Pelotas,2020-06-11,135,8,0,0
Pelotas,Pelotas,2020-06-12,143,8,0,0
Pelotas,Pelotas,2020-06-13,148,5,0,0
Pelotas,Pelotas,2020-06-14,149,1,0,0
Pelotas,Pelotas,2020-06-15,163,14,0,0
Pelotas,Pelotas,2020-06-16,164,1,0,0
Pelotas,Pelotas,2020-06-17,169,5,0,0
Pelotas,Pelotas,2020-06-18,169,0,0,0
Pelotas,Pelotas,2020-06-19,173,4,0,0
Pelotas,Pelotas,2020-06-20,183,10,0,0
Pelotas,Pelotas,2020-06-21,191,8,1,1
Pelotas,Pelotas,2020-06-22,195,4,1,0
Pelotas,Pelotas,2020-06-23,204,9,2,1
Pelotas,Pelotas,2020-06-24,215,11,2,0
Pelotas,Pelotas,2020-06-25,224,9,2,0
Pelotas,Pelotas,2020-06-26,233,9,2,0
Pelotas,Pelotas,2020-06-27,243,10,2,0
Pelotas,Pelotas,2020-06-28,256,13,2,0
Pelotas,Pelotas,2020-06-29,264,8,3,1
Pelotas,Pelotas,2020-06-30,267,3,3,0
Pelotas,Pelotas,2020-07-01,278,11,3,0
Pelotas,Pelotas,2020-07-02,284,6,3,0
Pelotas,Pelotas,2020-07-03,291,7,3,0
Pelotas,Pelotas,2020-07-04,306,15,4,1
Pelotas,Pelotas,2020-07-05,307,1,4,0
Pelotas,Pelotas,2020-07-06,312,5,4,0
Pelotas,Pelotas,2020-07-07,325,13,5,1
Pelotas,Pelotas,2020-07-08,360,35,5,0
Pelotas,Pelotas,2020-07-09,362,2,6,1
Pelotas,Pelotas,2020-07-10,369,7,6,0
Pelotas,Pelotas,2020-07-11,386,17,7,1
Pelotas,Pelotas,2020-07-12,415,29,7,0
Pelotas,Pelotas,2020-07-13,426,11,7,0
Pelotas,Pelotas,2020-07-14,444,18,7,0
Pelotas,Pelotas,2020-07-15,473,29,9,2
Pelotas,Pelotas,2020-07-16,490,17,9,0
Pelotas,Pelotas,2020-07-17,515,25,9,0
Pelotas,Pelotas,2020-07-18,515,0,10,1
Pelotas,Pelotas,2020-07-19,518,3,11,1
Pelotas,Pelotas,2020-07-20,518,0,11,0
Pelotas,Pelotas,2020-07-21,527,9,12,1
Pelotas,Pelotas,2020-07-22,575,48,13,1
Pelotas,Pelotas,2020-07-23,664,89,13,0
Pelotas,Pelotas,2020-07-24,717,53,14,1
Pelotas,Pelotas,2020-07-25,767,50,15,1
Pelotas,Pelotas,2020-07-26,797,30,15,0
Pelotas,Pelotas,2020-07-27,800,3,15,0
Pelotas,Pelotas,2020-07-28,838,38,16,1
Pelotas,Pelotas,2020-07-29,855,17,16,0
Pelotas,Pelotas,2020-07-30,904,49,17,1
Pelotas,Pelotas,2020-07-31,907,3,17,0
Pelotas,Pelotas,2020-08-01,968,61,17,0
Pelotas,Pelotas,2020-08-02,973,5,19,2
Pelotas,Pelotas,2020-08-03,994,21,19,0
Pelotas,Pelotas,2020-08-04,1097,103,21,2
Pelotas,Pelotas,2020-08-05,1146,49,23,2
Pelotas,Pelotas,2020-08-06,1201,55,25,2
Pelotas,Pelotas,2020-08-07,1207,6,25,0
Pelotas,Pelotas,2020-08-08,1292,85,28,3
Pelotas,Pelotas,2020-08-09,1297,5,29,1
Pelotas,Pelotas,2020-08-10,1298,1,30,1
Pelotas,Pelotas,2020-08-11,1383,85,33,3
Pelotas,Pelotas,2020-08-12,1470,87,36,3
Pelotas,Pelotas,2020-08-13,1538,68,36,0
Pelotas,Pelotas,2020-08-14,1565,27,38,2
Pelotas,Pelotas,2020-08-15,1617,52,38,0
Pelotas,Pelotas,2020-08-16,1621,4,39,1
Pelotas,Pelotas,2020-08-17,1624,3,39,0
Pelotas,Pelotas,2020-08-18,1702,78,43,4
Pelotas,Pelotas,2020-08-19,1779,77,43,0
Pelotas,Pelotas,2020-08-20,1785,6,45,2
Pelotas,Pelotas,2020-08-21,1796,11,46,1
Pelotas,Pelotas,2020-08-22,1881,85,52,6
Pelotas,Pelotas,2020-08-23,1938,57,53,1
Pelotas,Pelotas,2020-08-24,1939,1,53,0
Pelotas,Pelotas,2020-08-25,1985,46,56,3
Pelotas,Pelotas,2020-08-26,2010,25,62,6
Pelotas,Pelotas,2020-08-27,2021,11,62,0
Pelotas,Pelotas,2020-08-28,2062,41,62,0
Pelotas,Pelotas,2020-08-29,2072,10,65,3
Pelotas,Pelotas,2020-08-30,2080,8,65,0
Pelotas,Pelotas,2020-08-31,2151,71,69,4
Pelotas,Pelotas,2020-09-01,2186,35,72,3
Pelotas,Pelotas,2020-09-02,2233,47,73,1
Pelotas,Pelotas,2020-09-03,2270,37,74,1
Pelotas,Pelotas,2020-09-04,2291,21,77,3
Pelotas,Pelotas,2020-09-05,2375,84,87,10
Pelotas,Pelotas,2020-09-06,2449,74,93,6
Pelotas,Pelotas,2020-09-07,2449,0,93,0
Pelotas,Pelotas,2020-09-08,2466,17,93,0
Pelotas,Pelotas,2020-09-09,2494,28,94,1
Pelotas,Pelotas,2020-09-10,2583,89,94,0
Pelotas,Pelotas,2020-09-11,2690,107,94,0
Pelotas,Pelotas,2020-09-12,2751,61,95,1
Pelotas,Pelotas,2020-09-13,2816,65,96,1
Pelotas,Pelotas,2020-09-14,2819,3,96,0
Pelotas,Pelotas,2020-09-15,2916,97,96,0
Pelotas,Pelotas,2020-09-16,3035,119,96,0
Pelotas,Pelotas,2020-09-17,3182,147,96,0
Pelotas,Pelotas,2020-09-18,3306,124,106,10
Pelotas,Pelotas,2020-09-19,3409,103,113,7
Pelotas,Pelotas,2020-09-20,3440,31,114,1
Pelotas,Pelotas,2020-09-21,3444,4,114,0
Pelotas,Pelotas,2020-09-22,3502,58,116,2
Pelotas,Pelotas,2020-09-23,3641,139,117,1
Pelotas,Pelotas,2020-09-24,3711,70,117,0
Pelotas,Pelotas,2020-09-25,3727,16,118,1
Pelotas,Pelotas,2020-09-26,3771,44,120,2
Pelotas,Pelotas,2020-09-27,3839,68,121,1
Pelotas,Pelotas,2020-09-28,3842,3,124,3
Pelotas,Pelotas,2020-09-29,3892,50,124,0
Pelotas,Pelotas,2020-09-30,3998,106,125,1
Pelotas,Pelotas,2020-10-01,4101,103,126,1
Pelotas,Pelotas,2020-10-02,4212,111,126,0
Pelotas,Pelotas,2020-10-03,4419,207,126,0
Pelotas,Pelotas,2020-10-04,4425,6,126,0
Pelotas,Pelotas,2020-10-05,4426,1,126,0
Pelotas,Pelotas,2020-10-06,4436,10,126,0
Pelotas,Pelotas,2020-10-07,4481,45,128,2
Pelotas,Pelotas,2020-10-08,4535,54,134,6
Pelotas,Pelotas,2020-10-09,4588,53,134,0
Pelotas,Pelotas,2020-10-10,4634,46,136,2
Pelotas,Pelotas,2020-10-11,4641,7,136,0
Pelotas,Pelotas,2020-10-12,4649,8,136,0
Pelotas,Pelotas,2020-10-13,4693,44,136,0
Pelotas,Pelotas,2020-10-14,4718,25,136,0
Pelotas,Pelotas,2020-10-15,4760,42,138,2
Pelotas,Pelotas,2020-10-16,4821,61,139,1
Pelotas,Pelotas,2020-10-17,4867,46,139,0
Pelotas,Pelotas,2020-10-18,4880,13,139,0
Pelotas,Pelotas,2020-10-19,4892,12,141,2
Pelotas,Pelotas,2020-10-20,4911,19,142,1
Pelotas,Pelotas,2020-10-21,4921,10,142,0
Pelotas,Pelotas,2020-10-22,4933,12,144,2
Pelotas,Pelotas,2020-10-23,5053,120,146,2
Pelotas,Pelotas,2020-10-24,5175,122,146,0
Pelotas,Pelotas,2020-10-25,5175,0,146,0
Pelotas,Pelotas,2020-10-26,5251,76,146,0
Pelotas,Pelotas,2020-10-27,5342,91,146,0
Pelotas,Pelotas,2020-10-28,5423,81,147,1
Pelotas,Pelotas,2020-10-29,5519,96,149,2
Pelotas,Pelotas,2020-10-30,5519,0,149,0
Pelotas,Pelotas,2020-10-31,5616,97,150,1
Pelotas,Pelotas,2020-11-01,5616,0,150,0
Pelotas,Pelotas,2020-11-02,5617,1,150,0
Pelotas,Pelotas,2020-11-03,5619,2,150,0
Pelotas,Pelotas,2020-11-04,5616,-3,152,2
Pelotas,Pelotas,2020-11-05,5675,59,153,1
Pelotas,Pelotas,2020-11-06,5683,8,153,0
Pelotas,Pelotas,2020-11-07,5686,3,153,0
Pelotas,Pelotas,2020-11-08,5810,124,153,0
Pelotas,Pelotas,2020-11-09,5881,71,153,0
Pelotas,Pelotas,2020-11-10,5877,-4,153,0
Pelotas,Pelotas,2020-11-11,5931,54,154,1
Pelotas,Pelotas,2020-11-12,5936,5,158,4
Pelotas,Pelotas,2020-11-13,5949,13,158,0
Pelotas,Pelotas,2020-11-14,6074,125,158,0
Pelotas,Pelotas,2020-11-15,6174,100,158,0
Pelotas,Pelotas,2020-11-16,6236,62,158,0
Pelotas,Pelotas,2020-11-17,6256,20,162,4
Pelotas,Pelotas,2020-11-18,6271,15,163,1
Pelotas,Pelotas,2020-11-19,6272,1,163,0
Pelotas,Pelotas,2020-11-20,6281,9,164,1
Pelotas,Pelotas,2020-11-21,6291,10,166,2
Pelotas,Pelotas,2020-11-22,6338,47,167,1
Pelotas,Pelotas,2020-11-23,6344,6,167,0
Pelotas,Pelotas,2020-11-24,6380,36,167,0
Pelotas,Pelotas,2020-11-25,6426,46,172,5
Pelotas,Pelotas,2020-11-26,6433,7,173,1
Pelotas,Pelotas,2020-11-27,6454,21,173,0
Pelotas,Pelotas,2020-11-28,6499,45,173,0
Pelotas,Pelotas,2020-11-29,6649,150,174,1
Pelotas,Pelotas,2020-11-30,6708,59,178,4
Pelotas,Pelotas,2020-12-01,6721,13,179,1
Pelotas,Pelotas,2020-12-02,6746,25,180,1
Pelotas,Pelotas,2020-12-03,6772,26,181,1
Pelotas,Pelotas,2020-12-04,6789,17,181,0
Pelotas,Pelotas,2020-12-05,6811,22,186,5
Pelotas,Pelotas,2020-12-06,6901,90,187,1
Pelotas,Pelotas,2020-12-07,6973,72,189,2
Pelotas,Pelotas,2020-12-08,7058,85,193,4
Pelotas,Pelotas,2020-12-09,7169,111,200,7
Pelotas,Pelotas,2020-12-10,7272,103,205,5
Pelotas,Pelotas,2020-12-11,7453,181,208,3
Pelotas,Pelotas,2020-12-12,7591,138,213,5
Pelotas,Pelotas,2020-12-13,7650,59,214,1
Pelotas,Pelotas,2020-12-14,7937,287,219,5
Pelotas,Pelotas,2020-12-15,8110,173,219,0
Pelotas,Pelotas,2020-12-16,8218,108,222,3
Pelotas,Pelotas,2020-12-17,8359,141,228,6
Pelotas,Pelotas,2020-12-18,8450,91,234,6
Pelotas,Pelotas,2020-12-19,8588,138,236,2
Pelotas,Pelotas,2020-12-20,8783,195,239,3
Pelotas,Pelotas,2020-12-21,8867,84,239,0
Pelotas,Pelotas,2020-12-22,9051,184,247,8
Pelotas,Pelotas,2020-12-23,9054,3,248,1
Pelotas,Pelotas,2020-12-24,9162,108,250,2
Pelotas,Pelotas,2020-12-25,9297,135,252,2
Pelotas,Pelotas,2020-12-26,9566,269,252,0
Pelotas,Pelotas,2020-12-27,9585,19,257,5
Pelotas,Pelotas,2020-12-28,9655,70,257,0
Pelotas,Pelotas,2020-12-29,9864,209,259,2
Pelotas,Pelotas,2020-12-30,10043,179,261,2
Pelotas,Pelotas,2020-12-31,10092,49,265,4
Pelotas,Pelotas,2021-01-01,10137,45,265,0
Pelotas,Pelotas,2021-01-02,10217,80,267,2
Pelotas,Pelotas,2021-01-03,10288,71,270,3
Pelotas,Pelotas,2021-01-04,10414,126,271,1
Pelotas,Pelotas,2021-01-05,10539,125,274,3
Pelotas,Pelotas,2021-01-06,10780,241,274,0
Pelotas,Pelotas,2021-01-07,10971,191,278,4
Pelotas,Pelotas,2021-01-08,11028,57,280,2
Pelotas,Pelotas,2021-01-09,11237,209,280,0
Pelotas,Pelotas,2021-01-10,11381,144,281,1
Pelotas,Pelotas,2021-01-11,11669,288,286,5
Pelotas,Pelotas,2021-01-12,11781,112,292,6
Pelotas,Pelotas,2021-01-13,11936,155,295,3
Pelotas,Pelotas,2021-01-14,11972,36,298,3
Pelotas,Pelotas,2021-01-15,12170,198,299,1
Pelotas,Pelotas,2021-01-16,12182,12,301,2
Pelotas,Pelotas,2021-01-17,12416,234,306,5
Pelotas,Pelotas,2021-01-18,12439,23,305,-1
Pelotas,Pelotas,2021-01-19,12471,32,306,1
Pelotas,Pelotas,2021-01-20,12487,16,310,4
Pelotas,Pelotas,2021-01-21,12503,16,311,1
Pelotas,Pelotas,2021-01-22,12523,20,312,1
Pelotas,Pelotas,2021-01-23,12531,8,315,3
Pelotas,Pelotas,2021-01-24,12674,143,315,0
Pelotas,Pelotas,2021-01-25,12892,218,317,2
Pelotas,Pelotas,2021-01-26,13308,416,319,2
Pelotas,Pelotas,2021-01-27,13452,144,324,5
Pelotas,Pelotas,2021-01-28,13699,247,325,1
Pelotas,Pelotas,2021-01-29,13938,239,326,1
Pelotas,Pelotas,2021-01-30,14021,83,326,0
Pelotas,Pelotas,2021-01-31,14029,8,326,0
Pelotas,Pelotas,2021-02-01,14072,43,326,0
Pelotas,Pelotas,2021-02-02,14187,115,326,0
Pelotas,Pelotas,2021-02-03,14268,81,327,1
Pelotas,Pelotas,2021-02-04,14393,125,329,2
Pelotas,Pelotas,2021-02-05,14453,60,331,2
Pelotas,Pelotas,2021-02-06,14580,127,335,4
Pelotas,Pelotas,2021-02-07,14651,71,335,0
Pelotas,Pelotas,2021-02-08,14653,2,335,0
