city,city,date,cases,daily cases,deaths,daily deaths
Petrópolis,Petrópolis,2020-03-27,0,0,0,0
Petrópolis,Petrópolis,2020-03-28,3,3,1,1
Petrópolis,Petrópolis,2020-03-29,4,1,1,0
Petrópolis,Petrópolis,2020-03-30,4,0,1,0
Petrópolis,Petrópolis,2020-03-31,5,1,1,0
Petrópolis,Petrópolis,2020-04-01,5,0,1,0
Petrópolis,Petrópolis,2020-04-02,13,8,1,0
Petrópolis,Petrópolis,2020-04-03,13,0,1,0
Petrópolis,Petrópolis,2020-04-04,13,0,1,0
Petrópolis,Petrópolis,2020-04-05,13,0,1,0
Petrópolis,Petrópolis,2020-04-06,16,3,1,0
Petrópolis,Petrópolis,2020-04-07,20,4,1,0
Petrópolis,Petrópolis,2020-04-08,22,2,1,0
Petrópolis,Petrópolis,2020-04-09,22,0,1,0
Petrópolis,Petrópolis,2020-04-10,26,4,1,0
Petrópolis,Petrópolis,2020-04-11,27,1,1,0
Petrópolis,Petrópolis,2020-04-12,28,1,1,0
Petrópolis,Petrópolis,2020-04-13,28,0,1,0
Petrópolis,Petrópolis,2020-04-14,28,0,1,0
Petrópolis,Petrópolis,2020-04-15,42,14,1,0
Petrópolis,Petrópolis,2020-04-16,66,24,1,0
Petrópolis,Petrópolis,2020-04-17,67,1,6,5
Petrópolis,Petrópolis,2020-04-18,67,0,6,0
Petrópolis,Petrópolis,2020-04-19,67,0,6,0
Petrópolis,Petrópolis,2020-04-20,71,4,6,0
Petrópolis,Petrópolis,2020-04-21,71,0,7,1
Petrópolis,Petrópolis,2020-04-22,74,3,8,1
Petrópolis,Petrópolis,2020-04-23,76,2,8,0
Petrópolis,Petrópolis,2020-04-24,77,1,9,1
Petrópolis,Petrópolis,2020-04-25,77,0,8,-1
Petrópolis,Petrópolis,2020-04-26,80,3,8,0
Petrópolis,Petrópolis,2020-04-27,81,1,9,1
Petrópolis,Petrópolis,2020-04-28,81,0,9,0
Petrópolis,Petrópolis,2020-04-29,84,3,9,0
Petrópolis,Petrópolis,2020-04-30,91,7,9,0
Petrópolis,Petrópolis,2020-05-01,94,3,9,0
Petrópolis,Petrópolis,2020-05-02,95,1,9,0
Petrópolis,Petrópolis,2020-05-03,103,8,9,0
Petrópolis,Petrópolis,2020-05-04,104,1,9,0
Petrópolis,Petrópolis,2020-05-05,104,0,9,0
Petrópolis,Petrópolis,2020-05-06,104,0,9,0
Petrópolis,Petrópolis,2020-05-07,114,10,12,3
Petrópolis,Petrópolis,2020-05-08,147,33,12,0
Petrópolis,Petrópolis,2020-05-09,158,11,16,4
Petrópolis,Petrópolis,2020-05-10,152,-6,16,0
Petrópolis,Petrópolis,2020-05-11,177,25,16,0
Petrópolis,Petrópolis,2020-05-12,181,4,18,2
Petrópolis,Petrópolis,2020-05-13,183,2,20,2
Petrópolis,Petrópolis,2020-05-14,206,23,23,3
Petrópolis,Petrópolis,2020-05-15,208,2,25,2
Petrópolis,Petrópolis,2020-05-16,213,5,27,2
Petrópolis,Petrópolis,2020-05-17,213,0,27,0
Petrópolis,Petrópolis,2020-05-18,274,61,27,0
Petrópolis,Petrópolis,2020-05-19,272,-2,25,-2
Petrópolis,Petrópolis,2020-05-20,273,1,27,2
Petrópolis,Petrópolis,2020-05-21,273,0,27,0
Petrópolis,Petrópolis,2020-05-22,276,3,30,3
Petrópolis,Petrópolis,2020-05-23,277,1,31,1
Petrópolis,Petrópolis,2020-05-24,277,0,31,0
Petrópolis,Petrópolis,2020-05-25,280,3,31,0
Petrópolis,Petrópolis,2020-05-26,294,14,41,10
Petrópolis,Petrópolis,2020-05-27,332,38,41,0
Petrópolis,Petrópolis,2020-05-28,339,7,41,0
Petrópolis,Petrópolis,2020-05-29,348,9,42,1
Petrópolis,Petrópolis,2020-05-30,418,70,42,0
Petrópolis,Petrópolis,2020-05-31,419,1,42,0
Petrópolis,Petrópolis,2020-06-01,421,2,42,0
Petrópolis,Petrópolis,2020-06-02,433,12,44,2
Petrópolis,Petrópolis,2020-06-03,445,12,51,7
Petrópolis,Petrópolis,2020-06-04,457,12,52,1
Petrópolis,Petrópolis,2020-06-05,464,7,53,1
Petrópolis,Petrópolis,2020-06-06,471,7,54,1
Petrópolis,Petrópolis,2020-06-07,510,39,54,0
Petrópolis,Petrópolis,2020-06-08,529,19,54,0
Petrópolis,Petrópolis,2020-06-09,559,30,54,0
Petrópolis,Petrópolis,2020-06-10,575,16,61,7
Petrópolis,Petrópolis,2020-06-11,589,14,64,3
Petrópolis,Petrópolis,2020-06-12,608,19,64,0
Petrópolis,Petrópolis,2020-06-13,667,59,64,0
Petrópolis,Petrópolis,2020-06-14,673,6,64,0
Petrópolis,Petrópolis,2020-06-15,685,12,64,0
Petrópolis,Petrópolis,2020-06-16,706,21,73,9
Petrópolis,Petrópolis,2020-06-17,725,19,80,7
Petrópolis,Petrópolis,2020-06-18,726,1,81,1
Petrópolis,Petrópolis,2020-06-19,750,24,82,1
Petrópolis,Petrópolis,2020-06-20,757,7,83,1
Petrópolis,Petrópolis,2020-06-21,759,2,83,0
Petrópolis,Petrópolis,2020-06-22,761,2,83,0
Petrópolis,Petrópolis,2020-06-23,776,15,83,0
Petrópolis,Petrópolis,2020-06-24,790,14,89,6
Petrópolis,Petrópolis,2020-06-25,799,9,90,1
Petrópolis,Petrópolis,2020-06-26,799,0,90,0
Petrópolis,Petrópolis,2020-06-27,806,7,92,2
Petrópolis,Petrópolis,2020-06-28,812,6,92,0
Petrópolis,Petrópolis,2020-06-29,812,0,92,0
Petrópolis,Petrópolis,2020-06-30,812,0,92,0
Petrópolis,Petrópolis,2020-07-01,829,17,93,1
Petrópolis,Petrópolis,2020-07-02,846,17,93,0
Petrópolis,Petrópolis,2020-07-03,851,5,94,1
Petrópolis,Petrópolis,2020-07-04,862,11,95,1
Petrópolis,Petrópolis,2020-07-05,864,2,95,0
Petrópolis,Petrópolis,2020-07-06,864,0,95,0
Petrópolis,Petrópolis,2020-07-07,872,8,95,0
Petrópolis,Petrópolis,2020-07-08,885,13,97,2
Petrópolis,Petrópolis,2020-07-09,885,0,98,1
Petrópolis,Petrópolis,2020-07-10,887,2,100,2
Petrópolis,Petrópolis,2020-07-11,891,4,104,4
Petrópolis,Petrópolis,2020-07-12,891,0,104,0
Petrópolis,Petrópolis,2020-07-13,903,12,104,0
Petrópolis,Petrópolis,2020-07-14,922,19,104,0
Petrópolis,Petrópolis,2020-07-15,955,33,114,10
Petrópolis,Petrópolis,2020-07-16,963,8,122,8
Petrópolis,Petrópolis,2020-07-17,957,-6,122,0
Petrópolis,Petrópolis,2020-07-18,957,0,122,0
Petrópolis,Petrópolis,2020-07-19,965,8,126,4
Petrópolis,Petrópolis,2020-07-20,978,13,126,0
Petrópolis,Petrópolis,2020-07-21,1000,22,127,1
Petrópolis,Petrópolis,2020-07-22,1041,41,130,3
Petrópolis,Petrópolis,2020-07-23,1071,30,130,0
Petrópolis,Petrópolis,2020-07-24,1127,56,133,3
Petrópolis,Petrópolis,2020-07-25,1162,35,134,1
Petrópolis,Petrópolis,2020-07-26,1162,0,134,0
Petrópolis,Petrópolis,2020-07-27,1164,2,134,0
Petrópolis,Petrópolis,2020-07-28,1179,15,135,1
Petrópolis,Petrópolis,2020-07-29,1215,36,137,2
Petrópolis,Petrópolis,2020-07-30,1220,5,137,0
Petrópolis,Petrópolis,2020-07-31,1251,31,144,7
Petrópolis,Petrópolis,2020-08-01,1264,13,145,1
Petrópolis,Petrópolis,2020-08-02,1264,0,145,0
Petrópolis,Petrópolis,2020-08-03,1267,3,145,0
Petrópolis,Petrópolis,2020-08-04,1275,8,146,1
Petrópolis,Petrópolis,2020-08-05,1309,34,146,0
Petrópolis,Petrópolis,2020-08-06,1380,71,146,0
Petrópolis,Petrópolis,2020-08-07,1414,34,146,0
Petrópolis,Petrópolis,2020-08-08,1431,17,147,1
Petrópolis,Petrópolis,2020-08-09,1440,9,147,0
Petrópolis,Petrópolis,2020-08-10,1442,2,147,0
Petrópolis,Petrópolis,2020-08-11,1458,16,147,0
Petrópolis,Petrópolis,2020-08-12,1475,17,149,2
Petrópolis,Petrópolis,2020-08-13,1493,18,153,4
Petrópolis,Petrópolis,2020-08-14,1498,5,156,3
Petrópolis,Petrópolis,2020-08-15,1498,0,156,0
Petrópolis,Petrópolis,2020-08-16,1528,30,156,0
Petrópolis,Petrópolis,2020-08-17,1531,3,156,0
Petrópolis,Petrópolis,2020-08-18,1580,49,156,0
Petrópolis,Petrópolis,2020-08-19,1590,10,156,0
Petrópolis,Petrópolis,2020-08-20,1617,27,157,1
Petrópolis,Petrópolis,2020-08-21,1619,2,159,2
Petrópolis,Petrópolis,2020-08-22,1688,69,162,3
Petrópolis,Petrópolis,2020-08-23,1689,1,162,0
Petrópolis,Petrópolis,2020-08-24,1691,2,164,2
Petrópolis,Petrópolis,2020-08-25,1710,19,164,0
Petrópolis,Petrópolis,2020-08-26,1730,20,164,0
Petrópolis,Petrópolis,2020-08-27,1753,23,165,1
Petrópolis,Petrópolis,2020-08-28,1753,0,165,0
Petrópolis,Petrópolis,2020-08-29,1812,59,169,4
Petrópolis,Petrópolis,2020-08-30,1834,22,169,0
Petrópolis,Petrópolis,2020-08-31,1841,7,169,0
Petrópolis,Petrópolis,2020-09-01,1845,4,170,1
Petrópolis,Petrópolis,2020-09-02,1860,15,171,1
Petrópolis,Petrópolis,2020-09-03,1872,12,171,0
Petrópolis,Petrópolis,2020-09-04,1892,20,171,0
Petrópolis,Petrópolis,2020-09-05,1894,2,173,2
Petrópolis,Petrópolis,2020-09-06,1920,26,173,0
Petrópolis,Petrópolis,2020-09-07,1935,15,173,0
Petrópolis,Petrópolis,2020-09-08,1935,0,173,0
Petrópolis,Petrópolis,2020-09-09,1944,9,177,4
Petrópolis,Petrópolis,2020-09-10,1955,11,182,5
Petrópolis,Petrópolis,2020-09-11,2126,171,182,0
Petrópolis,Petrópolis,2020-09-12,2128,2,184,2
Petrópolis,Petrópolis,2020-09-13,2234,106,184,0
Petrópolis,Petrópolis,2020-09-14,2234,0,184,0
Petrópolis,Petrópolis,2020-09-15,2263,29,190,6
Petrópolis,Petrópolis,2020-09-16,2286,23,192,2
Petrópolis,Petrópolis,2020-09-17,2286,0,192,0
Petrópolis,Petrópolis,2020-09-18,2333,47,196,4
Petrópolis,Petrópolis,2020-09-19,2355,22,197,1
Petrópolis,Petrópolis,2020-09-20,2366,11,197,0
Petrópolis,Petrópolis,2020-09-21,2366,0,197,0
Petrópolis,Petrópolis,2020-09-22,2406,40,197,0
Petrópolis,Petrópolis,2020-09-23,2407,1,198,1
Petrópolis,Petrópolis,2020-09-24,2422,15,199,1
Petrópolis,Petrópolis,2020-09-25,2435,13,204,5
Petrópolis,Petrópolis,2020-09-26,2439,4,208,4
Petrópolis,Petrópolis,2020-09-27,2442,3,211,3
Petrópolis,Petrópolis,2020-09-28,2445,3,214,3
Petrópolis,Petrópolis,2020-09-29,2505,60,214,0
Petrópolis,Petrópolis,2020-09-30,2512,7,215,1
Petrópolis,Petrópolis,2020-10-01,2515,3,216,1
Petrópolis,Petrópolis,2020-10-02,2523,8,219,3
Petrópolis,Petrópolis,2020-10-03,2531,8,221,2
Petrópolis,Petrópolis,2020-10-04,2531,0,221,0
Petrópolis,Petrópolis,2020-10-05,2546,15,221,0
Petrópolis,Petrópolis,2020-10-06,2551,5,221,0
Petrópolis,Petrópolis,2020-10-07,2555,4,221,0
Petrópolis,Petrópolis,2020-10-08,2571,16,223,2
Petrópolis,Petrópolis,2020-10-09,2574,3,223,0
Petrópolis,Petrópolis,2020-10-10,2582,8,227,4
Petrópolis,Petrópolis,2020-10-11,2610,28,227,0
Petrópolis,Petrópolis,2020-10-12,2610,0,227,0
Petrópolis,Petrópolis,2020-10-13,2620,10,228,1
Petrópolis,Petrópolis,2020-10-14,2625,5,229,1
Petrópolis,Petrópolis,2020-10-15,2636,11,237,8
Petrópolis,Petrópolis,2020-10-16,2639,3,238,1
Petrópolis,Petrópolis,2020-10-17,2639,0,238,0
Petrópolis,Petrópolis,2020-10-18,2648,9,240,2
Petrópolis,Petrópolis,2020-10-19,2649,1,240,0
Petrópolis,Petrópolis,2020-10-20,2699,50,240,0
Petrópolis,Petrópolis,2020-10-21,2701,2,241,1
Petrópolis,Petrópolis,2020-10-22,2704,3,241,0
Petrópolis,Petrópolis,2020-10-23,2715,11,245,4
Petrópolis,Petrópolis,2020-10-24,2753,38,249,4
Petrópolis,Petrópolis,2020-10-25,2757,4,250,1
Petrópolis,Petrópolis,2020-10-26,2809,52,250,0
Petrópolis,Petrópolis,2020-10-27,2812,3,251,1
Petrópolis,Petrópolis,2020-10-28,2832,20,256,5
Petrópolis,Petrópolis,2020-10-29,2848,16,261,5
Petrópolis,Petrópolis,2020-10-30,2870,22,263,2
Petrópolis,Petrópolis,2020-10-31,2870,0,263,0
Petrópolis,Petrópolis,2020-11-01,2888,18,263,0
Petrópolis,Petrópolis,2020-11-02,2890,2,264,1
Petrópolis,Petrópolis,2020-11-03,2901,11,270,6
Petrópolis,Petrópolis,2020-11-04,2919,18,271,1
Petrópolis,Petrópolis,2020-11-05,2923,4,271,0
Petrópolis,Petrópolis,2020-11-06,2923,0,271,0
Petrópolis,Petrópolis,2020-11-07,2923,0,271,0
Petrópolis,Petrópolis,2020-11-08,2932,9,271,0
Petrópolis,Petrópolis,2020-11-09,2932,0,271,0
Petrópolis,Petrópolis,2020-11-10,2958,26,271,0
Petrópolis,Petrópolis,2020-11-11,2978,20,273,2
Petrópolis,Petrópolis,2020-11-12,3005,27,275,2
Petrópolis,Petrópolis,2020-11-13,3005,0,275,0
Petrópolis,Petrópolis,2020-11-14,3051,46,275,0
Petrópolis,Petrópolis,2020-11-15,3051,0,275,0
Petrópolis,Petrópolis,2020-11-16,3100,49,275,0
Petrópolis,Petrópolis,2020-11-17,3161,61,276,1
Petrópolis,Petrópolis,2020-11-18,3178,17,283,7
Petrópolis,Petrópolis,2020-11-19,3179,1,283,0
Petrópolis,Petrópolis,2020-11-20,3189,10,283,0
Petrópolis,Petrópolis,2020-11-21,3189,0,283,0
Petrópolis,Petrópolis,2020-11-22,3211,22,283,0
Petrópolis,Petrópolis,2020-11-23,3211,0,283,0
Petrópolis,Petrópolis,2020-11-24,3224,13,283,0
Petrópolis,Petrópolis,2020-11-25,3234,10,284,1
Petrópolis,Petrópolis,2020-11-26,3255,21,284,0
Petrópolis,Petrópolis,2020-11-27,3262,7,286,2
Petrópolis,Petrópolis,2020-11-28,3293,31,292,6
Petrópolis,Petrópolis,2020-11-29,3293,0,292,0
Petrópolis,Petrópolis,2020-11-30,3295,2,292,0
Petrópolis,Petrópolis,2020-12-01,3310,15,292,0
Petrópolis,Petrópolis,2020-12-02,3352,42,292,0
Petrópolis,Petrópolis,2020-12-03,3365,13,292,0
Petrópolis,Petrópolis,2020-12-04,3375,10,295,3
Petrópolis,Petrópolis,2020-12-05,3380,5,295,0
Petrópolis,Petrópolis,2020-12-06,3394,14,295,0
Petrópolis,Petrópolis,2020-12-07,3394,0,295,0
Petrópolis,Petrópolis,2020-12-08,3406,12,296,1
Petrópolis,Petrópolis,2020-12-09,3430,24,296,0
Petrópolis,Petrópolis,2020-12-10,3472,42,297,1
Petrópolis,Petrópolis,2020-12-11,3499,27,302,5
Petrópolis,Petrópolis,2020-12-12,3527,28,302,0
Petrópolis,Petrópolis,2020-12-13,3579,52,302,0
Petrópolis,Petrópolis,2020-12-14,3581,2,302,0
Petrópolis,Petrópolis,2020-12-15,3588,7,306,4
Petrópolis,Petrópolis,2020-12-16,3620,32,307,1
Petrópolis,Petrópolis,2020-12-17,3648,28,308,1
Petrópolis,Petrópolis,2020-12-18,3677,29,311,3
Petrópolis,Petrópolis,2020-12-19,3678,1,312,1
Petrópolis,Petrópolis,2020-12-20,3720,42,312,0
Petrópolis,Petrópolis,2020-12-21,3728,8,312,0
Petrópolis,Petrópolis,2020-12-22,3756,28,318,6
Petrópolis,Petrópolis,2020-12-23,3766,10,318,0
Petrópolis,Petrópolis,2020-12-24,3795,29,319,1
Petrópolis,Petrópolis,2020-12-25,3795,0,319,0
Petrópolis,Petrópolis,2020-12-26,3796,1,319,0
Petrópolis,Petrópolis,2020-12-27,3831,35,319,0
Petrópolis,Petrópolis,2020-12-28,3844,13,319,0
Petrópolis,Petrópolis,2020-12-29,3876,32,319,0
Petrópolis,Petrópolis,2020-12-30,3883,7,326,7
Petrópolis,Petrópolis,2020-12-31,3959,76,326,0
Petrópolis,Petrópolis,2021-01-01,3967,8,328,2
Petrópolis,Petrópolis,2021-01-02,3972,5,330,2
Petrópolis,Petrópolis,2021-01-03,3972,0,330,0
Petrópolis,Petrópolis,2021-01-04,3972,0,330,0
Petrópolis,Petrópolis,2021-01-05,3987,15,330,0
Petrópolis,Petrópolis,2021-01-06,4011,24,330,0
Petrópolis,Petrópolis,2021-01-07,4035,24,330,0
Petrópolis,Petrópolis,2021-01-08,4051,16,346,16
Petrópolis,Petrópolis,2021-01-09,4080,29,353,7
Petrópolis,Petrópolis,2021-01-10,4084,4,357,4
Petrópolis,Petrópolis,2021-01-11,4100,16,357,0
Petrópolis,Petrópolis,2021-01-12,4116,16,357,0
Petrópolis,Petrópolis,2021-01-13,4135,19,368,11
Petrópolis,Petrópolis,2021-01-14,4154,19,369,1
Petrópolis,Petrópolis,2021-01-15,4164,10,369,0
Petrópolis,Petrópolis,2021-01-16,4167,3,370,1
Petrópolis,Petrópolis,2021-01-17,4167,0,370,0
Petrópolis,Petrópolis,2021-01-18,4167,0,370,0
Petrópolis,Petrópolis,2021-01-19,4203,36,371,1
Petrópolis,Petrópolis,2021-01-20,4261,58,380,9
Petrópolis,Petrópolis,2021-01-21,4281,20,386,6
Petrópolis,Petrópolis,2021-01-22,4281,0,386,0
Petrópolis,Petrópolis,2021-01-23,4298,17,387,1
Petrópolis,Petrópolis,2021-01-24,4333,35,387,0
Petrópolis,Petrópolis,2021-01-25,4333,0,387,0
Petrópolis,Petrópolis,2021-01-26,4447,114,387,0
Petrópolis,Petrópolis,2021-01-27,4461,14,387,0
Petrópolis,Petrópolis,2021-01-28,4470,9,387,0
Petrópolis,Petrópolis,2021-01-29,4513,43,387,0
Petrópolis,Petrópolis,2021-01-30,4513,0,387,0
Petrópolis,Petrópolis,2021-01-31,4513,0,387,0
Petrópolis,Petrópolis,2021-02-01,4686,173,388,1
Petrópolis,Petrópolis,2021-02-02,4730,44,404,16
Petrópolis,Petrópolis,2021-02-03,4772,42,416,12
Petrópolis,Petrópolis,2021-02-04,4805,33,423,7
Petrópolis,Petrópolis,2021-02-05,4828,23,423,0
Petrópolis,Petrópolis,2021-02-06,4872,44,423,0
Petrópolis,Petrópolis,2021-02-07,4872,0,423,0
Petrópolis,Petrópolis,2021-02-08,4973,101,440,17
