city,city,date,cases,daily cases,deaths,daily deaths
Pindorama,Pindorama,2020-03-27,0,0,0,0
Pindorama,Pindorama,2020-03-28,0,0,0,0
Pindorama,Pindorama,2020-03-29,0,0,0,0
Pindorama,Pindorama,2020-03-30,0,0,0,0
Pindorama,Pindorama,2020-03-31,0,0,0,0
Pindorama,Pindorama,2020-04-01,0,0,0,0
Pindorama,Pindorama,2020-04-02,0,0,0,0
Pindorama,Pindorama,2020-04-03,0,0,0,0
Pindorama,Pindorama,2020-04-04,0,0,0,0
Pindorama,Pindorama,2020-04-05,0,0,0,0
Pindorama,Pindorama,2020-04-06,0,0,0,0
Pindorama,Pindorama,2020-04-07,0,0,0,0
Pindorama,Pindorama,2020-04-08,1,1,0,0
Pindorama,Pindorama,2020-04-09,1,0,0,0
Pindorama,Pindorama,2020-04-10,1,0,0,0
Pindorama,Pindorama,2020-04-11,1,0,0,0
Pindorama,Pindorama,2020-04-12,1,0,0,0
Pindorama,Pindorama,2020-04-13,1,0,0,0
Pindorama,Pindorama,2020-04-14,1,0,0,0
Pindorama,Pindorama,2020-04-15,1,0,0,0
Pindorama,Pindorama,2020-04-16,2,1,0,0
Pindorama,Pindorama,2020-04-17,2,0,0,0
Pindorama,Pindorama,2020-04-18,2,0,0,0
Pindorama,Pindorama,2020-04-19,2,0,0,0
Pindorama,Pindorama,2020-04-20,2,0,0,0
Pindorama,Pindorama,2020-04-21,2,0,0,0
Pindorama,Pindorama,2020-04-22,2,0,0,0
Pindorama,Pindorama,2020-04-23,2,0,0,0
Pindorama,Pindorama,2020-04-24,2,0,0,0
Pindorama,Pindorama,2020-04-25,4,2,0,0
Pindorama,Pindorama,2020-04-26,4,0,0,0
Pindorama,Pindorama,2020-04-27,4,0,0,0
Pindorama,Pindorama,2020-04-28,4,0,0,0
Pindorama,Pindorama,2020-04-29,4,0,0,0
Pindorama,Pindorama,2020-04-30,6,2,0,0
Pindorama,Pindorama,2020-05-01,6,0,0,0
Pindorama,Pindorama,2020-05-02,6,0,0,0
Pindorama,Pindorama,2020-05-03,6,0,0,0
Pindorama,Pindorama,2020-05-04,6,0,0,0
Pindorama,Pindorama,2020-05-05,6,0,0,0
Pindorama,Pindorama,2020-05-06,6,0,0,0
Pindorama,Pindorama,2020-05-07,6,0,0,0
Pindorama,Pindorama,2020-05-08,6,0,0,0
Pindorama,Pindorama,2020-05-09,6,0,0,0
Pindorama,Pindorama,2020-05-10,6,0,0,0
Pindorama,Pindorama,2020-05-11,6,0,0,0
Pindorama,Pindorama,2020-05-12,6,0,0,0
Pindorama,Pindorama,2020-05-13,7,1,0,0
Pindorama,Pindorama,2020-05-14,7,0,0,0
Pindorama,Pindorama,2020-05-15,7,0,0,0
Pindorama,Pindorama,2020-05-16,7,0,0,0
Pindorama,Pindorama,2020-05-17,7,0,0,0
Pindorama,Pindorama,2020-05-18,7,0,0,0
Pindorama,Pindorama,2020-05-19,8,1,0,0
Pindorama,Pindorama,2020-05-20,8,0,0,0
Pindorama,Pindorama,2020-05-21,10,2,0,0
Pindorama,Pindorama,2020-05-22,12,2,0,0
Pindorama,Pindorama,2020-05-23,11,-1,0,0
Pindorama,Pindorama,2020-05-24,11,0,0,0
Pindorama,Pindorama,2020-05-25,11,0,0,0
Pindorama,Pindorama,2020-05-26,13,2,0,0
Pindorama,Pindorama,2020-05-27,13,0,0,0
Pindorama,Pindorama,2020-05-28,14,1,0,0
Pindorama,Pindorama,2020-05-29,14,0,0,0
Pindorama,Pindorama,2020-05-30,14,0,0,0
Pindorama,Pindorama,2020-05-31,14,0,0,0
Pindorama,Pindorama,2020-06-01,14,0,0,0
Pindorama,Pindorama,2020-06-02,14,0,0,0
Pindorama,Pindorama,2020-06-03,14,0,0,0
Pindorama,Pindorama,2020-06-04,14,0,0,0
Pindorama,Pindorama,2020-06-05,14,0,0,0
Pindorama,Pindorama,2020-06-06,15,1,0,0
Pindorama,Pindorama,2020-06-07,17,2,0,0
Pindorama,Pindorama,2020-06-08,20,3,0,0
Pindorama,Pindorama,2020-06-09,20,0,0,0
Pindorama,Pindorama,2020-06-10,20,0,0,0
Pindorama,Pindorama,2020-06-11,21,1,0,0
Pindorama,Pindorama,2020-06-12,23,2,0,0
Pindorama,Pindorama,2020-06-13,23,0,0,0
Pindorama,Pindorama,2020-06-14,23,0,0,0
Pindorama,Pindorama,2020-06-15,23,0,0,0
Pindorama,Pindorama,2020-06-16,25,2,0,0
Pindorama,Pindorama,2020-06-17,25,0,0,0
Pindorama,Pindorama,2020-06-18,26,1,1,1
Pindorama,Pindorama,2020-06-19,30,4,1,0
Pindorama,Pindorama,2020-06-20,30,0,1,0
Pindorama,Pindorama,2020-06-21,30,0,1,0
Pindorama,Pindorama,2020-06-22,31,1,1,0
Pindorama,Pindorama,2020-06-23,31,0,1,0
Pindorama,Pindorama,2020-06-24,31,0,1,0
Pindorama,Pindorama,2020-06-25,32,1,1,0
Pindorama,Pindorama,2020-06-26,32,0,1,0
Pindorama,Pindorama,2020-06-27,33,1,2,1
Pindorama,Pindorama,2020-06-28,34,1,2,0
Pindorama,Pindorama,2020-06-29,41,7,2,0
Pindorama,Pindorama,2020-06-30,41,0,2,0
Pindorama,Pindorama,2020-07-01,46,5,2,0
Pindorama,Pindorama,2020-07-02,49,3,2,0
Pindorama,Pindorama,2020-07-03,51,2,2,0
Pindorama,Pindorama,2020-07-04,51,0,2,0
Pindorama,Pindorama,2020-07-05,57,6,2,0
Pindorama,Pindorama,2020-07-06,58,1,2,0
Pindorama,Pindorama,2020-07-07,58,0,3,1
Pindorama,Pindorama,2020-07-08,57,-1,3,0
Pindorama,Pindorama,2020-07-09,58,1,3,0
Pindorama,Pindorama,2020-07-10,68,10,3,0
Pindorama,Pindorama,2020-07-11,68,0,3,0
Pindorama,Pindorama,2020-07-12,69,1,3,0
Pindorama,Pindorama,2020-07-13,69,0,3,0
Pindorama,Pindorama,2020-07-14,74,5,4,1
Pindorama,Pindorama,2020-07-15,75,1,4,0
Pindorama,Pindorama,2020-07-16,75,0,4,0
Pindorama,Pindorama,2020-07-17,75,0,4,0
Pindorama,Pindorama,2020-07-18,75,0,4,0
Pindorama,Pindorama,2020-07-19,75,0,4,0
Pindorama,Pindorama,2020-07-20,75,0,4,0
Pindorama,Pindorama,2020-07-21,76,1,4,0
Pindorama,Pindorama,2020-07-22,77,1,4,0
Pindorama,Pindorama,2020-07-23,78,1,4,0
Pindorama,Pindorama,2020-07-24,80,2,4,0
Pindorama,Pindorama,2020-07-25,87,7,4,0
Pindorama,Pindorama,2020-07-26,87,0,4,0
Pindorama,Pindorama,2020-07-27,87,0,4,0
Pindorama,Pindorama,2020-07-28,87,0,4,0
Pindorama,Pindorama,2020-07-29,96,9,4,0
Pindorama,Pindorama,2020-07-30,98,2,4,0
Pindorama,Pindorama,2020-07-31,99,1,4,0
Pindorama,Pindorama,2020-08-01,113,14,5,1
Pindorama,Pindorama,2020-08-02,118,5,5,0
Pindorama,Pindorama,2020-08-03,118,0,5,0
Pindorama,Pindorama,2020-08-04,128,10,5,0
Pindorama,Pindorama,2020-08-05,129,1,5,0
Pindorama,Pindorama,2020-08-06,137,8,5,0
Pindorama,Pindorama,2020-08-07,143,6,5,0
Pindorama,Pindorama,2020-08-08,147,4,5,0
Pindorama,Pindorama,2020-08-09,150,3,5,0
Pindorama,Pindorama,2020-08-10,153,3,5,0
Pindorama,Pindorama,2020-08-11,156,3,5,0
Pindorama,Pindorama,2020-08-12,174,18,6,1
Pindorama,Pindorama,2020-08-13,176,2,6,0
Pindorama,Pindorama,2020-08-14,180,4,6,0
Pindorama,Pindorama,2020-08-15,193,13,6,0
Pindorama,Pindorama,2020-08-16,201,8,6,0
Pindorama,Pindorama,2020-08-17,202,1,6,0
Pindorama,Pindorama,2020-08-18,203,1,6,0
Pindorama,Pindorama,2020-08-19,218,15,6,0
Pindorama,Pindorama,2020-08-20,223,5,6,0
Pindorama,Pindorama,2020-08-21,229,6,7,1
Pindorama,Pindorama,2020-08-22,234,5,8,1
Pindorama,Pindorama,2020-08-23,247,13,8,0
Pindorama,Pindorama,2020-08-24,254,7,8,0
Pindorama,Pindorama,2020-08-25,256,2,8,0
Pindorama,Pindorama,2020-08-26,262,6,8,0
Pindorama,Pindorama,2020-08-27,279,17,9,1
Pindorama,Pindorama,2020-08-28,288,9,9,0
Pindorama,Pindorama,2020-08-29,289,1,9,0
Pindorama,Pindorama,2020-08-30,291,2,9,0
Pindorama,Pindorama,2020-08-31,292,1,9,0
Pindorama,Pindorama,2020-09-01,294,2,9,0
Pindorama,Pindorama,2020-09-02,315,21,9,0
Pindorama,Pindorama,2020-09-03,318,3,9,0
Pindorama,Pindorama,2020-09-04,319,1,9,0
Pindorama,Pindorama,2020-09-05,320,1,9,0
Pindorama,Pindorama,2020-09-06,323,3,9,0
Pindorama,Pindorama,2020-09-07,344,21,9,0
Pindorama,Pindorama,2020-09-08,345,1,9,0
Pindorama,Pindorama,2020-09-09,348,3,9,0
Pindorama,Pindorama,2020-09-10,348,0,9,0
Pindorama,Pindorama,2020-09-11,352,4,9,0
Pindorama,Pindorama,2020-09-12,375,23,9,0
Pindorama,Pindorama,2020-09-13,375,0,9,0
Pindorama,Pindorama,2020-09-14,377,2,11,2
Pindorama,Pindorama,2020-09-15,382,5,11,0
Pindorama,Pindorama,2020-09-16,387,5,11,0
Pindorama,Pindorama,2020-09-17,394,7,11,0
Pindorama,Pindorama,2020-09-18,398,4,12,1
Pindorama,Pindorama,2020-09-19,403,5,12,0
Pindorama,Pindorama,2020-09-20,407,4,12,0
Pindorama,Pindorama,2020-09-21,415,8,12,0
Pindorama,Pindorama,2020-09-22,431,16,12,0
Pindorama,Pindorama,2020-09-23,432,1,12,0
Pindorama,Pindorama,2020-09-24,432,0,12,0
Pindorama,Pindorama,2020-09-25,438,6,12,0
Pindorama,Pindorama,2020-09-26,439,1,12,0
Pindorama,Pindorama,2020-09-27,439,0,12,0
Pindorama,Pindorama,2020-09-28,439,0,12,0
Pindorama,Pindorama,2020-09-29,440,1,12,0
Pindorama,Pindorama,2020-09-30,442,2,12,0
Pindorama,Pindorama,2020-10-01,445,3,12,0
Pindorama,Pindorama,2020-10-02,447,2,13,1
Pindorama,Pindorama,2020-10-03,449,2,13,0
Pindorama,Pindorama,2020-10-04,449,0,13,0
Pindorama,Pindorama,2020-10-05,450,1,14,1
Pindorama,Pindorama,2020-10-06,455,5,14,0
Pindorama,Pindorama,2020-10-07,459,4,14,0
Pindorama,Pindorama,2020-10-08,459,0,14,0
Pindorama,Pindorama,2020-10-09,461,2,14,0
Pindorama,Pindorama,2020-10-10,463,2,14,0
Pindorama,Pindorama,2020-10-11,466,3,15,1
Pindorama,Pindorama,2020-10-12,468,2,15,0
Pindorama,Pindorama,2020-10-13,468,0,15,0
Pindorama,Pindorama,2020-10-14,476,8,15,0
Pindorama,Pindorama,2020-10-15,477,1,15,0
Pindorama,Pindorama,2020-10-16,479,2,15,0
Pindorama,Pindorama,2020-10-17,481,2,15,0
Pindorama,Pindorama,2020-10-18,481,0,15,0
Pindorama,Pindorama,2020-10-19,481,0,15,0
Pindorama,Pindorama,2020-10-20,481,0,15,0
Pindorama,Pindorama,2020-10-21,481,0,15,0
Pindorama,Pindorama,2020-10-22,481,0,15,0
Pindorama,Pindorama,2020-10-23,482,1,15,0
Pindorama,Pindorama,2020-10-24,489,7,15,0
Pindorama,Pindorama,2020-10-25,489,0,15,0
Pindorama,Pindorama,2020-10-26,489,0,15,0
Pindorama,Pindorama,2020-10-27,488,-1,15,0
Pindorama,Pindorama,2020-10-28,494,6,15,0
Pindorama,Pindorama,2020-10-29,541,47,15,0
Pindorama,Pindorama,2020-10-30,550,9,15,0
Pindorama,Pindorama,2020-10-31,550,0,15,0
Pindorama,Pindorama,2020-11-01,551,1,15,0
Pindorama,Pindorama,2020-11-02,551,0,15,0
Pindorama,Pindorama,2020-11-03,551,0,15,0
Pindorama,Pindorama,2020-11-04,552,1,15,0
Pindorama,Pindorama,2020-11-05,555,3,15,0
Pindorama,Pindorama,2020-11-06,555,0,15,0
Pindorama,Pindorama,2020-11-07,555,0,15,0
Pindorama,Pindorama,2020-11-08,555,0,15,0
Pindorama,Pindorama,2020-11-09,555,0,15,0
Pindorama,Pindorama,2020-11-10,555,0,15,0
Pindorama,Pindorama,2020-11-11,575,20,15,0
Pindorama,Pindorama,2020-11-12,586,11,15,0
Pindorama,Pindorama,2020-11-13,587,1,15,0
Pindorama,Pindorama,2020-11-14,589,2,15,0
Pindorama,Pindorama,2020-11-15,589,0,15,0
Pindorama,Pindorama,2020-11-16,589,0,15,0
Pindorama,Pindorama,2020-11-17,595,6,15,0
Pindorama,Pindorama,2020-11-18,598,3,15,0
Pindorama,Pindorama,2020-11-19,604,6,15,0
Pindorama,Pindorama,2020-11-20,606,2,15,0
Pindorama,Pindorama,2020-11-21,609,3,15,0
Pindorama,Pindorama,2020-11-22,607,-2,15,0
Pindorama,Pindorama,2020-11-23,607,0,15,0
Pindorama,Pindorama,2020-11-24,613,6,15,0
Pindorama,Pindorama,2020-11-25,619,6,15,0
Pindorama,Pindorama,2020-11-26,621,2,15,0
Pindorama,Pindorama,2020-11-27,626,5,16,1
Pindorama,Pindorama,2020-11-28,629,3,16,0
Pindorama,Pindorama,2020-11-29,630,1,16,0
Pindorama,Pindorama,2020-11-30,630,0,16,0
Pindorama,Pindorama,2020-12-01,631,1,16,0
Pindorama,Pindorama,2020-12-02,633,2,17,1
Pindorama,Pindorama,2020-12-03,633,0,17,0
Pindorama,Pindorama,2020-12-04,634,1,17,0
Pindorama,Pindorama,2020-12-05,635,1,17,0
Pindorama,Pindorama,2020-12-06,635,0,17,0
Pindorama,Pindorama,2020-12-07,635,0,17,0
Pindorama,Pindorama,2020-12-08,635,0,17,0
Pindorama,Pindorama,2020-12-09,636,1,17,0
Pindorama,Pindorama,2020-12-10,637,1,17,0
Pindorama,Pindorama,2020-12-11,637,0,17,0
Pindorama,Pindorama,2020-12-12,638,1,17,0
Pindorama,Pindorama,2020-12-13,638,0,17,0
Pindorama,Pindorama,2020-12-14,638,0,17,0
Pindorama,Pindorama,2020-12-15,638,0,17,0
Pindorama,Pindorama,2020-12-16,638,0,17,0
Pindorama,Pindorama,2020-12-17,639,1,17,0
Pindorama,Pindorama,2020-12-18,639,0,17,0
Pindorama,Pindorama,2020-12-19,639,0,17,0
Pindorama,Pindorama,2020-12-20,639,0,17,0
Pindorama,Pindorama,2020-12-21,639,0,17,0
Pindorama,Pindorama,2020-12-22,639,0,17,0
Pindorama,Pindorama,2020-12-23,639,0,17,0
Pindorama,Pindorama,2020-12-24,639,0,17,0
Pindorama,Pindorama,2020-12-25,641,2,17,0
Pindorama,Pindorama,2020-12-26,641,0,17,0
Pindorama,Pindorama,2020-12-27,641,0,17,0
Pindorama,Pindorama,2020-12-28,641,0,17,0
Pindorama,Pindorama,2020-12-29,641,0,17,0
Pindorama,Pindorama,2020-12-30,641,0,17,0
Pindorama,Pindorama,2020-12-31,641,0,17,0
Pindorama,Pindorama,2021-01-01,642,1,17,0
Pindorama,Pindorama,2021-01-02,643,1,17,0
Pindorama,Pindorama,2021-01-03,647,4,17,0
Pindorama,Pindorama,2021-01-04,647,0,17,0
Pindorama,Pindorama,2021-01-05,647,0,17,0
Pindorama,Pindorama,2021-01-06,647,0,17,0
Pindorama,Pindorama,2021-01-07,647,0,17,0
Pindorama,Pindorama,2021-01-08,650,3,17,0
Pindorama,Pindorama,2021-01-09,650,0,17,0
Pindorama,Pindorama,2021-01-10,651,1,17,0
Pindorama,Pindorama,2021-01-11,652,1,17,0
Pindorama,Pindorama,2021-01-12,654,2,18,1
Pindorama,Pindorama,2021-01-13,654,0,18,0
Pindorama,Pindorama,2021-01-14,654,0,18,0
Pindorama,Pindorama,2021-01-15,654,0,18,0
Pindorama,Pindorama,2021-01-16,657,3,18,0
Pindorama,Pindorama,2021-01-17,658,1,18,0
Pindorama,Pindorama,2021-01-18,659,1,18,0
Pindorama,Pindorama,2021-01-19,661,2,18,0
Pindorama,Pindorama,2021-01-20,662,1,18,0
Pindorama,Pindorama,2021-01-21,663,1,18,0
Pindorama,Pindorama,2021-01-22,664,1,18,0
Pindorama,Pindorama,2021-01-23,664,0,18,0
Pindorama,Pindorama,2021-01-24,664,0,18,0
Pindorama,Pindorama,2021-01-25,664,0,18,0
Pindorama,Pindorama,2021-01-26,664,0,18,0
Pindorama,Pindorama,2021-01-27,667,3,18,0
Pindorama,Pindorama,2021-01-28,671,4,18,0
Pindorama,Pindorama,2021-01-29,671,0,18,0
Pindorama,Pindorama,2021-01-30,674,3,18,0
Pindorama,Pindorama,2021-01-31,675,1,18,0
Pindorama,Pindorama,2021-02-01,675,0,18,0
Pindorama,Pindorama,2021-02-02,680,5,19,1
Pindorama,Pindorama,2021-02-03,682,2,19,0
Pindorama,Pindorama,2021-02-04,686,4,19,0
Pindorama,Pindorama,2021-02-05,686,0,19,0
Pindorama,Pindorama,2021-02-06,687,1,19,0
Pindorama,Pindorama,2021-02-07,687,0,19,0
Pindorama,Pindorama,2021-02-08,687,0,19,0
