city,city,date,cases,daily cases,deaths,daily deaths
Pinheiros,Pinheiros,2020-03-27,0,0,0,0
Pinheiros,Pinheiros,2020-03-28,0,0,0,0
Pinheiros,Pinheiros,2020-03-29,0,0,0,0
Pinheiros,Pinheiros,2020-03-30,0,0,0,0
Pinheiros,Pinheiros,2020-03-31,0,0,0,0
Pinheiros,Pinheiros,2020-04-01,0,0,0,0
Pinheiros,Pinheiros,2020-04-02,0,0,0,0
Pinheiros,Pinheiros,2020-04-03,0,0,0,0
Pinheiros,Pinheiros,2020-04-04,0,0,0,0
Pinheiros,Pinheiros,2020-04-05,0,0,0,0
Pinheiros,Pinheiros,2020-04-06,0,0,0,0
Pinheiros,Pinheiros,2020-04-07,0,0,0,0
Pinheiros,Pinheiros,2020-04-08,0,0,0,0
Pinheiros,Pinheiros,2020-04-09,0,0,0,0
Pinheiros,Pinheiros,2020-04-10,0,0,0,0
Pinheiros,Pinheiros,2020-04-11,0,0,0,0
Pinheiros,Pinheiros,2020-04-12,0,0,0,0
Pinheiros,Pinheiros,2020-04-13,0,0,0,0
Pinheiros,Pinheiros,2020-04-14,0,0,0,0
Pinheiros,Pinheiros,2020-04-15,0,0,0,0
Pinheiros,Pinheiros,2020-04-16,0,0,0,0
Pinheiros,Pinheiros,2020-04-17,0,0,0,0
Pinheiros,Pinheiros,2020-04-18,0,0,0,0
Pinheiros,Pinheiros,2020-04-19,0,0,0,0
Pinheiros,Pinheiros,2020-04-20,0,0,0,0
Pinheiros,Pinheiros,2020-04-21,0,0,0,0
Pinheiros,Pinheiros,2020-04-22,0,0,0,0
Pinheiros,Pinheiros,2020-04-23,0,0,0,0
Pinheiros,Pinheiros,2020-04-24,0,0,0,0
Pinheiros,Pinheiros,2020-04-25,0,0,0,0
Pinheiros,Pinheiros,2020-04-26,0,0,0,0
Pinheiros,Pinheiros,2020-04-27,0,0,0,0
Pinheiros,Pinheiros,2020-04-28,0,0,0,0
Pinheiros,Pinheiros,2020-04-29,0,0,0,0
Pinheiros,Pinheiros,2020-04-30,4,4,1,1
Pinheiros,Pinheiros,2020-05-01,4,0,1,0
Pinheiros,Pinheiros,2020-05-02,4,0,1,0
Pinheiros,Pinheiros,2020-05-03,4,0,1,0
Pinheiros,Pinheiros,2020-05-04,5,1,1,0
Pinheiros,Pinheiros,2020-05-05,5,0,1,0
Pinheiros,Pinheiros,2020-05-06,5,0,1,0
Pinheiros,Pinheiros,2020-05-07,5,0,1,0
Pinheiros,Pinheiros,2020-05-08,5,0,1,0
Pinheiros,Pinheiros,2020-05-09,5,0,1,0
Pinheiros,Pinheiros,2020-05-10,5,0,1,0
Pinheiros,Pinheiros,2020-05-11,5,0,1,0
Pinheiros,Pinheiros,2020-05-12,6,1,1,0
Pinheiros,Pinheiros,2020-05-13,6,0,1,0
Pinheiros,Pinheiros,2020-05-14,6,0,1,0
Pinheiros,Pinheiros,2020-05-15,6,0,1,0
Pinheiros,Pinheiros,2020-05-16,6,0,1,0
Pinheiros,Pinheiros,2020-05-17,6,0,1,0
Pinheiros,Pinheiros,2020-05-18,6,0,1,0
Pinheiros,Pinheiros,2020-05-19,7,1,1,0
Pinheiros,Pinheiros,2020-05-20,9,2,1,0
Pinheiros,Pinheiros,2020-05-21,11,2,2,1
Pinheiros,Pinheiros,2020-05-22,11,0,2,0
Pinheiros,Pinheiros,2020-05-23,11,0,2,0
Pinheiros,Pinheiros,2020-05-24,12,1,2,0
Pinheiros,Pinheiros,2020-05-25,12,0,2,0
Pinheiros,Pinheiros,2020-05-26,12,0,2,0
Pinheiros,Pinheiros,2020-05-27,13,1,2,0
Pinheiros,Pinheiros,2020-05-28,13,0,2,0
Pinheiros,Pinheiros,2020-05-29,16,3,2,0
Pinheiros,Pinheiros,2020-05-30,16,0,3,1
Pinheiros,Pinheiros,2020-05-31,16,0,3,0
Pinheiros,Pinheiros,2020-06-01,16,0,3,0
Pinheiros,Pinheiros,2020-06-02,17,1,3,0
Pinheiros,Pinheiros,2020-06-03,19,2,3,0
Pinheiros,Pinheiros,2020-06-04,22,3,3,0
Pinheiros,Pinheiros,2020-06-05,26,4,3,0
Pinheiros,Pinheiros,2020-06-06,29,3,3,0
Pinheiros,Pinheiros,2020-06-07,29,0,3,0
Pinheiros,Pinheiros,2020-06-08,34,5,3,0
Pinheiros,Pinheiros,2020-06-09,38,4,3,0
Pinheiros,Pinheiros,2020-06-10,41,3,3,0
Pinheiros,Pinheiros,2020-06-11,44,3,3,0
Pinheiros,Pinheiros,2020-06-12,51,7,3,0
Pinheiros,Pinheiros,2020-06-13,55,4,3,0
Pinheiros,Pinheiros,2020-06-14,55,0,3,0
Pinheiros,Pinheiros,2020-06-15,55,0,3,0
Pinheiros,Pinheiros,2020-06-16,62,7,3,0
Pinheiros,Pinheiros,2020-06-17,67,5,3,0
Pinheiros,Pinheiros,2020-06-18,74,7,3,0
Pinheiros,Pinheiros,2020-06-19,79,5,4,1
Pinheiros,Pinheiros,2020-06-20,79,0,4,0
Pinheiros,Pinheiros,2020-06-21,79,0,4,0
Pinheiros,Pinheiros,2020-06-22,86,7,4,0
Pinheiros,Pinheiros,2020-06-23,99,13,5,1
Pinheiros,Pinheiros,2020-06-24,112,13,5,0
Pinheiros,Pinheiros,2020-06-25,115,3,6,1
Pinheiros,Pinheiros,2020-06-26,118,3,6,0
Pinheiros,Pinheiros,2020-06-27,118,0,6,0
Pinheiros,Pinheiros,2020-06-28,121,3,6,0
Pinheiros,Pinheiros,2020-06-29,128,7,6,0
Pinheiros,Pinheiros,2020-06-30,134,6,6,0
Pinheiros,Pinheiros,2020-07-01,135,1,6,0
Pinheiros,Pinheiros,2020-07-02,150,15,6,0
Pinheiros,Pinheiros,2020-07-03,153,3,8,2
Pinheiros,Pinheiros,2020-07-04,156,3,9,1
Pinheiros,Pinheiros,2020-07-05,157,1,9,0
Pinheiros,Pinheiros,2020-07-06,166,9,9,0
Pinheiros,Pinheiros,2020-07-07,172,6,9,0
Pinheiros,Pinheiros,2020-07-08,180,8,9,0
Pinheiros,Pinheiros,2020-07-09,181,1,9,0
Pinheiros,Pinheiros,2020-07-10,187,6,9,0
Pinheiros,Pinheiros,2020-07-11,193,6,9,0
Pinheiros,Pinheiros,2020-07-12,196,3,9,0
Pinheiros,Pinheiros,2020-07-13,205,9,9,0
Pinheiros,Pinheiros,2020-07-14,211,6,9,0
Pinheiros,Pinheiros,2020-07-15,213,2,9,0
Pinheiros,Pinheiros,2020-07-16,223,10,10,1
Pinheiros,Pinheiros,2020-07-17,232,9,10,0
Pinheiros,Pinheiros,2020-07-18,236,4,10,0
Pinheiros,Pinheiros,2020-07-19,238,2,10,0
Pinheiros,Pinheiros,2020-07-20,243,5,10,0
Pinheiros,Pinheiros,2020-07-21,251,8,10,0
Pinheiros,Pinheiros,2020-07-22,257,6,10,0
Pinheiros,Pinheiros,2020-07-23,260,3,10,0
Pinheiros,Pinheiros,2020-07-24,273,13,11,1
Pinheiros,Pinheiros,2020-07-25,277,4,11,0
Pinheiros,Pinheiros,2020-07-26,279,2,11,0
Pinheiros,Pinheiros,2020-07-27,297,18,11,0
Pinheiros,Pinheiros,2020-07-28,303,6,11,0
Pinheiros,Pinheiros,2020-07-29,307,4,12,1
Pinheiros,Pinheiros,2020-07-30,317,10,12,0
Pinheiros,Pinheiros,2020-07-31,325,8,13,1
Pinheiros,Pinheiros,2020-08-01,327,2,14,1
Pinheiros,Pinheiros,2020-08-02,329,2,14,0
Pinheiros,Pinheiros,2020-08-03,341,12,14,0
Pinheiros,Pinheiros,2020-08-04,360,19,14,0
Pinheiros,Pinheiros,2020-08-05,371,11,14,0
Pinheiros,Pinheiros,2020-08-06,380,9,15,1
Pinheiros,Pinheiros,2020-08-07,403,23,15,0
Pinheiros,Pinheiros,2020-08-08,408,5,15,0
Pinheiros,Pinheiros,2020-08-09,409,1,15,0
Pinheiros,Pinheiros,2020-08-10,414,5,15,0
Pinheiros,Pinheiros,2020-08-11,419,5,15,0
Pinheiros,Pinheiros,2020-08-12,432,13,15,0
Pinheiros,Pinheiros,2020-08-13,441,9,15,0
Pinheiros,Pinheiros,2020-08-14,445,4,15,0
Pinheiros,Pinheiros,2020-08-15,448,3,15,0
Pinheiros,Pinheiros,2020-08-16,454,6,15,0
Pinheiros,Pinheiros,2020-08-17,480,26,16,1
Pinheiros,Pinheiros,2020-08-18,484,4,17,1
Pinheiros,Pinheiros,2020-08-19,492,8,17,0
Pinheiros,Pinheiros,2020-08-20,509,17,17,0
Pinheiros,Pinheiros,2020-08-21,525,16,17,0
Pinheiros,Pinheiros,2020-08-22,529,4,17,0
Pinheiros,Pinheiros,2020-08-23,532,3,17,0
Pinheiros,Pinheiros,2020-08-24,536,4,17,0
Pinheiros,Pinheiros,2020-08-25,542,6,17,0
Pinheiros,Pinheiros,2020-08-26,550,8,17,0
Pinheiros,Pinheiros,2020-08-27,553,3,17,0
Pinheiros,Pinheiros,2020-08-28,558,5,17,0
Pinheiros,Pinheiros,2020-08-29,565,7,17,0
Pinheiros,Pinheiros,2020-08-30,565,0,17,0
Pinheiros,Pinheiros,2020-08-31,578,13,18,1
Pinheiros,Pinheiros,2020-09-01,582,4,18,0
Pinheiros,Pinheiros,2020-09-02,593,11,18,0
Pinheiros,Pinheiros,2020-09-03,598,5,19,1
Pinheiros,Pinheiros,2020-09-04,606,8,19,0
Pinheiros,Pinheiros,2020-09-05,609,3,19,0
Pinheiros,Pinheiros,2020-09-06,609,0,20,1
Pinheiros,Pinheiros,2020-09-07,612,3,20,0
Pinheiros,Pinheiros,2020-09-08,614,2,20,0
Pinheiros,Pinheiros,2020-09-09,619,5,21,1
Pinheiros,Pinheiros,2020-09-10,623,4,21,0
Pinheiros,Pinheiros,2020-09-11,627,4,21,0
Pinheiros,Pinheiros,2020-09-12,631,4,21,0
Pinheiros,Pinheiros,2020-09-13,634,3,21,0
Pinheiros,Pinheiros,2020-09-14,637,3,21,0
Pinheiros,Pinheiros,2020-09-15,639,2,21,0
Pinheiros,Pinheiros,2020-09-16,642,3,21,0
Pinheiros,Pinheiros,2020-09-17,644,2,21,0
Pinheiros,Pinheiros,2020-09-18,652,8,21,0
Pinheiros,Pinheiros,2020-09-19,651,-1,21,0
Pinheiros,Pinheiros,2020-09-20,651,0,22,1
Pinheiros,Pinheiros,2020-09-21,652,1,23,1
Pinheiros,Pinheiros,2020-09-22,658,6,23,0
Pinheiros,Pinheiros,2020-09-23,660,2,23,0
Pinheiros,Pinheiros,2020-09-24,665,5,23,0
Pinheiros,Pinheiros,2020-09-25,670,5,24,1
Pinheiros,Pinheiros,2020-09-26,672,2,24,0
Pinheiros,Pinheiros,2020-09-27,672,0,24,0
Pinheiros,Pinheiros,2020-09-28,672,0,24,0
Pinheiros,Pinheiros,2020-09-29,676,4,24,0
Pinheiros,Pinheiros,2020-09-30,680,4,24,0
Pinheiros,Pinheiros,2020-10-01,692,12,24,0
Pinheiros,Pinheiros,2020-10-02,694,2,24,0
Pinheiros,Pinheiros,2020-10-03,694,0,24,0
Pinheiros,Pinheiros,2020-10-04,695,1,24,0
Pinheiros,Pinheiros,2020-10-05,696,1,24,0
Pinheiros,Pinheiros,2020-10-06,700,4,24,0
Pinheiros,Pinheiros,2020-10-07,701,1,24,0
Pinheiros,Pinheiros,2020-10-08,701,0,24,0
Pinheiros,Pinheiros,2020-10-09,702,1,24,0
Pinheiros,Pinheiros,2020-10-10,702,0,24,0
Pinheiros,Pinheiros,2020-10-11,704,2,24,0
Pinheiros,Pinheiros,2020-10-12,704,0,24,0
Pinheiros,Pinheiros,2020-10-13,705,1,24,0
Pinheiros,Pinheiros,2020-10-14,710,5,24,0
Pinheiros,Pinheiros,2020-10-15,710,0,24,0
Pinheiros,Pinheiros,2020-10-16,711,1,24,0
Pinheiros,Pinheiros,2020-10-17,711,0,24,0
Pinheiros,Pinheiros,2020-10-18,711,0,24,0
Pinheiros,Pinheiros,2020-10-19,712,1,24,0
Pinheiros,Pinheiros,2020-10-20,712,0,24,0
Pinheiros,Pinheiros,2020-10-21,715,3,24,0
Pinheiros,Pinheiros,2020-10-22,715,0,24,0
Pinheiros,Pinheiros,2020-10-23,716,1,24,0
Pinheiros,Pinheiros,2020-10-24,716,0,24,0
Pinheiros,Pinheiros,2020-10-25,716,0,24,0
Pinheiros,Pinheiros,2020-10-26,716,0,25,1
Pinheiros,Pinheiros,2020-10-27,716,0,25,0
Pinheiros,Pinheiros,2020-10-28,717,1,25,0
Pinheiros,Pinheiros,2020-10-29,717,0,25,0
Pinheiros,Pinheiros,2020-10-30,719,2,25,0
Pinheiros,Pinheiros,2020-10-31,720,1,25,0
Pinheiros,Pinheiros,2020-11-01,720,0,25,0
Pinheiros,Pinheiros,2020-11-02,720,0,25,0
Pinheiros,Pinheiros,2020-11-03,727,7,25,0
Pinheiros,Pinheiros,2020-11-04,732,5,25,0
Pinheiros,Pinheiros,2020-11-05,734,2,25,0
Pinheiros,Pinheiros,2020-11-06,741,7,25,0
Pinheiros,Pinheiros,2020-11-07,741,0,25,0
Pinheiros,Pinheiros,2020-11-08,741,0,25,0
Pinheiros,Pinheiros,2020-11-09,741,0,25,0
Pinheiros,Pinheiros,2020-11-10,744,3,25,0
Pinheiros,Pinheiros,2020-11-11,747,3,25,0
Pinheiros,Pinheiros,2020-11-12,750,3,25,0
Pinheiros,Pinheiros,2020-11-13,749,-1,25,0
Pinheiros,Pinheiros,2020-11-14,749,0,25,0
Pinheiros,Pinheiros,2020-11-15,752,3,25,0
Pinheiros,Pinheiros,2020-11-16,752,0,25,0
Pinheiros,Pinheiros,2020-11-17,755,3,25,0
Pinheiros,Pinheiros,2020-11-18,758,3,26,1
Pinheiros,Pinheiros,2020-11-19,758,0,26,0
Pinheiros,Pinheiros,2020-11-20,759,1,26,0
Pinheiros,Pinheiros,2020-11-21,759,0,26,0
Pinheiros,Pinheiros,2020-11-22,760,1,26,0
Pinheiros,Pinheiros,2020-11-23,764,4,26,0
Pinheiros,Pinheiros,2020-11-24,768,4,26,0
Pinheiros,Pinheiros,2020-11-25,769,1,26,0
Pinheiros,Pinheiros,2020-11-26,770,1,26,0
Pinheiros,Pinheiros,2020-11-27,771,1,26,0
Pinheiros,Pinheiros,2020-11-28,774,3,26,0
Pinheiros,Pinheiros,2020-11-29,776,2,26,0
Pinheiros,Pinheiros,2020-11-30,776,0,26,0
Pinheiros,Pinheiros,2020-12-01,784,8,26,0
Pinheiros,Pinheiros,2020-12-02,793,9,26,0
Pinheiros,Pinheiros,2020-12-03,793,0,26,0
Pinheiros,Pinheiros,2020-12-04,797,4,26,0
Pinheiros,Pinheiros,2020-12-05,798,1,26,0
Pinheiros,Pinheiros,2020-12-06,799,1,26,0
Pinheiros,Pinheiros,2020-12-07,801,2,26,0
Pinheiros,Pinheiros,2020-12-08,804,3,26,0
Pinheiros,Pinheiros,2020-12-09,811,7,26,0
Pinheiros,Pinheiros,2020-12-10,817,6,26,0
Pinheiros,Pinheiros,2020-12-11,829,12,26,0
Pinheiros,Pinheiros,2020-12-12,830,1,26,0
Pinheiros,Pinheiros,2020-12-13,833,3,26,0
Pinheiros,Pinheiros,2020-12-14,835,2,26,0
Pinheiros,Pinheiros,2020-12-15,846,11,26,0
Pinheiros,Pinheiros,2020-12-16,852,6,26,0
Pinheiros,Pinheiros,2020-12-17,860,8,26,0
Pinheiros,Pinheiros,2020-12-18,863,3,26,0
Pinheiros,Pinheiros,2020-12-19,864,1,26,0
Pinheiros,Pinheiros,2020-12-20,865,1,26,0
Pinheiros,Pinheiros,2020-12-21,870,5,26,0
Pinheiros,Pinheiros,2020-12-22,880,10,27,1
Pinheiros,Pinheiros,2020-12-23,882,2,27,0
Pinheiros,Pinheiros,2020-12-24,887,5,27,0
Pinheiros,Pinheiros,2020-12-25,889,2,27,0
Pinheiros,Pinheiros,2020-12-26,894,5,27,0
Pinheiros,Pinheiros,2020-12-27,894,0,27,0
Pinheiros,Pinheiros,2020-12-28,905,11,27,0
Pinheiros,Pinheiros,2020-12-29,915,10,27,0
Pinheiros,Pinheiros,2020-12-30,930,15,28,1
Pinheiros,Pinheiros,2020-12-31,942,12,29,1
Pinheiros,Pinheiros,2021-01-01,948,6,29,0
Pinheiros,Pinheiros,2021-01-02,952,4,29,0
Pinheiros,Pinheiros,2021-01-03,953,1,29,0
Pinheiros,Pinheiros,2021-01-04,959,6,30,1
Pinheiros,Pinheiros,2021-01-05,975,16,30,0
Pinheiros,Pinheiros,2021-01-06,979,4,31,1
Pinheiros,Pinheiros,2021-01-07,1002,23,31,0
Pinheiros,Pinheiros,2021-01-08,1018,16,31,0
Pinheiros,Pinheiros,2021-01-09,1028,10,32,1
Pinheiros,Pinheiros,2021-01-10,1034,6,32,0
Pinheiros,Pinheiros,2021-01-11,1042,8,32,0
Pinheiros,Pinheiros,2021-01-12,1053,11,32,0
Pinheiros,Pinheiros,2021-01-13,1060,7,32,0
Pinheiros,Pinheiros,2021-01-14,1074,14,32,0
Pinheiros,Pinheiros,2021-01-15,1083,9,32,0
Pinheiros,Pinheiros,2021-01-16,1090,7,33,1
Pinheiros,Pinheiros,2021-01-17,1090,0,33,0
Pinheiros,Pinheiros,2021-01-18,1095,5,33,0
Pinheiros,Pinheiros,2021-01-19,1106,11,33,0
Pinheiros,Pinheiros,2021-01-20,1111,5,33,0
Pinheiros,Pinheiros,2021-01-21,1120,9,33,0
Pinheiros,Pinheiros,2021-01-22,1133,13,33,0
Pinheiros,Pinheiros,2021-01-23,1144,11,33,0
Pinheiros,Pinheiros,2021-01-24,1144,0,33,0
Pinheiros,Pinheiros,2021-01-25,1155,11,33,0
Pinheiros,Pinheiros,2021-01-26,1159,4,34,1
Pinheiros,Pinheiros,2021-01-27,1163,4,33,-1
Pinheiros,Pinheiros,2021-01-28,1176,13,34,1
Pinheiros,Pinheiros,2021-01-29,1183,7,34,0
Pinheiros,Pinheiros,2021-01-30,1183,0,34,0
Pinheiros,Pinheiros,2021-01-31,1192,9,34,0
Pinheiros,Pinheiros,2021-02-01,1206,14,35,1
Pinheiros,Pinheiros,2021-02-02,1215,9,35,0
Pinheiros,Pinheiros,2021-02-03,1222,7,35,0
Pinheiros,Pinheiros,2021-02-04,1229,7,35,0
Pinheiros,Pinheiros,2021-02-05,1239,10,35,0
Pinheiros,Pinheiros,2021-02-06,1240,1,35,0
Pinheiros,Pinheiros,2021-02-07,1245,5,35,0
Pinheiros,Pinheiros,2021-02-08,1252,7,35,0
