city,city,date,cases,daily cases,deaths,daily deaths
Pirajuí,Pirajuí,2020-03-27,0,0,0,0
Pirajuí,Pirajuí,2020-03-28,0,0,0,0
Pirajuí,Pirajuí,2020-03-29,0,0,0,0
Pirajuí,Pirajuí,2020-03-30,0,0,0,0
Pirajuí,Pirajuí,2020-03-31,1,1,0,0
Pirajuí,Pirajuí,2020-04-01,1,0,0,0
Pirajuí,Pirajuí,2020-04-02,1,0,0,0
Pirajuí,Pirajuí,2020-04-03,1,0,0,0
Pirajuí,Pirajuí,2020-04-04,1,0,0,0
Pirajuí,Pirajuí,2020-04-05,1,0,0,0
Pirajuí,Pirajuí,2020-04-06,1,0,0,0
Pirajuí,Pirajuí,2020-04-07,1,0,0,0
Pirajuí,Pirajuí,2020-04-08,1,0,0,0
Pirajuí,Pirajuí,2020-04-09,1,0,0,0
Pirajuí,Pirajuí,2020-04-10,1,0,0,0
Pirajuí,Pirajuí,2020-04-11,1,0,0,0
Pirajuí,Pirajuí,2020-04-12,1,0,0,0
Pirajuí,Pirajuí,2020-04-13,1,0,0,0
Pirajuí,Pirajuí,2020-04-14,1,0,0,0
Pirajuí,Pirajuí,2020-04-15,1,0,0,0
Pirajuí,Pirajuí,2020-04-16,1,0,0,0
Pirajuí,Pirajuí,2020-04-17,1,0,0,0
Pirajuí,Pirajuí,2020-04-18,1,0,0,0
Pirajuí,Pirajuí,2020-04-19,1,0,0,0
Pirajuí,Pirajuí,2020-04-20,1,0,0,0
Pirajuí,Pirajuí,2020-04-21,1,0,0,0
Pirajuí,Pirajuí,2020-04-22,1,0,0,0
Pirajuí,Pirajuí,2020-04-23,1,0,0,0
Pirajuí,Pirajuí,2020-04-24,1,0,0,0
Pirajuí,Pirajuí,2020-04-25,1,0,0,0
Pirajuí,Pirajuí,2020-04-26,1,0,0,0
Pirajuí,Pirajuí,2020-04-27,1,0,0,0
Pirajuí,Pirajuí,2020-04-28,1,0,0,0
Pirajuí,Pirajuí,2020-04-29,1,0,0,0
Pirajuí,Pirajuí,2020-04-30,1,0,0,0
Pirajuí,Pirajuí,2020-05-01,1,0,0,0
Pirajuí,Pirajuí,2020-05-02,1,0,0,0
Pirajuí,Pirajuí,2020-05-03,1,0,0,0
Pirajuí,Pirajuí,2020-05-04,1,0,0,0
Pirajuí,Pirajuí,2020-05-05,1,0,0,0
Pirajuí,Pirajuí,2020-05-06,1,0,0,0
Pirajuí,Pirajuí,2020-05-07,2,1,0,0
Pirajuí,Pirajuí,2020-05-08,3,1,0,0
Pirajuí,Pirajuí,2020-05-09,3,0,0,0
Pirajuí,Pirajuí,2020-05-10,3,0,0,0
Pirajuí,Pirajuí,2020-05-11,3,0,0,0
Pirajuí,Pirajuí,2020-05-12,5,2,0,0
Pirajuí,Pirajuí,2020-05-13,7,2,1,1
Pirajuí,Pirajuí,2020-05-14,7,0,1,0
Pirajuí,Pirajuí,2020-05-15,7,0,1,0
Pirajuí,Pirajuí,2020-05-16,9,2,1,0
Pirajuí,Pirajuí,2020-05-17,9,0,1,0
Pirajuí,Pirajuí,2020-05-18,9,0,1,0
Pirajuí,Pirajuí,2020-05-19,9,0,1,0
Pirajuí,Pirajuí,2020-05-20,9,0,1,0
Pirajuí,Pirajuí,2020-05-21,9,0,1,0
Pirajuí,Pirajuí,2020-05-22,9,0,1,0
Pirajuí,Pirajuí,2020-05-23,8,-1,1,0
Pirajuí,Pirajuí,2020-05-24,8,0,1,0
Pirajuí,Pirajuí,2020-05-25,8,0,1,0
Pirajuí,Pirajuí,2020-05-26,8,0,1,0
Pirajuí,Pirajuí,2020-05-27,8,0,1,0
Pirajuí,Pirajuí,2020-05-28,8,0,1,0
Pirajuí,Pirajuí,2020-05-29,8,0,1,0
Pirajuí,Pirajuí,2020-05-30,9,1,1,0
Pirajuí,Pirajuí,2020-05-31,9,0,1,0
Pirajuí,Pirajuí,2020-06-01,9,0,1,0
Pirajuí,Pirajuí,2020-06-02,9,0,1,0
Pirajuí,Pirajuí,2020-06-03,9,0,1,0
Pirajuí,Pirajuí,2020-06-04,10,1,1,0
Pirajuí,Pirajuí,2020-06-05,10,0,1,0
Pirajuí,Pirajuí,2020-06-06,11,1,1,0
Pirajuí,Pirajuí,2020-06-07,12,1,1,0
Pirajuí,Pirajuí,2020-06-08,12,0,1,0
Pirajuí,Pirajuí,2020-06-09,12,0,1,0
Pirajuí,Pirajuí,2020-06-10,12,0,1,0
Pirajuí,Pirajuí,2020-06-11,12,0,1,0
Pirajuí,Pirajuí,2020-06-12,14,2,1,0
Pirajuí,Pirajuí,2020-06-13,15,1,1,0
Pirajuí,Pirajuí,2020-06-14,15,0,1,0
Pirajuí,Pirajuí,2020-06-15,16,1,2,1
Pirajuí,Pirajuí,2020-06-16,16,0,2,0
Pirajuí,Pirajuí,2020-06-17,16,0,2,0
Pirajuí,Pirajuí,2020-06-18,17,1,2,0
Pirajuí,Pirajuí,2020-06-19,30,13,2,0
Pirajuí,Pirajuí,2020-06-20,29,-1,2,0
Pirajuí,Pirajuí,2020-06-21,33,4,2,0
Pirajuí,Pirajuí,2020-06-22,33,0,2,0
Pirajuí,Pirajuí,2020-06-23,35,2,2,0
Pirajuí,Pirajuí,2020-06-24,35,0,2,0
Pirajuí,Pirajuí,2020-06-25,38,3,2,0
Pirajuí,Pirajuí,2020-06-26,38,0,2,0
Pirajuí,Pirajuí,2020-06-27,42,4,2,0
Pirajuí,Pirajuí,2020-06-28,42,0,2,0
Pirajuí,Pirajuí,2020-06-29,42,0,2,0
Pirajuí,Pirajuí,2020-06-30,42,0,2,0
Pirajuí,Pirajuí,2020-07-01,44,2,2,0
Pirajuí,Pirajuí,2020-07-02,44,0,2,0
Pirajuí,Pirajuí,2020-07-03,44,0,2,0
Pirajuí,Pirajuí,2020-07-04,44,0,2,0
Pirajuí,Pirajuí,2020-07-05,44,0,2,0
Pirajuí,Pirajuí,2020-07-06,45,1,2,0
Pirajuí,Pirajuí,2020-07-07,45,0,2,0
Pirajuí,Pirajuí,2020-07-08,46,1,2,0
Pirajuí,Pirajuí,2020-07-09,46,0,2,0
Pirajuí,Pirajuí,2020-07-10,50,4,2,0
Pirajuí,Pirajuí,2020-07-11,50,0,2,0
Pirajuí,Pirajuí,2020-07-12,56,6,2,0
Pirajuí,Pirajuí,2020-07-13,56,0,2,0
Pirajuí,Pirajuí,2020-07-14,57,1,2,0
Pirajuí,Pirajuí,2020-07-15,59,2,2,0
Pirajuí,Pirajuí,2020-07-16,60,1,2,0
Pirajuí,Pirajuí,2020-07-17,61,1,2,0
Pirajuí,Pirajuí,2020-07-18,61,0,2,0
Pirajuí,Pirajuí,2020-07-19,61,0,2,0
Pirajuí,Pirajuí,2020-07-20,61,0,2,0
Pirajuí,Pirajuí,2020-07-21,63,2,2,0
Pirajuí,Pirajuí,2020-07-22,66,3,2,0
Pirajuí,Pirajuí,2020-07-23,68,2,2,0
Pirajuí,Pirajuí,2020-07-24,71,3,2,0
Pirajuí,Pirajuí,2020-07-25,78,7,2,0
Pirajuí,Pirajuí,2020-07-26,82,4,2,0
Pirajuí,Pirajuí,2020-07-27,82,0,2,0
Pirajuí,Pirajuí,2020-07-28,82,0,2,0
Pirajuí,Pirajuí,2020-07-29,98,16,2,0
Pirajuí,Pirajuí,2020-07-30,100,2,2,0
Pirajuí,Pirajuí,2020-07-31,104,4,2,0
Pirajuí,Pirajuí,2020-08-01,115,11,2,0
Pirajuí,Pirajuí,2020-08-02,137,22,2,0
Pirajuí,Pirajuí,2020-08-03,137,0,2,0
Pirajuí,Pirajuí,2020-08-04,144,7,2,0
Pirajuí,Pirajuí,2020-08-05,144,0,2,0
Pirajuí,Pirajuí,2020-08-06,148,4,2,0
Pirajuí,Pirajuí,2020-08-07,153,5,3,1
Pirajuí,Pirajuí,2020-08-08,163,10,3,0
Pirajuí,Pirajuí,2020-08-09,165,2,3,0
Pirajuí,Pirajuí,2020-08-10,165,0,3,0
Pirajuí,Pirajuí,2020-08-11,166,1,3,0
Pirajuí,Pirajuí,2020-08-12,176,10,3,0
Pirajuí,Pirajuí,2020-08-13,181,5,3,0
Pirajuí,Pirajuí,2020-08-14,206,25,4,1
Pirajuí,Pirajuí,2020-08-15,206,0,4,0
Pirajuí,Pirajuí,2020-08-16,207,1,4,0
Pirajuí,Pirajuí,2020-08-17,216,9,4,0
Pirajuí,Pirajuí,2020-08-18,217,1,4,0
Pirajuí,Pirajuí,2020-08-19,223,6,4,0
Pirajuí,Pirajuí,2020-08-20,231,8,5,1
Pirajuí,Pirajuí,2020-08-21,235,4,5,0
Pirajuí,Pirajuí,2020-08-22,237,2,5,0
Pirajuí,Pirajuí,2020-08-23,243,6,5,0
Pirajuí,Pirajuí,2020-08-24,243,0,5,0
Pirajuí,Pirajuí,2020-08-25,245,2,5,0
Pirajuí,Pirajuí,2020-08-26,255,10,5,0
Pirajuí,Pirajuí,2020-08-27,261,6,6,1
Pirajuí,Pirajuí,2020-08-28,274,13,6,0
Pirajuí,Pirajuí,2020-08-29,275,1,7,1
Pirajuí,Pirajuí,2020-08-30,275,0,7,0
Pirajuí,Pirajuí,2020-08-31,275,0,7,0
Pirajuí,Pirajuí,2020-09-01,273,-2,7,0
Pirajuí,Pirajuí,2020-09-02,283,10,7,0
Pirajuí,Pirajuí,2020-09-03,286,3,7,0
Pirajuí,Pirajuí,2020-09-04,299,13,7,0
Pirajuí,Pirajuí,2020-09-05,301,2,8,1
Pirajuí,Pirajuí,2020-09-06,303,2,8,0
Pirajuí,Pirajuí,2020-09-07,303,0,8,0
Pirajuí,Pirajuí,2020-09-08,303,0,8,0
Pirajuí,Pirajuí,2020-09-09,312,9,8,0
Pirajuí,Pirajuí,2020-09-10,312,0,8,0
Pirajuí,Pirajuí,2020-09-11,317,5,9,1
Pirajuí,Pirajuí,2020-09-12,322,5,9,0
Pirajuí,Pirajuí,2020-09-13,322,0,9,0
Pirajuí,Pirajuí,2020-09-14,322,0,9,0
Pirajuí,Pirajuí,2020-09-15,326,4,9,0
Pirajuí,Pirajuí,2020-09-16,327,1,9,0
Pirajuí,Pirajuí,2020-09-17,329,2,9,0
Pirajuí,Pirajuí,2020-09-18,333,4,9,0
Pirajuí,Pirajuí,2020-09-19,336,3,9,0
Pirajuí,Pirajuí,2020-09-20,338,2,9,0
Pirajuí,Pirajuí,2020-09-21,338,0,9,0
Pirajuí,Pirajuí,2020-09-22,338,0,9,0
Pirajuí,Pirajuí,2020-09-23,343,5,9,0
Pirajuí,Pirajuí,2020-09-24,346,3,9,0
Pirajuí,Pirajuí,2020-09-25,347,1,9,0
Pirajuí,Pirajuí,2020-09-26,348,1,9,0
Pirajuí,Pirajuí,2020-09-27,348,0,9,0
Pirajuí,Pirajuí,2020-09-28,348,0,9,0
Pirajuí,Pirajuí,2020-09-29,351,3,9,0
Pirajuí,Pirajuí,2020-09-30,360,9,9,0
Pirajuí,Pirajuí,2020-10-01,360,0,9,0
Pirajuí,Pirajuí,2020-10-02,364,4,9,0
Pirajuí,Pirajuí,2020-10-03,365,1,9,0
Pirajuí,Pirajuí,2020-10-04,365,0,9,0
Pirajuí,Pirajuí,2020-10-05,365,0,9,0
Pirajuí,Pirajuí,2020-10-06,377,12,9,0
Pirajuí,Pirajuí,2020-10-07,382,5,9,0
Pirajuí,Pirajuí,2020-10-08,404,22,9,0
Pirajuí,Pirajuí,2020-10-09,405,1,9,0
Pirajuí,Pirajuí,2020-10-10,410,5,9,0
Pirajuí,Pirajuí,2020-10-11,410,0,9,0
Pirajuí,Pirajuí,2020-10-12,410,0,9,0
Pirajuí,Pirajuí,2020-10-13,410,0,9,0
Pirajuí,Pirajuí,2020-10-14,410,0,9,0
Pirajuí,Pirajuí,2020-10-15,431,21,9,0
Pirajuí,Pirajuí,2020-10-16,440,9,9,0
Pirajuí,Pirajuí,2020-10-17,443,3,9,0
Pirajuí,Pirajuí,2020-10-18,443,0,9,0
Pirajuí,Pirajuí,2020-10-19,443,0,9,0
Pirajuí,Pirajuí,2020-10-20,446,3,9,0
Pirajuí,Pirajuí,2020-10-21,446,0,9,0
Pirajuí,Pirajuí,2020-10-22,446,0,9,0
Pirajuí,Pirajuí,2020-10-23,448,2,9,0
Pirajuí,Pirajuí,2020-10-24,448,0,9,0
Pirajuí,Pirajuí,2020-10-25,448,0,9,0
Pirajuí,Pirajuí,2020-10-26,448,0,9,0
Pirajuí,Pirajuí,2020-10-27,455,7,9,0
Pirajuí,Pirajuí,2020-10-28,462,7,9,0
Pirajuí,Pirajuí,2020-10-29,462,0,9,0
Pirajuí,Pirajuí,2020-10-30,469,7,9,0
Pirajuí,Pirajuí,2020-10-31,469,0,9,0
Pirajuí,Pirajuí,2020-11-01,469,0,9,0
Pirajuí,Pirajuí,2020-11-02,469,0,9,0
Pirajuí,Pirajuí,2020-11-03,469,0,9,0
Pirajuí,Pirajuí,2020-11-04,469,0,9,0
Pirajuí,Pirajuí,2020-11-05,472,3,9,0
Pirajuí,Pirajuí,2020-11-06,472,0,9,0
Pirajuí,Pirajuí,2020-11-07,472,0,9,0
Pirajuí,Pirajuí,2020-11-08,472,0,9,0
Pirajuí,Pirajuí,2020-11-09,472,0,9,0
Pirajuí,Pirajuí,2020-11-10,472,0,9,0
Pirajuí,Pirajuí,2020-11-11,487,15,9,0
Pirajuí,Pirajuí,2020-11-12,491,4,9,0
Pirajuí,Pirajuí,2020-11-13,497,6,9,0
Pirajuí,Pirajuí,2020-11-14,501,4,10,1
Pirajuí,Pirajuí,2020-11-15,501,0,10,0
Pirajuí,Pirajuí,2020-11-16,501,0,10,0
Pirajuí,Pirajuí,2020-11-17,510,9,10,0
Pirajuí,Pirajuí,2020-11-18,516,6,10,0
Pirajuí,Pirajuí,2020-11-19,516,0,10,0
Pirajuí,Pirajuí,2020-11-20,532,16,10,0
Pirajuí,Pirajuí,2020-11-21,540,8,10,0
Pirajuí,Pirajuí,2020-11-22,657,117,10,0
Pirajuí,Pirajuí,2020-11-23,657,0,10,0
Pirajuí,Pirajuí,2020-11-24,669,12,10,0
Pirajuí,Pirajuí,2020-11-25,672,3,10,0
Pirajuí,Pirajuí,2020-11-26,680,8,10,0
Pirajuí,Pirajuí,2020-11-27,688,8,10,0
Pirajuí,Pirajuí,2020-11-28,688,0,10,0
Pirajuí,Pirajuí,2020-11-29,688,0,10,0
Pirajuí,Pirajuí,2020-11-30,688,0,10,0
Pirajuí,Pirajuí,2020-12-01,695,7,10,0
Pirajuí,Pirajuí,2020-12-02,699,4,10,0
Pirajuí,Pirajuí,2020-12-03,699,0,10,0
Pirajuí,Pirajuí,2020-12-04,702,3,10,0
Pirajuí,Pirajuí,2020-12-05,702,0,10,0
Pirajuí,Pirajuí,2020-12-06,706,4,10,0
Pirajuí,Pirajuí,2020-12-07,710,4,10,0
Pirajuí,Pirajuí,2020-12-08,711,1,10,0
Pirajuí,Pirajuí,2020-12-09,712,1,10,0
Pirajuí,Pirajuí,2020-12-10,714,2,10,0
Pirajuí,Pirajuí,2020-12-11,718,4,10,0
Pirajuí,Pirajuí,2020-12-12,718,0,10,0
Pirajuí,Pirajuí,2020-12-13,718,0,10,0
Pirajuí,Pirajuí,2020-12-14,718,0,10,0
Pirajuí,Pirajuí,2020-12-15,719,1,10,0
Pirajuí,Pirajuí,2020-12-16,719,0,10,0
Pirajuí,Pirajuí,2020-12-17,686,-33,10,0
Pirajuí,Pirajuí,2020-12-18,670,-16,10,0
Pirajuí,Pirajuí,2020-12-19,657,-13,10,0
Pirajuí,Pirajuí,2020-12-20,657,0,10,0
Pirajuí,Pirajuí,2020-12-21,657,0,10,0
Pirajuí,Pirajuí,2020-12-22,670,13,10,0
Pirajuí,Pirajuí,2020-12-23,669,-1,10,0
Pirajuí,Pirajuí,2020-12-24,671,2,10,0
Pirajuí,Pirajuí,2020-12-25,671,0,10,0
Pirajuí,Pirajuí,2020-12-26,671,0,10,0
Pirajuí,Pirajuí,2020-12-27,671,0,10,0
Pirajuí,Pirajuí,2020-12-28,671,0,10,0
Pirajuí,Pirajuí,2020-12-29,672,1,10,0
Pirajuí,Pirajuí,2020-12-30,683,11,10,0
Pirajuí,Pirajuí,2020-12-31,686,3,10,0
Pirajuí,Pirajuí,2021-01-01,687,1,10,0
Pirajuí,Pirajuí,2021-01-02,687,0,10,0
Pirajuí,Pirajuí,2021-01-03,687,0,10,0
Pirajuí,Pirajuí,2021-01-04,687,0,10,0
Pirajuí,Pirajuí,2021-01-05,692,5,10,0
Pirajuí,Pirajuí,2021-01-06,701,9,10,0
Pirajuí,Pirajuí,2021-01-07,703,2,10,0
Pirajuí,Pirajuí,2021-01-08,716,13,10,0
Pirajuí,Pirajuí,2021-01-09,715,-1,11,1
Pirajuí,Pirajuí,2021-01-10,716,1,11,0
Pirajuí,Pirajuí,2021-01-11,716,0,11,0
Pirajuí,Pirajuí,2021-01-12,722,6,11,0
Pirajuí,Pirajuí,2021-01-13,744,22,11,0
Pirajuí,Pirajuí,2021-01-14,748,4,11,0
Pirajuí,Pirajuí,2021-01-15,760,12,11,0
Pirajuí,Pirajuí,2021-01-16,799,39,11,0
Pirajuí,Pirajuí,2021-01-17,799,0,11,0
Pirajuí,Pirajuí,2021-01-18,804,5,11,0
Pirajuí,Pirajuí,2021-01-19,806,2,11,0
Pirajuí,Pirajuí,2021-01-20,823,17,11,0
Pirajuí,Pirajuí,2021-01-21,823,0,11,0
Pirajuí,Pirajuí,2021-01-22,834,11,11,0
Pirajuí,Pirajuí,2021-01-23,845,11,11,0
Pirajuí,Pirajuí,2021-01-24,848,3,11,0
Pirajuí,Pirajuí,2021-01-25,865,17,11,0
Pirajuí,Pirajuí,2021-01-26,878,13,11,0
Pirajuí,Pirajuí,2021-01-27,889,11,11,0
Pirajuí,Pirajuí,2021-01-28,899,10,11,0
Pirajuí,Pirajuí,2021-01-29,902,3,11,0
Pirajuí,Pirajuí,2021-01-30,920,18,11,0
Pirajuí,Pirajuí,2021-01-31,920,0,11,0
Pirajuí,Pirajuí,2021-02-01,920,0,11,0
Pirajuí,Pirajuí,2021-02-02,925,5,11,0
Pirajuí,Pirajuí,2021-02-03,958,33,11,0
Pirajuí,Pirajuí,2021-02-04,964,6,11,0
Pirajuí,Pirajuí,2021-02-05,967,3,11,0
Pirajuí,Pirajuí,2021-02-06,970,3,11,0
Pirajuí,Pirajuí,2021-02-07,980,10,11,0
Pirajuí,Pirajuí,2021-02-08,983,3,11,0
