city,city,date,cases,daily cases,deaths,daily deaths
Piracicaba,Piracicaba,2020-03-27,0,0,0,0
Piracicaba,Piracicaba,2020-03-28,1,1,0,0
Piracicaba,Piracicaba,2020-03-29,1,0,0,0
Piracicaba,Piracicaba,2020-03-30,3,2,0,0
Piracicaba,Piracicaba,2020-03-31,5,2,0,0
Piracicaba,Piracicaba,2020-04-01,5,0,0,0
Piracicaba,Piracicaba,2020-04-02,6,1,0,0
Piracicaba,Piracicaba,2020-04-03,5,-1,0,0
Piracicaba,Piracicaba,2020-04-04,6,1,0,0
Piracicaba,Piracicaba,2020-04-05,6,0,0,0
Piracicaba,Piracicaba,2020-04-06,8,2,0,0
Piracicaba,Piracicaba,2020-04-07,10,2,0,0
Piracicaba,Piracicaba,2020-04-08,12,2,0,0
Piracicaba,Piracicaba,2020-04-09,12,0,0,0
Piracicaba,Piracicaba,2020-04-10,12,0,0,0
Piracicaba,Piracicaba,2020-04-11,12,0,0,0
Piracicaba,Piracicaba,2020-04-12,13,1,1,1
Piracicaba,Piracicaba,2020-04-13,13,0,1,0
Piracicaba,Piracicaba,2020-04-14,16,3,1,0
Piracicaba,Piracicaba,2020-04-15,17,1,1,0
Piracicaba,Piracicaba,2020-04-16,18,1,1,0
Piracicaba,Piracicaba,2020-04-17,19,1,2,1
Piracicaba,Piracicaba,2020-04-18,19,0,2,0
Piracicaba,Piracicaba,2020-04-19,19,0,2,0
Piracicaba,Piracicaba,2020-04-20,21,2,2,0
Piracicaba,Piracicaba,2020-04-21,25,4,2,0
Piracicaba,Piracicaba,2020-04-22,25,0,2,0
Piracicaba,Piracicaba,2020-04-23,34,9,2,0
Piracicaba,Piracicaba,2020-04-24,36,2,3,1
Piracicaba,Piracicaba,2020-04-25,41,5,4,1
Piracicaba,Piracicaba,2020-04-26,43,2,5,1
Piracicaba,Piracicaba,2020-04-27,47,4,5,0
Piracicaba,Piracicaba,2020-04-28,63,16,8,3
Piracicaba,Piracicaba,2020-04-29,67,4,8,0
Piracicaba,Piracicaba,2020-04-30,89,22,9,1
Piracicaba,Piracicaba,2020-05-01,90,1,9,0
Piracicaba,Piracicaba,2020-05-02,102,12,10,1
Piracicaba,Piracicaba,2020-05-03,104,2,10,0
Piracicaba,Piracicaba,2020-05-04,106,2,11,1
Piracicaba,Piracicaba,2020-05-05,119,13,12,1
Piracicaba,Piracicaba,2020-05-06,126,7,12,0
Piracicaba,Piracicaba,2020-05-07,142,16,12,0
Piracicaba,Piracicaba,2020-05-08,147,5,12,0
Piracicaba,Piracicaba,2020-05-09,156,9,13,1
Piracicaba,Piracicaba,2020-05-10,158,2,13,0
Piracicaba,Piracicaba,2020-05-11,159,1,13,0
Piracicaba,Piracicaba,2020-05-12,163,4,13,0
Piracicaba,Piracicaba,2020-05-13,170,7,15,2
Piracicaba,Piracicaba,2020-05-14,205,35,16,1
Piracicaba,Piracicaba,2020-05-15,214,9,17,1
Piracicaba,Piracicaba,2020-05-16,216,2,17,0
Piracicaba,Piracicaba,2020-05-17,226,10,17,0
Piracicaba,Piracicaba,2020-05-18,226,0,17,0
Piracicaba,Piracicaba,2020-05-19,244,18,17,0
Piracicaba,Piracicaba,2020-05-20,252,8,19,2
Piracicaba,Piracicaba,2020-05-21,259,7,19,0
Piracicaba,Piracicaba,2020-05-22,265,6,20,1
Piracicaba,Piracicaba,2020-05-23,333,68,21,1
Piracicaba,Piracicaba,2020-05-24,395,62,21,0
Piracicaba,Piracicaba,2020-05-25,415,20,21,0
Piracicaba,Piracicaba,2020-05-26,436,21,22,1
Piracicaba,Piracicaba,2020-05-27,448,12,24,2
Piracicaba,Piracicaba,2020-05-28,480,32,24,0
Piracicaba,Piracicaba,2020-05-29,520,40,24,0
Piracicaba,Piracicaba,2020-05-30,543,23,26,2
Piracicaba,Piracicaba,2020-05-31,555,12,29,3
Piracicaba,Piracicaba,2020-06-01,572,17,29,0
Piracicaba,Piracicaba,2020-06-02,576,4,29,0
Piracicaba,Piracicaba,2020-06-03,588,12,32,3
Piracicaba,Piracicaba,2020-06-04,638,50,34,2
Piracicaba,Piracicaba,2020-06-05,706,68,36,2
Piracicaba,Piracicaba,2020-06-06,754,48,36,0
Piracicaba,Piracicaba,2020-06-07,806,52,36,0
Piracicaba,Piracicaba,2020-06-08,822,16,36,0
Piracicaba,Piracicaba,2020-06-09,896,74,37,1
Piracicaba,Piracicaba,2020-06-10,931,35,40,3
Piracicaba,Piracicaba,2020-06-11,980,49,40,0
Piracicaba,Piracicaba,2020-06-12,1043,63,40,0
Piracicaba,Piracicaba,2020-06-13,1113,70,43,3
Piracicaba,Piracicaba,2020-06-14,1120,7,43,0
Piracicaba,Piracicaba,2020-06-15,1122,2,44,1
Piracicaba,Piracicaba,2020-06-16,1204,82,52,8
Piracicaba,Piracicaba,2020-06-17,1213,9,55,3
Piracicaba,Piracicaba,2020-06-18,1220,7,59,4
Piracicaba,Piracicaba,2020-06-19,1446,226,64,5
Piracicaba,Piracicaba,2020-06-20,1502,56,64,0
Piracicaba,Piracicaba,2020-06-21,1532,30,66,2
Piracicaba,Piracicaba,2020-06-22,1563,31,66,0
Piracicaba,Piracicaba,2020-06-23,1642,79,74,8
Piracicaba,Piracicaba,2020-06-24,1678,36,76,2
Piracicaba,Piracicaba,2020-06-25,1741,63,79,3
Piracicaba,Piracicaba,2020-06-26,1800,59,80,1
Piracicaba,Piracicaba,2020-06-27,1840,40,81,1
Piracicaba,Piracicaba,2020-06-28,1955,115,84,3
Piracicaba,Piracicaba,2020-06-29,1978,23,85,1
Piracicaba,Piracicaba,2020-06-30,2056,78,88,3
Piracicaba,Piracicaba,2020-07-01,2180,124,91,3
Piracicaba,Piracicaba,2020-07-02,2308,128,95,4
Piracicaba,Piracicaba,2020-07-03,2435,127,97,2
Piracicaba,Piracicaba,2020-07-04,2451,16,99,2
Piracicaba,Piracicaba,2020-07-05,2586,135,99,0
Piracicaba,Piracicaba,2020-07-06,2643,57,99,0
Piracicaba,Piracicaba,2020-07-07,2925,282,101,2
Piracicaba,Piracicaba,2020-07-08,3126,201,104,3
Piracicaba,Piracicaba,2020-07-09,3376,250,109,5
Piracicaba,Piracicaba,2020-07-10,3628,252,114,5
Piracicaba,Piracicaba,2020-07-11,3872,244,119,5
Piracicaba,Piracicaba,2020-07-12,3990,118,121,2
Piracicaba,Piracicaba,2020-07-13,4035,45,123,2
Piracicaba,Piracicaba,2020-07-14,4144,109,130,7
Piracicaba,Piracicaba,2020-07-15,4312,168,136,6
Piracicaba,Piracicaba,2020-07-16,4596,284,141,5
Piracicaba,Piracicaba,2020-07-17,4693,97,146,5
Piracicaba,Piracicaba,2020-07-18,4853,160,149,3
Piracicaba,Piracicaba,2020-07-19,4881,28,154,5
Piracicaba,Piracicaba,2020-07-20,4911,30,156,2
Piracicaba,Piracicaba,2020-07-21,4946,35,160,4
Piracicaba,Piracicaba,2020-07-22,5229,283,162,2
Piracicaba,Piracicaba,2020-07-23,5464,235,167,5
Piracicaba,Piracicaba,2020-07-24,5684,220,166,-1
Piracicaba,Piracicaba,2020-07-25,5954,270,171,5
Piracicaba,Piracicaba,2020-07-26,6027,73,174,3
Piracicaba,Piracicaba,2020-07-27,6076,49,175,1
Piracicaba,Piracicaba,2020-07-28,6076,0,175,0
Piracicaba,Piracicaba,2020-07-29,6416,340,186,11
Piracicaba,Piracicaba,2020-07-30,6548,132,190,4
Piracicaba,Piracicaba,2020-07-31,6791,243,195,5
Piracicaba,Piracicaba,2020-08-01,6962,171,199,4
Piracicaba,Piracicaba,2020-08-02,7020,58,200,1
Piracicaba,Piracicaba,2020-08-03,7066,46,200,0
Piracicaba,Piracicaba,2020-08-04,7271,205,204,4
Piracicaba,Piracicaba,2020-08-05,7314,43,208,4
Piracicaba,Piracicaba,2020-08-06,7459,145,213,5
Piracicaba,Piracicaba,2020-08-07,7611,152,216,3
Piracicaba,Piracicaba,2020-08-08,7814,203,220,4
Piracicaba,Piracicaba,2020-08-09,7925,111,226,6
Piracicaba,Piracicaba,2020-08-10,7952,27,229,3
Piracicaba,Piracicaba,2020-08-11,8088,136,230,1
Piracicaba,Piracicaba,2020-08-12,8207,119,233,3
Piracicaba,Piracicaba,2020-08-13,8396,189,239,6
Piracicaba,Piracicaba,2020-08-14,8538,142,243,4
Piracicaba,Piracicaba,2020-08-15,8697,159,245,2
Piracicaba,Piracicaba,2020-08-16,8706,9,248,3
Piracicaba,Piracicaba,2020-08-17,8759,53,248,0
Piracicaba,Piracicaba,2020-08-18,8888,129,252,4
Piracicaba,Piracicaba,2020-08-19,9000,112,255,3
Piracicaba,Piracicaba,2020-08-20,9148,148,256,1
Piracicaba,Piracicaba,2020-08-21,9206,58,256,0
Piracicaba,Piracicaba,2020-08-22,9334,128,261,5
Piracicaba,Piracicaba,2020-08-23,9414,80,263,2
Piracicaba,Piracicaba,2020-08-24,9411,-3,264,1
Piracicaba,Piracicaba,2020-08-25,9507,96,267,3
Piracicaba,Piracicaba,2020-08-26,9739,232,272,5
Piracicaba,Piracicaba,2020-08-27,9856,117,275,3
Piracicaba,Piracicaba,2020-08-28,9990,134,280,5
Piracicaba,Piracicaba,2020-08-29,10054,64,283,3
Piracicaba,Piracicaba,2020-08-30,10055,1,284,1
Piracicaba,Piracicaba,2020-08-31,10098,43,286,2
Piracicaba,Piracicaba,2020-09-01,10168,70,291,5
Piracicaba,Piracicaba,2020-09-02,10339,171,294,3
Piracicaba,Piracicaba,2020-09-03,10767,428,295,1
Piracicaba,Piracicaba,2020-09-04,10856,89,297,2
Piracicaba,Piracicaba,2020-09-05,10993,137,300,3
Piracicaba,Piracicaba,2020-09-06,11052,59,301,1
Piracicaba,Piracicaba,2020-09-07,11076,24,301,0
Piracicaba,Piracicaba,2020-09-08,11092,16,302,1
Piracicaba,Piracicaba,2020-09-09,11205,113,309,7
Piracicaba,Piracicaba,2020-09-10,11295,90,311,2
Piracicaba,Piracicaba,2020-09-11,11447,152,313,2
Piracicaba,Piracicaba,2020-09-12,11612,165,315,2
Piracicaba,Piracicaba,2020-09-13,11666,54,315,0
Piracicaba,Piracicaba,2020-09-14,11695,29,317,2
Piracicaba,Piracicaba,2020-09-15,11794,99,319,2
Piracicaba,Piracicaba,2020-09-16,11864,70,322,3
Piracicaba,Piracicaba,2020-09-17,12022,158,322,0
Piracicaba,Piracicaba,2020-09-18,12119,97,326,4
Piracicaba,Piracicaba,2020-09-19,12225,106,327,1
Piracicaba,Piracicaba,2020-09-20,12275,50,327,0
Piracicaba,Piracicaba,2020-09-21,12307,32,329,2
Piracicaba,Piracicaba,2020-09-22,12385,78,331,2
Piracicaba,Piracicaba,2020-09-23,12514,129,332,1
Piracicaba,Piracicaba,2020-09-24,12596,82,332,0
Piracicaba,Piracicaba,2020-09-25,12663,67,336,4
Piracicaba,Piracicaba,2020-09-26,12792,129,338,2
Piracicaba,Piracicaba,2020-09-27,12855,63,338,0
Piracicaba,Piracicaba,2020-09-28,12871,16,338,0
Piracicaba,Piracicaba,2020-09-29,12993,122,341,3
Piracicaba,Piracicaba,2020-09-30,13134,141,342,1
Piracicaba,Piracicaba,2020-10-01,13211,77,343,1
Piracicaba,Piracicaba,2020-10-02,13255,44,344,1
Piracicaba,Piracicaba,2020-10-03,13361,106,346,2
Piracicaba,Piracicaba,2020-10-04,13367,6,348,2
Piracicaba,Piracicaba,2020-10-05,13408,41,348,0
Piracicaba,Piracicaba,2020-10-06,13460,52,350,2
Piracicaba,Piracicaba,2020-10-07,13504,44,351,1
Piracicaba,Piracicaba,2020-10-08,13581,77,352,1
Piracicaba,Piracicaba,2020-10-09,13637,56,353,1
Piracicaba,Piracicaba,2020-10-10,13707,70,355,2
Piracicaba,Piracicaba,2020-10-11,13790,83,355,0
Piracicaba,Piracicaba,2020-10-12,13824,34,357,2
Piracicaba,Piracicaba,2020-10-13,13839,15,357,0
Piracicaba,Piracicaba,2020-10-14,13907,68,358,1
Piracicaba,Piracicaba,2020-10-15,13939,32,359,1
Piracicaba,Piracicaba,2020-10-16,13976,37,359,0
Piracicaba,Piracicaba,2020-10-17,14030,54,360,1
Piracicaba,Piracicaba,2020-10-18,14064,34,361,1
Piracicaba,Piracicaba,2020-10-19,14064,0,361,0
Piracicaba,Piracicaba,2020-10-20,14115,51,361,0
Piracicaba,Piracicaba,2020-10-21,14141,26,362,1
Piracicaba,Piracicaba,2020-10-22,14166,25,363,1
Piracicaba,Piracicaba,2020-10-23,14392,226,363,0
Piracicaba,Piracicaba,2020-10-24,14432,40,363,0
Piracicaba,Piracicaba,2020-10-25,14508,76,364,1
Piracicaba,Piracicaba,2020-10-26,14542,34,365,1
Piracicaba,Piracicaba,2020-10-27,14559,17,366,1
Piracicaba,Piracicaba,2020-10-28,14611,52,366,0
Piracicaba,Piracicaba,2020-10-29,14685,74,366,0
Piracicaba,Piracicaba,2020-10-30,14727,42,366,0
Piracicaba,Piracicaba,2020-10-31,14778,51,366,0
Piracicaba,Piracicaba,2020-11-01,14812,34,366,0
Piracicaba,Piracicaba,2020-11-02,14812,0,366,0
Piracicaba,Piracicaba,2020-11-03,14845,33,366,0
Piracicaba,Piracicaba,2020-11-04,14860,15,368,2
Piracicaba,Piracicaba,2020-11-05,14868,8,368,0
Piracicaba,Piracicaba,2020-11-06,14868,0,368,0
Piracicaba,Piracicaba,2020-11-07,14868,0,368,0
Piracicaba,Piracicaba,2020-11-08,14868,0,368,0
Piracicaba,Piracicaba,2020-11-09,14868,0,368,0
Piracicaba,Piracicaba,2020-11-10,14868,0,368,0
Piracicaba,Piracicaba,2020-11-11,15150,282,370,2
Piracicaba,Piracicaba,2020-11-12,15198,48,371,1
Piracicaba,Piracicaba,2020-11-13,15234,36,371,0
Piracicaba,Piracicaba,2020-11-14,15256,22,372,1
Piracicaba,Piracicaba,2020-11-15,15316,60,372,0
Piracicaba,Piracicaba,2020-11-16,15317,1,372,0
Piracicaba,Piracicaba,2020-11-17,15397,80,373,1
Piracicaba,Piracicaba,2020-11-18,15432,35,374,1
Piracicaba,Piracicaba,2020-11-19,15477,45,375,1
Piracicaba,Piracicaba,2020-11-20,15539,62,375,0
Piracicaba,Piracicaba,2020-11-21,15553,14,375,0
Piracicaba,Piracicaba,2020-11-22,15581,28,375,0
Piracicaba,Piracicaba,2020-11-23,15583,2,375,0
Piracicaba,Piracicaba,2020-11-24,15609,26,375,0
Piracicaba,Piracicaba,2020-11-25,15653,44,375,0
Piracicaba,Piracicaba,2020-11-26,15686,33,375,0
Piracicaba,Piracicaba,2020-11-27,15728,42,376,1
Piracicaba,Piracicaba,2020-11-28,15741,13,376,0
Piracicaba,Piracicaba,2020-11-29,15834,93,376,0
Piracicaba,Piracicaba,2020-11-30,15835,1,377,1
Piracicaba,Piracicaba,2020-12-01,16000,165,378,1
Piracicaba,Piracicaba,2020-12-02,16132,132,379,1
Piracicaba,Piracicaba,2020-12-03,16202,70,380,1
Piracicaba,Piracicaba,2020-12-04,16274,72,384,4
Piracicaba,Piracicaba,2020-12-05,16368,94,384,0
Piracicaba,Piracicaba,2020-12-06,16497,129,385,1
Piracicaba,Piracicaba,2020-12-07,16519,22,386,1
Piracicaba,Piracicaba,2020-12-08,16578,59,391,5
Piracicaba,Piracicaba,2020-12-09,16696,118,391,0
Piracicaba,Piracicaba,2020-12-10,16840,144,392,1
Piracicaba,Piracicaba,2020-12-11,16957,117,395,3
Piracicaba,Piracicaba,2020-12-12,17140,183,397,2
Piracicaba,Piracicaba,2020-12-13,17149,9,397,0
Piracicaba,Piracicaba,2020-12-14,17165,16,397,0
Piracicaba,Piracicaba,2020-12-15,17224,59,401,4
Piracicaba,Piracicaba,2020-12-16,17224,0,401,0
Piracicaba,Piracicaba,2020-12-17,17418,194,401,0
Piracicaba,Piracicaba,2020-12-18,17517,99,401,0
Piracicaba,Piracicaba,2020-12-19,18028,511,402,1
Piracicaba,Piracicaba,2020-12-20,18028,0,402,0
Piracicaba,Piracicaba,2020-12-21,18090,62,404,2
Piracicaba,Piracicaba,2020-12-22,18300,210,409,5
Piracicaba,Piracicaba,2020-12-23,18381,81,410,1
Piracicaba,Piracicaba,2020-12-24,18489,108,409,-1
Piracicaba,Piracicaba,2020-12-25,18536,47,411,2
Piracicaba,Piracicaba,2020-12-26,18565,29,411,0
Piracicaba,Piracicaba,2020-12-27,18629,64,411,0
Piracicaba,Piracicaba,2020-12-28,18649,20,411,0
Piracicaba,Piracicaba,2020-12-29,18752,103,412,1
Piracicaba,Piracicaba,2020-12-30,19117,365,415,3
Piracicaba,Piracicaba,2020-12-31,19508,391,416,1
Piracicaba,Piracicaba,2021-01-01,19641,133,416,0
Piracicaba,Piracicaba,2021-01-02,19677,36,416,0
Piracicaba,Piracicaba,2021-01-03,20166,489,417,1
Piracicaba,Piracicaba,2021-01-04,20286,120,418,1
Piracicaba,Piracicaba,2021-01-05,20697,411,418,0
Piracicaba,Piracicaba,2021-01-06,20950,253,420,2
Piracicaba,Piracicaba,2021-01-07,21291,341,421,1
Piracicaba,Piracicaba,2021-01-08,21381,90,421,0
Piracicaba,Piracicaba,2021-01-09,21604,223,423,2
Piracicaba,Piracicaba,2021-01-10,21943,339,424,1
Piracicaba,Piracicaba,2021-01-11,22006,63,424,0
Piracicaba,Piracicaba,2021-01-12,22470,464,426,2
Piracicaba,Piracicaba,2021-01-13,22574,104,429,3
Piracicaba,Piracicaba,2021-01-14,22767,193,430,1
Piracicaba,Piracicaba,2021-01-15,23018,251,430,0
Piracicaba,Piracicaba,2021-01-16,23143,125,432,2
Piracicaba,Piracicaba,2021-01-17,23617,474,433,1
Piracicaba,Piracicaba,2021-01-18,23687,70,434,1
Piracicaba,Piracicaba,2021-01-19,23998,311,441,7
Piracicaba,Piracicaba,2021-01-20,24199,201,442,1
Piracicaba,Piracicaba,2021-01-21,24312,113,443,1
Piracicaba,Piracicaba,2021-01-22,24549,237,445,2
Piracicaba,Piracicaba,2021-01-23,25180,631,446,1
Piracicaba,Piracicaba,2021-01-24,25733,553,450,4
Piracicaba,Piracicaba,2021-01-25,25790,57,454,4
Piracicaba,Piracicaba,2021-01-26,25997,207,460,6
Piracicaba,Piracicaba,2021-01-27,26243,246,463,3
Piracicaba,Piracicaba,2021-01-28,26461,218,464,1
Piracicaba,Piracicaba,2021-01-29,26684,223,466,2
Piracicaba,Piracicaba,2021-01-30,26925,241,466,0
Piracicaba,Piracicaba,2021-01-31,27251,326,468,2
Piracicaba,Piracicaba,2021-02-01,27413,162,472,4
Piracicaba,Piracicaba,2021-02-02,27472,59,476,4
Piracicaba,Piracicaba,2021-02-03,27678,206,478,2
Piracicaba,Piracicaba,2021-02-04,27923,245,479,1
Piracicaba,Piracicaba,2021-02-05,28182,259,481,2
Piracicaba,Piracicaba,2021-02-06,28460,278,483,2
Piracicaba,Piracicaba,2021-02-07,28751,291,483,0
Piracicaba,Piracicaba,2021-02-08,28886,135,485,2
