city,city,date,cases,daily cases,deaths,daily deaths
Planalto,Planalto,2020-03-27,0,0,0,0
Planalto,Planalto,2020-03-28,0,0,0,0
Planalto,Planalto,2020-03-29,0,0,0,0
Planalto,Planalto,2020-03-30,0,0,0,0
Planalto,Planalto,2020-03-31,0,0,0,0
Planalto,Planalto,2020-04-01,0,0,0,0
Planalto,Planalto,2020-04-02,0,0,0,0
Planalto,Planalto,2020-04-03,0,0,0,0
Planalto,Planalto,2020-04-04,0,0,0,0
Planalto,Planalto,2020-04-05,0,0,0,0
Planalto,Planalto,2020-04-06,0,0,0,0
Planalto,Planalto,2020-04-07,0,0,0,0
Planalto,Planalto,2020-04-08,0,0,0,0
Planalto,Planalto,2020-04-09,0,0,0,0
Planalto,Planalto,2020-04-10,0,0,0,0
Planalto,Planalto,2020-04-11,0,0,0,0
Planalto,Planalto,2020-04-12,0,0,0,0
Planalto,Planalto,2020-04-13,0,0,0,0
Planalto,Planalto,2020-04-14,0,0,0,0
Planalto,Planalto,2020-04-15,0,0,0,0
Planalto,Planalto,2020-04-16,0,0,0,0
Planalto,Planalto,2020-04-17,0,0,0,0
Planalto,Planalto,2020-04-18,0,0,0,0
Planalto,Planalto,2020-04-19,0,0,0,0
Planalto,Planalto,2020-04-20,0,0,0,0
Planalto,Planalto,2020-04-21,0,0,0,0
Planalto,Planalto,2020-04-22,0,0,0,0
Planalto,Planalto,2020-04-23,0,0,0,0
Planalto,Planalto,2020-04-24,0,0,0,0
Planalto,Planalto,2020-04-25,0,0,0,0
Planalto,Planalto,2020-04-26,0,0,0,0
Planalto,Planalto,2020-04-27,0,0,0,0
Planalto,Planalto,2020-04-28,0,0,0,0
Planalto,Planalto,2020-04-29,0,0,0,0
Planalto,Planalto,2020-04-30,0,0,0,0
Planalto,Planalto,2020-05-01,0,0,0,0
Planalto,Planalto,2020-05-02,0,0,0,0
Planalto,Planalto,2020-05-03,0,0,0,0
Planalto,Planalto,2020-05-04,0,0,0,0
Planalto,Planalto,2020-05-05,0,0,0,0
Planalto,Planalto,2020-05-06,0,0,0,0
Planalto,Planalto,2020-05-07,0,0,0,0
Planalto,Planalto,2020-05-08,1,1,0,0
Planalto,Planalto,2020-05-09,1,0,0,0
Planalto,Planalto,2020-05-10,1,0,0,0
Planalto,Planalto,2020-05-11,1,0,0,0
Planalto,Planalto,2020-05-12,1,0,0,0
Planalto,Planalto,2020-05-13,1,0,0,0
Planalto,Planalto,2020-05-14,1,0,0,0
Planalto,Planalto,2020-05-15,7,6,0,0
Planalto,Planalto,2020-05-16,7,0,0,0
Planalto,Planalto,2020-05-17,7,0,0,0
Planalto,Planalto,2020-05-18,11,4,0,0
Planalto,Planalto,2020-05-19,11,0,0,0
Planalto,Planalto,2020-05-20,17,6,0,0
Planalto,Planalto,2020-05-21,17,0,0,0
Planalto,Planalto,2020-05-22,18,1,0,0
Planalto,Planalto,2020-05-23,26,8,0,0
Planalto,Planalto,2020-05-24,26,0,0,0
Planalto,Planalto,2020-05-25,26,0,0,0
Planalto,Planalto,2020-05-26,26,0,0,0
Planalto,Planalto,2020-05-27,26,0,0,0
Planalto,Planalto,2020-05-28,26,0,0,0
Planalto,Planalto,2020-05-29,27,1,0,0
Planalto,Planalto,2020-05-30,29,2,0,0
Planalto,Planalto,2020-05-31,29,0,0,0
Planalto,Planalto,2020-06-01,29,0,0,0
Planalto,Planalto,2020-06-02,32,3,0,0
Planalto,Planalto,2020-06-03,33,1,0,0
Planalto,Planalto,2020-06-04,36,3,0,0
Planalto,Planalto,2020-06-05,40,4,0,0
Planalto,Planalto,2020-06-06,41,1,0,0
Planalto,Planalto,2020-06-07,43,2,0,0
Planalto,Planalto,2020-06-08,44,1,0,0
Planalto,Planalto,2020-06-09,50,6,0,0
Planalto,Planalto,2020-06-10,55,5,0,0
Planalto,Planalto,2020-06-11,57,2,0,0
Planalto,Planalto,2020-06-12,58,1,0,0
Planalto,Planalto,2020-06-13,59,1,0,0
Planalto,Planalto,2020-06-14,61,2,0,0
Planalto,Planalto,2020-06-15,62,1,0,0
Planalto,Planalto,2020-06-16,68,6,0,0
Planalto,Planalto,2020-06-17,73,5,0,0
Planalto,Planalto,2020-06-18,74,1,1,1
Planalto,Planalto,2020-06-19,87,13,1,0
Planalto,Planalto,2020-06-20,95,8,1,0
Planalto,Planalto,2020-06-21,95,0,1,0
Planalto,Planalto,2020-06-22,96,1,1,0
Planalto,Planalto,2020-06-23,98,2,1,0
Planalto,Planalto,2020-06-24,102,4,1,0
Planalto,Planalto,2020-06-25,106,4,1,0
Planalto,Planalto,2020-06-26,110,4,1,0
Planalto,Planalto,2020-06-27,128,18,1,0
Planalto,Planalto,2020-06-28,129,1,2,1
Planalto,Planalto,2020-06-29,129,0,2,0
Planalto,Planalto,2020-06-30,130,1,2,0
Planalto,Planalto,2020-07-01,134,4,3,1
Planalto,Planalto,2020-07-02,140,6,3,0
Planalto,Planalto,2020-07-03,142,2,3,0
Planalto,Planalto,2020-07-04,152,10,3,0
Planalto,Planalto,2020-07-05,158,6,3,0
Planalto,Planalto,2020-07-06,165,7,3,0
Planalto,Planalto,2020-07-07,166,1,3,0
Planalto,Planalto,2020-07-08,173,7,3,0
Planalto,Planalto,2020-07-09,186,13,3,0
Planalto,Planalto,2020-07-10,202,16,3,0
Planalto,Planalto,2020-07-11,209,7,3,0
Planalto,Planalto,2020-07-12,216,7,3,0
Planalto,Planalto,2020-07-13,218,2,3,0
Planalto,Planalto,2020-07-14,229,11,3,0
Planalto,Planalto,2020-07-15,239,10,3,0
Planalto,Planalto,2020-07-16,243,4,3,0
Planalto,Planalto,2020-07-17,251,8,3,0
Planalto,Planalto,2020-07-18,254,3,3,0
Planalto,Planalto,2020-07-19,254,0,4,1
Planalto,Planalto,2020-07-20,259,5,4,0
Planalto,Planalto,2020-07-21,265,6,4,0
Planalto,Planalto,2020-07-22,283,18,4,0
Planalto,Planalto,2020-07-23,296,13,4,0
Planalto,Planalto,2020-07-24,305,9,4,0
Planalto,Planalto,2020-07-25,322,17,4,0
Planalto,Planalto,2020-07-26,324,2,4,0
Planalto,Planalto,2020-07-27,324,0,4,0
Planalto,Planalto,2020-07-28,330,6,4,0
Planalto,Planalto,2020-07-29,338,8,4,0
Planalto,Planalto,2020-07-30,347,9,4,0
Planalto,Planalto,2020-07-31,352,5,4,0
Planalto,Planalto,2020-08-01,358,6,4,0
Planalto,Planalto,2020-08-02,367,9,4,0
Planalto,Planalto,2020-08-03,367,0,4,0
Planalto,Planalto,2020-08-04,380,13,4,0
Planalto,Planalto,2020-08-05,391,11,4,0
Planalto,Planalto,2020-08-06,393,2,4,0
Planalto,Planalto,2020-08-07,404,11,4,0
Planalto,Planalto,2020-08-08,407,3,4,0
Planalto,Planalto,2020-08-09,409,2,4,0
Planalto,Planalto,2020-08-10,410,1,4,0
Planalto,Planalto,2020-08-11,421,11,4,0
Planalto,Planalto,2020-08-12,424,3,4,0
Planalto,Planalto,2020-08-13,428,4,4,0
Planalto,Planalto,2020-08-14,431,3,4,0
Planalto,Planalto,2020-08-15,437,6,4,0
Planalto,Planalto,2020-08-16,439,2,4,0
Planalto,Planalto,2020-08-17,440,1,4,0
Planalto,Planalto,2020-08-18,497,57,4,0
Planalto,Planalto,2020-08-19,518,21,4,0
Planalto,Planalto,2020-08-20,559,41,4,0
Planalto,Planalto,2020-08-21,577,18,4,0
Planalto,Planalto,2020-08-22,588,11,4,0
Planalto,Planalto,2020-08-23,591,3,4,0
Planalto,Planalto,2020-08-24,592,1,4,0
Planalto,Planalto,2020-08-25,595,3,4,0
Planalto,Planalto,2020-08-26,601,6,4,0
Planalto,Planalto,2020-08-27,604,3,4,0
Planalto,Planalto,2020-08-28,619,15,4,0
Planalto,Planalto,2020-08-29,626,7,4,0
Planalto,Planalto,2020-08-30,629,3,4,0
Planalto,Planalto,2020-08-31,629,0,4,0
Planalto,Planalto,2020-09-01,644,15,5,1
Planalto,Planalto,2020-09-02,652,8,5,0
Planalto,Planalto,2020-09-03,675,23,5,0
Planalto,Planalto,2020-09-04,686,11,5,0
Planalto,Planalto,2020-09-05,691,5,5,0
Planalto,Planalto,2020-09-06,697,6,5,0
Planalto,Planalto,2020-09-07,698,1,6,1
Planalto,Planalto,2020-09-08,698,0,6,0
Planalto,Planalto,2020-09-09,719,21,6,0
Planalto,Planalto,2020-09-10,724,5,6,0
Planalto,Planalto,2020-09-11,731,7,7,1
Planalto,Planalto,2020-09-12,736,5,7,0
Planalto,Planalto,2020-09-13,742,6,7,0
Planalto,Planalto,2020-09-14,744,2,7,0
Planalto,Planalto,2020-09-15,763,19,7,0
Planalto,Planalto,2020-09-16,780,17,7,0
Planalto,Planalto,2020-09-17,783,3,7,0
Planalto,Planalto,2020-09-18,786,3,7,0
Planalto,Planalto,2020-09-19,809,23,7,0
Planalto,Planalto,2020-09-20,818,9,7,0
Planalto,Planalto,2020-09-21,824,6,7,0
Planalto,Planalto,2020-09-22,853,29,8,1
Planalto,Planalto,2020-09-23,858,5,9,1
Planalto,Planalto,2020-09-24,862,4,9,0
Planalto,Planalto,2020-09-25,868,6,10,1
Planalto,Planalto,2020-09-26,872,4,10,0
Planalto,Planalto,2020-09-27,873,1,10,0
Planalto,Planalto,2020-09-28,874,1,10,0
Planalto,Planalto,2020-09-29,882,8,10,0
Planalto,Planalto,2020-09-30,884,2,11,1
Planalto,Planalto,2020-10-01,888,4,11,0
Planalto,Planalto,2020-10-02,891,3,11,0
Planalto,Planalto,2020-10-03,896,5,11,0
Planalto,Planalto,2020-10-04,896,0,11,0
Planalto,Planalto,2020-10-05,896,0,11,0
Planalto,Planalto,2020-10-06,909,13,11,0
Planalto,Planalto,2020-10-07,912,3,11,0
Planalto,Planalto,2020-10-08,916,4,11,0
Planalto,Planalto,2020-10-09,921,5,11,0
Planalto,Planalto,2020-10-10,924,3,11,0
Planalto,Planalto,2020-10-11,926,2,11,0
Planalto,Planalto,2020-10-12,942,16,11,0
Planalto,Planalto,2020-10-13,943,1,11,0
Planalto,Planalto,2020-10-14,953,10,12,1
Planalto,Planalto,2020-10-15,961,8,12,0
Planalto,Planalto,2020-10-16,962,1,12,0
Planalto,Planalto,2020-10-17,967,5,12,0
Planalto,Planalto,2020-10-18,967,0,12,0
Planalto,Planalto,2020-10-19,968,1,12,0
Planalto,Planalto,2020-10-20,973,5,12,0
Planalto,Planalto,2020-10-21,976,3,12,0
Planalto,Planalto,2020-10-22,977,1,12,0
Planalto,Planalto,2020-10-23,979,2,12,0
Planalto,Planalto,2020-10-24,979,0,12,0
Planalto,Planalto,2020-10-25,980,1,12,0
Planalto,Planalto,2020-10-26,981,1,13,1
Planalto,Planalto,2020-10-27,992,11,13,0
Planalto,Planalto,2020-10-28,1002,10,13,0
Planalto,Planalto,2020-10-29,1006,4,13,0
Planalto,Planalto,2020-10-30,1008,2,13,0
Planalto,Planalto,2020-10-31,1008,0,13,0
Planalto,Planalto,2020-11-01,1008,0,13,0
Planalto,Planalto,2020-11-02,1008,0,13,0
Planalto,Planalto,2020-11-03,1008,0,13,0
Planalto,Planalto,2020-11-04,1008,0,13,0
Planalto,Planalto,2020-11-05,1017,9,13,0
Planalto,Planalto,2020-11-06,1017,0,13,0
Planalto,Planalto,2020-11-07,1017,0,13,0
Planalto,Planalto,2020-11-08,1017,0,13,0
Planalto,Planalto,2020-11-09,1019,2,13,0
Planalto,Planalto,2020-11-10,1021,2,13,0
Planalto,Planalto,2020-11-11,1021,0,13,0
Planalto,Planalto,2020-11-12,1026,5,13,0
Planalto,Planalto,2020-11-13,1027,1,13,0
Planalto,Planalto,2020-11-14,1032,5,13,0
Planalto,Planalto,2020-11-15,1032,0,13,0
Planalto,Planalto,2020-11-16,1032,0,13,0
Planalto,Planalto,2020-11-17,1032,0,13,0
Planalto,Planalto,2020-11-18,1040,8,14,1
Planalto,Planalto,2020-11-19,1045,5,14,0
Planalto,Planalto,2020-11-20,1046,1,14,0
Planalto,Planalto,2020-11-21,1052,6,14,0
Planalto,Planalto,2020-11-22,1056,4,14,0
Planalto,Planalto,2020-11-23,1058,2,14,0
Planalto,Planalto,2020-11-24,1069,11,15,1
Planalto,Planalto,2020-11-25,1093,24,15,0
Planalto,Planalto,2020-11-26,1103,10,15,0
Planalto,Planalto,2020-11-27,1109,6,15,0
Planalto,Planalto,2020-11-28,1124,15,15,0
Planalto,Planalto,2020-11-29,1129,5,15,0
Planalto,Planalto,2020-11-30,1129,0,15,0
Planalto,Planalto,2020-12-01,1147,18,15,0
Planalto,Planalto,2020-12-02,1155,8,15,0
Planalto,Planalto,2020-12-03,1172,17,15,0
Planalto,Planalto,2020-12-04,1185,13,15,0
Planalto,Planalto,2020-12-05,1219,34,15,0
Planalto,Planalto,2020-12-06,1229,10,15,0
Planalto,Planalto,2020-12-07,1231,2,15,0
Planalto,Planalto,2020-12-08,1251,20,15,0
Planalto,Planalto,2020-12-09,1278,27,15,0
Planalto,Planalto,2020-12-10,1305,27,15,0
Planalto,Planalto,2020-12-11,1321,16,15,0
Planalto,Planalto,2020-12-12,1329,8,15,0
Planalto,Planalto,2020-12-13,1330,1,15,0
Planalto,Planalto,2020-12-14,1330,0,15,0
Planalto,Planalto,2020-12-15,1338,8,15,0
Planalto,Planalto,2020-12-16,1353,15,15,0
Planalto,Planalto,2020-12-17,1368,15,15,0
Planalto,Planalto,2020-12-18,1379,11,15,0
Planalto,Planalto,2020-12-19,1385,6,15,0
Planalto,Planalto,2020-12-20,1387,2,15,0
Planalto,Planalto,2020-12-21,1387,0,15,0
Planalto,Planalto,2020-12-22,1407,20,15,0
Planalto,Planalto,2020-12-23,1432,25,15,0
Planalto,Planalto,2020-12-24,1454,22,15,0
Planalto,Planalto,2020-12-25,1464,10,15,0
Planalto,Planalto,2020-12-26,1464,0,15,0
Planalto,Planalto,2020-12-27,1464,0,15,0
Planalto,Planalto,2020-12-28,1468,4,16,1
Planalto,Planalto,2020-12-29,1486,18,16,0
Planalto,Planalto,2020-12-30,1490,4,16,0
Planalto,Planalto,2020-12-31,1530,40,16,0
Planalto,Planalto,2021-01-01,1531,1,16,0
Planalto,Planalto,2021-01-02,1531,0,16,0
Planalto,Planalto,2021-01-03,1531,0,16,0
Planalto,Planalto,2021-01-04,1533,2,16,0
Planalto,Planalto,2021-01-05,1541,8,16,0
Planalto,Planalto,2021-01-06,1552,11,16,0
Planalto,Planalto,2021-01-07,1738,186,17,1
Planalto,Planalto,2021-01-08,1739,1,17,0
Planalto,Planalto,2021-01-09,1748,9,17,0
Planalto,Planalto,2021-01-10,1753,5,17,0
Planalto,Planalto,2021-01-11,1753,0,17,0
Planalto,Planalto,2021-01-12,1774,21,17,0
Planalto,Planalto,2021-01-13,1781,7,17,0
Planalto,Planalto,2021-01-14,1797,16,17,0
Planalto,Planalto,2021-01-15,1805,8,17,0
Planalto,Planalto,2021-01-16,1820,15,17,0
Planalto,Planalto,2021-01-17,1841,21,17,0
Planalto,Planalto,2021-01-18,1856,15,17,0
Planalto,Planalto,2021-01-19,1866,10,18,1
Planalto,Planalto,2021-01-20,1879,13,18,0
Planalto,Planalto,2021-01-21,1882,3,18,0
Planalto,Planalto,2021-01-22,1894,12,18,0
Planalto,Planalto,2021-01-23,1917,23,18,0
Planalto,Planalto,2021-01-24,1919,2,18,0
Planalto,Planalto,2021-01-25,1922,3,18,0
Planalto,Planalto,2021-01-26,1938,16,18,0
Planalto,Planalto,2021-01-27,1942,4,18,0
Planalto,Planalto,2021-01-28,1954,12,18,0
Planalto,Planalto,2021-01-29,1958,4,18,0
Planalto,Planalto,2021-01-30,1964,6,18,0
Planalto,Planalto,2021-01-31,1964,0,18,0
Planalto,Planalto,2021-02-01,1966,2,18,0
Planalto,Planalto,2021-02-02,1977,11,18,0
Planalto,Planalto,2021-02-03,1980,3,18,0
Planalto,Planalto,2021-02-04,1983,3,18,0
Planalto,Planalto,2021-02-05,1990,7,18,0
Planalto,Planalto,2021-02-06,1994,4,19,1
Planalto,Planalto,2021-02-07,1995,1,19,0
Planalto,Planalto,2021-02-08,1995,0,19,0
