city,city,date,cases,daily cases,deaths,daily deaths
Poções,Poções,2020-03-27,0,0,0,0
Poções,Poções,2020-03-28,0,0,0,0
Poções,Poções,2020-03-29,0,0,0,0
Poções,Poções,2020-03-30,0,0,0,0
Poções,Poções,2020-03-31,0,0,0,0
Poções,Poções,2020-04-01,0,0,0,0
Poções,Poções,2020-04-02,0,0,0,0
Poções,Poções,2020-04-03,0,0,0,0
Poções,Poções,2020-04-04,0,0,0,0
Poções,Poções,2020-04-05,0,0,0,0
Poções,Poções,2020-04-06,0,0,0,0
Poções,Poções,2020-04-07,0,0,0,0
Poções,Poções,2020-04-08,0,0,0,0
Poções,Poções,2020-04-09,0,0,0,0
Poções,Poções,2020-04-10,0,0,0,0
Poções,Poções,2020-04-11,0,0,0,0
Poções,Poções,2020-04-12,0,0,0,0
Poções,Poções,2020-04-13,0,0,0,0
Poções,Poções,2020-04-14,0,0,0,0
Poções,Poções,2020-04-15,0,0,0,0
Poções,Poções,2020-04-16,0,0,0,0
Poções,Poções,2020-04-17,0,0,0,0
Poções,Poções,2020-04-18,0,0,0,0
Poções,Poções,2020-04-19,0,0,0,0
Poções,Poções,2020-04-20,0,0,0,0
Poções,Poções,2020-04-21,0,0,0,0
Poções,Poções,2020-04-22,0,0,0,0
Poções,Poções,2020-04-23,0,0,0,0
Poções,Poções,2020-04-24,0,0,0,0
Poções,Poções,2020-04-25,0,0,0,0
Poções,Poções,2020-04-26,0,0,0,0
Poções,Poções,2020-04-27,0,0,0,0
Poções,Poções,2020-04-28,0,0,0,0
Poções,Poções,2020-04-29,0,0,0,0
Poções,Poções,2020-04-30,0,0,0,0
Poções,Poções,2020-05-01,0,0,0,0
Poções,Poções,2020-05-02,0,0,0,0
Poções,Poções,2020-05-03,0,0,0,0
Poções,Poções,2020-05-04,0,0,0,0
Poções,Poções,2020-05-05,0,0,0,0
Poções,Poções,2020-05-06,0,0,0,0
Poções,Poções,2020-05-07,0,0,0,0
Poções,Poções,2020-05-08,0,0,0,0
Poções,Poções,2020-05-09,0,0,0,0
Poções,Poções,2020-05-10,0,0,0,0
Poções,Poções,2020-05-11,0,0,0,0
Poções,Poções,2020-05-12,0,0,0,0
Poções,Poções,2020-05-13,0,0,0,0
Poções,Poções,2020-05-14,0,0,0,0
Poções,Poções,2020-05-15,0,0,0,0
Poções,Poções,2020-05-16,0,0,0,0
Poções,Poções,2020-05-17,0,0,0,0
Poções,Poções,2020-05-18,0,0,0,0
Poções,Poções,2020-05-19,0,0,0,0
Poções,Poções,2020-05-20,0,0,0,0
Poções,Poções,2020-05-21,0,0,0,0
Poções,Poções,2020-05-22,0,0,0,0
Poções,Poções,2020-05-23,0,0,0,0
Poções,Poções,2020-05-24,0,0,0,0
Poções,Poções,2020-05-25,0,0,0,0
Poções,Poções,2020-05-26,0,0,0,0
Poções,Poções,2020-05-27,0,0,0,0
Poções,Poções,2020-05-28,0,0,0,0
Poções,Poções,2020-05-29,1,1,0,0
Poções,Poções,2020-05-30,1,0,0,0
Poções,Poções,2020-05-31,1,0,0,0
Poções,Poções,2020-06-01,0,-1,0,0
Poções,Poções,2020-06-02,0,0,0,0
Poções,Poções,2020-06-03,0,0,0,0
Poções,Poções,2020-06-04,1,1,0,0
Poções,Poções,2020-06-05,1,0,0,0
Poções,Poções,2020-06-06,4,3,0,0
Poções,Poções,2020-06-07,9,5,0,0
Poções,Poções,2020-06-08,9,0,0,0
Poções,Poções,2020-06-09,16,7,0,0
Poções,Poções,2020-06-10,23,7,0,0
Poções,Poções,2020-06-11,24,1,0,0
Poções,Poções,2020-06-12,25,1,0,0
Poções,Poções,2020-06-13,28,3,1,1
Poções,Poções,2020-06-14,28,0,1,0
Poções,Poções,2020-06-15,53,25,1,0
Poções,Poções,2020-06-16,58,5,1,0
Poções,Poções,2020-06-17,60,2,1,0
Poções,Poções,2020-06-18,61,1,1,0
Poções,Poções,2020-06-19,64,3,1,0
Poções,Poções,2020-06-20,67,3,1,0
Poções,Poções,2020-06-21,105,38,1,0
Poções,Poções,2020-06-22,105,0,1,0
Poções,Poções,2020-06-23,106,1,2,1
Poções,Poções,2020-06-24,109,3,2,0
Poções,Poções,2020-06-25,111,2,2,0
Poções,Poções,2020-06-26,112,1,2,0
Poções,Poções,2020-06-27,151,39,2,0
Poções,Poções,2020-06-28,154,3,2,0
Poções,Poções,2020-06-29,155,1,2,0
Poções,Poções,2020-06-30,184,29,2,0
Poções,Poções,2020-07-01,189,5,2,0
Poções,Poções,2020-07-02,198,9,2,0
Poções,Poções,2020-07-03,205,7,2,0
Poções,Poções,2020-07-04,208,3,2,0
Poções,Poções,2020-07-05,208,0,2,0
Poções,Poções,2020-07-06,208,0,2,0
Poções,Poções,2020-07-07,217,9,2,0
Poções,Poções,2020-07-08,225,8,2,0
Poções,Poções,2020-07-09,231,6,2,0
Poções,Poções,2020-07-10,236,5,2,0
Poções,Poções,2020-07-11,250,14,2,0
Poções,Poções,2020-07-12,252,2,2,0
Poções,Poções,2020-07-13,255,3,2,0
Poções,Poções,2020-07-14,270,15,2,0
Poções,Poções,2020-07-15,299,29,2,0
Poções,Poções,2020-07-16,311,12,2,0
Poções,Poções,2020-07-17,320,9,2,0
Poções,Poções,2020-07-18,328,8,2,0
Poções,Poções,2020-07-19,330,2,2,0
Poções,Poções,2020-07-20,331,1,2,0
Poções,Poções,2020-07-21,363,32,2,0
Poções,Poções,2020-07-22,380,17,2,0
Poções,Poções,2020-07-23,397,17,3,1
Poções,Poções,2020-07-24,407,10,3,0
Poções,Poções,2020-07-25,417,10,3,0
Poções,Poções,2020-07-26,417,0,3,0
Poções,Poções,2020-07-27,417,0,3,0
Poções,Poções,2020-07-28,430,13,3,0
Poções,Poções,2020-07-29,436,6,3,0
Poções,Poções,2020-07-30,452,16,3,0
Poções,Poções,2020-07-31,465,13,3,0
Poções,Poções,2020-08-01,474,9,3,0
Poções,Poções,2020-08-02,475,1,3,0
Poções,Poções,2020-08-03,478,3,3,0
Poções,Poções,2020-08-04,506,28,4,1
Poções,Poções,2020-08-05,526,20,4,0
Poções,Poções,2020-08-06,547,21,4,0
Poções,Poções,2020-08-07,554,7,4,0
Poções,Poções,2020-08-08,566,12,4,0
Poções,Poções,2020-08-09,565,-1,4,0
Poções,Poções,2020-08-10,567,2,4,0
Poções,Poções,2020-08-11,581,14,4,0
Poções,Poções,2020-08-12,595,14,4,0
Poções,Poções,2020-08-13,603,8,4,0
Poções,Poções,2020-08-14,611,8,4,0
Poções,Poções,2020-08-15,615,4,4,0
Poções,Poções,2020-08-16,615,0,5,1
Poções,Poções,2020-08-17,616,1,5,0
Poções,Poções,2020-08-18,640,24,5,0
Poções,Poções,2020-08-19,647,7,6,1
Poções,Poções,2020-08-20,655,8,6,0
Poções,Poções,2020-08-21,655,0,6,0
Poções,Poções,2020-08-22,665,10,6,0
Poções,Poções,2020-08-23,665,0,6,0
Poções,Poções,2020-08-24,665,0,8,2
Poções,Poções,2020-08-25,673,8,8,0
Poções,Poções,2020-08-26,683,10,8,0
Poções,Poções,2020-08-27,689,6,8,0
Poções,Poções,2020-08-28,696,7,8,0
Poções,Poções,2020-08-29,707,11,8,0
Poções,Poções,2020-08-30,708,1,8,0
Poções,Poções,2020-08-31,711,3,8,0
Poções,Poções,2020-09-01,721,10,9,1
Poções,Poções,2020-09-02,729,8,9,0
Poções,Poções,2020-09-03,734,5,9,0
Poções,Poções,2020-09-04,743,9,10,1
Poções,Poções,2020-09-05,752,9,10,0
Poções,Poções,2020-09-06,752,0,11,1
Poções,Poções,2020-09-07,752,0,11,0
Poções,Poções,2020-09-08,752,0,11,0
Poções,Poções,2020-09-09,769,17,11,0
Poções,Poções,2020-09-10,775,6,11,0
Poções,Poções,2020-09-11,787,12,11,0
Poções,Poções,2020-09-12,790,3,11,0
Poções,Poções,2020-09-13,792,2,11,0
Poções,Poções,2020-09-14,791,-1,11,0
Poções,Poções,2020-09-15,801,10,12,1
Poções,Poções,2020-09-16,811,10,12,0
Poções,Poções,2020-09-17,817,6,13,1
Poções,Poções,2020-09-18,825,8,13,0
Poções,Poções,2020-09-19,828,3,13,0
Poções,Poções,2020-09-20,829,1,13,0
Poções,Poções,2020-09-21,829,0,13,0
Poções,Poções,2020-09-22,844,15,13,0
Poções,Poções,2020-09-23,853,9,13,0
Poções,Poções,2020-09-24,858,5,13,0
Poções,Poções,2020-09-25,859,1,13,0
Poções,Poções,2020-09-26,866,7,13,0
Poções,Poções,2020-09-27,866,0,13,0
Poções,Poções,2020-09-28,866,0,13,0
Poções,Poções,2020-09-29,880,14,13,0
Poções,Poções,2020-09-30,884,4,14,1
Poções,Poções,2020-10-01,892,8,14,0
Poções,Poções,2020-10-02,898,6,14,0
Poções,Poções,2020-10-03,910,12,14,0
Poções,Poções,2020-10-04,910,0,14,0
Poções,Poções,2020-10-05,911,1,14,0
Poções,Poções,2020-10-06,917,6,14,0
Poções,Poções,2020-10-07,922,5,15,1
Poções,Poções,2020-10-08,922,0,15,0
Poções,Poções,2020-10-09,927,5,15,0
Poções,Poções,2020-10-10,930,3,15,0
Poções,Poções,2020-10-11,931,1,15,0
Poções,Poções,2020-10-12,931,0,15,0
Poções,Poções,2020-10-13,933,2,15,0
Poções,Poções,2020-10-14,940,7,15,0
Poções,Poções,2020-10-15,947,7,15,0
Poções,Poções,2020-10-16,952,5,16,1
Poções,Poções,2020-10-17,963,11,17,1
Poções,Poções,2020-10-18,963,0,18,1
Poções,Poções,2020-10-19,965,2,18,0
Poções,Poções,2020-10-20,976,11,18,0
Poções,Poções,2020-10-21,977,1,18,0
Poções,Poções,2020-10-22,985,8,18,0
Poções,Poções,2020-10-23,991,6,18,0
Poções,Poções,2020-10-24,991,0,18,0
Poções,Poções,2020-10-25,993,2,18,0
Poções,Poções,2020-10-26,995,2,18,0
Poções,Poções,2020-10-27,1002,7,18,0
Poções,Poções,2020-10-28,1007,5,18,0
Poções,Poções,2020-10-29,1007,0,18,0
Poções,Poções,2020-10-30,1019,12,18,0
Poções,Poções,2020-10-31,1019,0,18,0
Poções,Poções,2020-11-01,1019,0,18,0
Poções,Poções,2020-11-02,1020,1,18,0
Poções,Poções,2020-11-03,1020,0,18,0
Poções,Poções,2020-11-04,1020,0,18,0
Poções,Poções,2020-11-05,1028,8,18,0
Poções,Poções,2020-11-06,1036,8,18,0
Poções,Poções,2020-11-07,1037,1,18,0
Poções,Poções,2020-11-08,1037,0,18,0
Poções,Poções,2020-11-09,1038,1,18,0
Poções,Poções,2020-11-10,1047,9,18,0
Poções,Poções,2020-11-11,1050,3,18,0
Poções,Poções,2020-11-12,1050,0,18,0
Poções,Poções,2020-11-13,1052,2,18,0
Poções,Poções,2020-11-14,1054,2,18,0
Poções,Poções,2020-11-15,1054,0,18,0
Poções,Poções,2020-11-16,1054,0,18,0
Poções,Poções,2020-11-17,1055,1,18,0
Poções,Poções,2020-11-18,1060,5,18,0
Poções,Poções,2020-11-19,1063,3,18,0
Poções,Poções,2020-11-20,1070,7,18,0
Poções,Poções,2020-11-21,1071,1,18,0
Poções,Poções,2020-11-22,1071,0,18,0
Poções,Poções,2020-11-23,1072,1,18,0
Poções,Poções,2020-11-24,1073,1,18,0
Poções,Poções,2020-11-25,1075,2,18,0
Poções,Poções,2020-11-26,1076,1,18,0
Poções,Poções,2020-11-27,1076,0,18,0
Poções,Poções,2020-11-28,1084,8,18,0
Poções,Poções,2020-11-29,1085,1,18,0
Poções,Poções,2020-11-30,1085,0,18,0
Poções,Poções,2020-12-01,1092,7,18,0
Poções,Poções,2020-12-02,1093,1,18,0
Poções,Poções,2020-12-03,1096,3,18,0
Poções,Poções,2020-12-04,1099,3,18,0
Poções,Poções,2020-12-05,1108,9,18,0
Poções,Poções,2020-12-06,1112,4,18,0
Poções,Poções,2020-12-07,1114,2,18,0
Poções,Poções,2020-12-08,1121,7,18,0
Poções,Poções,2020-12-09,1127,6,18,0
Poções,Poções,2020-12-10,1135,8,18,0
Poções,Poções,2020-12-11,1146,11,18,0
Poções,Poções,2020-12-12,1152,6,18,0
Poções,Poções,2020-12-13,1154,2,18,0
Poções,Poções,2020-12-14,1154,0,18,0
Poções,Poções,2020-12-15,1155,1,18,0
Poções,Poções,2020-12-16,1186,31,18,0
Poções,Poções,2020-12-17,1190,4,18,0
Poções,Poções,2020-12-18,1200,10,18,0
Poções,Poções,2020-12-19,1222,22,19,1
Poções,Poções,2020-12-20,1223,1,19,0
Poções,Poções,2020-12-21,1225,2,19,0
Poções,Poções,2020-12-22,1237,12,19,0
Poções,Poções,2020-12-23,1251,14,19,0
Poções,Poções,2020-12-24,1261,10,19,0
Poções,Poções,2020-12-25,1265,4,19,0
Poções,Poções,2020-12-26,1267,2,19,0
Poções,Poções,2020-12-27,1267,0,19,0
Poções,Poções,2020-12-28,1267,0,19,0
Poções,Poções,2020-12-29,1291,24,19,0
Poções,Poções,2020-12-30,1302,11,19,0
Poções,Poções,2020-12-31,1308,6,19,0
Poções,Poções,2021-01-01,1310,2,19,0
Poções,Poções,2021-01-02,1310,0,19,0
Poções,Poções,2021-01-03,1312,2,20,1
Poções,Poções,2021-01-04,1312,0,20,0
Poções,Poções,2021-01-05,1324,12,20,0
Poções,Poções,2021-01-06,1331,7,21,1
Poções,Poções,2021-01-07,1338,7,21,0
Poções,Poções,2021-01-08,1339,1,21,0
Poções,Poções,2021-01-09,1342,3,21,0
Poções,Poções,2021-01-10,1344,2,21,0
Poções,Poções,2021-01-11,1345,1,21,0
Poções,Poções,2021-01-12,1375,30,21,0
Poções,Poções,2021-01-13,1390,15,21,0
Poções,Poções,2021-01-14,1396,6,21,0
Poções,Poções,2021-01-15,1412,16,21,0
Poções,Poções,2021-01-16,1439,27,21,0
Poções,Poções,2021-01-17,1441,2,21,0
Poções,Poções,2021-01-18,1448,7,21,0
Poções,Poções,2021-01-19,1470,22,21,0
Poções,Poções,2021-01-20,1481,11,21,0
Poções,Poções,2021-01-21,1490,9,21,0
Poções,Poções,2021-01-22,1492,2,21,0
Poções,Poções,2021-01-23,1514,22,21,0
Poções,Poções,2021-01-24,1514,0,21,0
Poções,Poções,2021-01-25,1517,3,21,0
Poções,Poções,2021-01-26,1527,10,21,0
Poções,Poções,2021-01-27,1535,8,21,0
Poções,Poções,2021-01-28,1550,15,21,0
Poções,Poções,2021-01-29,1563,13,21,0
Poções,Poções,2021-01-30,1577,14,21,0
Poções,Poções,2021-01-31,1583,6,21,0
Poções,Poções,2021-02-01,1587,4,21,0
Poções,Poções,2021-02-02,1601,14,22,1
Poções,Poções,2021-02-03,1608,7,25,3
Poções,Poções,2021-02-04,1622,14,26,1
Poções,Poções,2021-02-05,1637,15,26,0
Poções,Poções,2021-02-06,1642,5,27,1
Poções,Poções,2021-02-07,1652,10,27,0
Poções,Poções,2021-02-08,1655,3,27,0
