city,city,date,cases,daily cases,deaths,daily deaths
Poço Branco,Poço Branco,2020-03-27,0,0,0,0
Poço Branco,Poço Branco,2020-03-28,0,0,0,0
Poço Branco,Poço Branco,2020-03-29,0,0,0,0
Poço Branco,Poço Branco,2020-03-30,0,0,0,0
Poço Branco,Poço Branco,2020-03-31,0,0,0,0
Poço Branco,Poço Branco,2020-04-01,0,0,0,0
Poço Branco,Poço Branco,2020-04-02,0,0,0,0
Poço Branco,Poço Branco,2020-04-03,0,0,0,0
Poço Branco,Poço Branco,2020-04-04,0,0,0,0
Poço Branco,Poço Branco,2020-04-05,0,0,0,0
Poço Branco,Poço Branco,2020-04-06,0,0,0,0
Poço Branco,Poço Branco,2020-04-07,0,0,0,0
Poço Branco,Poço Branco,2020-04-08,0,0,0,0
Poço Branco,Poço Branco,2020-04-09,0,0,0,0
Poço Branco,Poço Branco,2020-04-10,0,0,0,0
Poço Branco,Poço Branco,2020-04-11,0,0,0,0
Poço Branco,Poço Branco,2020-04-12,0,0,0,0
Poço Branco,Poço Branco,2020-04-13,0,0,0,0
Poço Branco,Poço Branco,2020-04-14,0,0,0,0
Poço Branco,Poço Branco,2020-04-15,0,0,0,0
Poço Branco,Poço Branco,2020-04-16,0,0,0,0
Poço Branco,Poço Branco,2020-04-17,0,0,0,0
Poço Branco,Poço Branco,2020-04-18,1,1,0,0
Poço Branco,Poço Branco,2020-04-19,1,0,0,0
Poço Branco,Poço Branco,2020-04-20,1,0,0,0
Poço Branco,Poço Branco,2020-04-21,1,0,0,0
Poço Branco,Poço Branco,2020-04-22,1,0,0,0
Poço Branco,Poço Branco,2020-04-23,1,0,0,0
Poço Branco,Poço Branco,2020-04-24,1,0,0,0
Poço Branco,Poço Branco,2020-04-25,1,0,0,0
Poço Branco,Poço Branco,2020-04-26,1,0,0,0
Poço Branco,Poço Branco,2020-04-27,1,0,0,0
Poço Branco,Poço Branco,2020-04-28,1,0,0,0
Poço Branco,Poço Branco,2020-04-29,1,0,0,0
Poço Branco,Poço Branco,2020-04-30,1,0,0,0
Poço Branco,Poço Branco,2020-05-01,1,0,0,0
Poço Branco,Poço Branco,2020-05-02,1,0,0,0
Poço Branco,Poço Branco,2020-05-03,1,0,0,0
Poço Branco,Poço Branco,2020-05-04,1,0,0,0
Poço Branco,Poço Branco,2020-05-05,1,0,0,0
Poço Branco,Poço Branco,2020-05-06,1,0,0,0
Poço Branco,Poço Branco,2020-05-07,1,0,0,0
Poço Branco,Poço Branco,2020-05-08,1,0,0,0
Poço Branco,Poço Branco,2020-05-09,1,0,0,0
Poço Branco,Poço Branco,2020-05-10,1,0,0,0
Poço Branco,Poço Branco,2020-05-11,2,1,0,0
Poço Branco,Poço Branco,2020-05-12,2,0,0,0
Poço Branco,Poço Branco,2020-05-13,2,0,0,0
Poço Branco,Poço Branco,2020-05-14,2,0,0,0
Poço Branco,Poço Branco,2020-05-15,2,0,0,0
Poço Branco,Poço Branco,2020-05-16,2,0,0,0
Poço Branco,Poço Branco,2020-05-17,2,0,0,0
Poço Branco,Poço Branco,2020-05-18,2,0,0,0
Poço Branco,Poço Branco,2020-05-19,2,0,0,0
Poço Branco,Poço Branco,2020-05-20,2,0,0,0
Poço Branco,Poço Branco,2020-05-21,3,1,0,0
Poço Branco,Poço Branco,2020-05-22,3,0,0,0
Poço Branco,Poço Branco,2020-05-23,4,1,0,0
Poço Branco,Poço Branco,2020-05-24,4,0,0,0
Poço Branco,Poço Branco,2020-05-25,4,0,0,0
Poço Branco,Poço Branco,2020-05-26,7,3,0,0
Poço Branco,Poço Branco,2020-05-27,7,0,0,0
Poço Branco,Poço Branco,2020-05-28,7,0,0,0
Poço Branco,Poço Branco,2020-05-29,12,5,0,0
Poço Branco,Poço Branco,2020-05-30,16,4,0,0
Poço Branco,Poço Branco,2020-05-31,16,0,0,0
Poço Branco,Poço Branco,2020-06-01,16,0,0,0
Poço Branco,Poço Branco,2020-06-02,16,0,0,0
Poço Branco,Poço Branco,2020-06-03,18,2,0,0
Poço Branco,Poço Branco,2020-06-04,18,0,0,0
Poço Branco,Poço Branco,2020-06-05,18,0,0,0
Poço Branco,Poço Branco,2020-06-06,18,0,0,0
Poço Branco,Poço Branco,2020-06-07,18,0,0,0
Poço Branco,Poço Branco,2020-06-08,20,2,0,0
Poço Branco,Poço Branco,2020-06-09,20,0,0,0
Poço Branco,Poço Branco,2020-06-10,20,0,0,0
Poço Branco,Poço Branco,2020-06-11,26,6,0,0
Poço Branco,Poço Branco,2020-06-12,26,0,0,0
Poço Branco,Poço Branco,2020-06-13,28,2,1,1
Poço Branco,Poço Branco,2020-06-14,28,0,1,0
Poço Branco,Poço Branco,2020-06-15,28,0,1,0
Poço Branco,Poço Branco,2020-06-16,33,5,1,0
Poço Branco,Poço Branco,2020-06-17,33,0,1,0
Poço Branco,Poço Branco,2020-06-18,36,3,1,0
Poço Branco,Poço Branco,2020-06-19,36,0,1,0
Poço Branco,Poço Branco,2020-06-20,58,22,1,0
Poço Branco,Poço Branco,2020-06-21,58,0,1,0
Poço Branco,Poço Branco,2020-06-22,63,5,1,0
Poço Branco,Poço Branco,2020-06-23,63,0,1,0
Poço Branco,Poço Branco,2020-06-24,80,17,1,0
Poço Branco,Poço Branco,2020-06-25,85,5,1,0
Poço Branco,Poço Branco,2020-06-26,91,6,1,0
Poço Branco,Poço Branco,2020-06-27,94,3,1,0
Poço Branco,Poço Branco,2020-06-28,94,0,1,0
Poço Branco,Poço Branco,2020-06-29,110,16,2,1
Poço Branco,Poço Branco,2020-06-30,114,4,2,0
Poço Branco,Poço Branco,2020-07-01,121,7,2,0
Poço Branco,Poço Branco,2020-07-02,126,5,2,0
Poço Branco,Poço Branco,2020-07-03,132,6,3,1
Poço Branco,Poço Branco,2020-07-04,140,8,3,0
Poço Branco,Poço Branco,2020-07-05,139,-1,3,0
Poço Branco,Poço Branco,2020-07-06,143,4,3,0
Poço Branco,Poço Branco,2020-07-07,149,6,3,0
Poço Branco,Poço Branco,2020-07-08,151,2,3,0
Poço Branco,Poço Branco,2020-07-09,152,1,3,0
Poço Branco,Poço Branco,2020-07-10,153,1,3,0
Poço Branco,Poço Branco,2020-07-11,154,1,3,0
Poço Branco,Poço Branco,2020-07-12,155,1,3,0
Poço Branco,Poço Branco,2020-07-13,156,1,3,0
Poço Branco,Poço Branco,2020-07-14,158,2,3,0
Poço Branco,Poço Branco,2020-07-15,158,0,3,0
Poço Branco,Poço Branco,2020-07-16,158,0,3,0
Poço Branco,Poço Branco,2020-07-17,159,1,3,0
Poço Branco,Poço Branco,2020-07-18,166,7,3,0
Poço Branco,Poço Branco,2020-07-19,167,1,3,0
Poço Branco,Poço Branco,2020-07-20,167,0,3,0
Poço Branco,Poço Branco,2020-07-21,169,2,3,0
Poço Branco,Poço Branco,2020-07-22,178,9,3,0
Poço Branco,Poço Branco,2020-07-23,181,3,3,0
Poço Branco,Poço Branco,2020-07-24,181,0,3,0
Poço Branco,Poço Branco,2020-07-25,181,0,3,0
Poço Branco,Poço Branco,2020-07-26,181,0,3,0
Poço Branco,Poço Branco,2020-07-27,181,0,3,0
Poço Branco,Poço Branco,2020-07-28,184,3,3,0
Poço Branco,Poço Branco,2020-07-29,188,4,3,0
Poço Branco,Poço Branco,2020-07-30,188,0,3,0
Poço Branco,Poço Branco,2020-07-31,188,0,3,0
Poço Branco,Poço Branco,2020-08-01,188,0,3,0
Poço Branco,Poço Branco,2020-08-02,189,1,3,0
Poço Branco,Poço Branco,2020-08-03,189,0,3,0
Poço Branco,Poço Branco,2020-08-04,191,2,3,0
Poço Branco,Poço Branco,2020-08-05,191,0,3,0
Poço Branco,Poço Branco,2020-08-06,191,0,3,0
Poço Branco,Poço Branco,2020-08-07,191,0,3,0
Poço Branco,Poço Branco,2020-08-08,191,0,3,0
Poço Branco,Poço Branco,2020-08-09,191,0,3,0
Poço Branco,Poço Branco,2020-08-10,192,1,4,1
Poço Branco,Poço Branco,2020-08-11,199,7,4,0
Poço Branco,Poço Branco,2020-08-12,196,-3,4,0
Poço Branco,Poço Branco,2020-08-13,197,1,4,0
Poço Branco,Poço Branco,2020-08-14,198,1,4,0
Poço Branco,Poço Branco,2020-08-15,198,0,5,1
Poço Branco,Poço Branco,2020-08-16,198,0,5,0
Poço Branco,Poço Branco,2020-08-17,198,0,5,0
Poço Branco,Poço Branco,2020-08-18,199,1,6,1
Poço Branco,Poço Branco,2020-08-19,203,4,6,0
Poço Branco,Poço Branco,2020-08-20,225,22,6,0
Poço Branco,Poço Branco,2020-08-21,232,7,6,0
Poço Branco,Poço Branco,2020-08-22,238,6,6,0
Poço Branco,Poço Branco,2020-08-23,238,0,6,0
Poço Branco,Poço Branco,2020-08-24,238,0,6,0
Poço Branco,Poço Branco,2020-08-25,238,0,6,0
Poço Branco,Poço Branco,2020-08-26,238,0,6,0
Poço Branco,Poço Branco,2020-08-27,241,3,6,0
Poço Branco,Poço Branco,2020-08-28,245,4,6,0
Poço Branco,Poço Branco,2020-08-29,246,1,6,0
Poço Branco,Poço Branco,2020-08-30,246,0,6,0
Poço Branco,Poço Branco,2020-08-31,247,1,6,0
Poço Branco,Poço Branco,2020-09-01,248,1,6,0
Poço Branco,Poço Branco,2020-09-02,248,0,6,0
Poço Branco,Poço Branco,2020-09-03,249,1,6,0
Poço Branco,Poço Branco,2020-09-04,249,0,6,0
Poço Branco,Poço Branco,2020-09-05,248,-1,6,0
Poço Branco,Poço Branco,2020-09-06,248,0,6,0
Poço Branco,Poço Branco,2020-09-07,248,0,6,0
Poço Branco,Poço Branco,2020-09-08,248,0,6,0
Poço Branco,Poço Branco,2020-09-09,248,0,6,0
Poço Branco,Poço Branco,2020-09-10,250,2,6,0
Poço Branco,Poço Branco,2020-09-11,250,0,6,0
Poço Branco,Poço Branco,2020-09-12,250,0,6,0
Poço Branco,Poço Branco,2020-09-13,250,0,6,0
Poço Branco,Poço Branco,2020-09-14,250,0,6,0
Poço Branco,Poço Branco,2020-09-15,256,6,6,0
Poço Branco,Poço Branco,2020-09-16,258,2,6,0
Poço Branco,Poço Branco,2020-09-17,280,22,6,0
Poço Branco,Poço Branco,2020-09-18,288,8,6,0
Poço Branco,Poço Branco,2020-09-19,288,0,6,0
Poço Branco,Poço Branco,2020-09-20,288,0,6,0
Poço Branco,Poço Branco,2020-09-21,288,0,6,0
Poço Branco,Poço Branco,2020-09-22,288,0,6,0
Poço Branco,Poço Branco,2020-09-23,288,0,6,0
Poço Branco,Poço Branco,2020-09-24,293,5,6,0
Poço Branco,Poço Branco,2020-09-25,296,3,6,0
Poço Branco,Poço Branco,2020-09-26,302,6,6,0
Poço Branco,Poço Branco,2020-09-27,302,0,6,0
Poço Branco,Poço Branco,2020-09-28,302,0,6,0
Poço Branco,Poço Branco,2020-09-29,302,0,6,0
Poço Branco,Poço Branco,2020-09-30,302,0,6,0
Poço Branco,Poço Branco,2020-10-01,303,1,6,0
Poço Branco,Poço Branco,2020-10-02,303,0,6,0
Poço Branco,Poço Branco,2020-10-03,303,0,6,0
Poço Branco,Poço Branco,2020-10-04,303,0,6,0
Poço Branco,Poço Branco,2020-10-05,303,0,6,0
Poço Branco,Poço Branco,2020-10-06,303,0,6,0
Poço Branco,Poço Branco,2020-10-07,303,0,6,0
Poço Branco,Poço Branco,2020-10-08,303,0,6,0
Poço Branco,Poço Branco,2020-10-09,303,0,6,0
Poço Branco,Poço Branco,2020-10-10,303,0,6,0
Poço Branco,Poço Branco,2020-10-11,303,0,6,0
Poço Branco,Poço Branco,2020-10-12,303,0,6,0
Poço Branco,Poço Branco,2020-10-13,303,0,6,0
Poço Branco,Poço Branco,2020-10-14,304,1,6,0
Poço Branco,Poço Branco,2020-10-15,305,1,6,0
Poço Branco,Poço Branco,2020-10-16,302,-3,5,-1
Poço Branco,Poço Branco,2020-10-17,302,0,5,0
Poço Branco,Poço Branco,2020-10-18,302,0,5,0
Poço Branco,Poço Branco,2020-10-19,305,3,5,0
Poço Branco,Poço Branco,2020-10-20,305,0,5,0
Poço Branco,Poço Branco,2020-10-21,305,0,5,0
Poço Branco,Poço Branco,2020-10-22,306,1,5,0
Poço Branco,Poço Branco,2020-10-23,308,2,5,0
Poço Branco,Poço Branco,2020-10-24,314,6,5,0
Poço Branco,Poço Branco,2020-10-25,314,0,5,0
Poço Branco,Poço Branco,2020-10-26,314,0,5,0
Poço Branco,Poço Branco,2020-10-27,314,0,5,0
Poço Branco,Poço Branco,2020-10-28,314,0,5,0
Poço Branco,Poço Branco,2020-10-29,314,0,5,0
Poço Branco,Poço Branco,2020-10-30,314,0,5,0
Poço Branco,Poço Branco,2020-10-31,313,-1,5,0
Poço Branco,Poço Branco,2020-11-01,313,0,5,0
Poço Branco,Poço Branco,2020-11-02,313,0,5,0
Poço Branco,Poço Branco,2020-11-03,313,0,5,0
Poço Branco,Poço Branco,2020-11-04,317,4,5,0
Poço Branco,Poço Branco,2020-11-05,322,5,5,0
Poço Branco,Poço Branco,2020-11-06,322,0,5,0
Poço Branco,Poço Branco,2020-11-07,322,0,5,0
Poço Branco,Poço Branco,2020-11-08,320,-2,5,0
Poço Branco,Poço Branco,2020-11-09,320,0,5,0
Poço Branco,Poço Branco,2020-11-10,320,0,5,0
Poço Branco,Poço Branco,2020-11-11,322,2,5,0
Poço Branco,Poço Branco,2020-11-12,322,0,5,0
Poço Branco,Poço Branco,2020-11-13,322,0,5,0
Poço Branco,Poço Branco,2020-11-14,319,-3,5,0
Poço Branco,Poço Branco,2020-11-15,319,0,5,0
Poço Branco,Poço Branco,2020-11-16,319,0,5,0
Poço Branco,Poço Branco,2020-11-17,319,0,5,0
Poço Branco,Poço Branco,2020-11-18,319,0,5,0
Poço Branco,Poço Branco,2020-11-19,319,0,5,0
Poço Branco,Poço Branco,2020-11-20,318,-1,5,0
Poço Branco,Poço Branco,2020-11-21,318,0,5,0
Poço Branco,Poço Branco,2020-11-22,319,1,5,0
Poço Branco,Poço Branco,2020-11-23,319,0,5,0
Poço Branco,Poço Branco,2020-11-24,319,0,5,0
Poço Branco,Poço Branco,2020-11-25,319,0,5,0
Poço Branco,Poço Branco,2020-11-26,319,0,5,0
Poço Branco,Poço Branco,2020-11-27,319,0,5,0
Poço Branco,Poço Branco,2020-11-28,319,0,5,0
Poço Branco,Poço Branco,2020-11-29,319,0,5,0
Poço Branco,Poço Branco,2020-11-30,319,0,5,0
Poço Branco,Poço Branco,2020-12-01,319,0,5,0
Poço Branco,Poço Branco,2020-12-02,320,1,5,0
Poço Branco,Poço Branco,2020-12-03,319,-1,5,0
Poço Branco,Poço Branco,2020-12-04,319,0,5,0
Poço Branco,Poço Branco,2020-12-05,319,0,5,0
Poço Branco,Poço Branco,2020-12-06,319,0,5,0
Poço Branco,Poço Branco,2020-12-07,319,0,5,0
Poço Branco,Poço Branco,2020-12-08,319,0,6,1
Poço Branco,Poço Branco,2020-12-09,319,0,6,0
Poço Branco,Poço Branco,2020-12-10,319,0,6,0
Poço Branco,Poço Branco,2020-12-11,320,1,6,0
Poço Branco,Poço Branco,2020-12-12,320,0,6,0
Poço Branco,Poço Branco,2020-12-13,320,0,6,0
Poço Branco,Poço Branco,2020-12-14,320,0,6,0
Poço Branco,Poço Branco,2020-12-15,320,0,6,0
Poço Branco,Poço Branco,2020-12-16,320,0,6,0
Poço Branco,Poço Branco,2020-12-17,320,0,6,0
Poço Branco,Poço Branco,2020-12-18,320,0,6,0
Poço Branco,Poço Branco,2020-12-19,321,1,6,0
Poço Branco,Poço Branco,2020-12-20,321,0,6,0
Poço Branco,Poço Branco,2020-12-21,321,0,6,0
Poço Branco,Poço Branco,2020-12-22,321,0,6,0
Poço Branco,Poço Branco,2020-12-23,320,-1,6,0
Poço Branco,Poço Branco,2020-12-24,320,0,6,0
Poço Branco,Poço Branco,2020-12-25,320,0,6,0
Poço Branco,Poço Branco,2020-12-26,320,0,6,0
Poço Branco,Poço Branco,2020-12-27,320,0,6,0
Poço Branco,Poço Branco,2020-12-28,320,0,6,0
Poço Branco,Poço Branco,2020-12-29,320,0,6,0
Poço Branco,Poço Branco,2020-12-30,320,0,6,0
Poço Branco,Poço Branco,2020-12-31,320,0,6,0
Poço Branco,Poço Branco,2021-01-01,320,0,6,0
Poço Branco,Poço Branco,2021-01-02,320,0,6,0
Poço Branco,Poço Branco,2021-01-03,320,0,6,0
Poço Branco,Poço Branco,2021-01-04,320,0,6,0
Poço Branco,Poço Branco,2021-01-05,320,0,6,0
Poço Branco,Poço Branco,2021-01-06,320,0,6,0
Poço Branco,Poço Branco,2021-01-07,320,0,6,0
Poço Branco,Poço Branco,2021-01-08,320,0,6,0
Poço Branco,Poço Branco,2021-01-09,320,0,6,0
Poço Branco,Poço Branco,2021-01-10,320,0,6,0
Poço Branco,Poço Branco,2021-01-11,320,0,6,0
Poço Branco,Poço Branco,2021-01-12,320,0,6,0
Poço Branco,Poço Branco,2021-01-13,320,0,6,0
Poço Branco,Poço Branco,2021-01-14,321,1,6,0
Poço Branco,Poço Branco,2021-01-15,322,1,6,0
Poço Branco,Poço Branco,2021-01-16,322,0,6,0
Poço Branco,Poço Branco,2021-01-17,322,0,6,0
Poço Branco,Poço Branco,2021-01-18,322,0,6,0
Poço Branco,Poço Branco,2021-01-19,322,0,6,0
Poço Branco,Poço Branco,2021-01-20,322,0,6,0
Poço Branco,Poço Branco,2021-01-21,322,0,6,0
Poço Branco,Poço Branco,2021-01-22,322,0,6,0
Poço Branco,Poço Branco,2021-01-23,322,0,6,0
Poço Branco,Poço Branco,2021-01-24,322,0,6,0
Poço Branco,Poço Branco,2021-01-25,323,1,6,0
Poço Branco,Poço Branco,2021-01-26,323,0,6,0
Poço Branco,Poço Branco,2021-01-27,323,0,6,0
Poço Branco,Poço Branco,2021-01-28,323,0,6,0
Poço Branco,Poço Branco,2021-01-29,323,0,6,0
Poço Branco,Poço Branco,2021-01-30,323,0,6,0
Poço Branco,Poço Branco,2021-01-31,324,1,6,0
Poço Branco,Poço Branco,2021-02-01,324,0,6,0
Poço Branco,Poço Branco,2021-02-02,324,0,6,0
Poço Branco,Poço Branco,2021-02-03,325,1,6,0
Poço Branco,Poço Branco,2021-02-04,325,0,6,0
Poço Branco,Poço Branco,2021-02-05,325,0,6,0
Poço Branco,Poço Branco,2021-02-06,325,0,6,0
Poço Branco,Poço Branco,2021-02-07,326,1,6,0
Poço Branco,Poço Branco,2021-02-08,326,0,6,0
