city,city,date,cases,daily cases,deaths,daily deaths
Pradópolis,Pradópolis,2020-03-27,0,0,0,0
Pradópolis,Pradópolis,2020-03-28,0,0,0,0
Pradópolis,Pradópolis,2020-03-29,0,0,0,0
Pradópolis,Pradópolis,2020-03-30,0,0,0,0
Pradópolis,Pradópolis,2020-03-31,0,0,0,0
Pradópolis,Pradópolis,2020-04-01,0,0,0,0
Pradópolis,Pradópolis,2020-04-02,0,0,0,0
Pradópolis,Pradópolis,2020-04-03,0,0,0,0
Pradópolis,Pradópolis,2020-04-04,0,0,0,0
Pradópolis,Pradópolis,2020-04-05,0,0,0,0
Pradópolis,Pradópolis,2020-04-06,0,0,0,0
Pradópolis,Pradópolis,2020-04-07,0,0,0,0
Pradópolis,Pradópolis,2020-04-08,0,0,0,0
Pradópolis,Pradópolis,2020-04-09,0,0,0,0
Pradópolis,Pradópolis,2020-04-10,0,0,0,0
Pradópolis,Pradópolis,2020-04-11,0,0,0,0
Pradópolis,Pradópolis,2020-04-12,0,0,0,0
Pradópolis,Pradópolis,2020-04-13,0,0,0,0
Pradópolis,Pradópolis,2020-04-14,0,0,0,0
Pradópolis,Pradópolis,2020-04-15,0,0,0,0
Pradópolis,Pradópolis,2020-04-16,0,0,0,0
Pradópolis,Pradópolis,2020-04-17,0,0,0,0
Pradópolis,Pradópolis,2020-04-18,0,0,0,0
Pradópolis,Pradópolis,2020-04-19,0,0,0,0
Pradópolis,Pradópolis,2020-04-20,0,0,0,0
Pradópolis,Pradópolis,2020-04-21,0,0,0,0
Pradópolis,Pradópolis,2020-04-22,0,0,0,0
Pradópolis,Pradópolis,2020-04-23,0,0,0,0
Pradópolis,Pradópolis,2020-04-24,0,0,0,0
Pradópolis,Pradópolis,2020-04-25,0,0,0,0
Pradópolis,Pradópolis,2020-04-26,0,0,0,0
Pradópolis,Pradópolis,2020-04-27,1,1,0,0
Pradópolis,Pradópolis,2020-04-28,1,0,0,0
Pradópolis,Pradópolis,2020-04-29,1,0,0,0
Pradópolis,Pradópolis,2020-04-30,1,0,0,0
Pradópolis,Pradópolis,2020-05-01,1,0,0,0
Pradópolis,Pradópolis,2020-05-02,1,0,0,0
Pradópolis,Pradópolis,2020-05-03,1,0,0,0
Pradópolis,Pradópolis,2020-05-04,1,0,0,0
Pradópolis,Pradópolis,2020-05-05,1,0,0,0
Pradópolis,Pradópolis,2020-05-06,1,0,0,0
Pradópolis,Pradópolis,2020-05-07,1,0,0,0
Pradópolis,Pradópolis,2020-05-08,1,0,0,0
Pradópolis,Pradópolis,2020-05-09,1,0,0,0
Pradópolis,Pradópolis,2020-05-10,1,0,1,1
Pradópolis,Pradópolis,2020-05-11,1,0,1,0
Pradópolis,Pradópolis,2020-05-12,1,0,1,0
Pradópolis,Pradópolis,2020-05-13,1,0,1,0
Pradópolis,Pradópolis,2020-05-14,1,0,1,0
Pradópolis,Pradópolis,2020-05-15,1,0,1,0
Pradópolis,Pradópolis,2020-05-16,1,0,1,0
Pradópolis,Pradópolis,2020-05-17,1,0,1,0
Pradópolis,Pradópolis,2020-05-18,1,0,1,0
Pradópolis,Pradópolis,2020-05-19,1,0,1,0
Pradópolis,Pradópolis,2020-05-20,1,0,1,0
Pradópolis,Pradópolis,2020-05-21,1,0,1,0
Pradópolis,Pradópolis,2020-05-22,1,0,1,0
Pradópolis,Pradópolis,2020-05-23,1,0,1,0
Pradópolis,Pradópolis,2020-05-24,1,0,1,0
Pradópolis,Pradópolis,2020-05-25,1,0,1,0
Pradópolis,Pradópolis,2020-05-26,1,0,1,0
Pradópolis,Pradópolis,2020-05-27,1,0,1,0
Pradópolis,Pradópolis,2020-05-28,1,0,1,0
Pradópolis,Pradópolis,2020-05-29,1,0,1,0
Pradópolis,Pradópolis,2020-05-30,1,0,1,0
Pradópolis,Pradópolis,2020-05-31,1,0,1,0
Pradópolis,Pradópolis,2020-06-01,1,0,1,0
Pradópolis,Pradópolis,2020-06-02,1,0,1,0
Pradópolis,Pradópolis,2020-06-03,1,0,1,0
Pradópolis,Pradópolis,2020-06-04,2,1,1,0
Pradópolis,Pradópolis,2020-06-05,3,1,1,0
Pradópolis,Pradópolis,2020-06-06,5,2,1,0
Pradópolis,Pradópolis,2020-06-07,5,0,1,0
Pradópolis,Pradópolis,2020-06-08,5,0,1,0
Pradópolis,Pradópolis,2020-06-09,5,0,2,1
Pradópolis,Pradópolis,2020-06-10,6,1,2,0
Pradópolis,Pradópolis,2020-06-11,8,2,2,0
Pradópolis,Pradópolis,2020-06-12,9,1,2,0
Pradópolis,Pradópolis,2020-06-13,10,1,2,0
Pradópolis,Pradópolis,2020-06-14,13,3,2,0
Pradópolis,Pradópolis,2020-06-15,13,0,2,0
Pradópolis,Pradópolis,2020-06-16,16,3,2,0
Pradópolis,Pradópolis,2020-06-17,21,5,3,1
Pradópolis,Pradópolis,2020-06-18,26,5,3,0
Pradópolis,Pradópolis,2020-06-19,37,11,3,0
Pradópolis,Pradópolis,2020-06-20,37,0,3,0
Pradópolis,Pradópolis,2020-06-21,38,1,3,0
Pradópolis,Pradópolis,2020-06-22,38,0,3,0
Pradópolis,Pradópolis,2020-06-23,47,9,4,1
Pradópolis,Pradópolis,2020-06-24,52,5,4,0
Pradópolis,Pradópolis,2020-06-25,55,3,5,1
Pradópolis,Pradópolis,2020-06-26,57,2,5,0
Pradópolis,Pradópolis,2020-06-27,63,6,5,0
Pradópolis,Pradópolis,2020-06-28,65,2,6,1
Pradópolis,Pradópolis,2020-06-29,67,2,6,0
Pradópolis,Pradópolis,2020-06-30,70,3,6,0
Pradópolis,Pradópolis,2020-07-01,71,1,6,0
Pradópolis,Pradópolis,2020-07-02,75,4,7,1
Pradópolis,Pradópolis,2020-07-03,78,3,7,0
Pradópolis,Pradópolis,2020-07-04,79,1,7,0
Pradópolis,Pradópolis,2020-07-05,82,3,7,0
Pradópolis,Pradópolis,2020-07-06,83,1,7,0
Pradópolis,Pradópolis,2020-07-07,86,3,7,0
Pradópolis,Pradópolis,2020-07-08,91,5,8,1
Pradópolis,Pradópolis,2020-07-09,96,5,8,0
Pradópolis,Pradópolis,2020-07-10,101,5,8,0
Pradópolis,Pradópolis,2020-07-11,102,1,8,0
Pradópolis,Pradópolis,2020-07-12,103,1,8,0
Pradópolis,Pradópolis,2020-07-13,103,0,9,1
Pradópolis,Pradópolis,2020-07-14,112,9,9,0
Pradópolis,Pradópolis,2020-07-15,118,6,9,0
Pradópolis,Pradópolis,2020-07-16,135,17,9,0
Pradópolis,Pradópolis,2020-07-17,145,10,9,0
Pradópolis,Pradópolis,2020-07-18,150,5,9,0
Pradópolis,Pradópolis,2020-07-19,150,0,9,0
Pradópolis,Pradópolis,2020-07-20,150,0,9,0
Pradópolis,Pradópolis,2020-07-21,150,0,9,0
Pradópolis,Pradópolis,2020-07-22,159,9,9,0
Pradópolis,Pradópolis,2020-07-23,159,0,9,0
Pradópolis,Pradópolis,2020-07-24,163,4,9,0
Pradópolis,Pradópolis,2020-07-25,195,32,9,0
Pradópolis,Pradópolis,2020-07-26,195,0,9,0
Pradópolis,Pradópolis,2020-07-27,195,0,9,0
Pradópolis,Pradópolis,2020-07-28,195,0,9,0
Pradópolis,Pradópolis,2020-07-29,219,24,9,0
Pradópolis,Pradópolis,2020-07-30,221,2,9,0
Pradópolis,Pradópolis,2020-07-31,244,23,9,0
Pradópolis,Pradópolis,2020-08-01,248,4,10,1
Pradópolis,Pradópolis,2020-08-02,257,9,10,0
Pradópolis,Pradópolis,2020-08-03,257,0,10,0
Pradópolis,Pradópolis,2020-08-04,286,29,10,0
Pradópolis,Pradópolis,2020-08-05,290,4,10,0
Pradópolis,Pradópolis,2020-08-06,299,9,10,0
Pradópolis,Pradópolis,2020-08-07,308,9,10,0
Pradópolis,Pradópolis,2020-08-08,331,23,10,0
Pradópolis,Pradópolis,2020-08-09,339,8,10,0
Pradópolis,Pradópolis,2020-08-10,339,0,10,0
Pradópolis,Pradópolis,2020-08-11,395,56,12,2
Pradópolis,Pradópolis,2020-08-12,434,39,12,0
Pradópolis,Pradópolis,2020-08-13,461,27,12,0
Pradópolis,Pradópolis,2020-08-14,463,2,13,1
Pradópolis,Pradópolis,2020-08-15,467,4,13,0
Pradópolis,Pradópolis,2020-08-16,467,0,13,0
Pradópolis,Pradópolis,2020-08-17,467,0,13,0
Pradópolis,Pradópolis,2020-08-18,473,6,14,1
Pradópolis,Pradópolis,2020-08-19,482,9,14,0
Pradópolis,Pradópolis,2020-08-20,483,1,14,0
Pradópolis,Pradópolis,2020-08-21,489,6,14,0
Pradópolis,Pradópolis,2020-08-22,493,4,14,0
Pradópolis,Pradópolis,2020-08-23,499,6,14,0
Pradópolis,Pradópolis,2020-08-24,504,5,14,0
Pradópolis,Pradópolis,2020-08-25,504,0,14,0
Pradópolis,Pradópolis,2020-08-26,519,15,14,0
Pradópolis,Pradópolis,2020-08-27,522,3,14,0
Pradópolis,Pradópolis,2020-08-28,541,19,14,0
Pradópolis,Pradópolis,2020-08-29,544,3,15,1
Pradópolis,Pradópolis,2020-08-30,544,0,15,0
Pradópolis,Pradópolis,2020-08-31,544,0,15,0
Pradópolis,Pradópolis,2020-09-01,547,3,15,0
Pradópolis,Pradópolis,2020-09-02,577,30,15,0
Pradópolis,Pradópolis,2020-09-03,586,9,15,0
Pradópolis,Pradópolis,2020-09-04,593,7,15,0
Pradópolis,Pradópolis,2020-09-05,601,8,15,0
Pradópolis,Pradópolis,2020-09-06,609,8,15,0
Pradópolis,Pradópolis,2020-09-07,609,0,15,0
Pradópolis,Pradópolis,2020-09-08,609,0,15,0
Pradópolis,Pradópolis,2020-09-09,619,10,15,0
Pradópolis,Pradópolis,2020-09-10,625,6,15,0
Pradópolis,Pradópolis,2020-09-11,631,6,15,0
Pradópolis,Pradópolis,2020-09-12,635,4,15,0
Pradópolis,Pradópolis,2020-09-13,637,2,16,1
Pradópolis,Pradópolis,2020-09-14,637,0,16,0
Pradópolis,Pradópolis,2020-09-15,642,5,18,2
Pradópolis,Pradópolis,2020-09-16,644,2,19,1
Pradópolis,Pradópolis,2020-09-17,654,10,20,1
Pradópolis,Pradópolis,2020-09-18,660,6,19,-1
Pradópolis,Pradópolis,2020-09-19,671,11,19,0
Pradópolis,Pradópolis,2020-09-20,676,5,19,0
Pradópolis,Pradópolis,2020-09-21,676,0,19,0
Pradópolis,Pradópolis,2020-09-22,687,11,19,0
Pradópolis,Pradópolis,2020-09-23,690,3,19,0
Pradópolis,Pradópolis,2020-09-24,700,10,20,1
Pradópolis,Pradópolis,2020-09-25,706,6,20,0
Pradópolis,Pradópolis,2020-09-26,708,2,20,0
Pradópolis,Pradópolis,2020-09-27,708,0,20,0
Pradópolis,Pradópolis,2020-09-28,708,0,20,0
Pradópolis,Pradópolis,2020-09-29,713,5,20,0
Pradópolis,Pradópolis,2020-09-30,722,9,20,0
Pradópolis,Pradópolis,2020-10-01,723,1,20,0
Pradópolis,Pradópolis,2020-10-02,724,1,20,0
Pradópolis,Pradópolis,2020-10-03,725,1,21,1
Pradópolis,Pradópolis,2020-10-04,725,0,21,0
Pradópolis,Pradópolis,2020-10-05,725,0,21,0
Pradópolis,Pradópolis,2020-10-06,737,12,21,0
Pradópolis,Pradópolis,2020-10-07,741,4,21,0
Pradópolis,Pradópolis,2020-10-08,744,3,21,0
Pradópolis,Pradópolis,2020-10-09,747,3,22,1
Pradópolis,Pradópolis,2020-10-10,749,2,22,0
Pradópolis,Pradópolis,2020-10-11,749,0,22,0
Pradópolis,Pradópolis,2020-10-12,749,0,22,0
Pradópolis,Pradópolis,2020-10-13,749,0,22,0
Pradópolis,Pradópolis,2020-10-14,755,6,22,0
Pradópolis,Pradópolis,2020-10-15,756,1,22,0
Pradópolis,Pradópolis,2020-10-16,757,1,22,0
Pradópolis,Pradópolis,2020-10-17,757,0,22,0
Pradópolis,Pradópolis,2020-10-18,757,0,22,0
Pradópolis,Pradópolis,2020-10-19,757,0,22,0
Pradópolis,Pradópolis,2020-10-20,758,1,22,0
Pradópolis,Pradópolis,2020-10-21,758,0,22,0
Pradópolis,Pradópolis,2020-10-22,758,0,22,0
Pradópolis,Pradópolis,2020-10-23,760,2,22,0
Pradópolis,Pradópolis,2020-10-24,760,0,22,0
Pradópolis,Pradópolis,2020-10-25,760,0,22,0
Pradópolis,Pradópolis,2020-10-26,760,0,22,0
Pradópolis,Pradópolis,2020-10-27,764,4,22,0
Pradópolis,Pradópolis,2020-10-28,776,12,22,0
Pradópolis,Pradópolis,2020-10-29,777,1,22,0
Pradópolis,Pradópolis,2020-10-30,778,1,22,0
Pradópolis,Pradópolis,2020-10-31,778,0,22,0
Pradópolis,Pradópolis,2020-11-01,778,0,22,0
Pradópolis,Pradópolis,2020-11-02,778,0,22,0
Pradópolis,Pradópolis,2020-11-03,778,0,22,0
Pradópolis,Pradópolis,2020-11-04,779,1,22,0
Pradópolis,Pradópolis,2020-11-05,781,2,22,0
Pradópolis,Pradópolis,2020-11-06,781,0,22,0
Pradópolis,Pradópolis,2020-11-07,781,0,22,0
Pradópolis,Pradópolis,2020-11-08,781,0,22,0
Pradópolis,Pradópolis,2020-11-09,781,0,22,0
Pradópolis,Pradópolis,2020-11-10,781,0,22,0
Pradópolis,Pradópolis,2020-11-11,790,9,22,0
Pradópolis,Pradópolis,2020-11-12,793,3,22,0
Pradópolis,Pradópolis,2020-11-13,795,2,22,0
Pradópolis,Pradópolis,2020-11-14,795,0,22,0
Pradópolis,Pradópolis,2020-11-15,795,0,22,0
Pradópolis,Pradópolis,2020-11-16,795,0,22,0
Pradópolis,Pradópolis,2020-11-17,799,4,23,1
Pradópolis,Pradópolis,2020-11-18,799,0,23,0
Pradópolis,Pradópolis,2020-11-19,800,1,23,0
Pradópolis,Pradópolis,2020-11-20,800,0,23,0
Pradópolis,Pradópolis,2020-11-21,801,1,23,0
Pradópolis,Pradópolis,2020-11-22,801,0,23,0
Pradópolis,Pradópolis,2020-11-23,801,0,23,0
Pradópolis,Pradópolis,2020-11-24,802,1,23,0
Pradópolis,Pradópolis,2020-11-25,802,0,23,0
Pradópolis,Pradópolis,2020-11-26,802,0,23,0
Pradópolis,Pradópolis,2020-11-27,804,2,23,0
Pradópolis,Pradópolis,2020-11-28,804,0,23,0
Pradópolis,Pradópolis,2020-11-29,804,0,23,0
Pradópolis,Pradópolis,2020-11-30,804,0,23,0
Pradópolis,Pradópolis,2020-12-01,810,6,23,0
Pradópolis,Pradópolis,2020-12-02,812,2,23,0
Pradópolis,Pradópolis,2020-12-03,812,0,23,0
Pradópolis,Pradópolis,2020-12-04,812,0,23,0
Pradópolis,Pradópolis,2020-12-05,816,4,23,0
Pradópolis,Pradópolis,2020-12-06,815,-1,23,0
Pradópolis,Pradópolis,2020-12-07,815,0,23,0
Pradópolis,Pradópolis,2020-12-08,816,1,23,0
Pradópolis,Pradópolis,2020-12-09,818,2,23,0
Pradópolis,Pradópolis,2020-12-10,819,1,23,0
Pradópolis,Pradópolis,2020-12-11,820,1,23,0
Pradópolis,Pradópolis,2020-12-12,822,2,23,0
Pradópolis,Pradópolis,2020-12-13,822,0,23,0
Pradópolis,Pradópolis,2020-12-14,822,0,23,0
Pradópolis,Pradópolis,2020-12-15,822,0,23,0
Pradópolis,Pradópolis,2020-12-16,822,0,23,0
Pradópolis,Pradópolis,2020-12-17,826,4,22,-1
Pradópolis,Pradópolis,2020-12-18,827,1,22,0
Pradópolis,Pradópolis,2020-12-19,834,7,22,0
Pradópolis,Pradópolis,2020-12-20,834,0,22,0
Pradópolis,Pradópolis,2020-12-21,834,0,22,0
Pradópolis,Pradópolis,2020-12-22,835,1,22,0
Pradópolis,Pradópolis,2020-12-23,835,0,22,0
Pradópolis,Pradópolis,2020-12-24,835,0,22,0
Pradópolis,Pradópolis,2020-12-25,835,0,22,0
Pradópolis,Pradópolis,2020-12-26,835,0,22,0
Pradópolis,Pradópolis,2020-12-27,835,0,22,0
Pradópolis,Pradópolis,2020-12-28,835,0,22,0
Pradópolis,Pradópolis,2020-12-29,839,4,22,0
Pradópolis,Pradópolis,2020-12-30,844,5,22,0
Pradópolis,Pradópolis,2020-12-31,845,1,22,0
Pradópolis,Pradópolis,2021-01-01,845,0,22,0
Pradópolis,Pradópolis,2021-01-02,845,0,22,0
Pradópolis,Pradópolis,2021-01-03,845,0,22,0
Pradópolis,Pradópolis,2021-01-04,845,0,22,0
Pradópolis,Pradópolis,2021-01-05,859,14,22,0
Pradópolis,Pradópolis,2021-01-06,861,2,22,0
Pradópolis,Pradópolis,2021-01-07,868,7,22,0
Pradópolis,Pradópolis,2021-01-08,869,1,22,0
Pradópolis,Pradópolis,2021-01-09,869,0,22,0
Pradópolis,Pradópolis,2021-01-10,869,0,22,0
Pradópolis,Pradópolis,2021-01-11,869,0,22,0
Pradópolis,Pradópolis,2021-01-12,871,2,22,0
Pradópolis,Pradópolis,2021-01-13,871,0,22,0
Pradópolis,Pradópolis,2021-01-14,901,30,22,0
Pradópolis,Pradópolis,2021-01-15,902,1,22,0
Pradópolis,Pradópolis,2021-01-16,923,21,22,0
Pradópolis,Pradópolis,2021-01-17,923,0,22,0
Pradópolis,Pradópolis,2021-01-18,923,0,22,0
Pradópolis,Pradópolis,2021-01-19,924,1,22,0
Pradópolis,Pradópolis,2021-01-20,930,6,22,0
Pradópolis,Pradópolis,2021-01-21,933,3,22,0
Pradópolis,Pradópolis,2021-01-22,935,2,22,0
Pradópolis,Pradópolis,2021-01-23,947,12,22,0
Pradópolis,Pradópolis,2021-01-24,947,0,22,0
Pradópolis,Pradópolis,2021-01-25,947,0,22,0
Pradópolis,Pradópolis,2021-01-26,950,3,22,0
Pradópolis,Pradópolis,2021-01-27,955,5,22,0
Pradópolis,Pradópolis,2021-01-28,959,4,22,0
Pradópolis,Pradópolis,2021-01-29,970,11,22,0
Pradópolis,Pradópolis,2021-01-30,981,11,22,0
Pradópolis,Pradópolis,2021-01-31,981,0,22,0
Pradópolis,Pradópolis,2021-02-01,981,0,22,0
Pradópolis,Pradópolis,2021-02-02,988,7,22,0
Pradópolis,Pradópolis,2021-02-03,992,4,22,0
Pradópolis,Pradópolis,2021-02-04,992,0,23,1
Pradópolis,Pradópolis,2021-02-05,999,7,23,0
Pradópolis,Pradópolis,2021-02-06,1005,6,23,0
Pradópolis,Pradópolis,2021-02-07,1005,0,23,0
Pradópolis,Pradópolis,2021-02-08,1005,0,23,0
