city,city,date,cases,daily cases,deaths,daily deaths
Quatro Barras,Quatro Barras,2020-03-27,0,0,0,0
Quatro Barras,Quatro Barras,2020-03-28,0,0,0,0
Quatro Barras,Quatro Barras,2020-03-29,0,0,0,0
Quatro Barras,Quatro Barras,2020-03-30,0,0,0,0
Quatro Barras,Quatro Barras,2020-03-31,1,1,0,0
Quatro Barras,Quatro Barras,2020-04-01,1,0,0,0
Quatro Barras,Quatro Barras,2020-04-02,1,0,0,0
Quatro Barras,Quatro Barras,2020-04-03,1,0,0,0
Quatro Barras,Quatro Barras,2020-04-04,1,0,0,0
Quatro Barras,Quatro Barras,2020-04-05,0,-1,0,0
Quatro Barras,Quatro Barras,2020-04-06,0,0,0,0
Quatro Barras,Quatro Barras,2020-04-07,0,0,0,0
Quatro Barras,Quatro Barras,2020-04-08,1,1,0,0
Quatro Barras,Quatro Barras,2020-04-09,1,0,0,0
Quatro Barras,Quatro Barras,2020-04-10,1,0,0,0
Quatro Barras,Quatro Barras,2020-04-11,1,0,0,0
Quatro Barras,Quatro Barras,2020-04-12,1,0,0,0
Quatro Barras,Quatro Barras,2020-04-13,1,0,0,0
Quatro Barras,Quatro Barras,2020-04-14,1,0,0,0
Quatro Barras,Quatro Barras,2020-04-15,1,0,0,0
Quatro Barras,Quatro Barras,2020-04-16,1,0,0,0
Quatro Barras,Quatro Barras,2020-04-17,1,0,0,0
Quatro Barras,Quatro Barras,2020-04-18,1,0,0,0
Quatro Barras,Quatro Barras,2020-04-19,1,0,0,0
Quatro Barras,Quatro Barras,2020-04-20,1,0,0,0
Quatro Barras,Quatro Barras,2020-04-21,1,0,0,0
Quatro Barras,Quatro Barras,2020-04-22,1,0,0,0
Quatro Barras,Quatro Barras,2020-04-23,1,0,0,0
Quatro Barras,Quatro Barras,2020-04-24,1,0,0,0
Quatro Barras,Quatro Barras,2020-04-25,1,0,0,0
Quatro Barras,Quatro Barras,2020-04-26,1,0,0,0
Quatro Barras,Quatro Barras,2020-04-27,1,0,0,0
Quatro Barras,Quatro Barras,2020-04-28,1,0,0,0
Quatro Barras,Quatro Barras,2020-04-29,1,0,0,0
Quatro Barras,Quatro Barras,2020-04-30,1,0,0,0
Quatro Barras,Quatro Barras,2020-05-01,1,0,0,0
Quatro Barras,Quatro Barras,2020-05-02,1,0,0,0
Quatro Barras,Quatro Barras,2020-05-03,1,0,0,0
Quatro Barras,Quatro Barras,2020-05-04,2,1,0,0
Quatro Barras,Quatro Barras,2020-05-05,2,0,0,0
Quatro Barras,Quatro Barras,2020-05-06,2,0,0,0
Quatro Barras,Quatro Barras,2020-05-07,2,0,0,0
Quatro Barras,Quatro Barras,2020-05-08,2,0,0,0
Quatro Barras,Quatro Barras,2020-05-09,2,0,0,0
Quatro Barras,Quatro Barras,2020-05-10,2,0,0,0
Quatro Barras,Quatro Barras,2020-05-11,2,0,0,0
Quatro Barras,Quatro Barras,2020-05-12,2,0,0,0
Quatro Barras,Quatro Barras,2020-05-13,3,1,0,0
Quatro Barras,Quatro Barras,2020-05-14,3,0,0,0
Quatro Barras,Quatro Barras,2020-05-15,3,0,0,0
Quatro Barras,Quatro Barras,2020-05-16,4,1,0,0
Quatro Barras,Quatro Barras,2020-05-17,4,0,0,0
Quatro Barras,Quatro Barras,2020-05-18,4,0,0,0
Quatro Barras,Quatro Barras,2020-05-19,4,0,0,0
Quatro Barras,Quatro Barras,2020-05-20,4,0,0,0
Quatro Barras,Quatro Barras,2020-05-21,4,0,0,0
Quatro Barras,Quatro Barras,2020-05-22,7,3,0,0
Quatro Barras,Quatro Barras,2020-05-23,8,1,0,0
Quatro Barras,Quatro Barras,2020-05-24,8,0,0,0
Quatro Barras,Quatro Barras,2020-05-25,11,3,0,0
Quatro Barras,Quatro Barras,2020-05-26,11,0,0,0
Quatro Barras,Quatro Barras,2020-05-27,11,0,0,0
Quatro Barras,Quatro Barras,2020-05-28,13,2,1,1
Quatro Barras,Quatro Barras,2020-05-29,15,2,1,0
Quatro Barras,Quatro Barras,2020-05-30,15,0,1,0
Quatro Barras,Quatro Barras,2020-05-31,18,3,1,0
Quatro Barras,Quatro Barras,2020-06-01,21,3,1,0
Quatro Barras,Quatro Barras,2020-06-02,22,1,1,0
Quatro Barras,Quatro Barras,2020-06-03,24,2,1,0
Quatro Barras,Quatro Barras,2020-06-04,25,1,1,0
Quatro Barras,Quatro Barras,2020-06-05,30,5,1,0
Quatro Barras,Quatro Barras,2020-06-06,31,1,1,0
Quatro Barras,Quatro Barras,2020-06-07,41,10,1,0
Quatro Barras,Quatro Barras,2020-06-08,41,0,1,0
Quatro Barras,Quatro Barras,2020-06-09,41,0,1,0
Quatro Barras,Quatro Barras,2020-06-10,41,0,1,0
Quatro Barras,Quatro Barras,2020-06-11,45,4,1,0
Quatro Barras,Quatro Barras,2020-06-12,45,0,1,0
Quatro Barras,Quatro Barras,2020-06-13,45,0,1,0
Quatro Barras,Quatro Barras,2020-06-14,47,2,1,0
Quatro Barras,Quatro Barras,2020-06-15,50,3,1,0
Quatro Barras,Quatro Barras,2020-06-16,52,2,1,0
Quatro Barras,Quatro Barras,2020-06-17,57,5,1,0
Quatro Barras,Quatro Barras,2020-06-18,58,1,1,0
Quatro Barras,Quatro Barras,2020-06-19,60,2,1,0
Quatro Barras,Quatro Barras,2020-06-20,63,3,1,0
Quatro Barras,Quatro Barras,2020-06-21,69,6,1,0
Quatro Barras,Quatro Barras,2020-06-22,75,6,2,1
Quatro Barras,Quatro Barras,2020-06-23,76,1,2,0
Quatro Barras,Quatro Barras,2020-06-24,76,0,4,2
Quatro Barras,Quatro Barras,2020-06-25,82,6,4,0
Quatro Barras,Quatro Barras,2020-06-26,83,1,4,0
Quatro Barras,Quatro Barras,2020-06-27,92,9,4,0
Quatro Barras,Quatro Barras,2020-06-28,92,0,4,0
Quatro Barras,Quatro Barras,2020-06-29,92,0,4,0
Quatro Barras,Quatro Barras,2020-06-30,98,6,4,0
Quatro Barras,Quatro Barras,2020-07-01,104,6,4,0
Quatro Barras,Quatro Barras,2020-07-02,108,4,4,0
Quatro Barras,Quatro Barras,2020-07-03,117,9,4,0
Quatro Barras,Quatro Barras,2020-07-04,125,8,4,0
Quatro Barras,Quatro Barras,2020-07-05,129,4,4,0
Quatro Barras,Quatro Barras,2020-07-06,134,5,4,0
Quatro Barras,Quatro Barras,2020-07-07,142,8,4,0
Quatro Barras,Quatro Barras,2020-07-08,143,1,4,0
Quatro Barras,Quatro Barras,2020-07-09,145,2,4,0
Quatro Barras,Quatro Barras,2020-07-10,157,12,4,0
Quatro Barras,Quatro Barras,2020-07-11,168,11,4,0
Quatro Barras,Quatro Barras,2020-07-12,168,0,4,0
Quatro Barras,Quatro Barras,2020-07-13,170,2,4,0
Quatro Barras,Quatro Barras,2020-07-14,174,4,4,0
Quatro Barras,Quatro Barras,2020-07-15,177,3,4,0
Quatro Barras,Quatro Barras,2020-07-16,190,13,5,1
Quatro Barras,Quatro Barras,2020-07-17,191,1,5,0
Quatro Barras,Quatro Barras,2020-07-18,194,3,5,0
Quatro Barras,Quatro Barras,2020-07-19,196,2,5,0
Quatro Barras,Quatro Barras,2020-07-20,208,12,5,0
Quatro Barras,Quatro Barras,2020-07-21,217,9,5,0
Quatro Barras,Quatro Barras,2020-07-22,238,21,7,2
Quatro Barras,Quatro Barras,2020-07-23,239,1,7,0
Quatro Barras,Quatro Barras,2020-07-24,239,0,7,0
Quatro Barras,Quatro Barras,2020-07-25,241,2,7,0
Quatro Barras,Quatro Barras,2020-07-26,243,2,7,0
Quatro Barras,Quatro Barras,2020-07-27,243,0,7,0
Quatro Barras,Quatro Barras,2020-07-28,248,5,7,0
Quatro Barras,Quatro Barras,2020-07-29,254,6,7,0
Quatro Barras,Quatro Barras,2020-07-30,272,18,7,0
Quatro Barras,Quatro Barras,2020-07-31,280,8,7,0
Quatro Barras,Quatro Barras,2020-08-01,289,9,7,0
Quatro Barras,Quatro Barras,2020-08-02,290,1,7,0
Quatro Barras,Quatro Barras,2020-08-03,294,4,7,0
Quatro Barras,Quatro Barras,2020-08-04,306,12,7,0
Quatro Barras,Quatro Barras,2020-08-05,309,3,7,0
Quatro Barras,Quatro Barras,2020-08-06,315,6,7,0
Quatro Barras,Quatro Barras,2020-08-07,317,2,7,0
Quatro Barras,Quatro Barras,2020-08-08,317,0,7,0
Quatro Barras,Quatro Barras,2020-08-09,321,4,7,0
Quatro Barras,Quatro Barras,2020-08-10,355,34,9,2
Quatro Barras,Quatro Barras,2020-08-11,359,4,10,1
Quatro Barras,Quatro Barras,2020-08-12,376,17,10,0
Quatro Barras,Quatro Barras,2020-08-13,378,2,10,0
Quatro Barras,Quatro Barras,2020-08-14,396,18,10,0
Quatro Barras,Quatro Barras,2020-08-15,401,5,10,0
Quatro Barras,Quatro Barras,2020-08-16,407,6,10,0
Quatro Barras,Quatro Barras,2020-08-17,411,4,10,0
Quatro Barras,Quatro Barras,2020-08-18,414,3,10,0
Quatro Barras,Quatro Barras,2020-08-19,417,3,10,0
Quatro Barras,Quatro Barras,2020-08-20,419,2,11,1
Quatro Barras,Quatro Barras,2020-08-21,426,7,11,0
Quatro Barras,Quatro Barras,2020-08-22,431,5,11,0
Quatro Barras,Quatro Barras,2020-08-23,431,0,11,0
Quatro Barras,Quatro Barras,2020-08-24,433,2,11,0
Quatro Barras,Quatro Barras,2020-08-25,432,-1,11,0
Quatro Barras,Quatro Barras,2020-08-26,437,5,11,0
Quatro Barras,Quatro Barras,2020-08-27,444,7,11,0
Quatro Barras,Quatro Barras,2020-08-28,454,10,11,0
Quatro Barras,Quatro Barras,2020-08-29,454,0,11,0
Quatro Barras,Quatro Barras,2020-08-30,457,3,11,0
Quatro Barras,Quatro Barras,2020-08-31,457,0,11,0
Quatro Barras,Quatro Barras,2020-09-01,461,4,11,0
Quatro Barras,Quatro Barras,2020-09-02,471,10,11,0
Quatro Barras,Quatro Barras,2020-09-03,473,2,11,0
Quatro Barras,Quatro Barras,2020-09-04,479,6,11,0
Quatro Barras,Quatro Barras,2020-09-05,482,3,11,0
Quatro Barras,Quatro Barras,2020-09-06,484,2,11,0
Quatro Barras,Quatro Barras,2020-09-07,489,5,11,0
Quatro Barras,Quatro Barras,2020-09-08,489,0,11,0
Quatro Barras,Quatro Barras,2020-09-09,490,1,12,1
Quatro Barras,Quatro Barras,2020-09-10,495,5,12,0
Quatro Barras,Quatro Barras,2020-09-11,499,4,12,0
Quatro Barras,Quatro Barras,2020-09-12,506,7,12,0
Quatro Barras,Quatro Barras,2020-09-13,508,2,12,0
Quatro Barras,Quatro Barras,2020-09-14,508,0,12,0
Quatro Barras,Quatro Barras,2020-09-15,510,2,12,0
Quatro Barras,Quatro Barras,2020-09-16,510,0,12,0
Quatro Barras,Quatro Barras,2020-09-17,515,5,12,0
Quatro Barras,Quatro Barras,2020-09-18,516,1,12,0
Quatro Barras,Quatro Barras,2020-09-19,522,6,12,0
Quatro Barras,Quatro Barras,2020-09-20,525,3,12,0
Quatro Barras,Quatro Barras,2020-09-21,526,1,12,0
Quatro Barras,Quatro Barras,2020-09-22,527,1,12,0
Quatro Barras,Quatro Barras,2020-09-23,527,0,12,0
Quatro Barras,Quatro Barras,2020-09-24,531,4,12,0
Quatro Barras,Quatro Barras,2020-09-25,535,4,12,0
Quatro Barras,Quatro Barras,2020-09-26,537,2,12,0
Quatro Barras,Quatro Barras,2020-09-27,539,2,12,0
Quatro Barras,Quatro Barras,2020-09-28,542,3,12,0
Quatro Barras,Quatro Barras,2020-09-29,544,2,13,1
Quatro Barras,Quatro Barras,2020-09-30,546,2,13,0
Quatro Barras,Quatro Barras,2020-10-01,550,4,13,0
Quatro Barras,Quatro Barras,2020-10-02,552,2,13,0
Quatro Barras,Quatro Barras,2020-10-03,556,4,13,0
Quatro Barras,Quatro Barras,2020-10-04,556,0,13,0
Quatro Barras,Quatro Barras,2020-10-05,556,0,13,0
Quatro Barras,Quatro Barras,2020-10-06,558,2,13,0
Quatro Barras,Quatro Barras,2020-10-07,564,6,13,0
Quatro Barras,Quatro Barras,2020-10-08,571,7,13,0
Quatro Barras,Quatro Barras,2020-10-09,583,12,13,0
Quatro Barras,Quatro Barras,2020-10-10,586,3,13,0
Quatro Barras,Quatro Barras,2020-10-11,591,5,13,0
Quatro Barras,Quatro Barras,2020-10-12,591,0,13,0
Quatro Barras,Quatro Barras,2020-10-13,592,1,13,0
Quatro Barras,Quatro Barras,2020-10-14,592,0,14,1
Quatro Barras,Quatro Barras,2020-10-15,593,1,14,0
Quatro Barras,Quatro Barras,2020-10-16,601,8,14,0
Quatro Barras,Quatro Barras,2020-10-17,601,0,14,0
Quatro Barras,Quatro Barras,2020-10-18,607,6,14,0
Quatro Barras,Quatro Barras,2020-10-19,607,0,14,0
Quatro Barras,Quatro Barras,2020-10-20,611,4,15,1
Quatro Barras,Quatro Barras,2020-10-21,614,3,15,0
Quatro Barras,Quatro Barras,2020-10-22,621,7,15,0
Quatro Barras,Quatro Barras,2020-10-23,623,2,15,0
Quatro Barras,Quatro Barras,2020-10-24,625,2,15,0
Quatro Barras,Quatro Barras,2020-10-25,625,0,15,0
Quatro Barras,Quatro Barras,2020-10-26,626,1,15,0
Quatro Barras,Quatro Barras,2020-10-27,630,4,16,1
Quatro Barras,Quatro Barras,2020-10-28,633,3,16,0
Quatro Barras,Quatro Barras,2020-10-29,637,4,16,0
Quatro Barras,Quatro Barras,2020-10-30,641,4,16,0
Quatro Barras,Quatro Barras,2020-10-31,643,2,16,0
Quatro Barras,Quatro Barras,2020-11-01,645,2,17,1
Quatro Barras,Quatro Barras,2020-11-02,645,0,17,0
Quatro Barras,Quatro Barras,2020-11-03,646,1,17,0
Quatro Barras,Quatro Barras,2020-11-04,647,1,17,0
Quatro Barras,Quatro Barras,2020-11-05,648,1,17,0
Quatro Barras,Quatro Barras,2020-11-06,653,5,18,1
Quatro Barras,Quatro Barras,2020-11-07,654,1,18,0
Quatro Barras,Quatro Barras,2020-11-08,654,0,19,1
Quatro Barras,Quatro Barras,2020-11-09,654,0,19,0
Quatro Barras,Quatro Barras,2020-11-10,657,3,19,0
Quatro Barras,Quatro Barras,2020-11-11,662,5,19,0
Quatro Barras,Quatro Barras,2020-11-12,668,6,19,0
Quatro Barras,Quatro Barras,2020-11-13,668,0,19,0
Quatro Barras,Quatro Barras,2020-11-14,675,7,19,0
Quatro Barras,Quatro Barras,2020-11-15,675,0,19,0
Quatro Barras,Quatro Barras,2020-11-16,677,2,19,0
Quatro Barras,Quatro Barras,2020-11-17,704,27,19,0
Quatro Barras,Quatro Barras,2020-11-18,705,1,19,0
Quatro Barras,Quatro Barras,2020-11-19,726,21,19,0
Quatro Barras,Quatro Barras,2020-11-20,730,4,19,0
Quatro Barras,Quatro Barras,2020-11-21,762,32,19,0
Quatro Barras,Quatro Barras,2020-11-22,762,0,19,0
Quatro Barras,Quatro Barras,2020-11-23,769,7,19,0
Quatro Barras,Quatro Barras,2020-11-24,784,15,19,0
Quatro Barras,Quatro Barras,2020-11-25,794,10,19,0
Quatro Barras,Quatro Barras,2020-11-26,796,2,19,0
Quatro Barras,Quatro Barras,2020-11-27,799,3,19,0
Quatro Barras,Quatro Barras,2020-11-28,825,26,19,0
Quatro Barras,Quatro Barras,2020-11-29,825,0,19,0
Quatro Barras,Quatro Barras,2020-11-30,872,47,19,0
Quatro Barras,Quatro Barras,2020-12-01,907,35,19,0
Quatro Barras,Quatro Barras,2020-12-02,912,5,19,0
Quatro Barras,Quatro Barras,2020-12-03,921,9,19,0
Quatro Barras,Quatro Barras,2020-12-04,931,10,19,0
Quatro Barras,Quatro Barras,2020-12-05,932,1,20,1
Quatro Barras,Quatro Barras,2020-12-06,932,0,20,0
Quatro Barras,Quatro Barras,2020-12-07,935,3,20,0
Quatro Barras,Quatro Barras,2020-12-08,966,31,20,0
Quatro Barras,Quatro Barras,2020-12-09,1020,54,20,0
Quatro Barras,Quatro Barras,2020-12-10,1037,17,20,0
Quatro Barras,Quatro Barras,2020-12-11,1056,19,20,0
Quatro Barras,Quatro Barras,2020-12-12,1068,12,20,0
Quatro Barras,Quatro Barras,2020-12-13,1068,0,20,0
Quatro Barras,Quatro Barras,2020-12-14,1071,3,20,0
Quatro Barras,Quatro Barras,2020-12-15,1071,0,20,0
Quatro Barras,Quatro Barras,2020-12-16,1163,92,21,1
Quatro Barras,Quatro Barras,2020-12-17,1165,2,22,1
Quatro Barras,Quatro Barras,2020-12-18,1167,2,22,0
Quatro Barras,Quatro Barras,2020-12-19,1178,11,22,0
Quatro Barras,Quatro Barras,2020-12-20,1178,0,22,0
Quatro Barras,Quatro Barras,2020-12-21,1179,1,22,0
Quatro Barras,Quatro Barras,2020-12-22,1200,21,22,0
Quatro Barras,Quatro Barras,2020-12-23,1206,6,22,0
Quatro Barras,Quatro Barras,2020-12-24,1212,6,22,0
Quatro Barras,Quatro Barras,2020-12-25,1212,0,22,0
Quatro Barras,Quatro Barras,2020-12-26,1213,1,22,0
Quatro Barras,Quatro Barras,2020-12-27,1213,0,22,0
Quatro Barras,Quatro Barras,2020-12-28,1215,2,22,0
Quatro Barras,Quatro Barras,2020-12-29,1238,23,22,0
Quatro Barras,Quatro Barras,2020-12-30,1241,3,22,0
Quatro Barras,Quatro Barras,2020-12-31,1252,11,24,2
Quatro Barras,Quatro Barras,2021-01-01,1252,0,25,1
Quatro Barras,Quatro Barras,2021-01-02,1252,0,25,0
Quatro Barras,Quatro Barras,2021-01-03,1252,0,25,0
Quatro Barras,Quatro Barras,2021-01-04,1252,0,25,0
Quatro Barras,Quatro Barras,2021-01-05,1276,24,26,1
Quatro Barras,Quatro Barras,2021-01-06,1295,19,26,0
Quatro Barras,Quatro Barras,2021-01-07,1393,98,29,3
Quatro Barras,Quatro Barras,2021-01-08,1393,0,29,0
Quatro Barras,Quatro Barras,2021-01-09,1404,11,30,1
Quatro Barras,Quatro Barras,2021-01-10,1405,1,30,0
Quatro Barras,Quatro Barras,2021-01-11,1405,0,30,0
Quatro Barras,Quatro Barras,2021-01-12,1408,3,30,0
Quatro Barras,Quatro Barras,2021-01-13,1413,5,30,0
Quatro Barras,Quatro Barras,2021-01-14,1426,13,30,0
Quatro Barras,Quatro Barras,2021-01-15,1446,20,30,0
Quatro Barras,Quatro Barras,2021-01-16,1459,13,30,0
Quatro Barras,Quatro Barras,2021-01-17,1459,0,30,0
Quatro Barras,Quatro Barras,2021-01-18,1460,1,30,0
Quatro Barras,Quatro Barras,2021-01-19,1483,23,30,0
Quatro Barras,Quatro Barras,2021-01-20,1496,13,30,0
Quatro Barras,Quatro Barras,2021-01-21,1511,15,30,0
Quatro Barras,Quatro Barras,2021-01-22,1514,3,30,0
Quatro Barras,Quatro Barras,2021-01-23,1514,0,30,0
Quatro Barras,Quatro Barras,2021-01-24,1514,0,30,0
Quatro Barras,Quatro Barras,2021-01-25,1521,7,31,1
Quatro Barras,Quatro Barras,2021-01-26,1539,18,31,0
Quatro Barras,Quatro Barras,2021-01-27,1567,28,31,0
Quatro Barras,Quatro Barras,2021-01-28,1581,14,31,0
Quatro Barras,Quatro Barras,2021-01-29,1589,8,31,0
Quatro Barras,Quatro Barras,2021-01-30,1598,9,31,0
Quatro Barras,Quatro Barras,2021-01-31,1607,9,31,0
Quatro Barras,Quatro Barras,2021-02-01,1610,3,31,0
Quatro Barras,Quatro Barras,2021-02-02,1617,7,31,0
Quatro Barras,Quatro Barras,2021-02-03,1618,1,31,0
Quatro Barras,Quatro Barras,2021-02-04,1624,6,31,0
Quatro Barras,Quatro Barras,2021-02-05,1628,4,33,2
Quatro Barras,Quatro Barras,2021-02-06,1632,4,33,0
Quatro Barras,Quatro Barras,2021-02-07,1637,5,33,0
Quatro Barras,Quatro Barras,2021-02-08,1644,7,33,0
