city,city,date,cases,daily cases,deaths,daily deaths
Quissamã,Quissamã,2020-03-27,0,0,0,0
Quissamã,Quissamã,2020-03-28,0,0,0,0
Quissamã,Quissamã,2020-03-29,0,0,0,0
Quissamã,Quissamã,2020-03-30,0,0,0,0
Quissamã,Quissamã,2020-03-31,0,0,0,0
Quissamã,Quissamã,2020-04-01,0,0,0,0
Quissamã,Quissamã,2020-04-02,0,0,0,0
Quissamã,Quissamã,2020-04-03,0,0,0,0
Quissamã,Quissamã,2020-04-04,0,0,0,0
Quissamã,Quissamã,2020-04-05,0,0,0,0
Quissamã,Quissamã,2020-04-06,0,0,0,0
Quissamã,Quissamã,2020-04-07,0,0,0,0
Quissamã,Quissamã,2020-04-08,0,0,0,0
Quissamã,Quissamã,2020-04-09,0,0,0,0
Quissamã,Quissamã,2020-04-10,0,0,0,0
Quissamã,Quissamã,2020-04-11,0,0,0,0
Quissamã,Quissamã,2020-04-12,0,0,0,0
Quissamã,Quissamã,2020-04-13,0,0,0,0
Quissamã,Quissamã,2020-04-14,0,0,0,0
Quissamã,Quissamã,2020-04-15,2,2,0,0
Quissamã,Quissamã,2020-04-16,3,1,0,0
Quissamã,Quissamã,2020-04-17,3,0,0,0
Quissamã,Quissamã,2020-04-18,3,0,0,0
Quissamã,Quissamã,2020-04-19,3,0,0,0
Quissamã,Quissamã,2020-04-20,3,0,0,0
Quissamã,Quissamã,2020-04-21,3,0,0,0
Quissamã,Quissamã,2020-04-22,3,0,0,0
Quissamã,Quissamã,2020-04-23,3,0,0,0
Quissamã,Quissamã,2020-04-24,3,0,0,0
Quissamã,Quissamã,2020-04-25,3,0,0,0
Quissamã,Quissamã,2020-04-26,3,0,0,0
Quissamã,Quissamã,2020-04-27,3,0,0,0
Quissamã,Quissamã,2020-04-28,5,2,0,0
Quissamã,Quissamã,2020-04-29,5,0,0,0
Quissamã,Quissamã,2020-04-30,5,0,0,0
Quissamã,Quissamã,2020-05-01,5,0,0,0
Quissamã,Quissamã,2020-05-02,5,0,0,0
Quissamã,Quissamã,2020-05-03,5,0,0,0
Quissamã,Quissamã,2020-05-04,5,0,0,0
Quissamã,Quissamã,2020-05-05,5,0,0,0
Quissamã,Quissamã,2020-05-06,5,0,0,0
Quissamã,Quissamã,2020-05-07,5,0,0,0
Quissamã,Quissamã,2020-05-08,7,2,0,0
Quissamã,Quissamã,2020-05-09,7,0,0,0
Quissamã,Quissamã,2020-05-10,7,0,0,0
Quissamã,Quissamã,2020-05-11,10,3,0,0
Quissamã,Quissamã,2020-05-12,10,0,0,0
Quissamã,Quissamã,2020-05-13,10,0,0,0
Quissamã,Quissamã,2020-05-14,13,3,0,0
Quissamã,Quissamã,2020-05-15,13,0,0,0
Quissamã,Quissamã,2020-05-16,14,1,0,0
Quissamã,Quissamã,2020-05-17,14,0,0,0
Quissamã,Quissamã,2020-05-18,20,6,0,0
Quissamã,Quissamã,2020-05-19,20,0,0,0
Quissamã,Quissamã,2020-05-20,20,0,0,0
Quissamã,Quissamã,2020-05-21,20,0,0,0
Quissamã,Quissamã,2020-05-22,20,0,0,0
Quissamã,Quissamã,2020-05-23,20,0,0,0
Quissamã,Quissamã,2020-05-24,28,8,0,0
Quissamã,Quissamã,2020-05-25,30,2,0,0
Quissamã,Quissamã,2020-05-26,32,2,0,0
Quissamã,Quissamã,2020-05-27,38,6,0,0
Quissamã,Quissamã,2020-05-28,39,1,0,0
Quissamã,Quissamã,2020-05-29,40,1,0,0
Quissamã,Quissamã,2020-05-30,64,24,0,0
Quissamã,Quissamã,2020-05-31,67,3,0,0
Quissamã,Quissamã,2020-06-01,67,0,0,0
Quissamã,Quissamã,2020-06-02,68,1,1,1
Quissamã,Quissamã,2020-06-03,72,4,1,0
Quissamã,Quissamã,2020-06-04,72,0,1,0
Quissamã,Quissamã,2020-06-05,73,1,1,0
Quissamã,Quissamã,2020-06-06,74,1,1,0
Quissamã,Quissamã,2020-06-07,80,6,1,0
Quissamã,Quissamã,2020-06-08,82,2,1,0
Quissamã,Quissamã,2020-06-09,88,6,1,0
Quissamã,Quissamã,2020-06-10,101,13,1,0
Quissamã,Quissamã,2020-06-11,102,1,1,0
Quissamã,Quissamã,2020-06-12,117,15,1,0
Quissamã,Quissamã,2020-06-13,124,7,1,0
Quissamã,Quissamã,2020-06-14,126,2,1,0
Quissamã,Quissamã,2020-06-15,133,7,1,0
Quissamã,Quissamã,2020-06-16,132,-1,1,0
Quissamã,Quissamã,2020-06-17,139,7,1,0
Quissamã,Quissamã,2020-06-18,139,0,1,0
Quissamã,Quissamã,2020-06-19,158,19,1,0
Quissamã,Quissamã,2020-06-20,156,-2,1,0
Quissamã,Quissamã,2020-06-21,157,1,1,0
Quissamã,Quissamã,2020-06-22,160,3,1,0
Quissamã,Quissamã,2020-06-23,174,14,1,0
Quissamã,Quissamã,2020-06-24,181,7,2,1
Quissamã,Quissamã,2020-06-25,191,10,2,0
Quissamã,Quissamã,2020-06-26,194,3,2,0
Quissamã,Quissamã,2020-06-27,194,0,4,2
Quissamã,Quissamã,2020-06-28,198,4,4,0
Quissamã,Quissamã,2020-06-29,203,5,4,0
Quissamã,Quissamã,2020-06-30,203,0,4,0
Quissamã,Quissamã,2020-07-01,208,5,4,0
Quissamã,Quissamã,2020-07-02,211,3,4,0
Quissamã,Quissamã,2020-07-03,221,10,4,0
Quissamã,Quissamã,2020-07-04,223,2,4,0
Quissamã,Quissamã,2020-07-05,224,1,4,0
Quissamã,Quissamã,2020-07-06,224,0,4,0
Quissamã,Quissamã,2020-07-07,227,3,4,0
Quissamã,Quissamã,2020-07-08,232,5,6,2
Quissamã,Quissamã,2020-07-09,234,2,6,0
Quissamã,Quissamã,2020-07-10,235,1,7,1
Quissamã,Quissamã,2020-07-11,234,-1,7,0
Quissamã,Quissamã,2020-07-12,234,0,7,0
Quissamã,Quissamã,2020-07-13,242,8,7,0
Quissamã,Quissamã,2020-07-14,242,0,7,0
Quissamã,Quissamã,2020-07-15,256,14,9,2
Quissamã,Quissamã,2020-07-16,256,0,9,0
Quissamã,Quissamã,2020-07-17,249,-7,9,0
Quissamã,Quissamã,2020-07-18,249,0,9,0
Quissamã,Quissamã,2020-07-19,254,5,9,0
Quissamã,Quissamã,2020-07-20,268,14,9,0
Quissamã,Quissamã,2020-07-21,269,1,9,0
Quissamã,Quissamã,2020-07-22,270,1,9,0
Quissamã,Quissamã,2020-07-23,272,2,10,1
Quissamã,Quissamã,2020-07-24,275,3,10,0
Quissamã,Quissamã,2020-07-25,279,4,10,0
Quissamã,Quissamã,2020-07-26,279,0,10,0
Quissamã,Quissamã,2020-07-27,280,1,10,0
Quissamã,Quissamã,2020-07-28,300,20,10,0
Quissamã,Quissamã,2020-07-29,301,1,10,0
Quissamã,Quissamã,2020-07-30,306,5,12,2
Quissamã,Quissamã,2020-07-31,309,3,12,0
Quissamã,Quissamã,2020-08-01,310,1,13,1
Quissamã,Quissamã,2020-08-02,310,0,13,0
Quissamã,Quissamã,2020-08-03,312,2,13,0
Quissamã,Quissamã,2020-08-04,313,1,13,0
Quissamã,Quissamã,2020-08-05,322,9,13,0
Quissamã,Quissamã,2020-08-06,326,4,15,2
Quissamã,Quissamã,2020-08-07,329,3,15,0
Quissamã,Quissamã,2020-08-08,330,1,15,0
Quissamã,Quissamã,2020-08-09,330,0,15,0
Quissamã,Quissamã,2020-08-10,334,4,15,0
Quissamã,Quissamã,2020-08-11,335,1,15,0
Quissamã,Quissamã,2020-08-12,343,8,15,0
Quissamã,Quissamã,2020-08-13,345,2,15,0
Quissamã,Quissamã,2020-08-14,345,0,15,0
Quissamã,Quissamã,2020-08-15,345,0,15,0
Quissamã,Quissamã,2020-08-16,357,12,15,0
Quissamã,Quissamã,2020-08-17,375,18,15,0
Quissamã,Quissamã,2020-08-18,377,2,15,0
Quissamã,Quissamã,2020-08-19,380,3,15,0
Quissamã,Quissamã,2020-08-20,385,5,15,0
Quissamã,Quissamã,2020-08-21,385,0,15,0
Quissamã,Quissamã,2020-08-22,398,13,15,0
Quissamã,Quissamã,2020-08-23,398,0,15,0
Quissamã,Quissamã,2020-08-24,398,0,15,0
Quissamã,Quissamã,2020-08-25,405,7,15,0
Quissamã,Quissamã,2020-08-26,407,2,16,1
Quissamã,Quissamã,2020-08-27,409,2,16,0
Quissamã,Quissamã,2020-08-28,409,0,16,0
Quissamã,Quissamã,2020-08-29,419,10,16,0
Quissamã,Quissamã,2020-08-30,420,1,16,0
Quissamã,Quissamã,2020-08-31,420,0,16,0
Quissamã,Quissamã,2020-09-01,425,5,16,0
Quissamã,Quissamã,2020-09-02,427,2,16,0
Quissamã,Quissamã,2020-09-03,428,1,16,0
Quissamã,Quissamã,2020-09-04,437,9,16,0
Quissamã,Quissamã,2020-09-05,437,0,16,0
Quissamã,Quissamã,2020-09-06,437,0,16,0
Quissamã,Quissamã,2020-09-07,437,0,16,0
Quissamã,Quissamã,2020-09-08,437,0,16,0
Quissamã,Quissamã,2020-09-09,437,0,16,0
Quissamã,Quissamã,2020-09-10,437,0,16,0
Quissamã,Quissamã,2020-09-11,447,10,16,0
Quissamã,Quissamã,2020-09-12,448,1,17,1
Quissamã,Quissamã,2020-09-13,453,5,17,0
Quissamã,Quissamã,2020-09-14,454,1,17,0
Quissamã,Quissamã,2020-09-15,457,3,17,0
Quissamã,Quissamã,2020-09-16,458,1,17,0
Quissamã,Quissamã,2020-09-17,458,0,17,0
Quissamã,Quissamã,2020-09-18,461,3,17,0
Quissamã,Quissamã,2020-09-19,462,1,17,0
Quissamã,Quissamã,2020-09-20,464,2,17,0
Quissamã,Quissamã,2020-09-21,464,0,17,0
Quissamã,Quissamã,2020-09-22,466,2,17,0
Quissamã,Quissamã,2020-09-23,466,0,17,0
Quissamã,Quissamã,2020-09-24,468,2,17,0
Quissamã,Quissamã,2020-09-25,473,5,17,0
Quissamã,Quissamã,2020-09-26,473,0,17,0
Quissamã,Quissamã,2020-09-27,473,0,17,0
Quissamã,Quissamã,2020-09-28,473,0,17,0
Quissamã,Quissamã,2020-09-29,473,0,17,0
Quissamã,Quissamã,2020-09-30,471,-2,17,0
Quissamã,Quissamã,2020-10-01,466,-5,17,0
Quissamã,Quissamã,2020-10-02,467,1,17,0
Quissamã,Quissamã,2020-10-03,474,7,17,0
Quissamã,Quissamã,2020-10-04,474,0,17,0
Quissamã,Quissamã,2020-10-05,474,0,17,0
Quissamã,Quissamã,2020-10-06,478,4,17,0
Quissamã,Quissamã,2020-10-07,480,2,17,0
Quissamã,Quissamã,2020-10-08,484,4,17,0
Quissamã,Quissamã,2020-10-09,485,1,17,0
Quissamã,Quissamã,2020-10-10,497,12,17,0
Quissamã,Quissamã,2020-10-11,497,0,17,0
Quissamã,Quissamã,2020-10-12,498,1,17,0
Quissamã,Quissamã,2020-10-13,498,0,17,0
Quissamã,Quissamã,2020-10-14,504,6,17,0
Quissamã,Quissamã,2020-10-15,507,3,18,1
Quissamã,Quissamã,2020-10-16,519,12,20,2
Quissamã,Quissamã,2020-10-17,519,0,20,0
Quissamã,Quissamã,2020-10-18,521,2,20,0
Quissamã,Quissamã,2020-10-19,521,0,20,0
Quissamã,Quissamã,2020-10-20,536,15,20,0
Quissamã,Quissamã,2020-10-21,536,0,20,0
Quissamã,Quissamã,2020-10-22,539,3,20,0
Quissamã,Quissamã,2020-10-23,541,2,20,0
Quissamã,Quissamã,2020-10-24,544,3,20,0
Quissamã,Quissamã,2020-10-25,544,0,20,0
Quissamã,Quissamã,2020-10-26,549,5,20,0
Quissamã,Quissamã,2020-10-27,554,5,20,0
Quissamã,Quissamã,2020-10-28,558,4,20,0
Quissamã,Quissamã,2020-10-29,558,0,20,0
Quissamã,Quissamã,2020-10-30,563,5,20,0
Quissamã,Quissamã,2020-10-31,563,0,20,0
Quissamã,Quissamã,2020-11-01,567,4,20,0
Quissamã,Quissamã,2020-11-02,568,1,20,0
Quissamã,Quissamã,2020-11-03,570,2,20,0
Quissamã,Quissamã,2020-11-04,570,0,20,0
Quissamã,Quissamã,2020-11-05,571,1,20,0
Quissamã,Quissamã,2020-11-06,571,0,20,0
Quissamã,Quissamã,2020-11-07,571,0,20,0
Quissamã,Quissamã,2020-11-08,578,7,20,0
Quissamã,Quissamã,2020-11-09,579,1,20,0
Quissamã,Quissamã,2020-11-10,584,5,20,0
Quissamã,Quissamã,2020-11-11,584,0,20,0
Quissamã,Quissamã,2020-11-12,586,2,20,0
Quissamã,Quissamã,2020-11-13,586,0,20,0
Quissamã,Quissamã,2020-11-14,597,11,20,0
Quissamã,Quissamã,2020-11-15,597,0,20,0
Quissamã,Quissamã,2020-11-16,600,3,20,0
Quissamã,Quissamã,2020-11-17,609,9,20,0
Quissamã,Quissamã,2020-11-18,615,6,20,0
Quissamã,Quissamã,2020-11-19,618,3,20,0
Quissamã,Quissamã,2020-11-20,619,1,20,0
Quissamã,Quissamã,2020-11-21,619,0,20,0
Quissamã,Quissamã,2020-11-22,621,2,20,0
Quissamã,Quissamã,2020-11-23,623,2,20,0
Quissamã,Quissamã,2020-11-24,642,19,21,1
Quissamã,Quissamã,2020-11-25,655,13,21,0
Quissamã,Quissamã,2020-11-26,662,7,23,2
Quissamã,Quissamã,2020-11-27,670,8,23,0
Quissamã,Quissamã,2020-11-28,674,4,23,0
Quissamã,Quissamã,2020-11-29,674,0,23,0
Quissamã,Quissamã,2020-11-30,683,9,23,0
Quissamã,Quissamã,2020-12-01,702,19,23,0
Quissamã,Quissamã,2020-12-02,703,1,23,0
Quissamã,Quissamã,2020-12-03,722,19,23,0
Quissamã,Quissamã,2020-12-04,722,0,23,0
Quissamã,Quissamã,2020-12-05,731,9,23,0
Quissamã,Quissamã,2020-12-06,734,3,23,0
Quissamã,Quissamã,2020-12-07,734,0,23,0
Quissamã,Quissamã,2020-12-08,760,26,23,0
Quissamã,Quissamã,2020-12-09,762,2,23,0
Quissamã,Quissamã,2020-12-10,769,7,23,0
Quissamã,Quissamã,2020-12-11,771,2,23,0
Quissamã,Quissamã,2020-12-12,779,8,23,0
Quissamã,Quissamã,2020-12-13,780,1,23,0
Quissamã,Quissamã,2020-12-14,788,8,23,0
Quissamã,Quissamã,2020-12-15,811,23,25,2
Quissamã,Quissamã,2020-12-16,854,43,26,1
Quissamã,Quissamã,2020-12-17,862,8,26,0
Quissamã,Quissamã,2020-12-18,882,20,27,1
Quissamã,Quissamã,2020-12-19,883,1,28,1
Quissamã,Quissamã,2020-12-20,903,20,28,0
Quissamã,Quissamã,2020-12-21,915,12,28,0
Quissamã,Quissamã,2020-12-22,918,3,28,0
Quissamã,Quissamã,2020-12-23,920,2,28,0
Quissamã,Quissamã,2020-12-24,921,1,28,0
Quissamã,Quissamã,2020-12-25,921,0,28,0
Quissamã,Quissamã,2020-12-26,928,7,28,0
Quissamã,Quissamã,2020-12-27,934,6,28,0
Quissamã,Quissamã,2020-12-28,944,10,28,0
Quissamã,Quissamã,2020-12-29,970,26,28,0
Quissamã,Quissamã,2020-12-30,970,0,28,0
Quissamã,Quissamã,2020-12-31,989,19,28,0
Quissamã,Quissamã,2021-01-01,990,1,28,0
Quissamã,Quissamã,2021-01-02,993,3,28,0
Quissamã,Quissamã,2021-01-03,993,0,28,0
Quissamã,Quissamã,2021-01-04,996,3,28,0
Quissamã,Quissamã,2021-01-05,1024,28,28,0
Quissamã,Quissamã,2021-01-06,1025,1,28,0
Quissamã,Quissamã,2021-01-07,1027,2,29,1
Quissamã,Quissamã,2021-01-08,1027,0,29,0
Quissamã,Quissamã,2021-01-09,1083,56,29,0
Quissamã,Quissamã,2021-01-10,1083,0,29,0
Quissamã,Quissamã,2021-01-11,1084,1,29,0
Quissamã,Quissamã,2021-01-12,1096,12,29,0
Quissamã,Quissamã,2021-01-13,1122,26,30,1
Quissamã,Quissamã,2021-01-14,1132,10,30,0
Quissamã,Quissamã,2021-01-15,1138,6,30,0
Quissamã,Quissamã,2021-01-16,1139,1,30,0
Quissamã,Quissamã,2021-01-17,1146,7,30,0
Quissamã,Quissamã,2021-01-18,1146,0,30,0
Quissamã,Quissamã,2021-01-19,1198,52,30,0
Quissamã,Quissamã,2021-01-20,1199,1,30,0
Quissamã,Quissamã,2021-01-21,1199,0,30,0
Quissamã,Quissamã,2021-01-22,1199,0,30,0
Quissamã,Quissamã,2021-01-23,1206,7,30,0
Quissamã,Quissamã,2021-01-24,1227,21,30,0
Quissamã,Quissamã,2021-01-25,1227,0,30,0
Quissamã,Quissamã,2021-01-26,1240,13,30,0
Quissamã,Quissamã,2021-01-27,1261,21,30,0
Quissamã,Quissamã,2021-01-28,1264,3,33,3
Quissamã,Quissamã,2021-01-29,1274,10,33,0
Quissamã,Quissamã,2021-01-30,1279,5,33,0
Quissamã,Quissamã,2021-01-31,1279,0,33,0
Quissamã,Quissamã,2021-02-01,1282,3,34,1
Quissamã,Quissamã,2021-02-02,1299,17,35,1
Quissamã,Quissamã,2021-02-03,1305,6,35,0
Quissamã,Quissamã,2021-02-04,1307,2,35,0
Quissamã,Quissamã,2021-02-05,1310,3,35,0
Quissamã,Quissamã,2021-02-06,1315,5,35,0
Quissamã,Quissamã,2021-02-07,1315,0,35,0
Quissamã,Quissamã,2021-02-08,1325,10,35,0
