city,city,date,cases,daily cases,deaths,daily deaths
Rafael Jambeiro,Rafael Jambeiro,2020-03-27,0,0,0,0
Rafael Jambeiro,Rafael Jambeiro,2020-03-28,0,0,0,0
Rafael Jambeiro,Rafael Jambeiro,2020-03-29,0,0,0,0
Rafael Jambeiro,Rafael Jambeiro,2020-03-30,0,0,0,0
Rafael Jambeiro,Rafael Jambeiro,2020-03-31,0,0,0,0
Rafael Jambeiro,Rafael Jambeiro,2020-04-01,0,0,0,0
Rafael Jambeiro,Rafael Jambeiro,2020-04-02,0,0,0,0
Rafael Jambeiro,Rafael Jambeiro,2020-04-03,0,0,0,0
Rafael Jambeiro,Rafael Jambeiro,2020-04-04,0,0,0,0
Rafael Jambeiro,Rafael Jambeiro,2020-04-05,0,0,0,0
Rafael Jambeiro,Rafael Jambeiro,2020-04-06,0,0,0,0
Rafael Jambeiro,Rafael Jambeiro,2020-04-07,0,0,0,0
Rafael Jambeiro,Rafael Jambeiro,2020-04-08,0,0,0,0
Rafael Jambeiro,Rafael Jambeiro,2020-04-09,0,0,0,0
Rafael Jambeiro,Rafael Jambeiro,2020-04-10,0,0,0,0
Rafael Jambeiro,Rafael Jambeiro,2020-04-11,0,0,0,0
Rafael Jambeiro,Rafael Jambeiro,2020-04-12,0,0,0,0
Rafael Jambeiro,Rafael Jambeiro,2020-04-13,0,0,0,0
Rafael Jambeiro,Rafael Jambeiro,2020-04-14,0,0,0,0
Rafael Jambeiro,Rafael Jambeiro,2020-04-15,0,0,0,0
Rafael Jambeiro,Rafael Jambeiro,2020-04-16,0,0,0,0
Rafael Jambeiro,Rafael Jambeiro,2020-04-17,0,0,0,0
Rafael Jambeiro,Rafael Jambeiro,2020-04-18,0,0,0,0
Rafael Jambeiro,Rafael Jambeiro,2020-04-19,0,0,0,0
Rafael Jambeiro,Rafael Jambeiro,2020-04-20,0,0,0,0
Rafael Jambeiro,Rafael Jambeiro,2020-04-21,0,0,0,0
Rafael Jambeiro,Rafael Jambeiro,2020-04-22,0,0,0,0
Rafael Jambeiro,Rafael Jambeiro,2020-04-23,0,0,0,0
Rafael Jambeiro,Rafael Jambeiro,2020-04-24,0,0,0,0
Rafael Jambeiro,Rafael Jambeiro,2020-04-25,0,0,0,0
Rafael Jambeiro,Rafael Jambeiro,2020-04-26,0,0,0,0
Rafael Jambeiro,Rafael Jambeiro,2020-04-27,0,0,0,0
Rafael Jambeiro,Rafael Jambeiro,2020-04-28,0,0,0,0
Rafael Jambeiro,Rafael Jambeiro,2020-04-29,0,0,0,0
Rafael Jambeiro,Rafael Jambeiro,2020-04-30,0,0,0,0
Rafael Jambeiro,Rafael Jambeiro,2020-05-01,0,0,0,0
Rafael Jambeiro,Rafael Jambeiro,2020-05-02,1,1,0,0
Rafael Jambeiro,Rafael Jambeiro,2020-05-03,1,0,0,0
Rafael Jambeiro,Rafael Jambeiro,2020-05-04,1,0,0,0
Rafael Jambeiro,Rafael Jambeiro,2020-05-05,1,0,0,0
Rafael Jambeiro,Rafael Jambeiro,2020-05-06,2,1,0,0
Rafael Jambeiro,Rafael Jambeiro,2020-05-07,3,1,0,0
Rafael Jambeiro,Rafael Jambeiro,2020-05-08,3,0,0,0
Rafael Jambeiro,Rafael Jambeiro,2020-05-09,3,0,0,0
Rafael Jambeiro,Rafael Jambeiro,2020-05-10,4,1,0,0
Rafael Jambeiro,Rafael Jambeiro,2020-05-11,4,0,0,0
Rafael Jambeiro,Rafael Jambeiro,2020-05-12,5,1,0,0
Rafael Jambeiro,Rafael Jambeiro,2020-05-13,5,0,0,0
Rafael Jambeiro,Rafael Jambeiro,2020-05-14,5,0,0,0
Rafael Jambeiro,Rafael Jambeiro,2020-05-15,5,0,0,0
Rafael Jambeiro,Rafael Jambeiro,2020-05-16,5,0,0,0
Rafael Jambeiro,Rafael Jambeiro,2020-05-17,5,0,0,0
Rafael Jambeiro,Rafael Jambeiro,2020-05-18,4,-1,0,0
Rafael Jambeiro,Rafael Jambeiro,2020-05-19,4,0,0,0
Rafael Jambeiro,Rafael Jambeiro,2020-05-20,4,0,0,0
Rafael Jambeiro,Rafael Jambeiro,2020-05-21,5,1,0,0
Rafael Jambeiro,Rafael Jambeiro,2020-05-22,5,0,0,0
Rafael Jambeiro,Rafael Jambeiro,2020-05-23,5,0,0,0
Rafael Jambeiro,Rafael Jambeiro,2020-05-24,5,0,0,0
Rafael Jambeiro,Rafael Jambeiro,2020-05-25,5,0,0,0
Rafael Jambeiro,Rafael Jambeiro,2020-05-26,5,0,0,0
Rafael Jambeiro,Rafael Jambeiro,2020-05-27,5,0,0,0
Rafael Jambeiro,Rafael Jambeiro,2020-05-28,5,0,0,0
Rafael Jambeiro,Rafael Jambeiro,2020-05-29,6,1,0,0
Rafael Jambeiro,Rafael Jambeiro,2020-05-30,7,1,0,0
Rafael Jambeiro,Rafael Jambeiro,2020-05-31,7,0,0,0
Rafael Jambeiro,Rafael Jambeiro,2020-06-01,7,0,0,0
Rafael Jambeiro,Rafael Jambeiro,2020-06-02,6,-1,0,0
Rafael Jambeiro,Rafael Jambeiro,2020-06-03,8,2,0,0
Rafael Jambeiro,Rafael Jambeiro,2020-06-04,8,0,0,0
Rafael Jambeiro,Rafael Jambeiro,2020-06-05,11,3,0,0
Rafael Jambeiro,Rafael Jambeiro,2020-06-06,12,1,0,0
Rafael Jambeiro,Rafael Jambeiro,2020-06-07,12,0,0,0
Rafael Jambeiro,Rafael Jambeiro,2020-06-08,12,0,0,0
Rafael Jambeiro,Rafael Jambeiro,2020-06-09,15,3,0,0
Rafael Jambeiro,Rafael Jambeiro,2020-06-10,23,8,0,0
Rafael Jambeiro,Rafael Jambeiro,2020-06-11,23,0,0,0
Rafael Jambeiro,Rafael Jambeiro,2020-06-12,24,1,0,0
Rafael Jambeiro,Rafael Jambeiro,2020-06-13,24,0,0,0
Rafael Jambeiro,Rafael Jambeiro,2020-06-14,24,0,0,0
Rafael Jambeiro,Rafael Jambeiro,2020-06-15,27,3,0,0
Rafael Jambeiro,Rafael Jambeiro,2020-06-16,28,1,0,0
Rafael Jambeiro,Rafael Jambeiro,2020-06-17,30,2,0,0
Rafael Jambeiro,Rafael Jambeiro,2020-06-18,31,1,0,0
Rafael Jambeiro,Rafael Jambeiro,2020-06-19,31,0,0,0
Rafael Jambeiro,Rafael Jambeiro,2020-06-20,31,0,0,0
Rafael Jambeiro,Rafael Jambeiro,2020-06-21,33,2,0,0
Rafael Jambeiro,Rafael Jambeiro,2020-06-22,34,1,0,0
Rafael Jambeiro,Rafael Jambeiro,2020-06-23,35,1,0,0
Rafael Jambeiro,Rafael Jambeiro,2020-06-24,38,3,0,0
Rafael Jambeiro,Rafael Jambeiro,2020-06-25,39,1,0,0
Rafael Jambeiro,Rafael Jambeiro,2020-06-26,44,5,0,0
Rafael Jambeiro,Rafael Jambeiro,2020-06-27,54,10,0,0
Rafael Jambeiro,Rafael Jambeiro,2020-06-28,54,0,0,0
Rafael Jambeiro,Rafael Jambeiro,2020-06-29,57,3,0,0
Rafael Jambeiro,Rafael Jambeiro,2020-06-30,58,1,0,0
Rafael Jambeiro,Rafael Jambeiro,2020-07-01,66,8,0,0
Rafael Jambeiro,Rafael Jambeiro,2020-07-02,66,0,0,0
Rafael Jambeiro,Rafael Jambeiro,2020-07-03,66,0,0,0
Rafael Jambeiro,Rafael Jambeiro,2020-07-04,66,0,0,0
Rafael Jambeiro,Rafael Jambeiro,2020-07-05,69,3,0,0
Rafael Jambeiro,Rafael Jambeiro,2020-07-06,69,0,0,0
Rafael Jambeiro,Rafael Jambeiro,2020-07-07,69,0,0,0
Rafael Jambeiro,Rafael Jambeiro,2020-07-08,77,8,0,0
Rafael Jambeiro,Rafael Jambeiro,2020-07-09,81,4,0,0
Rafael Jambeiro,Rafael Jambeiro,2020-07-10,82,1,0,0
Rafael Jambeiro,Rafael Jambeiro,2020-07-11,86,4,0,0
Rafael Jambeiro,Rafael Jambeiro,2020-07-12,88,2,0,0
Rafael Jambeiro,Rafael Jambeiro,2020-07-13,88,0,0,0
Rafael Jambeiro,Rafael Jambeiro,2020-07-14,88,0,0,0
Rafael Jambeiro,Rafael Jambeiro,2020-07-15,90,2,0,0
Rafael Jambeiro,Rafael Jambeiro,2020-07-16,92,2,0,0
Rafael Jambeiro,Rafael Jambeiro,2020-07-17,107,15,0,0
Rafael Jambeiro,Rafael Jambeiro,2020-07-18,108,1,0,0
Rafael Jambeiro,Rafael Jambeiro,2020-07-19,117,9,0,0
Rafael Jambeiro,Rafael Jambeiro,2020-07-20,117,0,0,0
Rafael Jambeiro,Rafael Jambeiro,2020-07-21,119,2,0,0
Rafael Jambeiro,Rafael Jambeiro,2020-07-22,126,7,0,0
Rafael Jambeiro,Rafael Jambeiro,2020-07-23,135,9,0,0
Rafael Jambeiro,Rafael Jambeiro,2020-07-24,137,2,0,0
Rafael Jambeiro,Rafael Jambeiro,2020-07-25,140,3,0,0
Rafael Jambeiro,Rafael Jambeiro,2020-07-26,150,10,0,0
Rafael Jambeiro,Rafael Jambeiro,2020-07-27,150,0,0,0
Rafael Jambeiro,Rafael Jambeiro,2020-07-28,150,0,1,1
Rafael Jambeiro,Rafael Jambeiro,2020-07-29,152,2,1,0
Rafael Jambeiro,Rafael Jambeiro,2020-07-30,152,0,1,0
Rafael Jambeiro,Rafael Jambeiro,2020-07-31,155,3,1,0
Rafael Jambeiro,Rafael Jambeiro,2020-08-01,157,2,1,0
Rafael Jambeiro,Rafael Jambeiro,2020-08-02,157,0,1,0
Rafael Jambeiro,Rafael Jambeiro,2020-08-03,158,1,1,0
Rafael Jambeiro,Rafael Jambeiro,2020-08-04,160,2,1,0
Rafael Jambeiro,Rafael Jambeiro,2020-08-05,163,3,1,0
Rafael Jambeiro,Rafael Jambeiro,2020-08-06,166,3,1,0
Rafael Jambeiro,Rafael Jambeiro,2020-08-07,169,3,1,0
Rafael Jambeiro,Rafael Jambeiro,2020-08-08,169,0,2,1
Rafael Jambeiro,Rafael Jambeiro,2020-08-09,171,2,2,0
Rafael Jambeiro,Rafael Jambeiro,2020-08-10,171,0,2,0
Rafael Jambeiro,Rafael Jambeiro,2020-08-11,176,5,2,0
Rafael Jambeiro,Rafael Jambeiro,2020-08-12,178,2,2,0
Rafael Jambeiro,Rafael Jambeiro,2020-08-13,180,2,2,0
Rafael Jambeiro,Rafael Jambeiro,2020-08-14,181,1,2,0
Rafael Jambeiro,Rafael Jambeiro,2020-08-15,181,0,2,0
Rafael Jambeiro,Rafael Jambeiro,2020-08-16,186,5,2,0
Rafael Jambeiro,Rafael Jambeiro,2020-08-17,186,0,2,0
Rafael Jambeiro,Rafael Jambeiro,2020-08-18,186,0,2,0
Rafael Jambeiro,Rafael Jambeiro,2020-08-19,186,0,2,0
Rafael Jambeiro,Rafael Jambeiro,2020-08-20,188,2,2,0
Rafael Jambeiro,Rafael Jambeiro,2020-08-21,190,2,2,0
Rafael Jambeiro,Rafael Jambeiro,2020-08-22,191,1,2,0
Rafael Jambeiro,Rafael Jambeiro,2020-08-23,192,1,2,0
Rafael Jambeiro,Rafael Jambeiro,2020-08-24,193,1,2,0
Rafael Jambeiro,Rafael Jambeiro,2020-08-25,194,1,2,0
Rafael Jambeiro,Rafael Jambeiro,2020-08-26,196,2,2,0
Rafael Jambeiro,Rafael Jambeiro,2020-08-27,197,1,2,0
Rafael Jambeiro,Rafael Jambeiro,2020-08-28,201,4,2,0
Rafael Jambeiro,Rafael Jambeiro,2020-08-29,203,2,2,0
Rafael Jambeiro,Rafael Jambeiro,2020-08-30,205,2,2,0
Rafael Jambeiro,Rafael Jambeiro,2020-08-31,205,0,2,0
Rafael Jambeiro,Rafael Jambeiro,2020-09-01,205,0,2,0
Rafael Jambeiro,Rafael Jambeiro,2020-09-02,209,4,2,0
Rafael Jambeiro,Rafael Jambeiro,2020-09-03,210,1,2,0
Rafael Jambeiro,Rafael Jambeiro,2020-09-04,212,2,2,0
Rafael Jambeiro,Rafael Jambeiro,2020-09-05,211,-1,2,0
Rafael Jambeiro,Rafael Jambeiro,2020-09-06,212,1,2,0
Rafael Jambeiro,Rafael Jambeiro,2020-09-07,212,0,2,0
Rafael Jambeiro,Rafael Jambeiro,2020-09-08,213,1,2,0
Rafael Jambeiro,Rafael Jambeiro,2020-09-09,213,0,2,0
Rafael Jambeiro,Rafael Jambeiro,2020-09-10,213,0,2,0
Rafael Jambeiro,Rafael Jambeiro,2020-09-11,213,0,2,0
Rafael Jambeiro,Rafael Jambeiro,2020-09-12,213,0,2,0
Rafael Jambeiro,Rafael Jambeiro,2020-09-13,215,2,2,0
Rafael Jambeiro,Rafael Jambeiro,2020-09-14,217,2,2,0
Rafael Jambeiro,Rafael Jambeiro,2020-09-15,218,1,2,0
Rafael Jambeiro,Rafael Jambeiro,2020-09-16,218,0,2,0
Rafael Jambeiro,Rafael Jambeiro,2020-09-17,220,2,2,0
Rafael Jambeiro,Rafael Jambeiro,2020-09-18,226,6,2,0
Rafael Jambeiro,Rafael Jambeiro,2020-09-19,226,0,2,0
Rafael Jambeiro,Rafael Jambeiro,2020-09-20,226,0,2,0
Rafael Jambeiro,Rafael Jambeiro,2020-09-21,226,0,2,0
Rafael Jambeiro,Rafael Jambeiro,2020-09-22,226,0,2,0
Rafael Jambeiro,Rafael Jambeiro,2020-09-23,227,1,2,0
Rafael Jambeiro,Rafael Jambeiro,2020-09-24,227,0,2,0
Rafael Jambeiro,Rafael Jambeiro,2020-09-25,227,0,3,1
Rafael Jambeiro,Rafael Jambeiro,2020-09-26,227,0,3,0
Rafael Jambeiro,Rafael Jambeiro,2020-09-27,227,0,3,0
Rafael Jambeiro,Rafael Jambeiro,2020-09-28,227,0,4,1
Rafael Jambeiro,Rafael Jambeiro,2020-09-29,227,0,4,0
Rafael Jambeiro,Rafael Jambeiro,2020-09-30,227,0,4,0
Rafael Jambeiro,Rafael Jambeiro,2020-10-01,227,0,4,0
Rafael Jambeiro,Rafael Jambeiro,2020-10-02,228,1,4,0
Rafael Jambeiro,Rafael Jambeiro,2020-10-03,228,0,4,0
Rafael Jambeiro,Rafael Jambeiro,2020-10-04,228,0,4,0
Rafael Jambeiro,Rafael Jambeiro,2020-10-05,228,0,4,0
Rafael Jambeiro,Rafael Jambeiro,2020-10-06,229,1,4,0
Rafael Jambeiro,Rafael Jambeiro,2020-10-07,229,0,4,0
Rafael Jambeiro,Rafael Jambeiro,2020-10-08,231,2,4,0
Rafael Jambeiro,Rafael Jambeiro,2020-10-09,231,0,4,0
Rafael Jambeiro,Rafael Jambeiro,2020-10-10,231,0,4,0
Rafael Jambeiro,Rafael Jambeiro,2020-10-11,235,4,4,0
Rafael Jambeiro,Rafael Jambeiro,2020-10-12,235,0,4,0
Rafael Jambeiro,Rafael Jambeiro,2020-10-13,235,0,4,0
Rafael Jambeiro,Rafael Jambeiro,2020-10-14,235,0,4,0
Rafael Jambeiro,Rafael Jambeiro,2020-10-15,235,0,4,0
Rafael Jambeiro,Rafael Jambeiro,2020-10-16,236,1,4,0
Rafael Jambeiro,Rafael Jambeiro,2020-10-17,236,0,4,0
Rafael Jambeiro,Rafael Jambeiro,2020-10-18,237,1,4,0
Rafael Jambeiro,Rafael Jambeiro,2020-10-19,237,0,4,0
Rafael Jambeiro,Rafael Jambeiro,2020-10-20,237,0,4,0
Rafael Jambeiro,Rafael Jambeiro,2020-10-21,238,1,4,0
Rafael Jambeiro,Rafael Jambeiro,2020-10-22,239,1,4,0
Rafael Jambeiro,Rafael Jambeiro,2020-10-23,240,1,4,0
Rafael Jambeiro,Rafael Jambeiro,2020-10-24,243,3,4,0
Rafael Jambeiro,Rafael Jambeiro,2020-10-25,243,0,4,0
Rafael Jambeiro,Rafael Jambeiro,2020-10-26,243,0,4,0
Rafael Jambeiro,Rafael Jambeiro,2020-10-27,245,2,4,0
Rafael Jambeiro,Rafael Jambeiro,2020-10-28,254,9,4,0
Rafael Jambeiro,Rafael Jambeiro,2020-10-29,255,1,4,0
Rafael Jambeiro,Rafael Jambeiro,2020-10-30,255,0,5,1
Rafael Jambeiro,Rafael Jambeiro,2020-10-31,255,0,5,0
Rafael Jambeiro,Rafael Jambeiro,2020-11-01,256,1,5,0
Rafael Jambeiro,Rafael Jambeiro,2020-11-02,256,0,5,0
Rafael Jambeiro,Rafael Jambeiro,2020-11-03,256,0,5,0
Rafael Jambeiro,Rafael Jambeiro,2020-11-04,256,0,5,0
Rafael Jambeiro,Rafael Jambeiro,2020-11-05,257,1,5,0
Rafael Jambeiro,Rafael Jambeiro,2020-11-06,259,2,5,0
Rafael Jambeiro,Rafael Jambeiro,2020-11-07,259,0,5,0
Rafael Jambeiro,Rafael Jambeiro,2020-11-08,260,1,5,0
Rafael Jambeiro,Rafael Jambeiro,2020-11-09,260,0,5,0
Rafael Jambeiro,Rafael Jambeiro,2020-11-10,260,0,5,0
Rafael Jambeiro,Rafael Jambeiro,2020-11-11,260,0,5,0
Rafael Jambeiro,Rafael Jambeiro,2020-11-12,260,0,5,0
Rafael Jambeiro,Rafael Jambeiro,2020-11-13,260,0,5,0
Rafael Jambeiro,Rafael Jambeiro,2020-11-14,260,0,5,0
Rafael Jambeiro,Rafael Jambeiro,2020-11-15,261,1,5,0
Rafael Jambeiro,Rafael Jambeiro,2020-11-16,262,1,5,0
Rafael Jambeiro,Rafael Jambeiro,2020-11-17,263,1,5,0
Rafael Jambeiro,Rafael Jambeiro,2020-11-18,266,3,5,0
Rafael Jambeiro,Rafael Jambeiro,2020-11-19,268,2,5,0
Rafael Jambeiro,Rafael Jambeiro,2020-11-20,268,0,5,0
Rafael Jambeiro,Rafael Jambeiro,2020-11-21,268,0,5,0
Rafael Jambeiro,Rafael Jambeiro,2020-11-22,268,0,5,0
Rafael Jambeiro,Rafael Jambeiro,2020-11-23,268,0,5,0
Rafael Jambeiro,Rafael Jambeiro,2020-11-24,268,0,6,1
Rafael Jambeiro,Rafael Jambeiro,2020-11-25,268,0,6,0
Rafael Jambeiro,Rafael Jambeiro,2020-11-26,268,0,6,0
Rafael Jambeiro,Rafael Jambeiro,2020-11-27,269,1,6,0
Rafael Jambeiro,Rafael Jambeiro,2020-11-28,271,2,6,0
Rafael Jambeiro,Rafael Jambeiro,2020-11-29,271,0,6,0
Rafael Jambeiro,Rafael Jambeiro,2020-11-30,274,3,6,0
Rafael Jambeiro,Rafael Jambeiro,2020-12-01,274,0,6,0
Rafael Jambeiro,Rafael Jambeiro,2020-12-02,281,7,6,0
Rafael Jambeiro,Rafael Jambeiro,2020-12-03,282,1,6,0
Rafael Jambeiro,Rafael Jambeiro,2020-12-04,282,0,6,0
Rafael Jambeiro,Rafael Jambeiro,2020-12-05,282,0,6,0
Rafael Jambeiro,Rafael Jambeiro,2020-12-06,282,0,6,0
Rafael Jambeiro,Rafael Jambeiro,2020-12-07,282,0,6,0
Rafael Jambeiro,Rafael Jambeiro,2020-12-08,282,0,6,0
Rafael Jambeiro,Rafael Jambeiro,2020-12-09,282,0,6,0
Rafael Jambeiro,Rafael Jambeiro,2020-12-10,282,0,6,0
Rafael Jambeiro,Rafael Jambeiro,2020-12-11,284,2,6,0
Rafael Jambeiro,Rafael Jambeiro,2020-12-12,284,0,6,0
Rafael Jambeiro,Rafael Jambeiro,2020-12-13,285,1,6,0
Rafael Jambeiro,Rafael Jambeiro,2020-12-14,285,0,6,0
Rafael Jambeiro,Rafael Jambeiro,2020-12-15,286,1,6,0
Rafael Jambeiro,Rafael Jambeiro,2020-12-16,287,1,6,0
Rafael Jambeiro,Rafael Jambeiro,2020-12-17,293,6,6,0
Rafael Jambeiro,Rafael Jambeiro,2020-12-18,294,1,6,0
Rafael Jambeiro,Rafael Jambeiro,2020-12-19,295,1,6,0
Rafael Jambeiro,Rafael Jambeiro,2020-12-20,298,3,6,0
Rafael Jambeiro,Rafael Jambeiro,2020-12-21,299,1,6,0
Rafael Jambeiro,Rafael Jambeiro,2020-12-22,300,1,6,0
Rafael Jambeiro,Rafael Jambeiro,2020-12-23,304,4,6,0
Rafael Jambeiro,Rafael Jambeiro,2020-12-24,305,1,6,0
Rafael Jambeiro,Rafael Jambeiro,2020-12-25,310,5,6,0
Rafael Jambeiro,Rafael Jambeiro,2020-12-26,310,0,6,0
Rafael Jambeiro,Rafael Jambeiro,2020-12-27,310,0,6,0
Rafael Jambeiro,Rafael Jambeiro,2020-12-28,311,1,6,0
Rafael Jambeiro,Rafael Jambeiro,2020-12-29,312,1,6,0
Rafael Jambeiro,Rafael Jambeiro,2020-12-30,313,1,6,0
Rafael Jambeiro,Rafael Jambeiro,2020-12-31,316,3,6,0
Rafael Jambeiro,Rafael Jambeiro,2021-01-01,316,0,6,0
Rafael Jambeiro,Rafael Jambeiro,2021-01-02,316,0,6,0
Rafael Jambeiro,Rafael Jambeiro,2021-01-03,317,1,6,0
Rafael Jambeiro,Rafael Jambeiro,2021-01-04,317,0,6,0
Rafael Jambeiro,Rafael Jambeiro,2021-01-05,319,2,6,0
Rafael Jambeiro,Rafael Jambeiro,2021-01-06,330,11,6,0
Rafael Jambeiro,Rafael Jambeiro,2021-01-07,334,4,6,0
Rafael Jambeiro,Rafael Jambeiro,2021-01-08,334,0,7,1
Rafael Jambeiro,Rafael Jambeiro,2021-01-09,337,3,7,0
Rafael Jambeiro,Rafael Jambeiro,2021-01-10,341,4,7,0
Rafael Jambeiro,Rafael Jambeiro,2021-01-11,341,0,7,0
Rafael Jambeiro,Rafael Jambeiro,2021-01-12,346,5,7,0
Rafael Jambeiro,Rafael Jambeiro,2021-01-13,346,0,7,0
Rafael Jambeiro,Rafael Jambeiro,2021-01-14,349,3,7,0
Rafael Jambeiro,Rafael Jambeiro,2021-01-15,356,7,7,0
Rafael Jambeiro,Rafael Jambeiro,2021-01-16,358,2,7,0
Rafael Jambeiro,Rafael Jambeiro,2021-01-17,362,4,7,0
Rafael Jambeiro,Rafael Jambeiro,2021-01-18,364,2,7,0
Rafael Jambeiro,Rafael Jambeiro,2021-01-19,365,1,7,0
Rafael Jambeiro,Rafael Jambeiro,2021-01-20,367,2,7,0
Rafael Jambeiro,Rafael Jambeiro,2021-01-21,369,2,7,0
Rafael Jambeiro,Rafael Jambeiro,2021-01-22,377,8,7,0
Rafael Jambeiro,Rafael Jambeiro,2021-01-23,381,4,7,0
Rafael Jambeiro,Rafael Jambeiro,2021-01-24,382,1,7,0
Rafael Jambeiro,Rafael Jambeiro,2021-01-25,382,0,7,0
Rafael Jambeiro,Rafael Jambeiro,2021-01-26,385,3,7,0
Rafael Jambeiro,Rafael Jambeiro,2021-01-27,385,0,7,0
Rafael Jambeiro,Rafael Jambeiro,2021-01-28,386,1,7,0
Rafael Jambeiro,Rafael Jambeiro,2021-01-29,387,1,7,0
Rafael Jambeiro,Rafael Jambeiro,2021-01-30,389,2,7,0
Rafael Jambeiro,Rafael Jambeiro,2021-01-31,391,2,7,0
Rafael Jambeiro,Rafael Jambeiro,2021-02-01,391,0,7,0
Rafael Jambeiro,Rafael Jambeiro,2021-02-02,392,1,7,0
Rafael Jambeiro,Rafael Jambeiro,2021-02-03,394,2,7,0
Rafael Jambeiro,Rafael Jambeiro,2021-02-04,395,1,7,0
Rafael Jambeiro,Rafael Jambeiro,2021-02-05,395,0,7,0
Rafael Jambeiro,Rafael Jambeiro,2021-02-06,397,2,7,0
Rafael Jambeiro,Rafael Jambeiro,2021-02-07,398,1,7,0
Rafael Jambeiro,Rafael Jambeiro,2021-02-08,402,4,7,0
