city,date,cases,daily cases,deaths,daily deaths,daily cases moving average,daily deaths moving average
Raposos,2020-03-27,0,0,0,0,,
Raposos,2020-03-28,0,0,0,0,,
Raposos,2020-03-29,0,0,0,0,,
Raposos,2020-03-30,0,0,0,0,,
Raposos,2020-03-31,0,0,0,0,,
Raposos,2020-04-01,0,0,0,0,,
Raposos,2020-04-02,0,0,0,0,,
Raposos,2020-04-03,0,0,0,0,,
Raposos,2020-04-04,0,0,0,0,,
Raposos,2020-04-05,0,0,0,0,,
Raposos,2020-04-06,0,0,0,0,,
Raposos,2020-04-07,0,0,0,0,,
Raposos,2020-04-08,0,0,0,0,,
Raposos,2020-04-09,0,0,0,0,0.0,0.0
Raposos,2020-04-10,0,0,0,0,0.0,0.0
Raposos,2020-04-11,0,0,0,0,0.0,0.0
Raposos,2020-04-12,0,0,0,0,0.0,0.0
Raposos,2020-04-13,0,0,0,0,0.0,0.0
Raposos,2020-04-14,0,0,0,0,0.0,0.0
Raposos,2020-04-15,0,0,0,0,0.0,0.0
Raposos,2020-04-16,0,0,0,0,0.0,0.0
Raposos,2020-04-17,0,0,0,0,0.0,0.0
Raposos,2020-04-18,0,0,0,0,0.0,0.0
Raposos,2020-04-19,0,0,0,0,0.0,0.0
Raposos,2020-04-20,0,0,0,0,0.0,0.0
Raposos,2020-04-21,0,0,0,0,0.0,0.0
Raposos,2020-04-22,0,0,0,0,0.0,0.0
Raposos,2020-04-23,0,0,0,0,0.0,0.0
Raposos,2020-04-24,0,0,0,0,0.0,0.0
Raposos,2020-04-25,0,0,0,0,0.0,0.0
Raposos,2020-04-26,0,0,0,0,0.0,0.0
Raposos,2020-04-27,0,0,0,0,0.0,0.0
Raposos,2020-04-28,0,0,0,0,0.0,0.0
Raposos,2020-04-29,0,0,0,0,0.0,0.0
Raposos,2020-04-30,0,0,0,0,0.0,0.0
Raposos,2020-05-01,0,0,0,0,0.0,0.0
Raposos,2020-05-02,1,1,0,0,0.07142857142857142,0.0
Raposos,2020-05-03,1,0,0,0,0.07142857142857142,0.0
Raposos,2020-05-04,1,0,0,0,0.07142857142857142,0.0
Raposos,2020-05-05,1,0,0,0,0.07142857142857142,0.0
Raposos,2020-05-06,1,0,0,0,0.07142857142857142,0.0
Raposos,2020-05-07,1,0,0,0,0.07142857142857142,0.0
Raposos,2020-05-08,1,0,0,0,0.07142857142857142,0.0
Raposos,2020-05-09,1,0,0,0,0.07142857142857142,0.0
Raposos,2020-05-10,2,1,0,0,0.14285714285714285,0.0
Raposos,2020-05-11,2,0,0,0,0.14285714285714285,0.0
Raposos,2020-05-12,3,1,0,0,0.21428571428571427,0.0
Raposos,2020-05-13,3,0,0,0,0.21428571428571427,0.0
Raposos,2020-05-14,3,0,0,0,0.21428571428571427,0.0
Raposos,2020-05-15,3,0,0,0,0.21428571428571427,0.0
Raposos,2020-05-16,3,0,0,0,0.14285714285714285,0.0
Raposos,2020-05-17,3,0,0,0,0.14285714285714285,0.0
Raposos,2020-05-18,4,1,0,0,0.21428571428571427,0.0
Raposos,2020-05-19,4,0,0,0,0.21428571428571427,0.0
Raposos,2020-05-20,5,1,0,0,0.2857142857142857,0.0
Raposos,2020-05-21,5,0,0,0,0.2857142857142857,0.0
Raposos,2020-05-22,5,0,0,0,0.2857142857142857,0.0
Raposos,2020-05-23,5,0,0,0,0.2857142857142857,0.0
Raposos,2020-05-24,5,0,0,0,0.21428571428571427,0.0
Raposos,2020-05-25,5,0,0,0,0.21428571428571427,0.0
Raposos,2020-05-26,5,0,0,0,0.14285714285714285,0.0
Raposos,2020-05-27,5,0,0,0,0.14285714285714285,0.0
Raposos,2020-05-28,5,0,0,0,0.14285714285714285,0.0
Raposos,2020-05-29,5,0,0,0,0.14285714285714285,0.0
Raposos,2020-05-30,5,0,0,0,0.14285714285714285,0.0
Raposos,2020-05-31,5,0,0,0,0.14285714285714285,0.0
Raposos,2020-06-01,5,0,0,0,0.07142857142857142,0.0
Raposos,2020-06-02,5,0,0,0,0.07142857142857142,0.0
Raposos,2020-06-03,5,0,0,0,0.0,0.0
Raposos,2020-06-04,5,0,0,0,0.0,0.0
Raposos,2020-06-05,6,1,0,0,0.07142857142857142,0.0
Raposos,2020-06-06,6,0,0,0,0.07142857142857142,0.0
Raposos,2020-06-07,6,0,0,0,0.07142857142857142,0.0
Raposos,2020-06-08,6,0,0,0,0.07142857142857142,0.0
Raposos,2020-06-09,8,2,0,0,0.21428571428571427,0.0
Raposos,2020-06-10,8,0,0,0,0.21428571428571427,0.0
Raposos,2020-06-11,10,2,1,1,0.35714285714285715,0.07142857142857142
Raposos,2020-06-12,11,1,1,0,0.42857142857142855,0.07142857142857142
Raposos,2020-06-13,11,0,1,0,0.42857142857142855,0.07142857142857142
Raposos,2020-06-14,12,1,1,0,0.5,0.07142857142857142
Raposos,2020-06-15,12,0,1,0,0.5,0.07142857142857142
Raposos,2020-06-16,12,0,1,0,0.5,0.07142857142857142
Raposos,2020-06-17,12,0,1,0,0.5,0.07142857142857142
Raposos,2020-06-18,16,4,2,1,0.7857142857142857,0.14285714285714285
Raposos,2020-06-19,16,0,2,0,0.7142857142857143,0.14285714285714285
Raposos,2020-06-20,17,1,2,0,0.7857142857142857,0.14285714285714285
Raposos,2020-06-21,17,0,2,0,0.7857142857142857,0.14285714285714285
Raposos,2020-06-22,18,1,2,0,0.8571428571428571,0.14285714285714285
Raposos,2020-06-23,29,11,2,0,1.5,0.14285714285714285
Raposos,2020-06-24,29,0,2,0,1.5,0.14285714285714285
Raposos,2020-06-25,29,0,2,0,1.3571428571428572,0.07142857142857142
Raposos,2020-06-26,36,7,2,0,1.7857142857142858,0.07142857142857142
Raposos,2020-06-27,38,2,2,0,1.9285714285714286,0.07142857142857142
Raposos,2020-06-28,38,0,2,0,1.8571428571428572,0.07142857142857142
Raposos,2020-06-29,39,1,2,0,1.9285714285714286,0.07142857142857142
Raposos,2020-06-30,39,0,2,0,1.9285714285714286,0.07142857142857142
Raposos,2020-07-01,39,0,2,0,1.9285714285714286,0.07142857142857142
Raposos,2020-07-02,48,9,2,0,2.2857142857142856,0.0
Raposos,2020-07-03,49,1,2,0,2.357142857142857,0.0
Raposos,2020-07-04,51,2,2,0,2.4285714285714284,0.0
Raposos,2020-07-05,55,4,2,0,2.7142857142857144,0.0
Raposos,2020-07-06,55,0,2,0,2.642857142857143,0.0
Raposos,2020-07-07,55,0,2,0,1.8571428571428572,0.0
Raposos,2020-07-08,57,2,2,0,2.0,0.0
Raposos,2020-07-09,60,3,2,0,2.2142857142857144,0.0
Raposos,2020-07-10,60,0,2,0,1.7142857142857142,0.0
Raposos,2020-07-11,64,4,2,0,1.8571428571428572,0.0
Raposos,2020-07-12,64,0,2,0,1.8571428571428572,0.0
Raposos,2020-07-13,69,5,2,0,2.142857142857143,0.0
Raposos,2020-07-14,72,3,2,0,2.357142857142857,0.0
Raposos,2020-07-15,78,6,2,0,2.7857142857142856,0.0
Raposos,2020-07-16,80,2,2,0,2.2857142857142856,0.0
Raposos,2020-07-17,83,3,2,0,2.4285714285714284,0.0
Raposos,2020-07-18,89,6,2,0,2.7142857142857144,0.0
Raposos,2020-07-19,95,6,2,0,2.857142857142857,0.0
Raposos,2020-07-20,95,0,2,0,2.857142857142857,0.0
Raposos,2020-07-21,96,1,2,0,2.9285714285714284,0.0
Raposos,2020-07-22,102,6,2,0,3.2142857142857144,0.0
Raposos,2020-07-23,104,2,2,0,3.142857142857143,0.0
Raposos,2020-07-24,110,6,2,0,3.5714285714285716,0.0
Raposos,2020-07-25,110,0,2,0,3.2857142857142856,0.0
Raposos,2020-07-26,121,11,2,0,4.071428571428571,0.0
Raposos,2020-07-27,121,0,2,0,3.7142857142857144,0.0
Raposos,2020-07-28,121,0,2,0,3.5,0.0
Raposos,2020-07-29,126,5,2,0,3.4285714285714284,0.0
Raposos,2020-07-30,130,4,2,0,3.5714285714285716,0.0
Raposos,2020-07-31,133,3,2,0,3.5714285714285716,0.0
Raposos,2020-08-01,133,0,2,0,3.142857142857143,0.0
Raposos,2020-08-02,143,10,2,0,3.4285714285714284,0.0
Raposos,2020-08-03,143,0,2,0,3.4285714285714284,0.0
Raposos,2020-08-04,145,2,2,0,3.5,0.0
Raposos,2020-08-05,153,8,2,0,3.642857142857143,0.0
Raposos,2020-08-06,153,0,2,0,3.5,0.0
Raposos,2020-08-07,153,0,2,0,3.0714285714285716,0.0
Raposos,2020-08-08,163,10,2,0,3.7857142857142856,0.0
Raposos,2020-08-09,163,0,2,0,3.0,0.0
Raposos,2020-08-10,163,0,2,0,3.0,0.0
Raposos,2020-08-11,178,15,2,0,4.071428571428571,0.0
Raposos,2020-08-12,178,0,2,0,3.7142857142857144,0.0
Raposos,2020-08-13,184,6,2,0,3.857142857142857,0.0
Raposos,2020-08-14,185,1,2,0,3.7142857142857144,0.0
Raposos,2020-08-15,185,0,3,1,3.7142857142857144,0.07142857142857142
Raposos,2020-08-16,185,0,3,0,3.0,0.07142857142857142
Raposos,2020-08-17,199,14,3,0,4.0,0.07142857142857142
Raposos,2020-08-18,199,0,3,0,3.857142857142857,0.07142857142857142
Raposos,2020-08-19,210,11,3,0,4.071428571428571,0.07142857142857142
Raposos,2020-08-20,222,12,3,0,4.928571428571429,0.07142857142857142
Raposos,2020-08-21,222,0,3,0,4.928571428571429,0.07142857142857142
Raposos,2020-08-22,222,0,3,0,4.214285714285714,0.07142857142857142
Raposos,2020-08-23,250,28,3,0,6.214285714285714,0.07142857142857142
Raposos,2020-08-24,256,6,3,0,6.642857142857143,0.07142857142857142
Raposos,2020-08-25,256,0,3,0,5.571428571428571,0.07142857142857142
Raposos,2020-08-26,256,0,3,0,5.571428571428571,0.07142857142857142
Raposos,2020-08-27,256,0,3,0,5.142857142857143,0.07142857142857142
Raposos,2020-08-28,286,30,3,0,7.214285714285714,0.07142857142857142
Raposos,2020-08-29,297,11,3,0,8.0,0.0
Raposos,2020-08-30,297,0,3,0,8.0,0.0
Raposos,2020-08-31,297,0,3,0,7.0,0.0
Raposos,2020-09-01,297,0,3,0,7.0,0.0
Raposos,2020-09-02,297,0,3,0,6.214285714285714,0.0
Raposos,2020-09-03,297,0,3,0,5.357142857142857,0.0
Raposos,2020-09-04,334,37,3,0,8.0,0.0
Raposos,2020-09-05,334,0,3,0,8.0,0.0
Raposos,2020-09-06,334,0,4,1,6.0,0.07142857142857142
Raposos,2020-09-07,334,0,4,0,5.571428571428571,0.07142857142857142
Raposos,2020-09-08,334,0,4,0,5.571428571428571,0.07142857142857142
Raposos,2020-09-09,334,0,4,0,5.571428571428571,0.07142857142857142
Raposos,2020-09-10,334,0,4,0,5.571428571428571,0.07142857142857142
Raposos,2020-09-11,334,0,4,0,3.4285714285714284,0.07142857142857142
Raposos,2020-09-12,334,0,4,0,2.642857142857143,0.07142857142857142
Raposos,2020-09-13,370,36,4,0,5.214285714285714,0.07142857142857142
Raposos,2020-09-14,372,2,4,0,5.357142857142857,0.07142857142857142
Raposos,2020-09-15,372,0,4,0,5.357142857142857,0.07142857142857142
Raposos,2020-09-16,372,0,4,0,5.357142857142857,0.07142857142857142
Raposos,2020-09-17,372,0,5,1,5.357142857142857,0.14285714285714285
Raposos,2020-09-18,372,0,5,0,2.7142857142857144,0.14285714285714285
Raposos,2020-09-19,372,0,5,0,2.7142857142857144,0.14285714285714285
Raposos,2020-09-20,372,0,5,0,2.7142857142857144,0.07142857142857142
Raposos,2020-09-21,372,0,5,0,2.7142857142857144,0.07142857142857142
Raposos,2020-09-22,372,0,5,0,2.7142857142857144,0.07142857142857142
Raposos,2020-09-23,372,0,5,0,2.7142857142857144,0.07142857142857142
Raposos,2020-09-24,372,0,5,0,2.7142857142857144,0.07142857142857142
Raposos,2020-09-25,455,83,5,0,8.642857142857142,0.07142857142857142
Raposos,2020-09-26,455,0,5,0,8.642857142857142,0.07142857142857142
Raposos,2020-09-27,455,0,5,0,6.071428571428571,0.07142857142857142
Raposos,2020-09-28,455,0,5,0,5.928571428571429,0.07142857142857142
Raposos,2020-09-29,455,0,5,0,5.928571428571429,0.07142857142857142
Raposos,2020-09-30,455,0,5,0,5.928571428571429,0.07142857142857142
Raposos,2020-10-01,455,0,5,0,5.928571428571429,0.0
Raposos,2020-10-02,455,0,5,0,5.928571428571429,0.0
Raposos,2020-10-03,455,0,5,0,5.928571428571429,0.0
Raposos,2020-10-04,455,0,6,1,5.928571428571429,0.07142857142857142
Raposos,2020-10-05,455,0,6,0,5.928571428571429,0.07142857142857142
Raposos,2020-10-06,455,0,6,0,5.928571428571429,0.07142857142857142
Raposos,2020-10-07,455,0,6,0,5.928571428571429,0.07142857142857142
Raposos,2020-10-08,455,0,6,0,5.928571428571429,0.07142857142857142
Raposos,2020-10-09,455,0,6,0,0.0,0.07142857142857142
Raposos,2020-10-10,455,0,6,0,0.0,0.07142857142857142
Raposos,2020-10-11,455,0,6,0,0.0,0.07142857142857142
Raposos,2020-10-12,455,0,6,0,0.0,0.07142857142857142
Raposos,2020-10-13,455,0,6,0,0.0,0.07142857142857142
Raposos,2020-10-14,455,0,6,0,0.0,0.07142857142857142
Raposos,2020-10-15,455,0,6,0,0.0,0.07142857142857142
Raposos,2020-10-16,455,0,6,0,0.0,0.07142857142857142
Raposos,2020-10-17,455,0,6,0,0.0,0.07142857142857142
Raposos,2020-10-18,455,0,6,0,0.0,0.0
Raposos,2020-10-19,455,0,6,0,0.0,0.0
Raposos,2020-10-20,455,0,6,0,0.0,0.0
Raposos,2020-10-21,455,0,6,0,0.0,0.0
Raposos,2020-10-22,455,0,6,0,0.0,0.0
Raposos,2020-10-23,455,0,6,0,0.0,0.0
Raposos,2020-10-24,455,0,6,0,0.0,0.0
Raposos,2020-10-25,455,0,6,0,0.0,0.0
Raposos,2020-10-26,455,0,6,0,0.0,0.0
Raposos,2020-10-27,455,0,6,0,0.0,0.0
Raposos,2020-10-28,455,0,6,0,0.0,0.0
Raposos,2020-10-29,455,0,6,0,0.0,0.0
Raposos,2020-10-30,455,0,6,0,0.0,0.0
Raposos,2020-10-31,455,0,6,0,0.0,0.0
Raposos,2020-11-01,455,0,6,0,0.0,0.0
Raposos,2020-11-02,455,0,6,0,0.0,0.0
Raposos,2020-11-03,455,0,6,0,0.0,0.0
Raposos,2020-11-04,455,0,6,0,0.0,0.0
Raposos,2020-11-05,455,0,6,0,0.0,0.0
Raposos,2020-11-06,455,0,6,0,0.0,0.0
Raposos,2020-11-07,455,0,6,0,0.0,0.0
Raposos,2020-11-08,455,0,6,0,0.0,0.0
Raposos,2020-11-09,455,0,6,0,0.0,0.0
Raposos,2020-11-10,455,0,6,0,0.0,0.0
Raposos,2020-11-11,455,0,6,0,0.0,0.0
Raposos,2020-11-12,455,0,6,0,0.0,0.0
Raposos,2020-11-13,455,0,6,0,0.0,0.0
Raposos,2020-11-14,455,0,6,0,0.0,0.0
Raposos,2020-11-15,455,0,6,0,0.0,0.0
Raposos,2020-11-16,455,0,6,0,0.0,0.0
Raposos,2020-11-17,455,0,6,0,0.0,0.0
Raposos,2020-11-18,455,0,6,0,0.0,0.0
Raposos,2020-11-19,455,0,6,0,0.0,0.0
Raposos,2020-11-20,455,0,6,0,0.0,0.0
Raposos,2020-11-21,455,0,6,0,0.0,0.0
Raposos,2020-11-22,455,0,6,0,0.0,0.0
Raposos,2020-11-23,455,0,6,0,0.0,0.0
Raposos,2020-11-24,455,0,6,0,0.0,0.0
Raposos,2020-11-25,455,0,6,0,0.0,0.0
Raposos,2020-11-26,455,0,6,0,0.0,0.0
Raposos,2020-11-27,455,0,6,0,0.0,0.0
Raposos,2020-11-28,455,0,7,1,0.0,0.07142857142857142
Raposos,2020-11-29,455,0,7,0,0.0,0.07142857142857142
Raposos,2020-11-30,455,0,7,0,0.0,0.07142857142857142
Raposos,2020-12-01,455,0,7,0,0.0,0.07142857142857142
Raposos,2020-12-02,455,0,7,0,0.0,0.07142857142857142
Raposos,2020-12-03,455,0,7,0,0.0,0.07142857142857142
Raposos,2020-12-04,455,0,7,0,0.0,0.07142857142857142
Raposos,2020-12-05,455,0,7,0,0.0,0.07142857142857142
Raposos,2020-12-06,455,0,7,0,0.0,0.07142857142857142
Raposos,2020-12-07,455,0,7,0,0.0,0.07142857142857142
Raposos,2020-12-08,455,0,7,0,0.0,0.07142857142857142
Raposos,2020-12-09,455,0,7,0,0.0,0.07142857142857142
Raposos,2020-12-10,455,0,7,0,0.0,0.07142857142857142
Raposos,2020-12-11,455,0,7,0,0.0,0.07142857142857142
Raposos,2020-12-12,455,0,7,0,0.0,0.0
Raposos,2020-12-13,455,0,7,0,0.0,0.0
Raposos,2020-12-14,455,0,7,0,0.0,0.0
Raposos,2020-12-15,455,0,7,0,0.0,0.0
Raposos,2020-12-16,455,0,7,0,0.0,0.0
Raposos,2020-12-17,455,0,7,0,0.0,0.0
Raposos,2020-12-18,455,0,8,1,0.0,0.07142857142857142
Raposos,2020-12-19,455,0,8,0,0.0,0.07142857142857142
Raposos,2020-12-20,455,0,8,0,0.0,0.07142857142857142
Raposos,2020-12-21,455,0,8,0,0.0,0.07142857142857142
Raposos,2020-12-22,455,0,8,0,0.0,0.07142857142857142
Raposos,2020-12-23,455,0,8,0,0.0,0.07142857142857142
Raposos,2020-12-24,455,0,8,0,0.0,0.07142857142857142
Raposos,2020-12-25,455,0,8,0,0.0,0.07142857142857142
Raposos,2020-12-26,455,0,8,0,0.0,0.07142857142857142
Raposos,2020-12-27,455,0,8,0,0.0,0.07142857142857142
Raposos,2020-12-28,455,0,8,0,0.0,0.07142857142857142
Raposos,2020-12-29,455,0,8,0,0.0,0.07142857142857142
Raposos,2020-12-30,455,0,8,0,0.0,0.07142857142857142
Raposos,2020-12-31,455,0,8,0,0.0,0.07142857142857142
Raposos,2021-01-01,455,0,8,0,0.0,0.0
Raposos,2021-01-02,782,327,8,0,23.357142857142858,0.0
Raposos,2021-01-03,782,0,8,0,23.357142857142858,0.0
Raposos,2021-01-04,782,0,8,0,23.357142857142858,0.0
Raposos,2021-01-05,782,0,8,0,23.357142857142858,0.0
Raposos,2021-01-06,782,0,8,0,23.357142857142858,0.0
Raposos,2021-01-07,825,43,8,0,26.428571428571427,0.0
Raposos,2021-01-08,825,0,8,0,26.428571428571427,0.0
Raposos,2021-01-09,855,30,8,0,28.571428571428573,0.0
Raposos,2021-01-10,855,0,8,0,28.571428571428573,0.0
Raposos,2021-01-11,855,0,8,0,28.571428571428573,0.0
Raposos,2021-01-12,872,17,8,0,29.785714285714285,0.0
Raposos,2021-01-13,872,0,9,1,29.785714285714285,0.07142857142857142
Raposos,2021-01-14,911,39,9,0,32.57142857142857,0.07142857142857142
Raposos,2021-01-15,935,24,9,0,34.285714285714285,0.07142857142857142
Raposos,2021-01-16,940,5,9,0,11.285714285714286,0.07142857142857142
Raposos,2021-01-17,940,0,9,0,11.285714285714286,0.07142857142857142
Raposos,2021-01-18,940,0,9,0,11.285714285714286,0.07142857142857142
Raposos,2021-01-19,940,0,9,0,11.285714285714286,0.07142857142857142
Raposos,2021-01-20,940,0,9,0,11.285714285714286,0.07142857142857142
Raposos,2021-01-21,940,0,9,0,8.214285714285714,0.07142857142857142
Raposos,2021-01-22,989,49,9,0,11.714285714285714,0.07142857142857142
Raposos,2021-01-23,1000,11,9,0,10.357142857142858,0.07142857142857142
Raposos,2021-01-24,1002,2,9,0,10.5,0.07142857142857142
Raposos,2021-01-25,1005,3,9,0,10.714285714285714,0.07142857142857142
Raposos,2021-01-26,1031,26,9,0,11.357142857142858,0.07142857142857142
Raposos,2021-01-27,1031,0,9,0,11.357142857142858,0.0
Raposos,2021-01-28,1031,0,10,1,8.571428571428571,0.07142857142857142
Raposos,2021-01-29,1031,0,10,0,6.857142857142857,0.07142857142857142
Raposos,2021-01-30,1061,30,10,0,8.642857142857142,0.07142857142857142
Raposos,2021-01-31,1061,0,10,0,8.642857142857142,0.07142857142857142
Raposos,2021-02-01,1074,13,10,0,9.571428571428571,0.07142857142857142
Raposos,2021-02-02,1074,0,10,0,9.571428571428571,0.07142857142857142
Raposos,2021-02-03,1107,33,10,0,11.928571428571429,0.07142857142857142
Raposos,2021-02-04,1107,0,10,0,11.928571428571429,0.07142857142857142
Raposos,2021-02-05,1117,10,10,0,9.142857142857142,0.07142857142857142
Raposos,2021-02-06,1121,4,11,1,8.642857142857142,0.14285714285714285
Raposos,2021-02-07,1121,0,11,0,8.5,0.14285714285714285
Raposos,2021-02-08,1121,0,11,0,8.285714285714286,0.14285714285714285
