city,city,date,cases,daily cases,deaths,daily deaths
Remígio,Remígio,2020-03-27,0,0,0,0
Remígio,Remígio,2020-03-28,0,0,0,0
Remígio,Remígio,2020-03-29,0,0,0,0
Remígio,Remígio,2020-03-30,0,0,0,0
Remígio,Remígio,2020-03-31,0,0,0,0
Remígio,Remígio,2020-04-01,0,0,0,0
Remígio,Remígio,2020-04-02,0,0,0,0
Remígio,Remígio,2020-04-03,0,0,0,0
Remígio,Remígio,2020-04-04,0,0,0,0
Remígio,Remígio,2020-04-05,0,0,0,0
Remígio,Remígio,2020-04-06,0,0,0,0
Remígio,Remígio,2020-04-07,0,0,0,0
Remígio,Remígio,2020-04-08,0,0,0,0
Remígio,Remígio,2020-04-09,0,0,0,0
Remígio,Remígio,2020-04-10,0,0,0,0
Remígio,Remígio,2020-04-11,0,0,0,0
Remígio,Remígio,2020-04-12,0,0,0,0
Remígio,Remígio,2020-04-13,0,0,0,0
Remígio,Remígio,2020-04-14,0,0,0,0
Remígio,Remígio,2020-04-15,0,0,0,0
Remígio,Remígio,2020-04-16,0,0,0,0
Remígio,Remígio,2020-04-17,0,0,0,0
Remígio,Remígio,2020-04-18,0,0,0,0
Remígio,Remígio,2020-04-19,0,0,0,0
Remígio,Remígio,2020-04-20,0,0,0,0
Remígio,Remígio,2020-04-21,0,0,0,0
Remígio,Remígio,2020-04-22,0,0,0,0
Remígio,Remígio,2020-04-23,0,0,0,0
Remígio,Remígio,2020-04-24,0,0,0,0
Remígio,Remígio,2020-04-25,0,0,0,0
Remígio,Remígio,2020-04-26,0,0,0,0
Remígio,Remígio,2020-04-27,0,0,0,0
Remígio,Remígio,2020-04-28,0,0,0,0
Remígio,Remígio,2020-04-29,0,0,0,0
Remígio,Remígio,2020-04-30,0,0,0,0
Remígio,Remígio,2020-05-01,0,0,0,0
Remígio,Remígio,2020-05-02,0,0,0,0
Remígio,Remígio,2020-05-03,0,0,0,0
Remígio,Remígio,2020-05-04,0,0,0,0
Remígio,Remígio,2020-05-05,0,0,0,0
Remígio,Remígio,2020-05-06,1,1,0,0
Remígio,Remígio,2020-05-07,1,0,0,0
Remígio,Remígio,2020-05-08,5,4,0,0
Remígio,Remígio,2020-05-09,5,0,0,0
Remígio,Remígio,2020-05-10,6,1,0,0
Remígio,Remígio,2020-05-11,6,0,0,0
Remígio,Remígio,2020-05-12,9,3,0,0
Remígio,Remígio,2020-05-13,10,1,0,0
Remígio,Remígio,2020-05-14,11,1,0,0
Remígio,Remígio,2020-05-15,15,4,0,0
Remígio,Remígio,2020-05-16,16,1,0,0
Remígio,Remígio,2020-05-17,16,0,0,0
Remígio,Remígio,2020-05-18,17,1,0,0
Remígio,Remígio,2020-05-19,20,3,0,0
Remígio,Remígio,2020-05-20,24,4,0,0
Remígio,Remígio,2020-05-21,24,0,0,0
Remígio,Remígio,2020-05-22,24,0,0,0
Remígio,Remígio,2020-05-23,28,4,0,0
Remígio,Remígio,2020-05-24,28,0,0,0
Remígio,Remígio,2020-05-25,28,0,0,0
Remígio,Remígio,2020-05-26,30,2,0,0
Remígio,Remígio,2020-05-27,32,2,1,1
Remígio,Remígio,2020-05-28,39,7,1,0
Remígio,Remígio,2020-05-29,40,1,1,0
Remígio,Remígio,2020-05-30,42,2,1,0
Remígio,Remígio,2020-05-31,42,0,2,1
Remígio,Remígio,2020-06-01,42,0,2,0
Remígio,Remígio,2020-06-02,45,3,2,0
Remígio,Remígio,2020-06-03,45,0,2,0
Remígio,Remígio,2020-06-04,49,4,2,0
Remígio,Remígio,2020-06-05,53,4,2,0
Remígio,Remígio,2020-06-06,80,27,2,0
Remígio,Remígio,2020-06-07,87,7,2,0
Remígio,Remígio,2020-06-08,90,3,2,0
Remígio,Remígio,2020-06-09,95,5,2,0
Remígio,Remígio,2020-06-10,100,5,2,0
Remígio,Remígio,2020-06-11,103,3,2,0
Remígio,Remígio,2020-06-12,105,2,2,0
Remígio,Remígio,2020-06-13,106,1,2,0
Remígio,Remígio,2020-06-14,107,1,2,0
Remígio,Remígio,2020-06-15,113,6,2,0
Remígio,Remígio,2020-06-16,112,-1,2,0
Remígio,Remígio,2020-06-17,114,2,2,0
Remígio,Remígio,2020-06-18,114,0,2,0
Remígio,Remígio,2020-06-19,123,9,2,0
Remígio,Remígio,2020-06-20,128,5,2,0
Remígio,Remígio,2020-06-21,128,0,2,0
Remígio,Remígio,2020-06-22,129,1,2,0
Remígio,Remígio,2020-06-23,135,6,3,1
Remígio,Remígio,2020-06-24,137,2,3,0
Remígio,Remígio,2020-06-25,140,3,3,0
Remígio,Remígio,2020-06-26,140,0,3,0
Remígio,Remígio,2020-06-27,146,6,3,0
Remígio,Remígio,2020-06-28,146,0,3,0
Remígio,Remígio,2020-06-29,146,0,3,0
Remígio,Remígio,2020-06-30,147,1,3,0
Remígio,Remígio,2020-07-01,154,7,3,0
Remígio,Remígio,2020-07-02,159,5,3,0
Remígio,Remígio,2020-07-03,160,1,3,0
Remígio,Remígio,2020-07-04,160,0,3,0
Remígio,Remígio,2020-07-05,160,0,3,0
Remígio,Remígio,2020-07-06,160,0,3,0
Remígio,Remígio,2020-07-07,166,6,3,0
Remígio,Remígio,2020-07-08,174,8,3,0
Remígio,Remígio,2020-07-09,179,5,3,0
Remígio,Remígio,2020-07-10,180,1,3,0
Remígio,Remígio,2020-07-11,183,3,3,0
Remígio,Remígio,2020-07-12,183,0,3,0
Remígio,Remígio,2020-07-13,183,0,3,0
Remígio,Remígio,2020-07-14,185,2,3,0
Remígio,Remígio,2020-07-15,186,1,3,0
Remígio,Remígio,2020-07-16,187,1,3,0
Remígio,Remígio,2020-07-17,192,5,3,0
Remígio,Remígio,2020-07-18,192,0,3,0
Remígio,Remígio,2020-07-19,192,0,3,0
Remígio,Remígio,2020-07-20,192,0,3,0
Remígio,Remígio,2020-07-21,192,0,3,0
Remígio,Remígio,2020-07-22,206,14,3,0
Remígio,Remígio,2020-07-23,207,1,3,0
Remígio,Remígio,2020-07-24,209,2,3,0
Remígio,Remígio,2020-07-25,213,4,3,0
Remígio,Remígio,2020-07-26,214,1,3,0
Remígio,Remígio,2020-07-27,214,0,3,0
Remígio,Remígio,2020-07-28,218,4,3,0
Remígio,Remígio,2020-07-29,221,3,3,0
Remígio,Remígio,2020-07-30,223,2,3,0
Remígio,Remígio,2020-07-31,223,0,3,0
Remígio,Remígio,2020-08-01,223,0,3,0
Remígio,Remígio,2020-08-02,224,1,3,0
Remígio,Remígio,2020-08-03,224,0,3,0
Remígio,Remígio,2020-08-04,229,5,3,0
Remígio,Remígio,2020-08-05,230,1,3,0
Remígio,Remígio,2020-08-06,230,0,3,0
Remígio,Remígio,2020-08-07,230,0,3,0
Remígio,Remígio,2020-08-08,230,0,3,0
Remígio,Remígio,2020-08-09,230,0,3,0
Remígio,Remígio,2020-08-10,230,0,3,0
Remígio,Remígio,2020-08-11,229,-1,3,0
Remígio,Remígio,2020-08-12,235,6,3,0
Remígio,Remígio,2020-08-13,236,1,3,0
Remígio,Remígio,2020-08-14,237,1,3,0
Remígio,Remígio,2020-08-15,235,-2,3,0
Remígio,Remígio,2020-08-16,235,0,3,0
Remígio,Remígio,2020-08-17,235,0,3,0
Remígio,Remígio,2020-08-18,238,3,3,0
Remígio,Remígio,2020-08-19,239,1,3,0
Remígio,Remígio,2020-08-20,240,1,3,0
Remígio,Remígio,2020-08-21,241,1,3,0
Remígio,Remígio,2020-08-22,244,3,3,0
Remígio,Remígio,2020-08-23,244,0,3,0
Remígio,Remígio,2020-08-24,244,0,3,0
Remígio,Remígio,2020-08-25,246,2,3,0
Remígio,Remígio,2020-08-26,248,2,3,0
Remígio,Remígio,2020-08-27,248,0,3,0
Remígio,Remígio,2020-08-28,248,0,3,0
Remígio,Remígio,2020-08-29,249,1,3,0
Remígio,Remígio,2020-08-30,249,0,3,0
Remígio,Remígio,2020-08-31,249,0,3,0
Remígio,Remígio,2020-09-01,252,3,3,0
Remígio,Remígio,2020-09-02,253,1,3,0
Remígio,Remígio,2020-09-03,255,2,3,0
Remígio,Remígio,2020-09-04,255,0,3,0
Remígio,Remígio,2020-09-05,255,0,3,0
Remígio,Remígio,2020-09-06,255,0,3,0
Remígio,Remígio,2020-09-07,255,0,3,0
Remígio,Remígio,2020-09-08,255,0,3,0
Remígio,Remígio,2020-09-09,258,3,3,0
Remígio,Remígio,2020-09-10,260,2,3,0
Remígio,Remígio,2020-09-11,265,5,3,0
Remígio,Remígio,2020-09-12,271,6,3,0
Remígio,Remígio,2020-09-13,271,0,3,0
Remígio,Remígio,2020-09-14,271,0,3,0
Remígio,Remígio,2020-09-15,274,3,3,0
Remígio,Remígio,2020-09-16,280,6,3,0
Remígio,Remígio,2020-09-17,283,3,3,0
Remígio,Remígio,2020-09-18,286,3,3,0
Remígio,Remígio,2020-09-19,288,2,3,0
Remígio,Remígio,2020-09-20,288,0,3,0
Remígio,Remígio,2020-09-21,288,0,3,0
Remígio,Remígio,2020-09-22,288,0,3,0
Remígio,Remígio,2020-09-23,293,5,3,0
Remígio,Remígio,2020-09-24,294,1,5,2
Remígio,Remígio,2020-09-25,302,8,5,0
Remígio,Remígio,2020-09-26,303,1,5,0
Remígio,Remígio,2020-09-27,303,0,5,0
Remígio,Remígio,2020-09-28,304,1,5,0
Remígio,Remígio,2020-09-29,306,2,5,0
Remígio,Remígio,2020-09-30,310,4,5,0
Remígio,Remígio,2020-10-01,313,3,5,0
Remígio,Remígio,2020-10-02,314,1,5,0
Remígio,Remígio,2020-10-03,316,2,5,0
Remígio,Remígio,2020-10-04,316,0,5,0
Remígio,Remígio,2020-10-05,316,0,5,0
Remígio,Remígio,2020-10-06,316,0,5,0
Remígio,Remígio,2020-10-07,320,4,5,0
Remígio,Remígio,2020-10-08,320,0,5,0
Remígio,Remígio,2020-10-09,320,0,5,0
Remígio,Remígio,2020-10-10,321,1,5,0
Remígio,Remígio,2020-10-11,321,0,5,0
Remígio,Remígio,2020-10-12,321,0,5,0
Remígio,Remígio,2020-10-13,321,0,5,0
Remígio,Remígio,2020-10-14,326,5,5,0
Remígio,Remígio,2020-10-15,326,0,5,0
Remígio,Remígio,2020-10-16,328,2,5,0
Remígio,Remígio,2020-10-17,329,1,5,0
Remígio,Remígio,2020-10-18,329,0,5,0
Remígio,Remígio,2020-10-19,329,0,5,0
Remígio,Remígio,2020-10-20,329,0,5,0
Remígio,Remígio,2020-10-21,329,0,5,0
Remígio,Remígio,2020-10-22,329,0,5,0
Remígio,Remígio,2020-10-23,330,1,5,0
Remígio,Remígio,2020-10-24,332,2,5,0
Remígio,Remígio,2020-10-25,335,3,5,0
Remígio,Remígio,2020-10-26,335,0,5,0
Remígio,Remígio,2020-10-27,336,1,5,0
Remígio,Remígio,2020-10-28,336,0,5,0
Remígio,Remígio,2020-10-29,336,0,5,0
Remígio,Remígio,2020-10-30,336,0,5,0
Remígio,Remígio,2020-10-31,337,1,5,0
Remígio,Remígio,2020-11-01,337,0,5,0
Remígio,Remígio,2020-11-02,337,0,5,0
Remígio,Remígio,2020-11-03,337,0,5,0
Remígio,Remígio,2020-11-04,340,3,5,0
Remígio,Remígio,2020-11-05,343,3,5,0
Remígio,Remígio,2020-11-06,344,1,5,0
Remígio,Remígio,2020-11-07,352,8,5,0
Remígio,Remígio,2020-11-08,352,0,5,0
Remígio,Remígio,2020-11-09,352,0,5,0
Remígio,Remígio,2020-11-10,358,6,5,0
Remígio,Remígio,2020-11-11,363,5,5,0
Remígio,Remígio,2020-11-12,363,0,5,0
Remígio,Remígio,2020-11-13,364,1,5,0
Remígio,Remígio,2020-11-14,368,4,5,0
Remígio,Remígio,2020-11-15,368,0,5,0
Remígio,Remígio,2020-11-16,372,4,5,0
Remígio,Remígio,2020-11-17,375,3,5,0
Remígio,Remígio,2020-11-18,378,3,5,0
Remígio,Remígio,2020-11-19,379,1,5,0
Remígio,Remígio,2020-11-20,388,9,5,0
Remígio,Remígio,2020-11-21,394,6,5,0
Remígio,Remígio,2020-11-22,394,0,5,0
Remígio,Remígio,2020-11-23,396,2,5,0
Remígio,Remígio,2020-11-24,404,8,5,0
Remígio,Remígio,2020-11-25,407,3,5,0
Remígio,Remígio,2020-11-26,414,7,5,0
Remígio,Remígio,2020-11-27,415,1,5,0
Remígio,Remígio,2020-11-28,419,4,5,0
Remígio,Remígio,2020-11-29,420,1,5,0
Remígio,Remígio,2020-11-30,420,0,5,0
Remígio,Remígio,2020-12-01,423,3,5,0
Remígio,Remígio,2020-12-02,432,9,5,0
Remígio,Remígio,2020-12-03,438,6,5,0
Remígio,Remígio,2020-12-04,442,4,5,0
Remígio,Remígio,2020-12-05,442,0,5,0
Remígio,Remígio,2020-12-06,442,0,5,0
Remígio,Remígio,2020-12-07,442,0,5,0
Remígio,Remígio,2020-12-08,443,1,5,0
Remígio,Remígio,2020-12-09,449,6,6,1
Remígio,Remígio,2020-12-10,449,0,6,0
Remígio,Remígio,2020-12-11,462,13,7,1
Remígio,Remígio,2020-12-12,464,2,8,1
Remígio,Remígio,2020-12-13,464,0,8,0
Remígio,Remígio,2020-12-14,465,1,9,1
Remígio,Remígio,2020-12-15,471,6,9,0
Remígio,Remígio,2020-12-16,471,0,9,0
Remígio,Remígio,2020-12-17,478,7,9,0
Remígio,Remígio,2020-12-18,479,1,9,0
Remígio,Remígio,2020-12-19,482,3,9,0
Remígio,Remígio,2020-12-20,483,1,9,0
Remígio,Remígio,2020-12-21,483,0,9,0
Remígio,Remígio,2020-12-22,483,0,9,0
Remígio,Remígio,2020-12-23,486,3,9,0
Remígio,Remígio,2020-12-24,486,0,9,0
Remígio,Remígio,2020-12-25,489,3,9,0
Remígio,Remígio,2020-12-26,490,1,9,0
Remígio,Remígio,2020-12-27,490,0,9,0
Remígio,Remígio,2020-12-28,490,0,9,0
Remígio,Remígio,2020-12-29,498,8,9,0
Remígio,Remígio,2020-12-30,502,4,10,1
Remígio,Remígio,2020-12-31,505,3,10,0
Remígio,Remígio,2021-01-01,505,0,10,0
Remígio,Remígio,2021-01-02,505,0,10,0
Remígio,Remígio,2021-01-03,505,0,10,0
Remígio,Remígio,2021-01-04,505,0,10,0
Remígio,Remígio,2021-01-05,505,0,10,0
Remígio,Remígio,2021-01-06,506,1,10,0
Remígio,Remígio,2021-01-07,511,5,10,0
Remígio,Remígio,2021-01-08,513,2,10,0
Remígio,Remígio,2021-01-09,514,1,10,0
Remígio,Remígio,2021-01-10,514,0,10,0
Remígio,Remígio,2021-01-11,514,0,10,0
Remígio,Remígio,2021-01-12,514,0,10,0
Remígio,Remígio,2021-01-13,514,0,10,0
Remígio,Remígio,2021-01-14,517,3,10,0
Remígio,Remígio,2021-01-15,517,0,10,0
Remígio,Remígio,2021-01-16,517,0,10,0
Remígio,Remígio,2021-01-17,518,1,10,0
Remígio,Remígio,2021-01-18,518,0,11,1
Remígio,Remígio,2021-01-19,518,0,11,0
Remígio,Remígio,2021-01-20,520,2,11,0
Remígio,Remígio,2021-01-21,522,2,11,0
Remígio,Remígio,2021-01-22,524,2,11,0
Remígio,Remígio,2021-01-23,526,2,11,0
Remígio,Remígio,2021-01-24,526,0,11,0
Remígio,Remígio,2021-01-25,529,3,11,0
Remígio,Remígio,2021-01-26,535,6,11,0
Remígio,Remígio,2021-01-27,537,2,11,0
Remígio,Remígio,2021-01-28,538,1,11,0
Remígio,Remígio,2021-01-29,543,5,11,0
Remígio,Remígio,2021-01-30,545,2,11,0
Remígio,Remígio,2021-01-31,545,0,11,0
Remígio,Remígio,2021-02-01,547,2,11,0
Remígio,Remígio,2021-02-02,550,3,11,0
Remígio,Remígio,2021-02-03,552,2,11,0
Remígio,Remígio,2021-02-04,554,2,11,0
Remígio,Remígio,2021-02-05,554,0,11,0
Remígio,Remígio,2021-02-06,556,2,11,0
Remígio,Remígio,2021-02-07,560,4,11,0
Remígio,Remígio,2021-02-08,563,3,11,0
