city,city,date,cases,daily cases,deaths,daily deaths
Rialma,Rialma,2020-03-27,0,0,0,0
Rialma,Rialma,2020-03-28,0,0,0,0
Rialma,Rialma,2020-03-29,0,0,0,0
Rialma,Rialma,2020-03-30,0,0,0,0
Rialma,Rialma,2020-03-31,0,0,0,0
Rialma,Rialma,2020-04-01,0,0,0,0
Rialma,Rialma,2020-04-02,0,0,0,0
Rialma,Rialma,2020-04-03,0,0,0,0
Rialma,Rialma,2020-04-04,0,0,0,0
Rialma,Rialma,2020-04-05,0,0,0,0
Rialma,Rialma,2020-04-06,0,0,0,0
Rialma,Rialma,2020-04-07,0,0,0,0
Rialma,Rialma,2020-04-08,0,0,0,0
Rialma,Rialma,2020-04-09,0,0,0,0
Rialma,Rialma,2020-04-10,0,0,0,0
Rialma,Rialma,2020-04-11,2,2,0,0
Rialma,Rialma,2020-04-12,2,0,0,0
Rialma,Rialma,2020-04-13,2,0,0,0
Rialma,Rialma,2020-04-14,3,1,0,0
Rialma,Rialma,2020-04-15,3,0,0,0
Rialma,Rialma,2020-04-16,3,0,0,0
Rialma,Rialma,2020-04-17,4,1,0,0
Rialma,Rialma,2020-04-18,4,0,0,0
Rialma,Rialma,2020-04-19,4,0,0,0
Rialma,Rialma,2020-04-20,4,0,0,0
Rialma,Rialma,2020-04-21,4,0,0,0
Rialma,Rialma,2020-04-22,4,0,0,0
Rialma,Rialma,2020-04-23,4,0,0,0
Rialma,Rialma,2020-04-24,6,2,0,0
Rialma,Rialma,2020-04-25,6,0,0,0
Rialma,Rialma,2020-04-26,6,0,0,0
Rialma,Rialma,2020-04-27,6,0,0,0
Rialma,Rialma,2020-04-28,6,0,0,0
Rialma,Rialma,2020-04-29,6,0,0,0
Rialma,Rialma,2020-04-30,6,0,0,0
Rialma,Rialma,2020-05-01,6,0,0,0
Rialma,Rialma,2020-05-02,6,0,0,0
Rialma,Rialma,2020-05-03,6,0,0,0
Rialma,Rialma,2020-05-04,6,0,0,0
Rialma,Rialma,2020-05-05,6,0,0,0
Rialma,Rialma,2020-05-06,8,2,0,0
Rialma,Rialma,2020-05-07,8,0,0,0
Rialma,Rialma,2020-05-08,8,0,0,0
Rialma,Rialma,2020-05-09,8,0,0,0
Rialma,Rialma,2020-05-10,8,0,0,0
Rialma,Rialma,2020-05-11,8,0,0,0
Rialma,Rialma,2020-05-12,8,0,0,0
Rialma,Rialma,2020-05-13,8,0,0,0
Rialma,Rialma,2020-05-14,8,0,0,0
Rialma,Rialma,2020-05-15,8,0,0,0
Rialma,Rialma,2020-05-16,8,0,0,0
Rialma,Rialma,2020-05-17,8,0,0,0
Rialma,Rialma,2020-05-18,9,1,0,0
Rialma,Rialma,2020-05-19,9,0,0,0
Rialma,Rialma,2020-05-20,11,2,0,0
Rialma,Rialma,2020-05-21,11,0,0,0
Rialma,Rialma,2020-05-22,11,0,0,0
Rialma,Rialma,2020-05-23,12,1,0,0
Rialma,Rialma,2020-05-24,12,0,0,0
Rialma,Rialma,2020-05-25,12,0,0,0
Rialma,Rialma,2020-05-26,13,1,0,0
Rialma,Rialma,2020-05-27,13,0,0,0
Rialma,Rialma,2020-05-28,16,3,0,0
Rialma,Rialma,2020-05-29,16,0,0,0
Rialma,Rialma,2020-05-30,19,3,0,0
Rialma,Rialma,2020-05-31,19,0,0,0
Rialma,Rialma,2020-06-01,19,0,0,0
Rialma,Rialma,2020-06-02,20,1,0,0
Rialma,Rialma,2020-06-03,20,0,0,0
Rialma,Rialma,2020-06-04,21,1,0,0
Rialma,Rialma,2020-06-05,21,0,0,0
Rialma,Rialma,2020-06-06,21,0,0,0
Rialma,Rialma,2020-06-07,21,0,0,0
Rialma,Rialma,2020-06-08,21,0,0,0
Rialma,Rialma,2020-06-09,21,0,0,0
Rialma,Rialma,2020-06-10,21,0,0,0
Rialma,Rialma,2020-06-11,21,0,0,0
Rialma,Rialma,2020-06-12,21,0,0,0
Rialma,Rialma,2020-06-13,21,0,0,0
Rialma,Rialma,2020-06-14,21,0,0,0
Rialma,Rialma,2020-06-15,21,0,0,0
Rialma,Rialma,2020-06-16,22,1,0,0
Rialma,Rialma,2020-06-17,22,0,0,0
Rialma,Rialma,2020-06-18,24,2,0,0
Rialma,Rialma,2020-06-19,24,0,0,0
Rialma,Rialma,2020-06-20,25,1,0,0
Rialma,Rialma,2020-06-21,25,0,0,0
Rialma,Rialma,2020-06-22,25,0,0,0
Rialma,Rialma,2020-06-23,25,0,0,0
Rialma,Rialma,2020-06-24,28,3,0,0
Rialma,Rialma,2020-06-25,29,1,0,0
Rialma,Rialma,2020-06-26,30,1,0,0
Rialma,Rialma,2020-06-27,32,2,0,0
Rialma,Rialma,2020-06-28,32,0,0,0
Rialma,Rialma,2020-06-29,32,0,0,0
Rialma,Rialma,2020-06-30,34,2,0,0
Rialma,Rialma,2020-07-01,35,1,0,0
Rialma,Rialma,2020-07-02,35,0,0,0
Rialma,Rialma,2020-07-03,35,0,0,0
Rialma,Rialma,2020-07-04,36,1,0,0
Rialma,Rialma,2020-07-05,36,0,0,0
Rialma,Rialma,2020-07-06,36,0,0,0
Rialma,Rialma,2020-07-07,41,5,0,0
Rialma,Rialma,2020-07-08,42,1,0,0
Rialma,Rialma,2020-07-09,42,0,0,0
Rialma,Rialma,2020-07-10,42,0,0,0
Rialma,Rialma,2020-07-11,42,0,0,0
Rialma,Rialma,2020-07-12,42,0,0,0
Rialma,Rialma,2020-07-13,42,0,0,0
Rialma,Rialma,2020-07-14,42,0,0,0
Rialma,Rialma,2020-07-15,46,4,0,0
Rialma,Rialma,2020-07-16,46,0,0,0
Rialma,Rialma,2020-07-17,46,0,0,0
Rialma,Rialma,2020-07-18,46,0,0,0
Rialma,Rialma,2020-07-19,46,0,0,0
Rialma,Rialma,2020-07-20,46,0,0,0
Rialma,Rialma,2020-07-21,48,2,0,0
Rialma,Rialma,2020-07-22,49,1,0,0
Rialma,Rialma,2020-07-23,50,1,0,0
Rialma,Rialma,2020-07-24,66,16,0,0
Rialma,Rialma,2020-07-25,94,28,1,1
Rialma,Rialma,2020-07-26,95,1,1,0
Rialma,Rialma,2020-07-27,102,7,1,0
Rialma,Rialma,2020-07-28,135,33,1,0
Rialma,Rialma,2020-07-29,145,10,1,0
Rialma,Rialma,2020-07-30,150,5,1,0
Rialma,Rialma,2020-07-31,154,4,1,0
Rialma,Rialma,2020-08-01,155,1,1,0
Rialma,Rialma,2020-08-02,155,0,1,0
Rialma,Rialma,2020-08-03,155,0,1,0
Rialma,Rialma,2020-08-04,160,5,1,0
Rialma,Rialma,2020-08-05,175,15,1,0
Rialma,Rialma,2020-08-06,180,5,1,0
Rialma,Rialma,2020-08-07,186,6,1,0
Rialma,Rialma,2020-08-08,193,7,1,0
Rialma,Rialma,2020-08-09,193,0,1,0
Rialma,Rialma,2020-08-10,195,2,1,0
Rialma,Rialma,2020-08-11,217,22,1,0
Rialma,Rialma,2020-08-12,219,2,1,0
Rialma,Rialma,2020-08-13,220,1,1,0
Rialma,Rialma,2020-08-14,226,6,1,0
Rialma,Rialma,2020-08-15,234,8,1,0
Rialma,Rialma,2020-08-16,234,0,1,0
Rialma,Rialma,2020-08-17,234,0,1,0
Rialma,Rialma,2020-08-18,239,5,1,0
Rialma,Rialma,2020-08-19,250,11,1,0
Rialma,Rialma,2020-08-20,253,3,1,0
Rialma,Rialma,2020-08-21,258,5,1,0
Rialma,Rialma,2020-08-22,261,3,2,1
Rialma,Rialma,2020-08-23,261,0,2,0
Rialma,Rialma,2020-08-24,267,6,2,0
Rialma,Rialma,2020-08-25,295,28,3,1
Rialma,Rialma,2020-08-26,306,11,3,0
Rialma,Rialma,2020-08-27,316,10,3,0
Rialma,Rialma,2020-08-28,321,5,3,0
Rialma,Rialma,2020-08-29,324,3,4,1
Rialma,Rialma,2020-08-30,324,0,4,0
Rialma,Rialma,2020-08-31,326,2,4,0
Rialma,Rialma,2020-09-01,339,13,4,0
Rialma,Rialma,2020-09-02,340,1,4,0
Rialma,Rialma,2020-09-03,345,5,4,0
Rialma,Rialma,2020-09-04,349,4,4,0
Rialma,Rialma,2020-09-05,349,0,4,0
Rialma,Rialma,2020-09-06,349,0,4,0
Rialma,Rialma,2020-09-07,349,0,4,0
Rialma,Rialma,2020-09-08,350,1,4,0
Rialma,Rialma,2020-09-09,350,0,4,0
Rialma,Rialma,2020-09-10,358,8,5,1
Rialma,Rialma,2020-09-11,363,5,7,2
Rialma,Rialma,2020-09-12,364,1,8,1
Rialma,Rialma,2020-09-13,364,0,8,0
Rialma,Rialma,2020-09-14,364,0,8,0
Rialma,Rialma,2020-09-15,367,3,8,0
Rialma,Rialma,2020-09-16,372,5,9,1
Rialma,Rialma,2020-09-17,372,0,9,0
Rialma,Rialma,2020-09-18,372,0,9,0
Rialma,Rialma,2020-09-19,372,0,9,0
Rialma,Rialma,2020-09-20,371,-1,9,0
Rialma,Rialma,2020-09-21,371,0,9,0
Rialma,Rialma,2020-09-22,378,7,9,0
Rialma,Rialma,2020-09-23,392,14,9,0
Rialma,Rialma,2020-09-24,394,2,9,0
Rialma,Rialma,2020-09-25,396,2,10,1
Rialma,Rialma,2020-09-26,396,0,10,0
Rialma,Rialma,2020-09-27,396,0,10,0
Rialma,Rialma,2020-09-28,397,1,10,0
Rialma,Rialma,2020-09-29,403,6,10,0
Rialma,Rialma,2020-09-30,416,13,10,0
Rialma,Rialma,2020-10-01,428,12,10,0
Rialma,Rialma,2020-10-02,428,0,10,0
Rialma,Rialma,2020-10-03,429,1,10,0
Rialma,Rialma,2020-10-04,429,0,10,0
Rialma,Rialma,2020-10-05,428,-1,10,0
Rialma,Rialma,2020-10-06,459,31,11,1
Rialma,Rialma,2020-10-07,487,28,11,0
Rialma,Rialma,2020-10-08,488,1,11,0
Rialma,Rialma,2020-10-09,488,0,11,0
Rialma,Rialma,2020-10-10,488,0,11,0
Rialma,Rialma,2020-10-11,488,0,11,0
Rialma,Rialma,2020-10-12,488,0,11,0
Rialma,Rialma,2020-10-13,487,-1,11,0
Rialma,Rialma,2020-10-14,489,2,11,0
Rialma,Rialma,2020-10-15,494,5,11,0
Rialma,Rialma,2020-10-16,493,-1,11,0
Rialma,Rialma,2020-10-17,495,2,11,0
Rialma,Rialma,2020-10-18,495,0,11,0
Rialma,Rialma,2020-10-19,496,1,11,0
Rialma,Rialma,2020-10-20,497,1,11,0
Rialma,Rialma,2020-10-21,501,4,11,0
Rialma,Rialma,2020-10-22,504,3,11,0
Rialma,Rialma,2020-10-23,505,1,11,0
Rialma,Rialma,2020-10-24,508,3,11,0
Rialma,Rialma,2020-10-25,508,0,11,0
Rialma,Rialma,2020-10-26,510,2,11,0
Rialma,Rialma,2020-10-27,511,1,11,0
Rialma,Rialma,2020-10-28,511,0,11,0
Rialma,Rialma,2020-10-29,511,0,11,0
Rialma,Rialma,2020-10-30,513,2,11,0
Rialma,Rialma,2020-10-31,513,0,11,0
Rialma,Rialma,2020-11-01,513,0,11,0
Rialma,Rialma,2020-11-02,514,1,11,0
Rialma,Rialma,2020-11-03,515,1,11,0
Rialma,Rialma,2020-11-04,515,0,11,0
Rialma,Rialma,2020-11-05,515,0,11,0
Rialma,Rialma,2020-11-06,515,0,11,0
Rialma,Rialma,2020-11-07,516,1,11,0
Rialma,Rialma,2020-11-08,516,0,11,0
Rialma,Rialma,2020-11-09,516,0,11,0
Rialma,Rialma,2020-11-10,516,0,11,0
Rialma,Rialma,2020-11-11,516,0,11,0
Rialma,Rialma,2020-11-12,519,3,11,0
Rialma,Rialma,2020-11-13,519,0,11,0
Rialma,Rialma,2020-11-14,523,4,11,0
Rialma,Rialma,2020-11-15,523,0,11,0
Rialma,Rialma,2020-11-16,523,0,11,0
Rialma,Rialma,2020-11-17,523,0,11,0
Rialma,Rialma,2020-11-18,523,0,12,1
Rialma,Rialma,2020-11-19,523,0,12,0
Rialma,Rialma,2020-11-20,529,6,13,1
Rialma,Rialma,2020-11-21,529,0,13,0
Rialma,Rialma,2020-11-22,529,0,13,0
Rialma,Rialma,2020-11-23,529,0,13,0
Rialma,Rialma,2020-11-24,531,2,13,0
Rialma,Rialma,2020-11-25,531,0,13,0
Rialma,Rialma,2020-11-26,535,4,13,0
Rialma,Rialma,2020-11-27,535,0,13,0
Rialma,Rialma,2020-11-28,546,11,13,0
Rialma,Rialma,2020-11-29,546,0,13,0
Rialma,Rialma,2020-11-30,552,6,13,0
Rialma,Rialma,2020-12-01,560,8,13,0
Rialma,Rialma,2020-12-02,566,6,13,0
Rialma,Rialma,2020-12-03,566,0,13,0
Rialma,Rialma,2020-12-04,568,2,13,0
Rialma,Rialma,2020-12-05,584,16,13,0
Rialma,Rialma,2020-12-06,584,0,13,0
Rialma,Rialma,2020-12-07,590,6,13,0
Rialma,Rialma,2020-12-08,600,10,13,0
Rialma,Rialma,2020-12-09,600,0,13,0
Rialma,Rialma,2020-12-10,605,5,13,0
Rialma,Rialma,2020-12-11,608,3,14,1
Rialma,Rialma,2020-12-12,608,0,14,0
Rialma,Rialma,2020-12-13,608,0,14,0
Rialma,Rialma,2020-12-14,611,3,14,0
Rialma,Rialma,2020-12-15,612,1,14,0
Rialma,Rialma,2020-12-16,613,1,14,0
Rialma,Rialma,2020-12-17,625,12,14,0
Rialma,Rialma,2020-12-18,626,1,14,0
Rialma,Rialma,2020-12-19,626,0,14,0
Rialma,Rialma,2020-12-20,626,0,14,0
Rialma,Rialma,2020-12-21,626,0,14,0
Rialma,Rialma,2020-12-22,626,0,14,0
Rialma,Rialma,2020-12-23,626,0,14,0
Rialma,Rialma,2020-12-24,626,0,14,0
Rialma,Rialma,2020-12-25,626,0,14,0
Rialma,Rialma,2020-12-26,626,0,14,0
Rialma,Rialma,2020-12-27,626,0,14,0
Rialma,Rialma,2020-12-28,625,-1,14,0
Rialma,Rialma,2020-12-29,624,-1,14,0
Rialma,Rialma,2020-12-30,628,4,14,0
Rialma,Rialma,2020-12-31,628,0,14,0
Rialma,Rialma,2021-01-01,628,0,14,0
Rialma,Rialma,2021-01-02,628,0,14,0
Rialma,Rialma,2021-01-03,628,0,14,0
Rialma,Rialma,2021-01-04,628,0,14,0
Rialma,Rialma,2021-01-05,628,0,14,0
Rialma,Rialma,2021-01-06,628,0,14,0
Rialma,Rialma,2021-01-07,628,0,14,0
Rialma,Rialma,2021-01-08,628,0,14,0
Rialma,Rialma,2021-01-09,628,0,14,0
Rialma,Rialma,2021-01-10,628,0,14,0
Rialma,Rialma,2021-01-11,628,0,14,0
Rialma,Rialma,2021-01-12,629,1,14,0
Rialma,Rialma,2021-01-13,630,1,14,0
Rialma,Rialma,2021-01-14,630,0,14,0
Rialma,Rialma,2021-01-15,630,0,14,0
Rialma,Rialma,2021-01-16,631,1,14,0
Rialma,Rialma,2021-01-17,631,0,14,0
Rialma,Rialma,2021-01-18,631,0,14,0
Rialma,Rialma,2021-01-19,661,30,14,0
Rialma,Rialma,2021-01-20,662,1,14,0
Rialma,Rialma,2021-01-21,693,31,14,0
Rialma,Rialma,2021-01-22,717,24,14,0
Rialma,Rialma,2021-01-23,726,9,14,0
Rialma,Rialma,2021-01-24,726,0,14,0
Rialma,Rialma,2021-01-25,729,3,14,0
Rialma,Rialma,2021-01-26,729,0,14,0
Rialma,Rialma,2021-01-27,729,0,14,0
Rialma,Rialma,2021-01-28,742,13,14,0
Rialma,Rialma,2021-01-29,744,2,14,0
Rialma,Rialma,2021-01-30,744,0,14,0
Rialma,Rialma,2021-01-31,744,0,14,0
Rialma,Rialma,2021-02-01,745,1,14,0
Rialma,Rialma,2021-02-02,762,17,14,0
Rialma,Rialma,2021-02-03,766,4,14,0
Rialma,Rialma,2021-02-04,767,1,14,0
Rialma,Rialma,2021-02-05,772,5,15,1
Rialma,Rialma,2021-02-06,772,0,15,0
Rialma,Rialma,2021-02-07,772,0,15,0
Rialma,Rialma,2021-02-08,773,1,15,0
