city,city,date,cases,daily cases,deaths,daily deaths
Rio Pardo,Rio Pardo,2020-03-27,0,0,0,0
Rio Pardo,Rio Pardo,2020-03-28,0,0,0,0
Rio Pardo,Rio Pardo,2020-03-29,0,0,0,0
Rio Pardo,Rio Pardo,2020-03-30,0,0,0,0
Rio Pardo,Rio Pardo,2020-03-31,0,0,0,0
Rio Pardo,Rio Pardo,2020-04-01,0,0,0,0
Rio Pardo,Rio Pardo,2020-04-02,0,0,0,0
Rio Pardo,Rio Pardo,2020-04-03,0,0,0,0
Rio Pardo,Rio Pardo,2020-04-04,0,0,0,0
Rio Pardo,Rio Pardo,2020-04-05,0,0,0,0
Rio Pardo,Rio Pardo,2020-04-06,0,0,0,0
Rio Pardo,Rio Pardo,2020-04-07,0,0,0,0
Rio Pardo,Rio Pardo,2020-04-08,0,0,0,0
Rio Pardo,Rio Pardo,2020-04-09,0,0,0,0
Rio Pardo,Rio Pardo,2020-04-10,0,0,0,0
Rio Pardo,Rio Pardo,2020-04-11,0,0,0,0
Rio Pardo,Rio Pardo,2020-04-12,0,0,0,0
Rio Pardo,Rio Pardo,2020-04-13,0,0,0,0
Rio Pardo,Rio Pardo,2020-04-14,1,1,0,0
Rio Pardo,Rio Pardo,2020-04-15,1,0,0,0
Rio Pardo,Rio Pardo,2020-04-16,1,0,0,0
Rio Pardo,Rio Pardo,2020-04-17,1,0,0,0
Rio Pardo,Rio Pardo,2020-04-18,1,0,0,0
Rio Pardo,Rio Pardo,2020-04-19,1,0,0,0
Rio Pardo,Rio Pardo,2020-04-20,1,0,0,0
Rio Pardo,Rio Pardo,2020-04-21,1,0,0,0
Rio Pardo,Rio Pardo,2020-04-22,1,0,0,0
Rio Pardo,Rio Pardo,2020-04-23,1,0,0,0
Rio Pardo,Rio Pardo,2020-04-24,1,0,0,0
Rio Pardo,Rio Pardo,2020-04-25,1,0,0,0
Rio Pardo,Rio Pardo,2020-04-26,1,0,0,0
Rio Pardo,Rio Pardo,2020-04-27,1,0,0,0
Rio Pardo,Rio Pardo,2020-04-28,1,0,0,0
Rio Pardo,Rio Pardo,2020-04-29,1,0,0,0
Rio Pardo,Rio Pardo,2020-04-30,1,0,0,0
Rio Pardo,Rio Pardo,2020-05-01,1,0,0,0
Rio Pardo,Rio Pardo,2020-05-02,1,0,0,0
Rio Pardo,Rio Pardo,2020-05-03,1,0,0,0
Rio Pardo,Rio Pardo,2020-05-04,1,0,0,0
Rio Pardo,Rio Pardo,2020-05-05,1,0,0,0
Rio Pardo,Rio Pardo,2020-05-06,1,0,0,0
Rio Pardo,Rio Pardo,2020-05-07,1,0,0,0
Rio Pardo,Rio Pardo,2020-05-08,2,1,0,0
Rio Pardo,Rio Pardo,2020-05-09,2,0,0,0
Rio Pardo,Rio Pardo,2020-05-10,2,0,0,0
Rio Pardo,Rio Pardo,2020-05-11,2,0,0,0
Rio Pardo,Rio Pardo,2020-05-12,3,1,0,0
Rio Pardo,Rio Pardo,2020-05-13,3,0,0,0
Rio Pardo,Rio Pardo,2020-05-14,3,0,0,0
Rio Pardo,Rio Pardo,2020-05-15,3,0,0,0
Rio Pardo,Rio Pardo,2020-05-16,3,0,0,0
Rio Pardo,Rio Pardo,2020-05-17,3,0,0,0
Rio Pardo,Rio Pardo,2020-05-18,3,0,0,0
Rio Pardo,Rio Pardo,2020-05-19,3,0,0,0
Rio Pardo,Rio Pardo,2020-05-20,3,0,0,0
Rio Pardo,Rio Pardo,2020-05-21,3,0,0,0
Rio Pardo,Rio Pardo,2020-05-22,3,0,0,0
Rio Pardo,Rio Pardo,2020-05-23,3,0,0,0
Rio Pardo,Rio Pardo,2020-05-24,3,0,0,0
Rio Pardo,Rio Pardo,2020-05-25,3,0,0,0
Rio Pardo,Rio Pardo,2020-05-26,3,0,0,0
Rio Pardo,Rio Pardo,2020-05-27,3,0,0,0
Rio Pardo,Rio Pardo,2020-05-28,3,0,0,0
Rio Pardo,Rio Pardo,2020-05-29,3,0,0,0
Rio Pardo,Rio Pardo,2020-05-30,4,1,0,0
Rio Pardo,Rio Pardo,2020-05-31,4,0,0,0
Rio Pardo,Rio Pardo,2020-06-01,4,0,0,0
Rio Pardo,Rio Pardo,2020-06-02,4,0,0,0
Rio Pardo,Rio Pardo,2020-06-03,4,0,0,0
Rio Pardo,Rio Pardo,2020-06-04,4,0,0,0
Rio Pardo,Rio Pardo,2020-06-05,4,0,0,0
Rio Pardo,Rio Pardo,2020-06-06,4,0,0,0
Rio Pardo,Rio Pardo,2020-06-07,4,0,0,0
Rio Pardo,Rio Pardo,2020-06-08,4,0,0,0
Rio Pardo,Rio Pardo,2020-06-09,4,0,0,0
Rio Pardo,Rio Pardo,2020-06-10,5,1,0,0
Rio Pardo,Rio Pardo,2020-06-11,5,0,0,0
Rio Pardo,Rio Pardo,2020-06-12,5,0,0,0
Rio Pardo,Rio Pardo,2020-06-13,5,0,0,0
Rio Pardo,Rio Pardo,2020-06-14,5,0,0,0
Rio Pardo,Rio Pardo,2020-06-15,5,0,0,0
Rio Pardo,Rio Pardo,2020-06-16,5,0,0,0
Rio Pardo,Rio Pardo,2020-06-17,6,1,0,0
Rio Pardo,Rio Pardo,2020-06-18,6,0,0,0
Rio Pardo,Rio Pardo,2020-06-19,7,1,0,0
Rio Pardo,Rio Pardo,2020-06-20,7,0,0,0
Rio Pardo,Rio Pardo,2020-06-21,7,0,0,0
Rio Pardo,Rio Pardo,2020-06-22,7,0,0,0
Rio Pardo,Rio Pardo,2020-06-23,8,1,0,0
Rio Pardo,Rio Pardo,2020-06-24,10,2,0,0
Rio Pardo,Rio Pardo,2020-06-25,12,2,0,0
Rio Pardo,Rio Pardo,2020-06-26,16,4,0,0
Rio Pardo,Rio Pardo,2020-06-27,17,1,0,0
Rio Pardo,Rio Pardo,2020-06-28,17,0,0,0
Rio Pardo,Rio Pardo,2020-06-29,20,3,3,3
Rio Pardo,Rio Pardo,2020-06-30,22,2,3,0
Rio Pardo,Rio Pardo,2020-07-01,23,1,3,0
Rio Pardo,Rio Pardo,2020-07-02,29,6,3,0
Rio Pardo,Rio Pardo,2020-07-03,29,0,3,0
Rio Pardo,Rio Pardo,2020-07-04,29,0,3,0
Rio Pardo,Rio Pardo,2020-07-05,29,0,3,0
Rio Pardo,Rio Pardo,2020-07-06,34,5,3,0
Rio Pardo,Rio Pardo,2020-07-07,35,1,3,0
Rio Pardo,Rio Pardo,2020-07-08,39,4,3,0
Rio Pardo,Rio Pardo,2020-07-09,50,11,3,0
Rio Pardo,Rio Pardo,2020-07-10,53,3,3,0
Rio Pardo,Rio Pardo,2020-07-11,59,6,4,1
Rio Pardo,Rio Pardo,2020-07-12,63,4,4,0
Rio Pardo,Rio Pardo,2020-07-13,63,0,4,0
Rio Pardo,Rio Pardo,2020-07-14,64,1,4,0
Rio Pardo,Rio Pardo,2020-07-15,66,2,6,2
Rio Pardo,Rio Pardo,2020-07-16,68,2,6,0
Rio Pardo,Rio Pardo,2020-07-17,70,2,6,0
Rio Pardo,Rio Pardo,2020-07-18,71,1,7,1
Rio Pardo,Rio Pardo,2020-07-19,73,2,8,1
Rio Pardo,Rio Pardo,2020-07-20,73,0,8,0
Rio Pardo,Rio Pardo,2020-07-21,73,0,8,0
Rio Pardo,Rio Pardo,2020-07-22,92,19,9,1
Rio Pardo,Rio Pardo,2020-07-23,93,1,9,0
Rio Pardo,Rio Pardo,2020-07-24,94,1,9,0
Rio Pardo,Rio Pardo,2020-07-25,97,3,9,0
Rio Pardo,Rio Pardo,2020-07-26,100,3,9,0
Rio Pardo,Rio Pardo,2020-07-27,100,0,9,0
Rio Pardo,Rio Pardo,2020-07-28,101,1,9,0
Rio Pardo,Rio Pardo,2020-07-29,108,7,9,0
Rio Pardo,Rio Pardo,2020-07-30,108,0,9,0
Rio Pardo,Rio Pardo,2020-07-31,108,0,9,0
Rio Pardo,Rio Pardo,2020-08-01,110,2,10,1
Rio Pardo,Rio Pardo,2020-08-02,110,0,10,0
Rio Pardo,Rio Pardo,2020-08-03,110,0,10,0
Rio Pardo,Rio Pardo,2020-08-04,110,0,10,0
Rio Pardo,Rio Pardo,2020-08-05,111,1,10,0
Rio Pardo,Rio Pardo,2020-08-06,150,39,11,1
Rio Pardo,Rio Pardo,2020-08-07,151,1,12,1
Rio Pardo,Rio Pardo,2020-08-08,187,36,12,0
Rio Pardo,Rio Pardo,2020-08-09,187,0,12,0
Rio Pardo,Rio Pardo,2020-08-10,187,0,12,0
Rio Pardo,Rio Pardo,2020-08-11,193,6,12,0
Rio Pardo,Rio Pardo,2020-08-12,197,4,12,0
Rio Pardo,Rio Pardo,2020-08-13,200,3,12,0
Rio Pardo,Rio Pardo,2020-08-14,207,7,12,0
Rio Pardo,Rio Pardo,2020-08-15,208,1,12,0
Rio Pardo,Rio Pardo,2020-08-16,208,0,12,0
Rio Pardo,Rio Pardo,2020-08-17,208,0,12,0
Rio Pardo,Rio Pardo,2020-08-18,208,0,12,0
Rio Pardo,Rio Pardo,2020-08-19,217,9,12,0
Rio Pardo,Rio Pardo,2020-08-20,218,1,12,0
Rio Pardo,Rio Pardo,2020-08-21,218,0,12,0
Rio Pardo,Rio Pardo,2020-08-22,225,7,12,0
Rio Pardo,Rio Pardo,2020-08-23,226,1,12,0
Rio Pardo,Rio Pardo,2020-08-24,226,0,12,0
Rio Pardo,Rio Pardo,2020-08-25,233,7,12,0
Rio Pardo,Rio Pardo,2020-08-26,241,8,12,0
Rio Pardo,Rio Pardo,2020-08-27,261,20,12,0
Rio Pardo,Rio Pardo,2020-08-28,270,9,12,0
Rio Pardo,Rio Pardo,2020-08-29,280,10,13,1
Rio Pardo,Rio Pardo,2020-08-30,280,0,13,0
Rio Pardo,Rio Pardo,2020-08-31,281,1,13,0
Rio Pardo,Rio Pardo,2020-09-01,282,1,13,0
Rio Pardo,Rio Pardo,2020-09-02,285,3,14,1
Rio Pardo,Rio Pardo,2020-09-03,293,8,14,0
Rio Pardo,Rio Pardo,2020-09-04,298,5,14,0
Rio Pardo,Rio Pardo,2020-09-05,304,6,14,0
Rio Pardo,Rio Pardo,2020-09-06,304,0,14,0
Rio Pardo,Rio Pardo,2020-09-07,304,0,14,0
Rio Pardo,Rio Pardo,2020-09-08,304,0,14,0
Rio Pardo,Rio Pardo,2020-09-09,305,1,14,0
Rio Pardo,Rio Pardo,2020-09-10,318,13,14,0
Rio Pardo,Rio Pardo,2020-09-11,319,1,14,0
Rio Pardo,Rio Pardo,2020-09-12,369,50,14,0
Rio Pardo,Rio Pardo,2020-09-13,369,0,14,0
Rio Pardo,Rio Pardo,2020-09-14,369,0,14,0
Rio Pardo,Rio Pardo,2020-09-15,373,4,14,0
Rio Pardo,Rio Pardo,2020-09-16,374,1,14,0
Rio Pardo,Rio Pardo,2020-09-17,376,2,14,0
Rio Pardo,Rio Pardo,2020-09-18,378,2,14,0
Rio Pardo,Rio Pardo,2020-09-19,383,5,14,0
Rio Pardo,Rio Pardo,2020-09-20,383,0,14,0
Rio Pardo,Rio Pardo,2020-09-21,385,2,14,0
Rio Pardo,Rio Pardo,2020-09-22,387,2,14,0
Rio Pardo,Rio Pardo,2020-09-23,387,0,14,0
Rio Pardo,Rio Pardo,2020-09-24,388,1,14,0
Rio Pardo,Rio Pardo,2020-09-25,392,4,14,0
Rio Pardo,Rio Pardo,2020-09-26,392,0,14,0
Rio Pardo,Rio Pardo,2020-09-27,392,0,14,0
Rio Pardo,Rio Pardo,2020-09-28,392,0,14,0
Rio Pardo,Rio Pardo,2020-09-29,394,2,14,0
Rio Pardo,Rio Pardo,2020-09-30,395,1,14,0
Rio Pardo,Rio Pardo,2020-10-01,396,1,14,0
Rio Pardo,Rio Pardo,2020-10-02,429,33,14,0
Rio Pardo,Rio Pardo,2020-10-03,431,2,14,0
Rio Pardo,Rio Pardo,2020-10-04,431,0,14,0
Rio Pardo,Rio Pardo,2020-10-05,431,0,14,0
Rio Pardo,Rio Pardo,2020-10-06,432,1,14,0
Rio Pardo,Rio Pardo,2020-10-07,434,2,14,0
Rio Pardo,Rio Pardo,2020-10-08,437,3,14,0
Rio Pardo,Rio Pardo,2020-10-09,447,10,14,0
Rio Pardo,Rio Pardo,2020-10-10,448,1,14,0
Rio Pardo,Rio Pardo,2020-10-11,448,0,14,0
Rio Pardo,Rio Pardo,2020-10-12,448,0,14,0
Rio Pardo,Rio Pardo,2020-10-13,448,0,14,0
Rio Pardo,Rio Pardo,2020-10-14,451,3,14,0
Rio Pardo,Rio Pardo,2020-10-15,451,0,14,0
Rio Pardo,Rio Pardo,2020-10-16,452,1,14,0
Rio Pardo,Rio Pardo,2020-10-17,455,3,14,0
Rio Pardo,Rio Pardo,2020-10-18,456,1,14,0
Rio Pardo,Rio Pardo,2020-10-19,457,1,14,0
Rio Pardo,Rio Pardo,2020-10-20,458,1,14,0
Rio Pardo,Rio Pardo,2020-10-21,459,1,14,0
Rio Pardo,Rio Pardo,2020-10-22,460,1,14,0
Rio Pardo,Rio Pardo,2020-10-23,460,0,14,0
Rio Pardo,Rio Pardo,2020-10-24,463,3,14,0
Rio Pardo,Rio Pardo,2020-10-25,463,0,14,0
Rio Pardo,Rio Pardo,2020-10-26,463,0,14,0
Rio Pardo,Rio Pardo,2020-10-27,463,0,14,0
Rio Pardo,Rio Pardo,2020-10-28,463,0,14,0
Rio Pardo,Rio Pardo,2020-10-29,466,3,14,0
Rio Pardo,Rio Pardo,2020-10-30,466,0,14,0
Rio Pardo,Rio Pardo,2020-10-31,466,0,14,0
Rio Pardo,Rio Pardo,2020-11-01,466,0,14,0
Rio Pardo,Rio Pardo,2020-11-02,467,1,14,0
Rio Pardo,Rio Pardo,2020-11-03,468,1,14,0
Rio Pardo,Rio Pardo,2020-11-04,469,1,14,0
Rio Pardo,Rio Pardo,2020-11-05,470,1,14,0
Rio Pardo,Rio Pardo,2020-11-06,472,2,14,0
Rio Pardo,Rio Pardo,2020-11-07,473,1,14,0
Rio Pardo,Rio Pardo,2020-11-08,473,0,14,0
Rio Pardo,Rio Pardo,2020-11-09,473,0,14,0
Rio Pardo,Rio Pardo,2020-11-10,474,1,14,0
Rio Pardo,Rio Pardo,2020-11-11,476,2,14,0
Rio Pardo,Rio Pardo,2020-11-12,482,6,14,0
Rio Pardo,Rio Pardo,2020-11-13,485,3,14,0
Rio Pardo,Rio Pardo,2020-11-14,487,2,14,0
Rio Pardo,Rio Pardo,2020-11-15,487,0,14,0
Rio Pardo,Rio Pardo,2020-11-16,488,1,15,1
Rio Pardo,Rio Pardo,2020-11-17,502,14,15,0
Rio Pardo,Rio Pardo,2020-11-18,501,-1,15,0
Rio Pardo,Rio Pardo,2020-11-19,509,8,16,1
Rio Pardo,Rio Pardo,2020-11-20,511,2,16,0
Rio Pardo,Rio Pardo,2020-11-21,516,5,16,0
Rio Pardo,Rio Pardo,2020-11-22,516,0,16,0
Rio Pardo,Rio Pardo,2020-11-23,516,0,17,1
Rio Pardo,Rio Pardo,2020-11-24,523,7,17,0
Rio Pardo,Rio Pardo,2020-11-25,529,6,17,0
Rio Pardo,Rio Pardo,2020-11-26,529,0,17,0
Rio Pardo,Rio Pardo,2020-11-27,531,2,17,0
Rio Pardo,Rio Pardo,2020-11-28,553,22,17,0
Rio Pardo,Rio Pardo,2020-11-29,554,1,17,0
Rio Pardo,Rio Pardo,2020-11-30,554,0,17,0
Rio Pardo,Rio Pardo,2020-12-01,558,4,17,0
Rio Pardo,Rio Pardo,2020-12-02,568,10,17,0
Rio Pardo,Rio Pardo,2020-12-03,577,9,17,0
Rio Pardo,Rio Pardo,2020-12-04,579,2,18,1
Rio Pardo,Rio Pardo,2020-12-05,580,1,18,0
Rio Pardo,Rio Pardo,2020-12-06,581,1,18,0
Rio Pardo,Rio Pardo,2020-12-07,581,0,18,0
Rio Pardo,Rio Pardo,2020-12-08,605,24,18,0
Rio Pardo,Rio Pardo,2020-12-09,609,4,18,0
Rio Pardo,Rio Pardo,2020-12-10,612,3,18,0
Rio Pardo,Rio Pardo,2020-12-11,619,7,18,0
Rio Pardo,Rio Pardo,2020-12-12,627,8,18,0
Rio Pardo,Rio Pardo,2020-12-13,629,2,18,0
Rio Pardo,Rio Pardo,2020-12-14,634,5,18,0
Rio Pardo,Rio Pardo,2020-12-15,637,3,18,0
Rio Pardo,Rio Pardo,2020-12-16,640,3,18,0
Rio Pardo,Rio Pardo,2020-12-17,645,5,18,0
Rio Pardo,Rio Pardo,2020-12-18,655,10,18,0
Rio Pardo,Rio Pardo,2020-12-19,655,0,18,0
Rio Pardo,Rio Pardo,2020-12-20,655,0,18,0
Rio Pardo,Rio Pardo,2020-12-21,655,0,18,0
Rio Pardo,Rio Pardo,2020-12-22,666,11,18,0
Rio Pardo,Rio Pardo,2020-12-23,665,-1,19,1
Rio Pardo,Rio Pardo,2020-12-24,674,9,19,0
Rio Pardo,Rio Pardo,2020-12-25,674,0,19,0
Rio Pardo,Rio Pardo,2020-12-26,675,1,19,0
Rio Pardo,Rio Pardo,2020-12-27,675,0,19,0
Rio Pardo,Rio Pardo,2020-12-28,675,0,19,0
Rio Pardo,Rio Pardo,2020-12-29,687,12,19,0
Rio Pardo,Rio Pardo,2020-12-30,689,2,19,0
Rio Pardo,Rio Pardo,2020-12-31,696,7,19,0
Rio Pardo,Rio Pardo,2021-01-01,697,1,19,0
Rio Pardo,Rio Pardo,2021-01-02,697,0,19,0
Rio Pardo,Rio Pardo,2021-01-03,698,1,19,0
Rio Pardo,Rio Pardo,2021-01-04,698,0,19,0
Rio Pardo,Rio Pardo,2021-01-05,710,12,19,0
Rio Pardo,Rio Pardo,2021-01-06,711,1,19,0
Rio Pardo,Rio Pardo,2021-01-07,711,0,20,1
Rio Pardo,Rio Pardo,2021-01-08,714,3,20,0
Rio Pardo,Rio Pardo,2021-01-09,727,13,20,0
Rio Pardo,Rio Pardo,2021-01-10,728,1,20,0
Rio Pardo,Rio Pardo,2021-01-11,728,0,20,0
Rio Pardo,Rio Pardo,2021-01-12,734,6,21,1
Rio Pardo,Rio Pardo,2021-01-13,734,0,21,0
Rio Pardo,Rio Pardo,2021-01-14,752,18,22,1
Rio Pardo,Rio Pardo,2021-01-15,757,5,23,1
Rio Pardo,Rio Pardo,2021-01-16,763,6,23,0
Rio Pardo,Rio Pardo,2021-01-17,763,0,23,0
Rio Pardo,Rio Pardo,2021-01-18,763,0,23,0
Rio Pardo,Rio Pardo,2021-01-19,770,7,23,0
Rio Pardo,Rio Pardo,2021-01-20,772,2,24,1
Rio Pardo,Rio Pardo,2021-01-21,783,11,24,0
Rio Pardo,Rio Pardo,2021-01-22,783,0,25,1
Rio Pardo,Rio Pardo,2021-01-23,791,8,25,0
Rio Pardo,Rio Pardo,2021-01-24,791,0,25,0
Rio Pardo,Rio Pardo,2021-01-25,792,1,25,0
Rio Pardo,Rio Pardo,2021-01-26,803,11,25,0
Rio Pardo,Rio Pardo,2021-01-27,803,0,25,0
Rio Pardo,Rio Pardo,2021-01-28,809,6,25,0
Rio Pardo,Rio Pardo,2021-01-29,824,15,26,1
Rio Pardo,Rio Pardo,2021-01-30,832,8,26,0
Rio Pardo,Rio Pardo,2021-01-31,833,1,26,0
Rio Pardo,Rio Pardo,2021-02-01,833,0,27,1
Rio Pardo,Rio Pardo,2021-02-02,844,11,27,0
Rio Pardo,Rio Pardo,2021-02-03,844,0,28,1
Rio Pardo,Rio Pardo,2021-02-04,850,6,28,0
Rio Pardo,Rio Pardo,2021-02-05,853,3,28,0
Rio Pardo,Rio Pardo,2021-02-06,853,0,28,0
Rio Pardo,Rio Pardo,2021-02-07,853,0,28,0
Rio Pardo,Rio Pardo,2021-02-08,853,0,28,0
