city,date,cases,daily cases,deaths,daily deaths,daily cases moving average,daily deaths moving average
Roteiro,2020-03-27,0,0,0,0,,
Roteiro,2020-03-28,0,0,0,0,,
Roteiro,2020-03-29,0,0,0,0,,
Roteiro,2020-03-30,0,0,0,0,,
Roteiro,2020-03-31,0,0,0,0,,
Roteiro,2020-04-01,0,0,0,0,,
Roteiro,2020-04-02,0,0,0,0,0.0,0.0
Roteiro,2020-04-03,0,0,0,0,0.0,0.0
Roteiro,2020-04-04,0,0,0,0,0.0,0.0
Roteiro,2020-04-05,0,0,0,0,0.0,0.0
Roteiro,2020-04-06,0,0,0,0,0.0,0.0
Roteiro,2020-04-07,0,0,0,0,0.0,0.0
Roteiro,2020-04-08,0,0,0,0,0.0,0.0
Roteiro,2020-04-09,0,0,0,0,0.0,0.0
Roteiro,2020-04-10,0,0,0,0,0.0,0.0
Roteiro,2020-04-11,0,0,0,0,0.0,0.0
Roteiro,2020-04-12,0,0,0,0,0.0,0.0
Roteiro,2020-04-13,0,0,0,0,0.0,0.0
Roteiro,2020-04-14,0,0,0,0,0.0,0.0
Roteiro,2020-04-15,0,0,0,0,0.0,0.0
Roteiro,2020-04-16,0,0,0,0,0.0,0.0
Roteiro,2020-04-17,0,0,0,0,0.0,0.0
Roteiro,2020-04-18,0,0,0,0,0.0,0.0
Roteiro,2020-04-19,0,0,0,0,0.0,0.0
Roteiro,2020-04-20,0,0,0,0,0.0,0.0
Roteiro,2020-04-21,0,0,0,0,0.0,0.0
Roteiro,2020-04-22,0,0,0,0,0.0,0.0
Roteiro,2020-04-23,0,0,0,0,0.0,0.0
Roteiro,2020-04-24,0,0,0,0,0.0,0.0
Roteiro,2020-04-25,0,0,0,0,0.0,0.0
Roteiro,2020-04-26,0,0,0,0,0.0,0.0
Roteiro,2020-04-27,0,0,0,0,0.0,0.0
Roteiro,2020-04-28,0,0,0,0,0.0,0.0
Roteiro,2020-04-29,0,0,0,0,0.0,0.0
Roteiro,2020-04-30,0,0,0,0,0.0,0.0
Roteiro,2020-05-01,0,0,0,0,0.0,0.0
Roteiro,2020-05-02,0,0,0,0,0.0,0.0
Roteiro,2020-05-03,0,0,0,0,0.0,0.0
Roteiro,2020-05-04,0,0,0,0,0.0,0.0
Roteiro,2020-05-05,0,0,0,0,0.0,0.0
Roteiro,2020-05-06,0,0,0,0,0.0,0.0
Roteiro,2020-05-07,0,0,0,0,0.0,0.0
Roteiro,2020-05-08,0,0,0,0,0.0,0.0
Roteiro,2020-05-09,0,0,0,0,0.0,0.0
Roteiro,2020-05-10,0,0,0,0,0.0,0.0
Roteiro,2020-05-11,0,0,0,0,0.0,0.0
Roteiro,2020-05-12,0,0,0,0,0.0,0.0
Roteiro,2020-05-13,0,0,0,0,0.0,0.0
Roteiro,2020-05-14,0,0,0,0,0.0,0.0
Roteiro,2020-05-15,0,0,0,0,0.0,0.0
Roteiro,2020-05-16,2,2,0,0,0.2857142857142857,0.0
Roteiro,2020-05-17,3,1,0,0,0.42857142857142855,0.0
Roteiro,2020-05-18,3,0,0,0,0.42857142857142855,0.0
Roteiro,2020-05-19,3,0,0,0,0.42857142857142855,0.0
Roteiro,2020-05-20,3,0,0,0,0.42857142857142855,0.0
Roteiro,2020-05-21,3,0,0,0,0.42857142857142855,0.0
Roteiro,2020-05-22,3,0,0,0,0.42857142857142855,0.0
Roteiro,2020-05-23,4,1,0,0,0.2857142857142857,0.0
Roteiro,2020-05-24,4,0,0,0,0.14285714285714285,0.0
Roteiro,2020-05-25,4,0,0,0,0.14285714285714285,0.0
Roteiro,2020-05-26,4,0,0,0,0.14285714285714285,0.0
Roteiro,2020-05-27,4,0,0,0,0.14285714285714285,0.0
Roteiro,2020-05-28,5,1,0,0,0.2857142857142857,0.0
Roteiro,2020-05-29,5,0,0,0,0.2857142857142857,0.0
Roteiro,2020-05-30,7,2,0,0,0.42857142857142855,0.0
Roteiro,2020-05-31,7,0,0,0,0.42857142857142855,0.0
Roteiro,2020-06-01,8,1,0,0,0.5714285714285714,0.0
Roteiro,2020-06-02,9,1,0,0,0.7142857142857143,0.0
Roteiro,2020-06-03,13,4,0,0,1.2857142857142858,0.0
Roteiro,2020-06-04,14,1,0,0,1.2857142857142858,0.0
Roteiro,2020-06-05,16,2,0,0,1.5714285714285714,0.0
Roteiro,2020-06-06,16,0,0,0,1.2857142857142858,0.0
Roteiro,2020-06-07,22,6,0,0,2.142857142857143,0.0
Roteiro,2020-06-08,22,0,0,0,2.0,0.0
Roteiro,2020-06-09,22,0,0,0,1.8571428571428572,0.0
Roteiro,2020-06-10,25,3,0,0,1.7142857142857142,0.0
Roteiro,2020-06-11,27,2,1,1,1.8571428571428572,0.14285714285714285
Roteiro,2020-06-12,27,0,1,0,1.5714285714285714,0.14285714285714285
Roteiro,2020-06-13,29,2,1,0,1.8571428571428572,0.14285714285714285
Roteiro,2020-06-14,32,3,1,0,1.4285714285714286,0.14285714285714285
Roteiro,2020-06-15,34,2,1,0,1.7142857142857142,0.14285714285714285
Roteiro,2020-06-16,34,0,1,0,1.7142857142857142,0.14285714285714285
Roteiro,2020-06-17,35,1,1,0,1.4285714285714286,0.14285714285714285
Roteiro,2020-06-18,41,6,1,0,2.0,0.0
Roteiro,2020-06-19,46,5,1,0,2.7142857142857144,0.0
Roteiro,2020-06-20,47,1,1,0,2.5714285714285716,0.0
Roteiro,2020-06-21,52,5,1,0,2.857142857142857,0.0
Roteiro,2020-06-22,51,-1,1,0,2.4285714285714284,0.0
Roteiro,2020-06-23,56,5,1,0,3.142857142857143,0.0
Roteiro,2020-06-24,55,-1,1,0,2.857142857142857,0.0
Roteiro,2020-06-25,56,1,1,0,2.142857142857143,0.0
Roteiro,2020-06-26,57,1,1,0,1.5714285714285714,0.0
Roteiro,2020-06-27,57,0,1,0,1.4285714285714286,0.0
Roteiro,2020-06-28,58,1,1,0,0.8571428571428571,0.0
Roteiro,2020-06-29,59,1,1,0,1.1428571428571428,0.0
Roteiro,2020-06-30,59,0,1,0,0.42857142857142855,0.0
Roteiro,2020-07-01,59,0,1,0,0.5714285714285714,0.0
Roteiro,2020-07-02,59,0,1,0,0.42857142857142855,0.0
Roteiro,2020-07-03,89,30,1,0,4.571428571428571,0.0
Roteiro,2020-07-04,89,0,1,0,4.571428571428571,0.0
Roteiro,2020-07-05,89,0,1,0,4.428571428571429,0.0
Roteiro,2020-07-06,91,2,2,1,4.571428571428571,0.14285714285714285
Roteiro,2020-07-07,94,3,2,0,5.0,0.14285714285714285
Roteiro,2020-07-08,94,0,3,1,5.0,0.2857142857142857
Roteiro,2020-07-09,101,7,3,0,6.0,0.2857142857142857
Roteiro,2020-07-10,101,0,4,1,1.7142857142857142,0.42857142857142855
Roteiro,2020-07-11,102,1,5,1,1.8571428571428572,0.5714285714285714
Roteiro,2020-07-12,102,0,5,0,1.8571428571428572,0.5714285714285714
Roteiro,2020-07-13,105,3,5,0,2.0,0.42857142857142855
Roteiro,2020-07-14,107,2,5,0,1.8571428571428572,0.42857142857142855
Roteiro,2020-07-15,109,2,5,0,2.142857142857143,0.2857142857142857
Roteiro,2020-07-16,110,1,5,0,1.2857142857142858,0.2857142857142857
Roteiro,2020-07-17,113,3,5,0,1.7142857142857142,0.14285714285714285
Roteiro,2020-07-18,114,1,5,0,1.7142857142857142,0.0
Roteiro,2020-07-19,114,0,5,0,1.7142857142857142,0.0
Roteiro,2020-07-20,114,0,5,0,1.2857142857142858,0.0
Roteiro,2020-07-21,115,1,5,0,1.1428571428571428,0.0
Roteiro,2020-07-22,116,1,5,0,1.0,0.0
Roteiro,2020-07-23,118,2,5,0,1.1428571428571428,0.0
Roteiro,2020-07-24,118,0,5,0,0.7142857142857143,0.0
Roteiro,2020-07-25,119,1,5,0,0.7142857142857143,0.0
Roteiro,2020-07-26,119,0,5,0,0.7142857142857143,0.0
Roteiro,2020-07-27,119,0,5,0,0.7142857142857143,0.0
Roteiro,2020-07-28,119,0,5,0,0.5714285714285714,0.0
Roteiro,2020-07-29,119,0,5,0,0.42857142857142855,0.0
Roteiro,2020-07-30,119,0,5,0,0.14285714285714285,0.0
Roteiro,2020-07-31,121,2,5,0,0.42857142857142855,0.0
Roteiro,2020-08-01,122,1,5,0,0.42857142857142855,0.0
Roteiro,2020-08-02,125,3,5,0,0.8571428571428571,0.0
Roteiro,2020-08-03,127,2,5,0,1.1428571428571428,0.0
Roteiro,2020-08-04,127,0,5,0,1.1428571428571428,0.0
Roteiro,2020-08-05,127,0,5,0,1.1428571428571428,0.0
Roteiro,2020-08-06,127,0,5,0,1.1428571428571428,0.0
Roteiro,2020-08-07,127,0,5,0,0.8571428571428571,0.0
Roteiro,2020-08-08,128,1,5,0,0.8571428571428571,0.0
Roteiro,2020-08-09,128,0,5,0,0.42857142857142855,0.0
Roteiro,2020-08-10,128,0,5,0,0.14285714285714285,0.0
Roteiro,2020-08-11,128,0,5,0,0.14285714285714285,0.0
Roteiro,2020-08-12,128,0,5,0,0.14285714285714285,0.0
Roteiro,2020-08-13,131,3,5,0,0.5714285714285714,0.0
Roteiro,2020-08-14,128,-3,5,0,0.14285714285714285,0.0
Roteiro,2020-08-15,132,4,5,0,0.5714285714285714,0.0
Roteiro,2020-08-16,132,0,5,0,0.5714285714285714,0.0
Roteiro,2020-08-17,132,0,5,0,0.5714285714285714,0.0
Roteiro,2020-08-18,133,1,5,0,0.7142857142857143,0.0
Roteiro,2020-08-19,133,0,5,0,0.7142857142857143,0.0
Roteiro,2020-08-20,133,0,6,1,0.2857142857142857,0.14285714285714285
Roteiro,2020-08-21,133,0,6,0,0.7142857142857143,0.14285714285714285
Roteiro,2020-08-22,133,0,6,0,0.14285714285714285,0.14285714285714285
Roteiro,2020-08-23,134,1,6,0,0.2857142857142857,0.14285714285714285
Roteiro,2020-08-24,137,3,6,0,0.7142857142857143,0.14285714285714285
Roteiro,2020-08-25,138,1,6,0,0.7142857142857143,0.14285714285714285
Roteiro,2020-08-26,139,1,7,1,0.8571428571428571,0.2857142857142857
Roteiro,2020-08-27,139,0,7,0,0.8571428571428571,0.14285714285714285
Roteiro,2020-08-28,147,8,7,0,2.0,0.14285714285714285
Roteiro,2020-08-29,141,-6,7,0,1.1428571428571428,0.14285714285714285
Roteiro,2020-08-30,141,0,7,0,1.0,0.14285714285714285
Roteiro,2020-08-31,141,0,7,0,0.5714285714285714,0.14285714285714285
Roteiro,2020-09-01,142,1,7,0,0.5714285714285714,0.14285714285714285
Roteiro,2020-09-02,142,0,7,0,0.42857142857142855,0.0
Roteiro,2020-09-03,142,0,7,0,0.42857142857142855,0.0
Roteiro,2020-09-04,142,0,7,0,-0.7142857142857143,0.0
Roteiro,2020-09-05,143,1,7,0,0.2857142857142857,0.0
Roteiro,2020-09-06,143,0,7,0,0.2857142857142857,0.0
Roteiro,2020-09-07,143,0,7,0,0.2857142857142857,0.0
Roteiro,2020-09-08,143,0,7,0,0.14285714285714285,0.0
Roteiro,2020-09-09,143,0,7,0,0.14285714285714285,0.0
Roteiro,2020-09-10,143,0,7,0,0.14285714285714285,0.0
Roteiro,2020-09-11,144,1,7,0,0.2857142857142857,0.0
Roteiro,2020-09-12,145,1,7,0,0.2857142857142857,0.0
Roteiro,2020-09-13,146,1,7,0,0.42857142857142855,0.0
Roteiro,2020-09-14,146,0,7,0,0.42857142857142855,0.0
Roteiro,2020-09-15,146,0,7,0,0.42857142857142855,0.0
Roteiro,2020-09-16,146,0,7,0,0.42857142857142855,0.0
Roteiro,2020-09-17,146,0,7,0,0.42857142857142855,0.0
Roteiro,2020-09-18,146,0,8,1,0.2857142857142857,0.14285714285714285
Roteiro,2020-09-19,146,0,8,0,0.14285714285714285,0.14285714285714285
Roteiro,2020-09-20,146,0,8,0,0.0,0.14285714285714285
Roteiro,2020-09-21,146,0,8,0,0.0,0.14285714285714285
Roteiro,2020-09-22,146,0,8,0,0.0,0.14285714285714285
Roteiro,2020-09-23,147,1,8,0,0.14285714285714285,0.14285714285714285
Roteiro,2020-09-24,147,0,8,0,0.14285714285714285,0.14285714285714285
Roteiro,2020-09-25,147,0,8,0,0.14285714285714285,0.0
Roteiro,2020-09-26,147,0,8,0,0.14285714285714285,0.0
Roteiro,2020-09-27,148,1,8,0,0.2857142857142857,0.0
Roteiro,2020-09-28,148,0,8,0,0.2857142857142857,0.0
Roteiro,2020-09-29,148,0,8,0,0.2857142857142857,0.0
Roteiro,2020-09-30,152,4,8,0,0.7142857142857143,0.0
Roteiro,2020-10-01,152,0,8,0,0.7142857142857143,0.0
Roteiro,2020-10-02,153,1,8,0,0.8571428571428571,0.0
Roteiro,2020-10-03,153,0,8,0,0.8571428571428571,0.0
Roteiro,2020-10-04,153,0,8,0,0.7142857142857143,0.0
Roteiro,2020-10-05,153,0,8,0,0.7142857142857143,0.0
Roteiro,2020-10-06,153,0,8,0,0.7142857142857143,0.0
Roteiro,2020-10-07,153,0,8,0,0.14285714285714285,0.0
Roteiro,2020-10-08,153,0,8,0,0.14285714285714285,0.0
Roteiro,2020-10-09,153,0,8,0,0.0,0.0
Roteiro,2020-10-10,153,0,8,0,0.0,0.0
Roteiro,2020-10-11,153,0,8,0,0.0,0.0
Roteiro,2020-10-12,153,0,8,0,0.0,0.0
Roteiro,2020-10-13,153,0,8,0,0.0,0.0
Roteiro,2020-10-14,153,0,8,0,0.0,0.0
Roteiro,2020-10-15,153,0,8,0,0.0,0.0
Roteiro,2020-10-16,153,0,8,0,0.0,0.0
Roteiro,2020-10-17,154,1,8,0,0.14285714285714285,0.0
Roteiro,2020-10-18,154,0,8,0,0.14285714285714285,0.0
Roteiro,2020-10-19,154,0,8,0,0.14285714285714285,0.0
Roteiro,2020-10-20,154,0,8,0,0.14285714285714285,0.0
Roteiro,2020-10-21,154,0,8,0,0.14285714285714285,0.0
Roteiro,2020-10-22,154,0,8,0,0.14285714285714285,0.0
Roteiro,2020-10-23,154,0,8,0,0.14285714285714285,0.0
Roteiro,2020-10-24,154,0,8,0,0.0,0.0
Roteiro,2020-10-25,154,0,8,0,0.0,0.0
Roteiro,2020-10-26,154,0,8,0,0.0,0.0
Roteiro,2020-10-27,154,0,8,0,0.0,0.0
Roteiro,2020-10-28,154,0,8,0,0.0,0.0
Roteiro,2020-10-29,154,0,8,0,0.0,0.0
Roteiro,2020-10-30,155,1,8,0,0.14285714285714285,0.0
Roteiro,2020-10-31,155,0,8,0,0.14285714285714285,0.0
Roteiro,2020-11-01,155,0,8,0,0.14285714285714285,0.0
Roteiro,2020-11-02,155,0,8,0,0.14285714285714285,0.0
Roteiro,2020-11-03,155,0,8,0,0.14285714285714285,0.0
Roteiro,2020-11-04,155,0,8,0,0.14285714285714285,0.0
Roteiro,2020-11-05,155,0,8,0,0.14285714285714285,0.0
Roteiro,2020-11-06,155,0,8,0,0.0,0.0
Roteiro,2020-11-07,155,0,8,0,0.0,0.0
Roteiro,2020-11-08,155,0,8,0,0.0,0.0
Roteiro,2020-11-09,155,0,8,0,0.0,0.0
Roteiro,2020-11-10,155,0,8,0,0.0,0.0
Roteiro,2020-11-11,155,0,8,0,0.0,0.0
Roteiro,2020-11-12,155,0,8,0,0.0,0.0
Roteiro,2020-11-13,155,0,8,0,0.0,0.0
Roteiro,2020-11-14,155,0,8,0,0.0,0.0
Roteiro,2020-11-15,155,0,8,0,0.0,0.0
Roteiro,2020-11-16,155,0,8,0,0.0,0.0
Roteiro,2020-11-17,155,0,8,0,0.0,0.0
Roteiro,2020-11-18,155,0,8,0,0.0,0.0
Roteiro,2020-11-19,155,0,8,0,0.0,0.0
Roteiro,2020-11-20,155,0,8,0,0.0,0.0
Roteiro,2020-11-21,155,0,8,0,0.0,0.0
Roteiro,2020-11-22,155,0,8,0,0.0,0.0
Roteiro,2020-11-23,155,0,8,0,0.0,0.0
Roteiro,2020-11-24,155,0,8,0,0.0,0.0
Roteiro,2020-11-25,155,0,8,0,0.0,0.0
Roteiro,2020-11-26,155,0,8,0,0.0,0.0
Roteiro,2020-11-27,155,0,8,0,0.0,0.0
Roteiro,2020-11-28,155,0,8,0,0.0,0.0
Roteiro,2020-11-29,155,0,8,0,0.0,0.0
Roteiro,2020-11-30,155,0,8,0,0.0,0.0
Roteiro,2020-12-01,155,0,8,0,0.0,0.0
Roteiro,2020-12-02,156,1,8,0,0.14285714285714285,0.0
Roteiro,2020-12-03,156,0,8,0,0.14285714285714285,0.0
Roteiro,2020-12-04,156,0,8,0,0.14285714285714285,0.0
Roteiro,2020-12-05,157,1,8,0,0.2857142857142857,0.0
Roteiro,2020-12-06,157,0,8,0,0.2857142857142857,0.0
Roteiro,2020-12-07,157,0,8,0,0.2857142857142857,0.0
Roteiro,2020-12-08,157,0,8,0,0.2857142857142857,0.0
Roteiro,2020-12-09,157,0,8,0,0.14285714285714285,0.0
Roteiro,2020-12-10,159,2,8,0,0.42857142857142855,0.0
Roteiro,2020-12-11,160,1,8,0,0.5714285714285714,0.0
Roteiro,2020-12-12,160,0,8,0,0.42857142857142855,0.0
Roteiro,2020-12-13,160,0,8,0,0.42857142857142855,0.0
Roteiro,2020-12-14,161,1,8,0,0.5714285714285714,0.0
Roteiro,2020-12-15,161,0,8,0,0.5714285714285714,0.0
Roteiro,2020-12-16,162,1,8,0,0.7142857142857143,0.0
Roteiro,2020-12-17,162,0,8,0,0.42857142857142855,0.0
Roteiro,2020-12-18,162,0,8,0,0.2857142857142857,0.0
Roteiro,2020-12-19,162,0,8,0,0.2857142857142857,0.0
Roteiro,2020-12-20,162,0,8,0,0.2857142857142857,0.0
Roteiro,2020-12-21,162,0,8,0,0.14285714285714285,0.0
Roteiro,2020-12-22,162,0,8,0,0.14285714285714285,0.0
Roteiro,2020-12-23,162,0,8,0,0.0,0.0
Roteiro,2020-12-24,162,0,8,0,0.0,0.0
Roteiro,2020-12-25,162,0,8,0,0.0,0.0
Roteiro,2020-12-26,163,1,9,1,0.14285714285714285,0.14285714285714285
Roteiro,2020-12-27,163,0,9,0,0.14285714285714285,0.14285714285714285
Roteiro,2020-12-28,163,0,9,0,0.14285714285714285,0.14285714285714285
Roteiro,2020-12-29,163,0,9,0,0.14285714285714285,0.14285714285714285
Roteiro,2020-12-30,163,0,9,0,0.14285714285714285,0.14285714285714285
Roteiro,2020-12-31,163,0,9,0,0.14285714285714285,0.14285714285714285
Roteiro,2021-01-01,163,0,9,0,0.14285714285714285,0.14285714285714285
Roteiro,2021-01-02,163,0,9,0,0.0,0.0
Roteiro,2021-01-03,163,0,9,0,0.0,0.0
Roteiro,2021-01-04,163,0,9,0,0.0,0.0
Roteiro,2021-01-05,163,0,9,0,0.0,0.0
Roteiro,2021-01-06,163,0,9,0,0.0,0.0
Roteiro,2021-01-07,163,0,9,0,0.0,0.0
Roteiro,2021-01-08,163,0,9,0,0.0,0.0
Roteiro,2021-01-09,164,1,9,0,0.14285714285714285,0.0
Roteiro,2021-01-10,164,0,9,0,0.14285714285714285,0.0
Roteiro,2021-01-11,164,0,9,0,0.14285714285714285,0.0
Roteiro,2021-01-12,164,0,9,0,0.14285714285714285,0.0
Roteiro,2021-01-13,164,0,9,0,0.14285714285714285,0.0
Roteiro,2021-01-14,164,0,9,0,0.14285714285714285,0.0
Roteiro,2021-01-15,164,0,9,0,0.14285714285714285,0.0
Roteiro,2021-01-16,165,1,9,0,0.14285714285714285,0.0
Roteiro,2021-01-17,165,0,9,0,0.14285714285714285,0.0
Roteiro,2021-01-18,165,0,9,0,0.14285714285714285,0.0
Roteiro,2021-01-19,165,0,9,0,0.14285714285714285,0.0
Roteiro,2021-01-20,165,0,9,0,0.14285714285714285,0.0
Roteiro,2021-01-21,165,0,9,0,0.14285714285714285,0.0
Roteiro,2021-01-22,165,0,9,0,0.14285714285714285,0.0
Roteiro,2021-01-23,165,0,9,0,0.0,0.0
Roteiro,2021-01-24,165,0,9,0,0.0,0.0
Roteiro,2021-01-25,165,0,9,0,0.0,0.0
Roteiro,2021-01-26,166,1,9,0,0.14285714285714285,0.0
Roteiro,2021-01-27,166,0,9,0,0.14285714285714285,0.0
Roteiro,2021-01-28,166,0,9,0,0.14285714285714285,0.0
Roteiro,2021-01-29,166,0,9,0,0.14285714285714285,0.0
Roteiro,2021-01-30,166,0,9,0,0.14285714285714285,0.0
Roteiro,2021-01-31,166,0,9,0,0.14285714285714285,0.0
Roteiro,2021-02-01,166,0,9,0,0.14285714285714285,0.0
Roteiro,2021-02-02,166,0,9,0,0.0,0.0
Roteiro,2021-02-03,166,0,9,0,0.0,0.0
Roteiro,2021-02-04,166,0,9,0,0.0,0.0
Roteiro,2021-02-05,168,2,9,0,0.2857142857142857,0.0
Roteiro,2021-02-06,168,0,9,0,0.2857142857142857,0.0
Roteiro,2021-02-07,169,1,9,0,0.42857142857142855,0.0
Roteiro,2021-02-08,169,0,9,0,0.42857142857142855,0.0
Roteiro,2021-02-09,169,0,9,0,0.42857142857142855,0.0
Roteiro,2021-02-10,169,0,9,0,0.42857142857142855,0.0
Roteiro,2021-02-11,169,0,9,0,0.42857142857142855,0.0
Roteiro,2021-02-12,169,0,9,0,0.14285714285714285,0.0
