city,date,cases,daily cases,deaths,daily deaths,daily cases moving average,daily deaths moving average
Salete,2020-03-27,0,0,0,0,,
Salete,2020-03-28,0,0,0,0,,
Salete,2020-03-29,0,0,0,0,,
Salete,2020-03-30,0,0,0,0,,
Salete,2020-03-31,0,0,0,0,,
Salete,2020-04-01,0,0,0,0,,
Salete,2020-04-02,0,0,0,0,0.0,0.0
Salete,2020-04-03,0,0,0,0,0.0,0.0
Salete,2020-04-04,0,0,0,0,0.0,0.0
Salete,2020-04-05,0,0,0,0,0.0,0.0
Salete,2020-04-06,0,0,0,0,0.0,0.0
Salete,2020-04-07,0,0,0,0,0.0,0.0
Salete,2020-04-08,0,0,0,0,0.0,0.0
Salete,2020-04-09,0,0,0,0,0.0,0.0
Salete,2020-04-10,0,0,0,0,0.0,0.0
Salete,2020-04-11,0,0,0,0,0.0,0.0
Salete,2020-04-12,0,0,0,0,0.0,0.0
Salete,2020-04-13,0,0,0,0,0.0,0.0
Salete,2020-04-14,0,0,0,0,0.0,0.0
Salete,2020-04-15,0,0,0,0,0.0,0.0
Salete,2020-04-16,0,0,0,0,0.0,0.0
Salete,2020-04-17,0,0,0,0,0.0,0.0
Salete,2020-04-18,0,0,0,0,0.0,0.0
Salete,2020-04-19,0,0,0,0,0.0,0.0
Salete,2020-04-20,0,0,0,0,0.0,0.0
Salete,2020-04-21,0,0,0,0,0.0,0.0
Salete,2020-04-22,0,0,0,0,0.0,0.0
Salete,2020-04-23,0,0,0,0,0.0,0.0
Salete,2020-04-24,2,2,0,0,0.2857142857142857,0.0
Salete,2020-04-25,2,0,0,0,0.2857142857142857,0.0
Salete,2020-04-26,2,0,0,0,0.2857142857142857,0.0
Salete,2020-04-27,2,0,0,0,0.2857142857142857,0.0
Salete,2020-04-28,2,0,0,0,0.2857142857142857,0.0
Salete,2020-04-29,2,0,0,0,0.2857142857142857,0.0
Salete,2020-04-30,2,0,0,0,0.2857142857142857,0.0
Salete,2020-05-01,2,0,0,0,0.0,0.0
Salete,2020-05-02,3,1,0,0,0.14285714285714285,0.0
Salete,2020-05-03,3,0,0,0,0.14285714285714285,0.0
Salete,2020-05-04,5,2,0,0,0.42857142857142855,0.0
Salete,2020-05-05,5,0,0,0,0.42857142857142855,0.0
Salete,2020-05-06,6,1,0,0,0.5714285714285714,0.0
Salete,2020-05-07,5,-1,0,0,0.42857142857142855,0.0
Salete,2020-05-08,5,0,0,0,0.42857142857142855,0.0
Salete,2020-05-09,6,1,0,0,0.42857142857142855,0.0
Salete,2020-05-10,6,0,0,0,0.42857142857142855,0.0
Salete,2020-05-11,6,0,0,0,0.14285714285714285,0.0
Salete,2020-05-12,6,0,0,0,0.14285714285714285,0.0
Salete,2020-05-13,6,0,0,0,0.0,0.0
Salete,2020-05-14,6,0,0,0,0.14285714285714285,0.0
Salete,2020-05-15,6,0,0,0,0.14285714285714285,0.0
Salete,2020-05-16,7,1,0,0,0.14285714285714285,0.0
Salete,2020-05-17,7,0,0,0,0.14285714285714285,0.0
Salete,2020-05-18,7,0,0,0,0.14285714285714285,0.0
Salete,2020-05-19,7,0,0,0,0.14285714285714285,0.0
Salete,2020-05-20,7,0,0,0,0.14285714285714285,0.0
Salete,2020-05-21,7,0,1,1,0.14285714285714285,0.14285714285714285
Salete,2020-05-22,7,0,1,0,0.14285714285714285,0.14285714285714285
Salete,2020-05-23,7,0,1,0,0.0,0.14285714285714285
Salete,2020-05-24,7,0,1,0,0.0,0.14285714285714285
Salete,2020-05-25,7,0,1,0,0.0,0.14285714285714285
Salete,2020-05-26,7,0,1,0,0.0,0.14285714285714285
Salete,2020-05-27,7,0,1,0,0.0,0.14285714285714285
Salete,2020-05-28,7,0,1,0,0.0,0.0
Salete,2020-05-29,7,0,1,0,0.0,0.0
Salete,2020-05-30,7,0,1,0,0.0,0.0
Salete,2020-05-31,7,0,1,0,0.0,0.0
Salete,2020-06-01,7,0,1,0,0.0,0.0
Salete,2020-06-02,7,0,1,0,0.0,0.0
Salete,2020-06-03,7,0,1,0,0.0,0.0
Salete,2020-06-04,7,0,1,0,0.0,0.0
Salete,2020-06-05,7,0,1,0,0.0,0.0
Salete,2020-06-06,7,0,1,0,0.0,0.0
Salete,2020-06-07,7,0,1,0,0.0,0.0
Salete,2020-06-08,7,0,1,0,0.0,0.0
Salete,2020-06-09,7,0,1,0,0.0,0.0
Salete,2020-06-10,7,0,1,0,0.0,0.0
Salete,2020-06-11,7,0,1,0,0.0,0.0
Salete,2020-06-12,7,0,1,0,0.0,0.0
Salete,2020-06-13,7,0,1,0,0.0,0.0
Salete,2020-06-14,7,0,1,0,0.0,0.0
Salete,2020-06-15,7,0,1,0,0.0,0.0
Salete,2020-06-16,7,0,1,0,0.0,0.0
Salete,2020-06-17,7,0,1,0,0.0,0.0
Salete,2020-06-18,7,0,1,0,0.0,0.0
Salete,2020-06-19,7,0,1,0,0.0,0.0
Salete,2020-06-20,7,0,1,0,0.0,0.0
Salete,2020-06-21,7,0,1,0,0.0,0.0
Salete,2020-06-22,7,0,1,0,0.0,0.0
Salete,2020-06-23,9,2,1,0,0.2857142857142857,0.0
Salete,2020-06-24,8,-1,1,0,0.14285714285714285,0.0
Salete,2020-06-25,8,0,1,0,0.14285714285714285,0.0
Salete,2020-06-26,12,4,1,0,0.7142857142857143,0.0
Salete,2020-06-27,16,4,1,0,1.2857142857142858,0.0
Salete,2020-06-28,17,1,1,0,1.4285714285714286,0.0
Salete,2020-06-29,17,0,1,0,1.4285714285714286,0.0
Salete,2020-06-30,22,5,1,0,1.8571428571428572,0.0
Salete,2020-07-01,25,3,1,0,2.4285714285714284,0.0
Salete,2020-07-02,32,7,1,0,3.4285714285714284,0.0
Salete,2020-07-03,36,4,1,0,3.4285714285714284,0.0
Salete,2020-07-04,43,7,1,0,3.857142857142857,0.0
Salete,2020-07-05,43,0,1,0,3.7142857142857144,0.0
Salete,2020-07-06,43,0,1,0,3.7142857142857144,0.0
Salete,2020-07-07,46,3,1,0,3.4285714285714284,0.0
Salete,2020-07-08,48,2,1,0,3.2857142857142856,0.0
Salete,2020-07-09,50,2,1,0,2.5714285714285716,0.0
Salete,2020-07-10,52,2,1,0,2.2857142857142856,0.0
Salete,2020-07-11,55,3,1,0,1.7142857142857142,0.0
Salete,2020-07-12,55,0,1,0,1.7142857142857142,0.0
Salete,2020-07-13,55,0,1,0,1.7142857142857142,0.0
Salete,2020-07-14,56,1,1,0,1.4285714285714286,0.0
Salete,2020-07-15,57,1,1,0,1.2857142857142858,0.0
Salete,2020-07-16,61,4,1,0,1.5714285714285714,0.0
Salete,2020-07-17,61,0,1,0,1.2857142857142858,0.0
Salete,2020-07-18,61,0,1,0,0.8571428571428571,0.0
Salete,2020-07-19,61,0,1,0,0.8571428571428571,0.0
Salete,2020-07-20,61,0,1,0,0.8571428571428571,0.0
Salete,2020-07-21,61,0,1,0,0.7142857142857143,0.0
Salete,2020-07-22,62,1,1,0,0.7142857142857143,0.0
Salete,2020-07-23,65,3,1,0,0.5714285714285714,0.0
Salete,2020-07-24,68,3,1,0,1.0,0.0
Salete,2020-07-25,69,1,1,0,1.1428571428571428,0.0
Salete,2020-07-26,72,3,1,0,1.5714285714285714,0.0
Salete,2020-07-27,72,0,1,0,1.5714285714285714,0.0
Salete,2020-07-28,78,6,1,0,2.4285714285714284,0.0
Salete,2020-07-29,78,0,1,0,2.2857142857142856,0.0
Salete,2020-07-30,82,4,1,0,2.4285714285714284,0.0
Salete,2020-07-31,84,2,1,0,2.2857142857142856,0.0
Salete,2020-08-01,87,3,1,0,2.5714285714285716,0.0
Salete,2020-08-02,87,0,1,0,2.142857142857143,0.0
Salete,2020-08-03,89,2,1,0,2.4285714285714284,0.0
Salete,2020-08-04,90,1,1,0,1.7142857142857142,0.0
Salete,2020-08-05,91,1,1,0,1.8571428571428572,0.0
Salete,2020-08-06,91,0,1,0,1.2857142857142858,0.0
Salete,2020-08-07,95,4,1,0,1.5714285714285714,0.0
Salete,2020-08-08,97,2,1,0,1.4285714285714286,0.0
Salete,2020-08-09,99,2,1,0,1.7142857142857142,0.0
Salete,2020-08-10,99,0,1,0,1.4285714285714286,0.0
Salete,2020-08-11,99,0,1,0,1.2857142857142858,0.0
Salete,2020-08-12,104,5,1,0,1.8571428571428572,0.0
Salete,2020-08-13,106,2,1,0,2.142857142857143,0.0
Salete,2020-08-14,106,0,1,0,1.5714285714285714,0.0
Salete,2020-08-15,106,0,1,0,1.2857142857142858,0.0
Salete,2020-08-16,106,0,1,0,1.0,0.0
Salete,2020-08-17,106,0,1,0,1.0,0.0
Salete,2020-08-18,109,3,1,0,1.4285714285714286,0.0
Salete,2020-08-19,111,2,1,0,1.0,0.0
Salete,2020-08-20,111,0,1,0,0.7142857142857143,0.0
Salete,2020-08-21,111,0,1,0,0.7142857142857143,0.0
Salete,2020-08-22,111,0,1,0,0.7142857142857143,0.0
Salete,2020-08-23,113,2,1,0,1.0,0.0
Salete,2020-08-24,113,0,1,0,1.0,0.0
Salete,2020-08-25,113,0,1,0,0.5714285714285714,0.0
Salete,2020-08-26,116,3,1,0,0.7142857142857143,0.0
Salete,2020-08-27,118,2,1,0,1.0,0.0
Salete,2020-08-28,124,6,1,0,1.8571428571428572,0.0
Salete,2020-08-29,124,0,1,0,1.8571428571428572,0.0
Salete,2020-08-30,124,0,1,0,1.5714285714285714,0.0
Salete,2020-08-31,132,8,1,0,2.7142857142857144,0.0
Salete,2020-09-01,132,0,1,0,2.7142857142857144,0.0
Salete,2020-09-02,133,1,1,0,2.4285714285714284,0.0
Salete,2020-09-03,133,0,1,0,2.142857142857143,0.0
Salete,2020-09-04,133,0,1,0,1.2857142857142858,0.0
Salete,2020-09-05,134,1,1,0,1.4285714285714286,0.0
Salete,2020-09-06,134,0,1,0,1.4285714285714286,0.0
Salete,2020-09-07,134,0,1,0,0.2857142857142857,0.0
Salete,2020-09-08,134,0,1,0,0.2857142857142857,0.0
Salete,2020-09-09,134,0,1,0,0.14285714285714285,0.0
Salete,2020-09-10,134,0,1,0,0.14285714285714285,0.0
Salete,2020-09-11,134,0,1,0,0.14285714285714285,0.0
Salete,2020-09-12,135,1,1,0,0.14285714285714285,0.0
Salete,2020-09-13,135,0,1,0,0.14285714285714285,0.0
Salete,2020-09-14,135,0,1,0,0.14285714285714285,0.0
Salete,2020-09-15,135,0,1,0,0.14285714285714285,0.0
Salete,2020-09-16,135,0,1,0,0.14285714285714285,0.0
Salete,2020-09-17,136,1,1,0,0.2857142857142857,0.0
Salete,2020-09-18,137,1,1,0,0.42857142857142855,0.0
Salete,2020-09-19,136,-1,1,0,0.14285714285714285,0.0
Salete,2020-09-20,136,0,1,0,0.14285714285714285,0.0
Salete,2020-09-21,136,0,1,0,0.14285714285714285,0.0
Salete,2020-09-22,136,0,1,0,0.14285714285714285,0.0
Salete,2020-09-23,136,0,1,0,0.14285714285714285,0.0
Salete,2020-09-24,136,0,1,0,0.0,0.0
Salete,2020-09-25,136,0,1,0,-0.14285714285714285,0.0
Salete,2020-09-26,136,0,1,0,0.0,0.0
Salete,2020-09-27,136,0,1,0,0.0,0.0
Salete,2020-09-28,136,0,1,0,0.0,0.0
Salete,2020-09-29,136,0,1,0,0.0,0.0
Salete,2020-09-30,136,0,1,0,0.0,0.0
Salete,2020-10-01,136,0,1,0,0.0,0.0
Salete,2020-10-02,136,0,1,0,0.0,0.0
Salete,2020-10-03,136,0,1,0,0.0,0.0
Salete,2020-10-04,136,0,1,0,0.0,0.0
Salete,2020-10-05,136,0,1,0,0.0,0.0
Salete,2020-10-06,136,0,1,0,0.0,0.0
Salete,2020-10-07,136,0,1,0,0.0,0.0
Salete,2020-10-08,136,0,1,0,0.0,0.0
Salete,2020-10-09,136,0,1,0,0.0,0.0
Salete,2020-10-10,137,1,1,0,0.14285714285714285,0.0
Salete,2020-10-11,137,0,1,0,0.14285714285714285,0.0
Salete,2020-10-12,137,0,1,0,0.14285714285714285,0.0
Salete,2020-10-13,137,0,1,0,0.14285714285714285,0.0
Salete,2020-10-14,137,0,1,0,0.14285714285714285,0.0
Salete,2020-10-15,137,0,1,0,0.14285714285714285,0.0
Salete,2020-10-16,137,0,1,0,0.14285714285714285,0.0
Salete,2020-10-17,139,2,1,0,0.2857142857142857,0.0
Salete,2020-10-18,139,0,1,0,0.2857142857142857,0.0
Salete,2020-10-19,139,0,1,0,0.2857142857142857,0.0
Salete,2020-10-20,140,1,1,0,0.42857142857142855,0.0
Salete,2020-10-21,143,3,1,0,0.8571428571428571,0.0
Salete,2020-10-22,147,4,1,0,1.4285714285714286,0.0
Salete,2020-10-23,147,0,1,0,1.4285714285714286,0.0
Salete,2020-10-24,150,3,1,0,1.5714285714285714,0.0
Salete,2020-10-25,150,0,1,0,1.5714285714285714,0.0
Salete,2020-10-26,151,1,1,0,1.7142857142857142,0.0
Salete,2020-10-27,152,1,1,0,1.7142857142857142,0.0
Salete,2020-10-28,153,1,1,0,1.4285714285714286,0.0
Salete,2020-10-29,154,1,1,0,1.0,0.0
Salete,2020-10-30,157,3,1,0,1.4285714285714286,0.0
Salete,2020-10-31,160,3,1,0,1.4285714285714286,0.0
Salete,2020-11-01,160,0,1,0,1.4285714285714286,0.0
Salete,2020-11-02,160,0,1,0,1.2857142857142858,0.0
Salete,2020-11-03,163,3,1,0,1.5714285714285714,0.0
Salete,2020-11-04,166,3,1,0,1.8571428571428572,0.0
Salete,2020-11-05,166,0,1,0,1.7142857142857142,0.0
Salete,2020-11-06,169,3,1,0,1.7142857142857142,0.0
Salete,2020-11-07,170,1,1,0,1.4285714285714286,0.0
Salete,2020-11-08,170,0,1,0,1.4285714285714286,0.0
Salete,2020-11-09,173,3,1,0,1.8571428571428572,0.0
Salete,2020-11-10,174,1,1,0,1.5714285714285714,0.0
Salete,2020-11-11,175,1,1,0,1.2857142857142858,0.0
Salete,2020-11-12,175,0,1,0,1.2857142857142858,0.0
Salete,2020-11-13,181,6,1,0,1.7142857142857142,0.0
Salete,2020-11-14,182,1,1,0,1.7142857142857142,0.0
Salete,2020-11-15,185,3,1,0,2.142857142857143,0.0
Salete,2020-11-16,185,0,1,0,1.7142857142857142,0.0
Salete,2020-11-17,195,10,1,0,3.0,0.0
Salete,2020-11-18,197,2,1,0,3.142857142857143,0.0
Salete,2020-11-19,198,1,1,0,3.2857142857142856,0.0
Salete,2020-11-20,199,1,1,0,2.5714285714285716,0.0
Salete,2020-11-21,209,10,1,0,3.857142857142857,0.0
Salete,2020-11-22,209,0,1,0,3.4285714285714284,0.0
Salete,2020-11-23,209,0,1,0,3.4285714285714284,0.0
Salete,2020-11-24,212,3,1,0,2.4285714285714284,0.0
Salete,2020-11-25,216,4,1,0,2.7142857142857144,0.0
Salete,2020-11-26,218,2,1,0,2.857142857142857,0.0
Salete,2020-11-27,218,0,1,0,2.7142857142857144,0.0
Salete,2020-11-28,221,3,1,0,1.7142857142857142,0.0
Salete,2020-11-29,224,3,1,0,2.142857142857143,0.0
Salete,2020-11-30,230,6,1,0,3.0,0.0
Salete,2020-12-01,230,0,1,0,2.5714285714285716,0.0
Salete,2020-12-02,251,21,1,0,5.0,0.0
Salete,2020-12-03,253,2,1,0,5.0,0.0
Salete,2020-12-04,255,2,1,0,5.285714285714286,0.0
Salete,2020-12-05,258,3,1,0,5.285714285714286,0.0
Salete,2020-12-06,258,0,1,0,4.857142857142857,0.0
Salete,2020-12-07,261,3,1,0,4.428571428571429,0.0
Salete,2020-12-08,271,10,1,0,5.857142857142857,0.0
Salete,2020-12-09,278,7,1,0,3.857142857142857,0.0
Salete,2020-12-10,289,11,1,0,5.142857142857143,0.0
Salete,2020-12-11,305,16,1,0,7.142857142857143,0.0
Salete,2020-12-12,318,13,1,0,8.571428571428571,0.0
Salete,2020-12-13,318,0,1,0,8.571428571428571,0.0
Salete,2020-12-14,318,0,1,0,8.142857142857142,0.0
Salete,2020-12-15,318,0,1,0,6.714285714285714,0.0
Salete,2020-12-16,324,6,1,0,6.571428571428571,0.0
Salete,2020-12-17,335,11,2,1,6.571428571428571,0.14285714285714285
Salete,2020-12-18,343,8,3,1,5.428571428571429,0.2857142857142857
Salete,2020-12-19,346,3,3,0,4.0,0.2857142857142857
Salete,2020-12-20,354,8,3,0,5.142857142857143,0.2857142857142857
Salete,2020-12-21,356,2,3,0,5.428571428571429,0.2857142857142857
Salete,2020-12-22,358,2,3,0,5.714285714285714,0.2857142857142857
Salete,2020-12-23,360,2,3,0,5.142857142857143,0.2857142857142857
Salete,2020-12-24,366,6,3,0,4.428571428571429,0.14285714285714285
Salete,2020-12-25,367,1,3,0,3.4285714285714284,0.0
Salete,2020-12-26,367,0,3,0,3.0,0.0
Salete,2020-12-27,367,0,3,0,1.8571428571428572,0.0
Salete,2020-12-28,367,0,3,0,1.5714285714285714,0.0
Salete,2020-12-29,373,6,3,0,2.142857142857143,0.0
Salete,2020-12-30,377,4,3,0,2.4285714285714284,0.0
Salete,2020-12-31,380,3,3,0,2.0,0.0
Salete,2021-01-01,380,0,3,0,1.8571428571428572,0.0
Salete,2021-01-02,380,0,3,0,1.8571428571428572,0.0
Salete,2021-01-03,380,0,3,0,1.8571428571428572,0.0
Salete,2021-01-04,380,0,3,0,1.8571428571428572,0.0
Salete,2021-01-05,384,4,3,0,1.5714285714285714,0.0
Salete,2021-01-06,386,2,3,0,1.2857142857142858,0.0
Salete,2021-01-07,396,10,3,0,2.2857142857142856,0.0
Salete,2021-01-08,411,15,3,0,4.428571428571429,0.0
Salete,2021-01-09,414,3,3,0,4.857142857142857,0.0
Salete,2021-01-10,421,7,3,0,5.857142857142857,0.0
Salete,2021-01-11,421,0,3,0,5.857142857142857,0.0
Salete,2021-01-12,426,5,3,0,6.0,0.0
Salete,2021-01-13,434,8,3,0,6.857142857142857,0.0
Salete,2021-01-14,439,5,3,0,6.142857142857143,0.0
Salete,2021-01-15,445,6,3,0,4.857142857142857,0.0
Salete,2021-01-16,445,0,3,0,4.428571428571429,0.0
Salete,2021-01-17,445,0,3,0,3.4285714285714284,0.0
Salete,2021-01-18,449,4,3,0,4.0,0.0
Salete,2021-01-19,454,5,3,0,4.0,0.0
Salete,2021-01-20,457,3,4,1,3.2857142857142856,0.14285714285714285
Salete,2021-01-21,467,10,4,0,4.0,0.14285714285714285
Salete,2021-01-22,471,4,4,0,3.7142857142857144,0.14285714285714285
Salete,2021-01-23,473,2,4,0,4.0,0.14285714285714285
Salete,2021-01-24,477,4,4,0,4.571428571428571,0.14285714285714285
Salete,2021-01-25,477,0,4,0,4.0,0.14285714285714285
Salete,2021-01-26,478,1,4,0,3.4285714285714284,0.14285714285714285
Salete,2021-01-27,482,4,4,0,3.5714285714285716,0.0
Salete,2021-01-28,482,0,4,0,2.142857142857143,0.0
Salete,2021-01-29,486,4,4,0,2.142857142857143,0.0
Salete,2021-01-30,488,2,4,0,2.142857142857143,0.0
Salete,2021-01-31,488,0,5,1,1.5714285714285714,0.14285714285714285
Salete,2021-02-01,490,2,5,0,1.8571428571428572,0.14285714285714285
Salete,2021-02-02,493,3,5,0,2.142857142857143,0.14285714285714285
Salete,2021-02-03,494,1,5,0,1.7142857142857142,0.14285714285714285
Salete,2021-02-04,502,8,5,0,2.857142857142857,0.14285714285714285
Salete,2021-02-05,509,7,5,0,3.2857142857142856,0.14285714285714285
Salete,2021-02-06,512,3,5,0,3.4285714285714284,0.14285714285714285
Salete,2021-02-07,512,0,5,0,3.4285714285714284,0.0
Salete,2021-02-08,511,-1,5,0,3.0,0.0
Salete,2021-02-09,511,0,5,0,2.5714285714285716,0.0
Salete,2021-02-10,509,-2,5,0,2.142857142857143,0.0
Salete,2021-02-11,509,0,5,0,1.0,0.0
Salete,2021-02-12,510,1,5,0,0.14285714285714285,0.0
