city,date,cases,daily cases,deaths,daily deaths,daily cases moving average,daily deaths moving average
Saltinho,2020-03-27,0,0,0,0,,
Saltinho,2020-03-28,0,0,0,0,,
Saltinho,2020-03-29,0,0,0,0,,
Saltinho,2020-03-30,0,0,0,0,,
Saltinho,2020-03-31,0,0,0,0,,
Saltinho,2020-04-01,0,0,0,0,,
Saltinho,2020-04-02,0,0,0,0,,
Saltinho,2020-04-03,0,0,0,0,,
Saltinho,2020-04-04,0,0,0,0,,
Saltinho,2020-04-05,0,0,0,0,,
Saltinho,2020-04-06,0,0,0,0,,
Saltinho,2020-04-07,0,0,0,0,,
Saltinho,2020-04-08,0,0,0,0,,
Saltinho,2020-04-09,0,0,0,0,0.0,0.0
Saltinho,2020-04-10,0,0,0,0,0.0,0.0
Saltinho,2020-04-11,0,0,0,0,0.0,0.0
Saltinho,2020-04-12,0,0,0,0,0.0,0.0
Saltinho,2020-04-13,0,0,0,0,0.0,0.0
Saltinho,2020-04-14,0,0,0,0,0.0,0.0
Saltinho,2020-04-15,0,0,0,0,0.0,0.0
Saltinho,2020-04-16,0,0,0,0,0.0,0.0
Saltinho,2020-04-17,0,0,0,0,0.0,0.0
Saltinho,2020-04-18,0,0,0,0,0.0,0.0
Saltinho,2020-04-19,0,0,0,0,0.0,0.0
Saltinho,2020-04-20,0,0,0,0,0.0,0.0
Saltinho,2020-04-21,0,0,0,0,0.0,0.0
Saltinho,2020-04-22,0,0,0,0,0.0,0.0
Saltinho,2020-04-23,0,0,0,0,0.0,0.0
Saltinho,2020-04-24,0,0,0,0,0.0,0.0
Saltinho,2020-04-25,0,0,0,0,0.0,0.0
Saltinho,2020-04-26,0,0,0,0,0.0,0.0
Saltinho,2020-04-27,0,0,0,0,0.0,0.0
Saltinho,2020-04-28,0,0,0,0,0.0,0.0
Saltinho,2020-04-29,1,1,0,0,0.07142857142857142,0.0
Saltinho,2020-04-30,1,0,0,0,0.07142857142857142,0.0
Saltinho,2020-05-01,1,0,0,0,0.07142857142857142,0.0
Saltinho,2020-05-02,1,0,0,0,0.07142857142857142,0.0
Saltinho,2020-05-03,1,0,0,0,0.07142857142857142,0.0
Saltinho,2020-05-04,1,0,0,0,0.07142857142857142,0.0
Saltinho,2020-05-05,1,0,0,0,0.07142857142857142,0.0
Saltinho,2020-05-06,1,0,0,0,0.07142857142857142,0.0
Saltinho,2020-05-07,1,0,0,0,0.07142857142857142,0.0
Saltinho,2020-05-08,1,0,0,0,0.07142857142857142,0.0
Saltinho,2020-05-09,1,0,0,0,0.07142857142857142,0.0
Saltinho,2020-05-10,1,0,0,0,0.07142857142857142,0.0
Saltinho,2020-05-11,1,0,0,0,0.07142857142857142,0.0
Saltinho,2020-05-12,1,0,0,0,0.07142857142857142,0.0
Saltinho,2020-05-13,2,1,0,0,0.07142857142857142,0.0
Saltinho,2020-05-14,2,0,0,0,0.07142857142857142,0.0
Saltinho,2020-05-15,2,0,0,0,0.07142857142857142,0.0
Saltinho,2020-05-16,2,0,0,0,0.07142857142857142,0.0
Saltinho,2020-05-17,2,0,0,0,0.07142857142857142,0.0
Saltinho,2020-05-18,2,0,0,0,0.07142857142857142,0.0
Saltinho,2020-05-19,2,0,0,0,0.07142857142857142,0.0
Saltinho,2020-05-20,2,0,0,0,0.07142857142857142,0.0
Saltinho,2020-05-21,2,0,0,0,0.07142857142857142,0.0
Saltinho,2020-05-22,2,0,0,0,0.07142857142857142,0.0
Saltinho,2020-05-23,2,0,0,0,0.07142857142857142,0.0
Saltinho,2020-05-24,3,1,0,0,0.14285714285714285,0.0
Saltinho,2020-05-25,3,0,0,0,0.14285714285714285,0.0
Saltinho,2020-05-26,4,1,0,0,0.21428571428571427,0.0
Saltinho,2020-05-27,5,1,0,0,0.21428571428571427,0.0
Saltinho,2020-05-28,5,0,1,1,0.21428571428571427,0.07142857142857142
Saltinho,2020-05-29,5,0,1,0,0.21428571428571427,0.07142857142857142
Saltinho,2020-05-30,5,0,1,0,0.21428571428571427,0.07142857142857142
Saltinho,2020-05-31,5,0,1,0,0.21428571428571427,0.07142857142857142
Saltinho,2020-06-01,5,0,1,0,0.21428571428571427,0.07142857142857142
Saltinho,2020-06-02,5,0,1,0,0.21428571428571427,0.07142857142857142
Saltinho,2020-06-03,5,0,1,0,0.21428571428571427,0.07142857142857142
Saltinho,2020-06-04,13,8,1,0,0.7857142857142857,0.07142857142857142
Saltinho,2020-06-05,15,2,1,0,0.9285714285714286,0.07142857142857142
Saltinho,2020-06-06,17,2,1,0,1.0714285714285714,0.07142857142857142
Saltinho,2020-06-07,17,0,1,0,1.0,0.07142857142857142
Saltinho,2020-06-08,17,0,1,0,1.0,0.07142857142857142
Saltinho,2020-06-09,20,3,1,0,1.1428571428571428,0.07142857142857142
Saltinho,2020-06-10,22,2,1,0,1.2142857142857142,0.07142857142857142
Saltinho,2020-06-11,22,0,1,0,1.2142857142857142,0.0
Saltinho,2020-06-12,22,0,1,0,1.2142857142857142,0.0
Saltinho,2020-06-13,23,1,1,0,1.2857142857142858,0.0
Saltinho,2020-06-14,23,0,1,0,1.2857142857142858,0.0
Saltinho,2020-06-15,23,0,1,0,1.2857142857142858,0.0
Saltinho,2020-06-16,27,4,1,0,1.5714285714285714,0.0
Saltinho,2020-06-17,28,1,1,0,1.6428571428571428,0.0
Saltinho,2020-06-18,28,0,1,0,1.0714285714285714,0.0
Saltinho,2020-06-19,30,2,1,0,1.0714285714285714,0.0
Saltinho,2020-06-20,31,1,1,0,1.0,0.0
Saltinho,2020-06-21,33,2,1,0,1.1428571428571428,0.0
Saltinho,2020-06-22,33,0,1,0,1.1428571428571428,0.0
Saltinho,2020-06-23,39,6,1,0,1.3571428571428572,0.0
Saltinho,2020-06-24,41,2,1,0,1.3571428571428572,0.0
Saltinho,2020-06-25,43,2,1,0,1.5,0.0
Saltinho,2020-06-26,44,1,1,0,1.5714285714285714,0.0
Saltinho,2020-06-27,45,1,1,0,1.5714285714285714,0.0
Saltinho,2020-06-28,46,1,1,0,1.6428571428571428,0.0
Saltinho,2020-06-29,46,0,1,0,1.6428571428571428,0.0
Saltinho,2020-06-30,47,1,1,0,1.4285714285714286,0.0
Saltinho,2020-07-01,48,1,1,0,1.4285714285714286,0.0
Saltinho,2020-07-02,49,1,1,0,1.5,0.0
Saltinho,2020-07-03,52,3,1,0,1.5714285714285714,0.0
Saltinho,2020-07-04,52,0,1,0,1.5,0.0
Saltinho,2020-07-05,53,1,1,0,1.4285714285714286,0.0
Saltinho,2020-07-06,53,0,1,0,1.4285714285714286,0.0
Saltinho,2020-07-07,54,1,1,0,1.0714285714285714,0.0
Saltinho,2020-07-08,55,1,1,0,1.0,0.0
Saltinho,2020-07-09,56,1,2,1,0.9285714285714286,0.07142857142857142
Saltinho,2020-07-10,57,1,2,0,0.9285714285714286,0.07142857142857142
Saltinho,2020-07-11,57,0,2,0,0.8571428571428571,0.07142857142857142
Saltinho,2020-07-12,57,0,2,0,0.7857142857142857,0.07142857142857142
Saltinho,2020-07-13,57,0,2,0,0.7857142857142857,0.07142857142857142
Saltinho,2020-07-14,58,1,2,0,0.7857142857142857,0.07142857142857142
Saltinho,2020-07-15,59,1,2,0,0.7857142857142857,0.07142857142857142
Saltinho,2020-07-16,60,1,2,0,0.7857142857142857,0.07142857142857142
Saltinho,2020-07-17,62,2,2,0,0.7142857142857143,0.07142857142857142
Saltinho,2020-07-18,64,2,2,0,0.8571428571428571,0.07142857142857142
Saltinho,2020-07-19,64,0,2,0,0.7857142857142857,0.07142857142857142
Saltinho,2020-07-20,64,0,2,0,0.7857142857142857,0.07142857142857142
Saltinho,2020-07-21,67,3,2,0,0.9285714285714286,0.07142857142857142
Saltinho,2020-07-22,68,1,2,0,0.9285714285714286,0.07142857142857142
Saltinho,2020-07-23,69,1,2,0,0.9285714285714286,0.0
Saltinho,2020-07-24,76,7,2,0,1.3571428571428572,0.0
Saltinho,2020-07-25,79,3,2,0,1.5714285714285714,0.0
Saltinho,2020-07-26,80,1,2,0,1.6428571428571428,0.0
Saltinho,2020-07-27,80,0,2,0,1.6428571428571428,0.0
Saltinho,2020-07-28,80,0,2,0,1.5714285714285714,0.0
Saltinho,2020-07-29,81,1,2,0,1.5714285714285714,0.0
Saltinho,2020-07-30,83,2,2,0,1.6428571428571428,0.0
Saltinho,2020-07-31,85,2,2,0,1.6428571428571428,0.0
Saltinho,2020-08-01,85,0,2,0,1.5,0.0
Saltinho,2020-08-02,85,0,2,0,1.5,0.0
Saltinho,2020-08-03,85,0,2,0,1.5,0.0
Saltinho,2020-08-04,88,3,2,0,1.5,0.0
Saltinho,2020-08-05,89,1,2,0,1.5,0.0
Saltinho,2020-08-06,92,3,2,0,1.6428571428571428,0.0
Saltinho,2020-08-07,95,3,2,0,1.3571428571428572,0.0
Saltinho,2020-08-08,98,3,2,0,1.3571428571428572,0.0
Saltinho,2020-08-09,99,1,2,0,1.3571428571428572,0.0
Saltinho,2020-08-10,99,0,2,0,1.3571428571428572,0.0
Saltinho,2020-08-11,100,1,2,0,1.4285714285714286,0.0
Saltinho,2020-08-12,103,3,2,0,1.5714285714285714,0.0
Saltinho,2020-08-13,103,0,2,0,1.4285714285714286,0.0
Saltinho,2020-08-14,103,0,2,0,1.2857142857142858,0.0
Saltinho,2020-08-15,106,3,2,0,1.5,0.0
Saltinho,2020-08-16,106,0,2,0,1.5,0.0
Saltinho,2020-08-17,106,0,2,0,1.5,0.0
Saltinho,2020-08-18,108,2,2,0,1.4285714285714286,0.0
Saltinho,2020-08-19,109,1,2,0,1.4285714285714286,0.0
Saltinho,2020-08-20,110,1,2,0,1.2857142857142858,0.0
Saltinho,2020-08-21,112,2,2,0,1.2142857142857142,0.0
Saltinho,2020-08-22,112,0,2,0,1.0,0.0
Saltinho,2020-08-23,113,1,2,0,1.0,0.0
Saltinho,2020-08-24,113,0,2,0,1.0,0.0
Saltinho,2020-08-25,113,0,2,0,0.9285714285714286,0.0
Saltinho,2020-08-26,113,0,2,0,0.7142857142857143,0.0
Saltinho,2020-08-27,115,2,2,0,0.8571428571428571,0.0
Saltinho,2020-08-28,115,0,2,0,0.8571428571428571,0.0
Saltinho,2020-08-29,116,1,2,0,0.7142857142857143,0.0
Saltinho,2020-08-30,116,0,2,0,0.7142857142857143,0.0
Saltinho,2020-08-31,116,0,2,0,0.7142857142857143,0.0
Saltinho,2020-09-01,120,4,2,0,0.8571428571428571,0.0
Saltinho,2020-09-02,119,-1,2,0,0.7142857142857143,0.0
Saltinho,2020-09-03,119,0,2,0,0.6428571428571429,0.0
Saltinho,2020-09-04,119,0,2,0,0.5,0.0
Saltinho,2020-09-05,120,1,2,0,0.5714285714285714,0.0
Saltinho,2020-09-06,120,0,2,0,0.5,0.0
Saltinho,2020-09-07,120,0,2,0,0.5,0.0
Saltinho,2020-09-08,120,0,2,0,0.5,0.0
Saltinho,2020-09-09,121,1,2,0,0.5714285714285714,0.0
Saltinho,2020-09-10,121,0,2,0,0.42857142857142855,0.0
Saltinho,2020-09-11,123,2,2,0,0.5714285714285714,0.0
Saltinho,2020-09-12,124,1,2,0,0.5714285714285714,0.0
Saltinho,2020-09-13,124,0,2,0,0.5714285714285714,0.0
Saltinho,2020-09-14,124,0,2,0,0.5714285714285714,0.0
Saltinho,2020-09-15,127,3,2,0,0.5,0.0
Saltinho,2020-09-16,128,1,2,0,0.6428571428571429,0.0
Saltinho,2020-09-17,129,1,2,0,0.7142857142857143,0.0
Saltinho,2020-09-18,130,1,2,0,0.7857142857142857,0.0
Saltinho,2020-09-19,130,0,2,0,0.7142857142857143,0.0
Saltinho,2020-09-20,130,0,2,0,0.7142857142857143,0.0
Saltinho,2020-09-21,130,0,2,0,0.7142857142857143,0.0
Saltinho,2020-09-22,131,1,2,0,0.7857142857142857,0.0
Saltinho,2020-09-23,132,1,2,0,0.7857142857142857,0.0
Saltinho,2020-09-24,133,1,2,0,0.8571428571428571,0.0
Saltinho,2020-09-25,134,1,2,0,0.7857142857142857,0.0
Saltinho,2020-09-26,134,0,2,0,0.7142857142857143,0.0
Saltinho,2020-09-27,135,1,2,0,0.7857142857142857,0.0
Saltinho,2020-09-28,134,-1,2,0,0.7142857142857143,0.0
Saltinho,2020-09-29,134,0,2,0,0.5,0.0
Saltinho,2020-09-30,135,1,2,0,0.5,0.0
Saltinho,2020-10-01,136,1,2,0,0.5,0.0
Saltinho,2020-10-02,136,0,2,0,0.42857142857142855,0.0
Saltinho,2020-10-03,136,0,2,0,0.42857142857142855,0.0
Saltinho,2020-10-04,136,0,2,0,0.42857142857142855,0.0
Saltinho,2020-10-05,144,8,2,0,1.0,0.0
Saltinho,2020-10-06,145,1,2,0,1.0,0.0
Saltinho,2020-10-07,146,1,2,0,1.0,0.0
Saltinho,2020-10-08,147,1,2,0,1.0,0.0
Saltinho,2020-10-09,146,-1,2,0,0.8571428571428571,0.0
Saltinho,2020-10-10,147,1,2,0,0.9285714285714286,0.0
Saltinho,2020-10-11,147,0,2,0,0.8571428571428571,0.0
Saltinho,2020-10-12,147,0,2,0,0.9285714285714286,0.0
Saltinho,2020-10-13,147,0,2,0,0.9285714285714286,0.0
Saltinho,2020-10-14,148,1,2,0,0.9285714285714286,0.0
Saltinho,2020-10-15,150,2,2,0,1.0,0.0
Saltinho,2020-10-16,153,3,2,0,1.2142857142857142,0.0
Saltinho,2020-10-17,157,4,2,0,1.5,0.0
Saltinho,2020-10-18,160,3,2,0,1.7142857142857142,0.0
Saltinho,2020-10-19,160,0,2,0,1.1428571428571428,0.0
Saltinho,2020-10-20,164,4,2,0,1.3571428571428572,0.0
Saltinho,2020-10-21,165,1,2,0,1.3571428571428572,0.0
Saltinho,2020-10-22,168,3,2,0,1.5,0.0
Saltinho,2020-10-23,171,3,2,0,1.7857142857142858,0.0
Saltinho,2020-10-24,173,2,2,0,1.8571428571428572,0.0
Saltinho,2020-10-25,174,1,2,0,1.9285714285714286,0.0
Saltinho,2020-10-26,174,0,2,0,1.9285714285714286,0.0
Saltinho,2020-10-27,175,1,2,0,2.0,0.0
Saltinho,2020-10-28,181,6,2,0,2.357142857142857,0.0
Saltinho,2020-10-29,183,2,2,0,2.357142857142857,0.0
Saltinho,2020-10-30,183,0,2,0,2.142857142857143,0.0
Saltinho,2020-10-31,185,2,2,0,2.0,0.0
Saltinho,2020-11-01,185,0,2,0,1.7857142857142858,0.0
Saltinho,2020-11-02,185,0,2,0,1.7857142857142858,0.0
Saltinho,2020-11-03,185,0,2,0,1.5,0.0
Saltinho,2020-11-04,186,1,2,0,1.5,0.0
Saltinho,2020-11-05,186,0,2,0,1.2857142857142858,0.0
Saltinho,2020-11-06,186,0,2,0,1.0714285714285714,0.0
Saltinho,2020-11-07,186,0,2,0,0.9285714285714286,0.0
Saltinho,2020-11-08,186,0,2,0,0.8571428571428571,0.0
Saltinho,2020-11-09,186,0,2,0,0.8571428571428571,0.0
Saltinho,2020-11-10,186,0,2,0,0.7857142857142857,0.0
Saltinho,2020-11-11,188,2,2,0,0.5,0.0
Saltinho,2020-11-12,190,2,2,0,0.5,0.0
Saltinho,2020-11-13,194,4,2,0,0.7857142857142857,0.0
Saltinho,2020-11-14,194,0,2,0,0.6428571428571429,0.0
Saltinho,2020-11-15,196,2,2,0,0.7857142857142857,0.0
Saltinho,2020-11-16,196,0,2,0,0.7857142857142857,0.0
Saltinho,2020-11-17,199,3,2,0,1.0,0.0
Saltinho,2020-11-18,199,0,2,0,0.9285714285714286,0.0
Saltinho,2020-11-19,200,1,2,0,1.0,0.0
Saltinho,2020-11-20,203,3,2,0,1.2142857142857142,0.0
Saltinho,2020-11-21,203,0,2,0,1.2142857142857142,0.0
Saltinho,2020-11-22,203,0,2,0,1.2142857142857142,0.0
Saltinho,2020-11-23,204,1,2,0,1.2857142857142858,0.0
Saltinho,2020-11-24,204,0,2,0,1.2857142857142858,0.0
Saltinho,2020-11-25,205,1,2,0,1.2142857142857142,0.0
Saltinho,2020-11-26,206,1,2,0,1.1428571428571428,0.0
Saltinho,2020-11-27,207,1,2,0,0.9285714285714286,0.0
Saltinho,2020-11-28,211,4,2,0,1.2142857142857142,0.0
Saltinho,2020-11-29,216,5,2,0,1.4285714285714286,0.0
Saltinho,2020-11-30,216,0,2,0,1.4285714285714286,0.0
Saltinho,2020-12-01,217,1,2,0,1.2857142857142858,0.0
Saltinho,2020-12-02,217,0,2,0,1.2857142857142858,0.0
Saltinho,2020-12-03,220,3,2,0,1.4285714285714286,0.0
Saltinho,2020-12-04,222,2,2,0,1.3571428571428572,0.0
Saltinho,2020-12-05,225,3,2,0,1.5714285714285714,0.0
Saltinho,2020-12-06,226,1,2,0,1.6428571428571428,0.0
Saltinho,2020-12-07,226,0,2,0,1.5714285714285714,0.0
Saltinho,2020-12-08,228,2,2,0,1.7142857142857142,0.0
Saltinho,2020-12-09,235,7,2,0,2.142857142857143,0.0
Saltinho,2020-12-10,238,3,2,0,2.2857142857142856,0.0
Saltinho,2020-12-11,242,4,2,0,2.5,0.0
Saltinho,2020-12-12,244,2,2,0,2.357142857142857,0.0
Saltinho,2020-12-13,244,0,2,0,2.0,0.0
Saltinho,2020-12-14,244,0,2,0,2.0,0.0
Saltinho,2020-12-15,244,0,2,0,1.9285714285714286,0.0
Saltinho,2020-12-16,249,5,2,0,2.2857142857142856,0.0
Saltinho,2020-12-17,249,0,2,0,2.0714285714285716,0.0
Saltinho,2020-12-18,248,-1,2,0,1.8571428571428572,0.0
Saltinho,2020-12-19,250,2,2,0,1.7857142857142858,0.0
Saltinho,2020-12-20,250,0,2,0,1.7142857142857142,0.0
Saltinho,2020-12-21,250,0,2,0,1.7142857142857142,0.0
Saltinho,2020-12-22,252,2,2,0,1.7142857142857142,0.0
Saltinho,2020-12-23,254,2,2,0,1.3571428571428572,0.0
Saltinho,2020-12-24,254,0,2,0,1.1428571428571428,0.0
Saltinho,2020-12-25,254,0,2,0,0.8571428571428571,0.0
Saltinho,2020-12-26,254,0,2,0,0.7142857142857143,0.0
Saltinho,2020-12-27,254,0,2,0,0.7142857142857143,0.0
Saltinho,2020-12-28,255,1,2,0,0.7857142857142857,0.0
Saltinho,2020-12-29,256,1,2,0,0.8571428571428571,0.0
Saltinho,2020-12-30,257,1,2,0,0.5714285714285714,0.0
Saltinho,2020-12-31,260,3,2,0,0.7857142857142857,0.0
Saltinho,2021-01-01,260,0,2,0,0.8571428571428571,0.0
Saltinho,2021-01-02,260,0,2,0,0.7142857142857143,0.0
Saltinho,2021-01-03,260,0,2,0,0.7142857142857143,0.0
Saltinho,2021-01-04,260,0,2,0,0.7142857142857143,0.0
Saltinho,2021-01-05,263,3,2,0,0.7857142857142857,0.0
Saltinho,2021-01-06,263,0,2,0,0.6428571428571429,0.0
Saltinho,2021-01-07,272,9,2,0,1.2857142857142858,0.0
Saltinho,2021-01-08,274,2,2,0,1.4285714285714286,0.0
Saltinho,2021-01-09,278,4,2,0,1.7142857142857142,0.0
Saltinho,2021-01-10,278,0,2,0,1.7142857142857142,0.0
Saltinho,2021-01-11,278,0,2,0,1.6428571428571428,0.0
Saltinho,2021-01-12,279,1,2,0,1.6428571428571428,0.0
Saltinho,2021-01-13,280,1,2,0,1.6428571428571428,0.0
Saltinho,2021-01-14,281,1,2,0,1.5,0.0
Saltinho,2021-01-15,284,3,2,0,1.7142857142857142,0.0
Saltinho,2021-01-16,291,7,2,0,2.2142857142857144,0.0
Saltinho,2021-01-17,291,0,2,0,2.2142857142857144,0.0
Saltinho,2021-01-18,292,1,2,0,2.2857142857142856,0.0
Saltinho,2021-01-19,292,0,2,0,2.0714285714285716,0.0
Saltinho,2021-01-20,296,4,2,0,2.357142857142857,0.0
Saltinho,2021-01-21,305,9,2,0,2.357142857142857,0.0
Saltinho,2021-01-22,308,3,2,0,2.4285714285714284,0.0
Saltinho,2021-01-23,312,4,2,0,2.4285714285714284,0.0
Saltinho,2021-01-24,311,-1,2,0,2.357142857142857,0.0
Saltinho,2021-01-25,312,1,2,0,2.4285714285714284,0.0
Saltinho,2021-01-26,314,2,2,0,2.5,0.0
Saltinho,2021-01-27,322,8,2,0,3.0,0.0
Saltinho,2021-01-28,326,4,2,0,3.2142857142857144,0.0
Saltinho,2021-01-29,329,3,2,0,3.2142857142857144,0.0
Saltinho,2021-01-30,331,2,2,0,2.857142857142857,0.0
Saltinho,2021-01-31,331,0,2,0,2.857142857142857,0.0
Saltinho,2021-02-01,331,0,2,0,2.7857142857142856,0.0
Saltinho,2021-02-02,336,5,2,0,3.142857142857143,0.0
Saltinho,2021-02-03,339,3,2,0,3.0714285714285716,0.0
Saltinho,2021-02-04,344,5,2,0,2.7857142857142856,0.0
Saltinho,2021-02-05,348,4,2,0,2.857142857142857,0.0
Saltinho,2021-02-06,349,1,2,0,2.642857142857143,0.0
Saltinho,2021-02-07,349,0,2,0,2.7142857142857144,0.0
Saltinho,2021-02-08,349,0,2,0,2.642857142857143,0.0
