city,city,date,cases,daily cases,deaths,daily deaths
Santa Tereza do Oeste,Santa Tereza do Oeste,2020-03-27,0,0,0,0
Santa Tereza do Oeste,Santa Tereza do Oeste,2020-03-28,0,0,0,0
Santa Tereza do Oeste,Santa Tereza do Oeste,2020-03-29,0,0,0,0
Santa Tereza do Oeste,Santa Tereza do Oeste,2020-03-30,0,0,0,0
Santa Tereza do Oeste,Santa Tereza do Oeste,2020-03-31,0,0,0,0
Santa Tereza do Oeste,Santa Tereza do Oeste,2020-04-01,0,0,0,0
Santa Tereza do Oeste,Santa Tereza do Oeste,2020-04-02,0,0,0,0
Santa Tereza do Oeste,Santa Tereza do Oeste,2020-04-03,0,0,0,0
Santa Tereza do Oeste,Santa Tereza do Oeste,2020-04-04,0,0,0,0
Santa Tereza do Oeste,Santa Tereza do Oeste,2020-04-05,0,0,0,0
Santa Tereza do Oeste,Santa Tereza do Oeste,2020-04-06,0,0,0,0
Santa Tereza do Oeste,Santa Tereza do Oeste,2020-04-07,0,0,0,0
Santa Tereza do Oeste,Santa Tereza do Oeste,2020-04-08,0,0,0,0
Santa Tereza do Oeste,Santa Tereza do Oeste,2020-04-09,0,0,0,0
Santa Tereza do Oeste,Santa Tereza do Oeste,2020-04-10,0,0,0,0
Santa Tereza do Oeste,Santa Tereza do Oeste,2020-04-11,0,0,0,0
Santa Tereza do Oeste,Santa Tereza do Oeste,2020-04-12,0,0,0,0
Santa Tereza do Oeste,Santa Tereza do Oeste,2020-04-13,0,0,0,0
Santa Tereza do Oeste,Santa Tereza do Oeste,2020-04-14,0,0,0,0
Santa Tereza do Oeste,Santa Tereza do Oeste,2020-04-15,0,0,0,0
Santa Tereza do Oeste,Santa Tereza do Oeste,2020-04-16,0,0,0,0
Santa Tereza do Oeste,Santa Tereza do Oeste,2020-04-17,0,0,0,0
Santa Tereza do Oeste,Santa Tereza do Oeste,2020-04-18,0,0,0,0
Santa Tereza do Oeste,Santa Tereza do Oeste,2020-04-19,0,0,0,0
Santa Tereza do Oeste,Santa Tereza do Oeste,2020-04-20,0,0,0,0
Santa Tereza do Oeste,Santa Tereza do Oeste,2020-04-21,0,0,0,0
Santa Tereza do Oeste,Santa Tereza do Oeste,2020-04-22,0,0,0,0
Santa Tereza do Oeste,Santa Tereza do Oeste,2020-04-23,0,0,0,0
Santa Tereza do Oeste,Santa Tereza do Oeste,2020-04-24,0,0,0,0
Santa Tereza do Oeste,Santa Tereza do Oeste,2020-04-25,0,0,0,0
Santa Tereza do Oeste,Santa Tereza do Oeste,2020-04-26,0,0,0,0
Santa Tereza do Oeste,Santa Tereza do Oeste,2020-04-27,0,0,0,0
Santa Tereza do Oeste,Santa Tereza do Oeste,2020-04-28,0,0,0,0
Santa Tereza do Oeste,Santa Tereza do Oeste,2020-04-29,0,0,0,0
Santa Tereza do Oeste,Santa Tereza do Oeste,2020-04-30,0,0,0,0
Santa Tereza do Oeste,Santa Tereza do Oeste,2020-05-01,0,0,0,0
Santa Tereza do Oeste,Santa Tereza do Oeste,2020-05-02,0,0,0,0
Santa Tereza do Oeste,Santa Tereza do Oeste,2020-05-03,0,0,0,0
Santa Tereza do Oeste,Santa Tereza do Oeste,2020-05-04,0,0,0,0
Santa Tereza do Oeste,Santa Tereza do Oeste,2020-05-05,0,0,0,0
Santa Tereza do Oeste,Santa Tereza do Oeste,2020-05-06,0,0,0,0
Santa Tereza do Oeste,Santa Tereza do Oeste,2020-05-07,0,0,0,0
Santa Tereza do Oeste,Santa Tereza do Oeste,2020-05-08,0,0,0,0
Santa Tereza do Oeste,Santa Tereza do Oeste,2020-05-09,0,0,0,0
Santa Tereza do Oeste,Santa Tereza do Oeste,2020-05-10,0,0,0,0
Santa Tereza do Oeste,Santa Tereza do Oeste,2020-05-11,0,0,0,0
Santa Tereza do Oeste,Santa Tereza do Oeste,2020-05-12,1,1,0,0
Santa Tereza do Oeste,Santa Tereza do Oeste,2020-05-13,1,0,0,0
Santa Tereza do Oeste,Santa Tereza do Oeste,2020-05-14,1,0,0,0
Santa Tereza do Oeste,Santa Tereza do Oeste,2020-05-15,1,0,0,0
Santa Tereza do Oeste,Santa Tereza do Oeste,2020-05-16,1,0,0,0
Santa Tereza do Oeste,Santa Tereza do Oeste,2020-05-17,1,0,0,0
Santa Tereza do Oeste,Santa Tereza do Oeste,2020-05-18,1,0,0,0
Santa Tereza do Oeste,Santa Tereza do Oeste,2020-05-19,2,1,0,0
Santa Tereza do Oeste,Santa Tereza do Oeste,2020-05-20,3,1,0,0
Santa Tereza do Oeste,Santa Tereza do Oeste,2020-05-21,4,1,0,0
Santa Tereza do Oeste,Santa Tereza do Oeste,2020-05-22,4,0,0,0
Santa Tereza do Oeste,Santa Tereza do Oeste,2020-05-23,5,1,0,0
Santa Tereza do Oeste,Santa Tereza do Oeste,2020-05-24,5,0,0,0
Santa Tereza do Oeste,Santa Tereza do Oeste,2020-05-25,6,1,0,0
Santa Tereza do Oeste,Santa Tereza do Oeste,2020-05-26,6,0,0,0
Santa Tereza do Oeste,Santa Tereza do Oeste,2020-05-27,7,1,0,0
Santa Tereza do Oeste,Santa Tereza do Oeste,2020-05-28,7,0,0,0
Santa Tereza do Oeste,Santa Tereza do Oeste,2020-05-29,7,0,0,0
Santa Tereza do Oeste,Santa Tereza do Oeste,2020-05-30,7,0,0,0
Santa Tereza do Oeste,Santa Tereza do Oeste,2020-05-31,7,0,0,0
Santa Tereza do Oeste,Santa Tereza do Oeste,2020-06-01,7,0,0,0
Santa Tereza do Oeste,Santa Tereza do Oeste,2020-06-02,12,5,0,0
Santa Tereza do Oeste,Santa Tereza do Oeste,2020-06-03,12,0,0,0
Santa Tereza do Oeste,Santa Tereza do Oeste,2020-06-04,13,1,1,1
Santa Tereza do Oeste,Santa Tereza do Oeste,2020-06-05,13,0,1,0
Santa Tereza do Oeste,Santa Tereza do Oeste,2020-06-06,13,0,1,0
Santa Tereza do Oeste,Santa Tereza do Oeste,2020-06-07,13,0,1,0
Santa Tereza do Oeste,Santa Tereza do Oeste,2020-06-08,15,2,1,0
Santa Tereza do Oeste,Santa Tereza do Oeste,2020-06-09,15,0,1,0
Santa Tereza do Oeste,Santa Tereza do Oeste,2020-06-10,15,0,1,0
Santa Tereza do Oeste,Santa Tereza do Oeste,2020-06-11,15,0,1,0
Santa Tereza do Oeste,Santa Tereza do Oeste,2020-06-12,15,0,1,0
Santa Tereza do Oeste,Santa Tereza do Oeste,2020-06-13,16,1,2,1
Santa Tereza do Oeste,Santa Tereza do Oeste,2020-06-14,17,1,2,0
Santa Tereza do Oeste,Santa Tereza do Oeste,2020-06-15,17,0,2,0
Santa Tereza do Oeste,Santa Tereza do Oeste,2020-06-16,20,3,2,0
Santa Tereza do Oeste,Santa Tereza do Oeste,2020-06-17,23,3,2,0
Santa Tereza do Oeste,Santa Tereza do Oeste,2020-06-18,23,0,2,0
Santa Tereza do Oeste,Santa Tereza do Oeste,2020-06-19,23,0,2,0
Santa Tereza do Oeste,Santa Tereza do Oeste,2020-06-20,24,1,2,0
Santa Tereza do Oeste,Santa Tereza do Oeste,2020-06-21,24,0,2,0
Santa Tereza do Oeste,Santa Tereza do Oeste,2020-06-22,33,9,2,0
Santa Tereza do Oeste,Santa Tereza do Oeste,2020-06-23,34,1,2,0
Santa Tereza do Oeste,Santa Tereza do Oeste,2020-06-24,36,2,2,0
Santa Tereza do Oeste,Santa Tereza do Oeste,2020-06-25,38,2,2,0
Santa Tereza do Oeste,Santa Tereza do Oeste,2020-06-26,38,0,2,0
Santa Tereza do Oeste,Santa Tereza do Oeste,2020-06-27,39,1,2,0
Santa Tereza do Oeste,Santa Tereza do Oeste,2020-06-28,44,5,2,0
Santa Tereza do Oeste,Santa Tereza do Oeste,2020-06-29,44,0,2,0
Santa Tereza do Oeste,Santa Tereza do Oeste,2020-06-30,50,6,2,0
Santa Tereza do Oeste,Santa Tereza do Oeste,2020-07-01,53,3,2,0
Santa Tereza do Oeste,Santa Tereza do Oeste,2020-07-02,53,0,2,0
Santa Tereza do Oeste,Santa Tereza do Oeste,2020-07-03,56,3,2,0
Santa Tereza do Oeste,Santa Tereza do Oeste,2020-07-04,61,5,2,0
Santa Tereza do Oeste,Santa Tereza do Oeste,2020-07-05,61,0,2,0
Santa Tereza do Oeste,Santa Tereza do Oeste,2020-07-06,62,1,2,0
Santa Tereza do Oeste,Santa Tereza do Oeste,2020-07-07,62,0,2,0
Santa Tereza do Oeste,Santa Tereza do Oeste,2020-07-08,64,2,2,0
Santa Tereza do Oeste,Santa Tereza do Oeste,2020-07-09,64,0,3,1
Santa Tereza do Oeste,Santa Tereza do Oeste,2020-07-10,68,4,3,0
Santa Tereza do Oeste,Santa Tereza do Oeste,2020-07-11,69,1,3,0
Santa Tereza do Oeste,Santa Tereza do Oeste,2020-07-12,73,4,3,0
Santa Tereza do Oeste,Santa Tereza do Oeste,2020-07-13,73,0,3,0
Santa Tereza do Oeste,Santa Tereza do Oeste,2020-07-14,73,0,3,0
Santa Tereza do Oeste,Santa Tereza do Oeste,2020-07-15,73,0,3,0
Santa Tereza do Oeste,Santa Tereza do Oeste,2020-07-16,74,1,3,0
Santa Tereza do Oeste,Santa Tereza do Oeste,2020-07-17,76,2,3,0
Santa Tereza do Oeste,Santa Tereza do Oeste,2020-07-18,77,1,3,0
Santa Tereza do Oeste,Santa Tereza do Oeste,2020-07-19,77,0,3,0
Santa Tereza do Oeste,Santa Tereza do Oeste,2020-07-20,77,0,3,0
Santa Tereza do Oeste,Santa Tereza do Oeste,2020-07-21,77,0,3,0
Santa Tereza do Oeste,Santa Tereza do Oeste,2020-07-22,88,11,3,0
Santa Tereza do Oeste,Santa Tereza do Oeste,2020-07-23,92,4,3,0
Santa Tereza do Oeste,Santa Tereza do Oeste,2020-07-24,96,4,3,0
Santa Tereza do Oeste,Santa Tereza do Oeste,2020-07-25,96,0,3,0
Santa Tereza do Oeste,Santa Tereza do Oeste,2020-07-26,98,2,3,0
Santa Tereza do Oeste,Santa Tereza do Oeste,2020-07-27,104,6,3,0
Santa Tereza do Oeste,Santa Tereza do Oeste,2020-07-28,106,2,3,0
Santa Tereza do Oeste,Santa Tereza do Oeste,2020-07-29,106,0,3,0
Santa Tereza do Oeste,Santa Tereza do Oeste,2020-07-30,108,2,3,0
Santa Tereza do Oeste,Santa Tereza do Oeste,2020-07-31,108,0,3,0
Santa Tereza do Oeste,Santa Tereza do Oeste,2020-08-01,110,2,3,0
Santa Tereza do Oeste,Santa Tereza do Oeste,2020-08-02,110,0,3,0
Santa Tereza do Oeste,Santa Tereza do Oeste,2020-08-03,110,0,3,0
Santa Tereza do Oeste,Santa Tereza do Oeste,2020-08-04,110,0,3,0
Santa Tereza do Oeste,Santa Tereza do Oeste,2020-08-05,111,1,3,0
Santa Tereza do Oeste,Santa Tereza do Oeste,2020-08-06,112,1,3,0
Santa Tereza do Oeste,Santa Tereza do Oeste,2020-08-07,111,-1,3,0
Santa Tereza do Oeste,Santa Tereza do Oeste,2020-08-08,111,0,3,0
Santa Tereza do Oeste,Santa Tereza do Oeste,2020-08-09,111,0,3,0
Santa Tereza do Oeste,Santa Tereza do Oeste,2020-08-10,111,0,3,0
Santa Tereza do Oeste,Santa Tereza do Oeste,2020-08-11,111,0,3,0
Santa Tereza do Oeste,Santa Tereza do Oeste,2020-08-12,112,1,4,1
Santa Tereza do Oeste,Santa Tereza do Oeste,2020-08-13,112,0,4,0
Santa Tereza do Oeste,Santa Tereza do Oeste,2020-08-14,112,0,4,0
Santa Tereza do Oeste,Santa Tereza do Oeste,2020-08-15,113,1,4,0
Santa Tereza do Oeste,Santa Tereza do Oeste,2020-08-16,115,2,4,0
Santa Tereza do Oeste,Santa Tereza do Oeste,2020-08-17,115,0,4,0
Santa Tereza do Oeste,Santa Tereza do Oeste,2020-08-18,115,0,4,0
Santa Tereza do Oeste,Santa Tereza do Oeste,2020-08-19,115,0,4,0
Santa Tereza do Oeste,Santa Tereza do Oeste,2020-08-20,115,0,4,0
Santa Tereza do Oeste,Santa Tereza do Oeste,2020-08-21,117,2,4,0
Santa Tereza do Oeste,Santa Tereza do Oeste,2020-08-22,117,0,4,0
Santa Tereza do Oeste,Santa Tereza do Oeste,2020-08-23,117,0,4,0
Santa Tereza do Oeste,Santa Tereza do Oeste,2020-08-24,118,1,4,0
Santa Tereza do Oeste,Santa Tereza do Oeste,2020-08-25,118,0,4,0
Santa Tereza do Oeste,Santa Tereza do Oeste,2020-08-26,118,0,4,0
Santa Tereza do Oeste,Santa Tereza do Oeste,2020-08-27,118,0,4,0
Santa Tereza do Oeste,Santa Tereza do Oeste,2020-08-28,118,0,4,0
Santa Tereza do Oeste,Santa Tereza do Oeste,2020-08-29,118,0,4,0
Santa Tereza do Oeste,Santa Tereza do Oeste,2020-08-30,118,0,4,0
Santa Tereza do Oeste,Santa Tereza do Oeste,2020-08-31,118,0,4,0
Santa Tereza do Oeste,Santa Tereza do Oeste,2020-09-01,118,0,4,0
Santa Tereza do Oeste,Santa Tereza do Oeste,2020-09-02,118,0,4,0
Santa Tereza do Oeste,Santa Tereza do Oeste,2020-09-03,118,0,4,0
Santa Tereza do Oeste,Santa Tereza do Oeste,2020-09-04,119,1,4,0
Santa Tereza do Oeste,Santa Tereza do Oeste,2020-09-05,119,0,4,0
Santa Tereza do Oeste,Santa Tereza do Oeste,2020-09-06,119,0,4,0
Santa Tereza do Oeste,Santa Tereza do Oeste,2020-09-07,120,1,4,0
Santa Tereza do Oeste,Santa Tereza do Oeste,2020-09-08,120,0,4,0
Santa Tereza do Oeste,Santa Tereza do Oeste,2020-09-09,120,0,4,0
Santa Tereza do Oeste,Santa Tereza do Oeste,2020-09-10,120,0,4,0
Santa Tereza do Oeste,Santa Tereza do Oeste,2020-09-11,125,5,4,0
Santa Tereza do Oeste,Santa Tereza do Oeste,2020-09-12,125,0,4,0
Santa Tereza do Oeste,Santa Tereza do Oeste,2020-09-13,125,0,4,0
Santa Tereza do Oeste,Santa Tereza do Oeste,2020-09-14,125,0,4,0
Santa Tereza do Oeste,Santa Tereza do Oeste,2020-09-15,125,0,4,0
Santa Tereza do Oeste,Santa Tereza do Oeste,2020-09-16,125,0,4,0
Santa Tereza do Oeste,Santa Tereza do Oeste,2020-09-17,129,4,4,0
Santa Tereza do Oeste,Santa Tereza do Oeste,2020-09-18,129,0,4,0
Santa Tereza do Oeste,Santa Tereza do Oeste,2020-09-19,130,1,4,0
Santa Tereza do Oeste,Santa Tereza do Oeste,2020-09-20,131,1,4,0
Santa Tereza do Oeste,Santa Tereza do Oeste,2020-09-21,131,0,4,0
Santa Tereza do Oeste,Santa Tereza do Oeste,2020-09-22,133,2,4,0
Santa Tereza do Oeste,Santa Tereza do Oeste,2020-09-23,133,0,4,0
Santa Tereza do Oeste,Santa Tereza do Oeste,2020-09-24,139,6,4,0
Santa Tereza do Oeste,Santa Tereza do Oeste,2020-09-25,140,1,4,0
Santa Tereza do Oeste,Santa Tereza do Oeste,2020-09-26,141,1,4,0
Santa Tereza do Oeste,Santa Tereza do Oeste,2020-09-27,141,0,4,0
Santa Tereza do Oeste,Santa Tereza do Oeste,2020-09-28,141,0,4,0
Santa Tereza do Oeste,Santa Tereza do Oeste,2020-09-29,142,1,4,0
Santa Tereza do Oeste,Santa Tereza do Oeste,2020-09-30,144,2,4,0
Santa Tereza do Oeste,Santa Tereza do Oeste,2020-10-01,148,4,4,0
Santa Tereza do Oeste,Santa Tereza do Oeste,2020-10-02,150,2,4,0
Santa Tereza do Oeste,Santa Tereza do Oeste,2020-10-03,150,0,4,0
Santa Tereza do Oeste,Santa Tereza do Oeste,2020-10-04,152,2,4,0
Santa Tereza do Oeste,Santa Tereza do Oeste,2020-10-05,152,0,4,0
Santa Tereza do Oeste,Santa Tereza do Oeste,2020-10-06,152,0,4,0
Santa Tereza do Oeste,Santa Tereza do Oeste,2020-10-07,153,1,4,0
Santa Tereza do Oeste,Santa Tereza do Oeste,2020-10-08,153,0,4,0
Santa Tereza do Oeste,Santa Tereza do Oeste,2020-10-09,154,1,4,0
Santa Tereza do Oeste,Santa Tereza do Oeste,2020-10-10,154,0,4,0
Santa Tereza do Oeste,Santa Tereza do Oeste,2020-10-11,155,1,4,0
Santa Tereza do Oeste,Santa Tereza do Oeste,2020-10-12,156,1,4,0
Santa Tereza do Oeste,Santa Tereza do Oeste,2020-10-13,156,0,4,0
Santa Tereza do Oeste,Santa Tereza do Oeste,2020-10-14,166,10,4,0
Santa Tereza do Oeste,Santa Tereza do Oeste,2020-10-15,166,0,4,0
Santa Tereza do Oeste,Santa Tereza do Oeste,2020-10-16,167,1,4,0
Santa Tereza do Oeste,Santa Tereza do Oeste,2020-10-17,167,0,4,0
Santa Tereza do Oeste,Santa Tereza do Oeste,2020-10-18,167,0,4,0
Santa Tereza do Oeste,Santa Tereza do Oeste,2020-10-19,167,0,4,0
Santa Tereza do Oeste,Santa Tereza do Oeste,2020-10-20,169,2,4,0
Santa Tereza do Oeste,Santa Tereza do Oeste,2020-10-21,170,1,4,0
Santa Tereza do Oeste,Santa Tereza do Oeste,2020-10-22,170,0,4,0
Santa Tereza do Oeste,Santa Tereza do Oeste,2020-10-23,173,3,4,0
Santa Tereza do Oeste,Santa Tereza do Oeste,2020-10-24,176,3,4,0
Santa Tereza do Oeste,Santa Tereza do Oeste,2020-10-25,176,0,4,0
Santa Tereza do Oeste,Santa Tereza do Oeste,2020-10-26,176,0,4,0
Santa Tereza do Oeste,Santa Tereza do Oeste,2020-10-27,176,0,4,0
Santa Tereza do Oeste,Santa Tereza do Oeste,2020-10-28,176,0,4,0
Santa Tereza do Oeste,Santa Tereza do Oeste,2020-10-29,176,0,4,0
Santa Tereza do Oeste,Santa Tereza do Oeste,2020-10-30,176,0,4,0
Santa Tereza do Oeste,Santa Tereza do Oeste,2020-10-31,182,6,4,0
Santa Tereza do Oeste,Santa Tereza do Oeste,2020-11-01,182,0,4,0
Santa Tereza do Oeste,Santa Tereza do Oeste,2020-11-02,182,0,4,0
Santa Tereza do Oeste,Santa Tereza do Oeste,2020-11-03,182,0,4,0
Santa Tereza do Oeste,Santa Tereza do Oeste,2020-11-04,187,5,4,0
Santa Tereza do Oeste,Santa Tereza do Oeste,2020-11-05,187,0,4,0
Santa Tereza do Oeste,Santa Tereza do Oeste,2020-11-06,191,4,4,0
Santa Tereza do Oeste,Santa Tereza do Oeste,2020-11-07,191,0,4,0
Santa Tereza do Oeste,Santa Tereza do Oeste,2020-11-08,191,0,4,0
Santa Tereza do Oeste,Santa Tereza do Oeste,2020-11-09,192,1,4,0
Santa Tereza do Oeste,Santa Tereza do Oeste,2020-11-10,193,1,4,0
Santa Tereza do Oeste,Santa Tereza do Oeste,2020-11-11,197,4,4,0
Santa Tereza do Oeste,Santa Tereza do Oeste,2020-11-12,199,2,4,0
Santa Tereza do Oeste,Santa Tereza do Oeste,2020-11-13,199,0,4,0
Santa Tereza do Oeste,Santa Tereza do Oeste,2020-11-14,206,7,4,0
Santa Tereza do Oeste,Santa Tereza do Oeste,2020-11-15,206,0,4,0
Santa Tereza do Oeste,Santa Tereza do Oeste,2020-11-16,206,0,4,0
Santa Tereza do Oeste,Santa Tereza do Oeste,2020-11-17,217,11,4,0
Santa Tereza do Oeste,Santa Tereza do Oeste,2020-11-18,218,1,4,0
Santa Tereza do Oeste,Santa Tereza do Oeste,2020-11-19,218,0,4,0
Santa Tereza do Oeste,Santa Tereza do Oeste,2020-11-20,218,0,4,0
Santa Tereza do Oeste,Santa Tereza do Oeste,2020-11-21,223,5,4,0
Santa Tereza do Oeste,Santa Tereza do Oeste,2020-11-22,223,0,4,0
Santa Tereza do Oeste,Santa Tereza do Oeste,2020-11-23,223,0,4,0
Santa Tereza do Oeste,Santa Tereza do Oeste,2020-11-24,223,0,4,0
Santa Tereza do Oeste,Santa Tereza do Oeste,2020-11-25,231,8,4,0
Santa Tereza do Oeste,Santa Tereza do Oeste,2020-11-26,231,0,4,0
Santa Tereza do Oeste,Santa Tereza do Oeste,2020-11-27,233,2,4,0
Santa Tereza do Oeste,Santa Tereza do Oeste,2020-11-28,233,0,4,0
Santa Tereza do Oeste,Santa Tereza do Oeste,2020-11-29,233,0,4,0
Santa Tereza do Oeste,Santa Tereza do Oeste,2020-11-30,233,0,4,0
Santa Tereza do Oeste,Santa Tereza do Oeste,2020-12-01,235,2,4,0
Santa Tereza do Oeste,Santa Tereza do Oeste,2020-12-02,240,5,4,0
Santa Tereza do Oeste,Santa Tereza do Oeste,2020-12-03,242,2,4,0
Santa Tereza do Oeste,Santa Tereza do Oeste,2020-12-04,244,2,4,0
Santa Tereza do Oeste,Santa Tereza do Oeste,2020-12-05,244,0,4,0
Santa Tereza do Oeste,Santa Tereza do Oeste,2020-12-06,244,0,4,0
Santa Tereza do Oeste,Santa Tereza do Oeste,2020-12-07,244,0,4,0
Santa Tereza do Oeste,Santa Tereza do Oeste,2020-12-08,244,0,4,0
Santa Tereza do Oeste,Santa Tereza do Oeste,2020-12-09,255,11,4,0
Santa Tereza do Oeste,Santa Tereza do Oeste,2020-12-10,255,0,4,0
Santa Tereza do Oeste,Santa Tereza do Oeste,2020-12-11,257,2,4,0
Santa Tereza do Oeste,Santa Tereza do Oeste,2020-12-12,262,5,4,0
Santa Tereza do Oeste,Santa Tereza do Oeste,2020-12-13,262,0,4,0
Santa Tereza do Oeste,Santa Tereza do Oeste,2020-12-14,263,1,4,0
Santa Tereza do Oeste,Santa Tereza do Oeste,2020-12-15,284,21,4,0
Santa Tereza do Oeste,Santa Tereza do Oeste,2020-12-16,288,4,4,0
Santa Tereza do Oeste,Santa Tereza do Oeste,2020-12-17,288,0,4,0
Santa Tereza do Oeste,Santa Tereza do Oeste,2020-12-18,288,0,4,0
Santa Tereza do Oeste,Santa Tereza do Oeste,2020-12-19,293,5,4,0
Santa Tereza do Oeste,Santa Tereza do Oeste,2020-12-20,293,0,4,0
Santa Tereza do Oeste,Santa Tereza do Oeste,2020-12-21,294,1,5,1
Santa Tereza do Oeste,Santa Tereza do Oeste,2020-12-22,297,3,5,0
Santa Tereza do Oeste,Santa Tereza do Oeste,2020-12-23,312,15,4,-1
Santa Tereza do Oeste,Santa Tereza do Oeste,2020-12-24,325,13,4,0
Santa Tereza do Oeste,Santa Tereza do Oeste,2020-12-25,326,1,4,0
Santa Tereza do Oeste,Santa Tereza do Oeste,2020-12-26,328,2,4,0
Santa Tereza do Oeste,Santa Tereza do Oeste,2020-12-27,329,1,4,0
Santa Tereza do Oeste,Santa Tereza do Oeste,2020-12-28,331,2,4,0
Santa Tereza do Oeste,Santa Tereza do Oeste,2020-12-29,331,0,4,0
Santa Tereza do Oeste,Santa Tereza do Oeste,2020-12-30,338,7,4,0
Santa Tereza do Oeste,Santa Tereza do Oeste,2020-12-31,340,2,4,0
Santa Tereza do Oeste,Santa Tereza do Oeste,2021-01-01,340,0,4,0
Santa Tereza do Oeste,Santa Tereza do Oeste,2021-01-02,340,0,4,0
Santa Tereza do Oeste,Santa Tereza do Oeste,2021-01-03,340,0,4,0
Santa Tereza do Oeste,Santa Tereza do Oeste,2021-01-04,340,0,4,0
Santa Tereza do Oeste,Santa Tereza do Oeste,2021-01-05,349,9,4,0
Santa Tereza do Oeste,Santa Tereza do Oeste,2021-01-06,350,1,4,0
Santa Tereza do Oeste,Santa Tereza do Oeste,2021-01-07,380,30,4,0
Santa Tereza do Oeste,Santa Tereza do Oeste,2021-01-08,380,0,4,0
Santa Tereza do Oeste,Santa Tereza do Oeste,2021-01-09,382,2,4,0
Santa Tereza do Oeste,Santa Tereza do Oeste,2021-01-10,384,2,4,0
Santa Tereza do Oeste,Santa Tereza do Oeste,2021-01-11,384,0,4,0
Santa Tereza do Oeste,Santa Tereza do Oeste,2021-01-12,397,13,4,0
Santa Tereza do Oeste,Santa Tereza do Oeste,2021-01-13,397,0,4,0
Santa Tereza do Oeste,Santa Tereza do Oeste,2021-01-14,419,22,4,0
Santa Tereza do Oeste,Santa Tereza do Oeste,2021-01-15,421,2,4,0
Santa Tereza do Oeste,Santa Tereza do Oeste,2021-01-16,422,1,4,0
Santa Tereza do Oeste,Santa Tereza do Oeste,2021-01-17,422,0,4,0
Santa Tereza do Oeste,Santa Tereza do Oeste,2021-01-18,422,0,4,0
Santa Tereza do Oeste,Santa Tereza do Oeste,2021-01-19,424,2,5,1
Santa Tereza do Oeste,Santa Tereza do Oeste,2021-01-20,424,0,5,0
Santa Tereza do Oeste,Santa Tereza do Oeste,2021-01-21,426,2,5,0
Santa Tereza do Oeste,Santa Tereza do Oeste,2021-01-22,427,1,5,0
Santa Tereza do Oeste,Santa Tereza do Oeste,2021-01-23,428,1,5,0
Santa Tereza do Oeste,Santa Tereza do Oeste,2021-01-24,429,1,5,0
Santa Tereza do Oeste,Santa Tereza do Oeste,2021-01-25,429,0,5,0
Santa Tereza do Oeste,Santa Tereza do Oeste,2021-01-26,437,8,5,0
Santa Tereza do Oeste,Santa Tereza do Oeste,2021-01-27,440,3,5,0
Santa Tereza do Oeste,Santa Tereza do Oeste,2021-01-28,445,5,5,0
Santa Tereza do Oeste,Santa Tereza do Oeste,2021-01-29,449,4,5,0
Santa Tereza do Oeste,Santa Tereza do Oeste,2021-01-30,462,13,5,0
Santa Tereza do Oeste,Santa Tereza do Oeste,2021-01-31,464,2,6,1
Santa Tereza do Oeste,Santa Tereza do Oeste,2021-02-01,472,8,6,0
Santa Tereza do Oeste,Santa Tereza do Oeste,2021-02-02,478,6,6,0
Santa Tereza do Oeste,Santa Tereza do Oeste,2021-02-03,480,2,6,0
Santa Tereza do Oeste,Santa Tereza do Oeste,2021-02-04,480,0,6,0
Santa Tereza do Oeste,Santa Tereza do Oeste,2021-02-05,481,1,6,0
Santa Tereza do Oeste,Santa Tereza do Oeste,2021-02-06,482,1,6,0
Santa Tereza do Oeste,Santa Tereza do Oeste,2021-02-07,483,1,6,0
Santa Tereza do Oeste,Santa Tereza do Oeste,2021-02-08,484,1,6,0
