city,city,date,cases,daily cases,deaths,daily deaths
Santa Juliana,Santa Juliana,2020-03-27,0,0,0,0
Santa Juliana,Santa Juliana,2020-03-28,0,0,0,0
Santa Juliana,Santa Juliana,2020-03-29,0,0,0,0
Santa Juliana,Santa Juliana,2020-03-30,0,0,0,0
Santa Juliana,Santa Juliana,2020-03-31,0,0,0,0
Santa Juliana,Santa Juliana,2020-04-01,0,0,0,0
Santa Juliana,Santa Juliana,2020-04-02,0,0,0,0
Santa Juliana,Santa Juliana,2020-04-03,0,0,0,0
Santa Juliana,Santa Juliana,2020-04-04,0,0,0,0
Santa Juliana,Santa Juliana,2020-04-05,0,0,0,0
Santa Juliana,Santa Juliana,2020-04-06,0,0,0,0
Santa Juliana,Santa Juliana,2020-04-07,0,0,0,0
Santa Juliana,Santa Juliana,2020-04-08,0,0,0,0
Santa Juliana,Santa Juliana,2020-04-09,0,0,0,0
Santa Juliana,Santa Juliana,2020-04-10,0,0,0,0
Santa Juliana,Santa Juliana,2020-04-11,0,0,0,0
Santa Juliana,Santa Juliana,2020-04-12,0,0,0,0
Santa Juliana,Santa Juliana,2020-04-13,0,0,0,0
Santa Juliana,Santa Juliana,2020-04-14,0,0,0,0
Santa Juliana,Santa Juliana,2020-04-15,0,0,0,0
Santa Juliana,Santa Juliana,2020-04-16,0,0,0,0
Santa Juliana,Santa Juliana,2020-04-17,0,0,0,0
Santa Juliana,Santa Juliana,2020-04-18,0,0,0,0
Santa Juliana,Santa Juliana,2020-04-19,0,0,0,0
Santa Juliana,Santa Juliana,2020-04-20,0,0,0,0
Santa Juliana,Santa Juliana,2020-04-21,0,0,0,0
Santa Juliana,Santa Juliana,2020-04-22,0,0,0,0
Santa Juliana,Santa Juliana,2020-04-23,0,0,0,0
Santa Juliana,Santa Juliana,2020-04-24,0,0,0,0
Santa Juliana,Santa Juliana,2020-04-25,0,0,0,0
Santa Juliana,Santa Juliana,2020-04-26,0,0,0,0
Santa Juliana,Santa Juliana,2020-04-27,0,0,0,0
Santa Juliana,Santa Juliana,2020-04-28,0,0,0,0
Santa Juliana,Santa Juliana,2020-04-29,0,0,0,0
Santa Juliana,Santa Juliana,2020-04-30,0,0,0,0
Santa Juliana,Santa Juliana,2020-05-01,0,0,0,0
Santa Juliana,Santa Juliana,2020-05-02,0,0,0,0
Santa Juliana,Santa Juliana,2020-05-03,0,0,0,0
Santa Juliana,Santa Juliana,2020-05-04,0,0,0,0
Santa Juliana,Santa Juliana,2020-05-05,0,0,0,0
Santa Juliana,Santa Juliana,2020-05-06,0,0,0,0
Santa Juliana,Santa Juliana,2020-05-07,0,0,0,0
Santa Juliana,Santa Juliana,2020-05-08,0,0,0,0
Santa Juliana,Santa Juliana,2020-05-09,0,0,0,0
Santa Juliana,Santa Juliana,2020-05-10,0,0,0,0
Santa Juliana,Santa Juliana,2020-05-11,0,0,0,0
Santa Juliana,Santa Juliana,2020-05-12,0,0,0,0
Santa Juliana,Santa Juliana,2020-05-13,0,0,0,0
Santa Juliana,Santa Juliana,2020-05-14,0,0,0,0
Santa Juliana,Santa Juliana,2020-05-15,0,0,0,0
Santa Juliana,Santa Juliana,2020-05-16,0,0,0,0
Santa Juliana,Santa Juliana,2020-05-17,0,0,0,0
Santa Juliana,Santa Juliana,2020-05-18,0,0,0,0
Santa Juliana,Santa Juliana,2020-05-19,0,0,0,0
Santa Juliana,Santa Juliana,2020-05-20,0,0,0,0
Santa Juliana,Santa Juliana,2020-05-21,0,0,0,0
Santa Juliana,Santa Juliana,2020-05-22,0,0,0,0
Santa Juliana,Santa Juliana,2020-05-23,0,0,0,0
Santa Juliana,Santa Juliana,2020-05-24,0,0,0,0
Santa Juliana,Santa Juliana,2020-05-25,0,0,0,0
Santa Juliana,Santa Juliana,2020-05-26,0,0,0,0
Santa Juliana,Santa Juliana,2020-05-27,0,0,0,0
Santa Juliana,Santa Juliana,2020-05-28,0,0,0,0
Santa Juliana,Santa Juliana,2020-05-29,0,0,0,0
Santa Juliana,Santa Juliana,2020-05-30,0,0,0,0
Santa Juliana,Santa Juliana,2020-05-31,0,0,0,0
Santa Juliana,Santa Juliana,2020-06-01,0,0,0,0
Santa Juliana,Santa Juliana,2020-06-02,0,0,0,0
Santa Juliana,Santa Juliana,2020-06-03,0,0,0,0
Santa Juliana,Santa Juliana,2020-06-04,0,0,0,0
Santa Juliana,Santa Juliana,2020-06-05,1,1,0,0
Santa Juliana,Santa Juliana,2020-06-06,1,0,0,0
Santa Juliana,Santa Juliana,2020-06-07,1,0,0,0
Santa Juliana,Santa Juliana,2020-06-08,1,0,0,0
Santa Juliana,Santa Juliana,2020-06-09,1,0,0,0
Santa Juliana,Santa Juliana,2020-06-10,1,0,0,0
Santa Juliana,Santa Juliana,2020-06-11,30,29,0,0
Santa Juliana,Santa Juliana,2020-06-12,20,-10,0,0
Santa Juliana,Santa Juliana,2020-06-13,20,0,0,0
Santa Juliana,Santa Juliana,2020-06-14,20,0,0,0
Santa Juliana,Santa Juliana,2020-06-15,20,0,0,0
Santa Juliana,Santa Juliana,2020-06-16,20,0,0,0
Santa Juliana,Santa Juliana,2020-06-17,25,5,0,0
Santa Juliana,Santa Juliana,2020-06-18,28,3,0,0
Santa Juliana,Santa Juliana,2020-06-19,32,4,0,0
Santa Juliana,Santa Juliana,2020-06-20,29,-3,0,0
Santa Juliana,Santa Juliana,2020-06-21,29,0,0,0
Santa Juliana,Santa Juliana,2020-06-22,44,15,1,1
Santa Juliana,Santa Juliana,2020-06-23,44,0,1,0
Santa Juliana,Santa Juliana,2020-06-24,45,1,1,0
Santa Juliana,Santa Juliana,2020-06-25,57,12,1,0
Santa Juliana,Santa Juliana,2020-06-26,63,6,1,0
Santa Juliana,Santa Juliana,2020-06-27,77,14,1,0
Santa Juliana,Santa Juliana,2020-06-28,80,3,1,0
Santa Juliana,Santa Juliana,2020-06-29,80,0,1,0
Santa Juliana,Santa Juliana,2020-06-30,80,0,1,0
Santa Juliana,Santa Juliana,2020-07-01,94,14,2,1
Santa Juliana,Santa Juliana,2020-07-02,102,8,2,0
Santa Juliana,Santa Juliana,2020-07-03,110,8,2,0
Santa Juliana,Santa Juliana,2020-07-04,120,10,2,0
Santa Juliana,Santa Juliana,2020-07-05,125,5,2,0
Santa Juliana,Santa Juliana,2020-07-06,125,0,2,0
Santa Juliana,Santa Juliana,2020-07-07,125,0,2,0
Santa Juliana,Santa Juliana,2020-07-08,148,23,3,1
Santa Juliana,Santa Juliana,2020-07-09,160,12,3,0
Santa Juliana,Santa Juliana,2020-07-10,177,17,3,0
Santa Juliana,Santa Juliana,2020-07-11,198,21,3,0
Santa Juliana,Santa Juliana,2020-07-12,198,0,4,1
Santa Juliana,Santa Juliana,2020-07-13,198,0,4,0
Santa Juliana,Santa Juliana,2020-07-14,209,11,4,0
Santa Juliana,Santa Juliana,2020-07-15,214,5,4,0
Santa Juliana,Santa Juliana,2020-07-16,221,7,4,0
Santa Juliana,Santa Juliana,2020-07-17,233,12,5,1
Santa Juliana,Santa Juliana,2020-07-18,241,8,5,0
Santa Juliana,Santa Juliana,2020-07-19,241,0,5,0
Santa Juliana,Santa Juliana,2020-07-20,241,0,5,0
Santa Juliana,Santa Juliana,2020-07-21,255,14,5,0
Santa Juliana,Santa Juliana,2020-07-22,265,10,7,2
Santa Juliana,Santa Juliana,2020-07-23,281,16,7,0
Santa Juliana,Santa Juliana,2020-07-24,296,15,7,0
Santa Juliana,Santa Juliana,2020-07-25,307,11,7,0
Santa Juliana,Santa Juliana,2020-07-26,313,6,7,0
Santa Juliana,Santa Juliana,2020-07-27,313,0,7,0
Santa Juliana,Santa Juliana,2020-07-28,313,0,7,0
Santa Juliana,Santa Juliana,2020-07-29,324,11,7,0
Santa Juliana,Santa Juliana,2020-07-30,330,6,7,0
Santa Juliana,Santa Juliana,2020-07-31,337,7,7,0
Santa Juliana,Santa Juliana,2020-08-01,341,4,7,0
Santa Juliana,Santa Juliana,2020-08-02,341,0,7,0
Santa Juliana,Santa Juliana,2020-08-03,343,2,7,0
Santa Juliana,Santa Juliana,2020-08-04,343,0,7,0
Santa Juliana,Santa Juliana,2020-08-05,350,7,7,0
Santa Juliana,Santa Juliana,2020-08-06,354,4,7,0
Santa Juliana,Santa Juliana,2020-08-07,356,2,7,0
Santa Juliana,Santa Juliana,2020-08-08,361,5,7,0
Santa Juliana,Santa Juliana,2020-08-09,361,0,7,0
Santa Juliana,Santa Juliana,2020-08-10,366,5,7,0
Santa Juliana,Santa Juliana,2020-08-11,366,0,7,0
Santa Juliana,Santa Juliana,2020-08-12,372,6,7,0
Santa Juliana,Santa Juliana,2020-08-13,377,5,7,0
Santa Juliana,Santa Juliana,2020-08-14,380,3,8,1
Santa Juliana,Santa Juliana,2020-08-15,384,4,9,1
Santa Juliana,Santa Juliana,2020-08-16,384,0,9,0
Santa Juliana,Santa Juliana,2020-08-17,387,3,9,0
Santa Juliana,Santa Juliana,2020-08-18,387,0,9,0
Santa Juliana,Santa Juliana,2020-08-19,394,7,9,0
Santa Juliana,Santa Juliana,2020-08-20,402,8,9,0
Santa Juliana,Santa Juliana,2020-08-21,408,6,9,0
Santa Juliana,Santa Juliana,2020-08-22,415,7,9,0
Santa Juliana,Santa Juliana,2020-08-23,415,0,9,0
Santa Juliana,Santa Juliana,2020-08-24,419,4,9,0
Santa Juliana,Santa Juliana,2020-08-25,419,0,9,0
Santa Juliana,Santa Juliana,2020-08-26,433,14,10,1
Santa Juliana,Santa Juliana,2020-08-27,444,11,10,0
Santa Juliana,Santa Juliana,2020-08-28,450,6,10,0
Santa Juliana,Santa Juliana,2020-08-29,453,3,11,1
Santa Juliana,Santa Juliana,2020-08-30,453,0,12,1
Santa Juliana,Santa Juliana,2020-08-31,457,4,12,0
Santa Juliana,Santa Juliana,2020-09-01,457,0,12,0
Santa Juliana,Santa Juliana,2020-09-02,465,8,12,0
Santa Juliana,Santa Juliana,2020-09-03,471,6,13,1
Santa Juliana,Santa Juliana,2020-09-04,473,2,13,0
Santa Juliana,Santa Juliana,2020-09-05,475,2,13,0
Santa Juliana,Santa Juliana,2020-09-06,475,0,13,0
Santa Juliana,Santa Juliana,2020-09-07,478,3,13,0
Santa Juliana,Santa Juliana,2020-09-08,478,0,13,0
Santa Juliana,Santa Juliana,2020-09-09,478,0,13,0
Santa Juliana,Santa Juliana,2020-09-10,479,1,15,2
Santa Juliana,Santa Juliana,2020-09-11,485,6,15,0
Santa Juliana,Santa Juliana,2020-09-12,485,0,16,1
Santa Juliana,Santa Juliana,2020-09-13,485,0,16,0
Santa Juliana,Santa Juliana,2020-09-14,485,0,16,0
Santa Juliana,Santa Juliana,2020-09-15,485,0,16,0
Santa Juliana,Santa Juliana,2020-09-16,486,1,16,0
Santa Juliana,Santa Juliana,2020-09-17,485,-1,17,1
Santa Juliana,Santa Juliana,2020-09-18,492,7,17,0
Santa Juliana,Santa Juliana,2020-09-19,494,2,17,0
Santa Juliana,Santa Juliana,2020-09-20,494,0,17,0
Santa Juliana,Santa Juliana,2020-09-21,494,0,17,0
Santa Juliana,Santa Juliana,2020-09-22,494,0,17,0
Santa Juliana,Santa Juliana,2020-09-23,500,6,17,0
Santa Juliana,Santa Juliana,2020-09-24,501,1,17,0
Santa Juliana,Santa Juliana,2020-09-25,503,2,17,0
Santa Juliana,Santa Juliana,2020-09-26,504,1,18,1
Santa Juliana,Santa Juliana,2020-09-27,504,0,18,0
Santa Juliana,Santa Juliana,2020-09-28,505,1,18,0
Santa Juliana,Santa Juliana,2020-09-29,505,0,18,0
Santa Juliana,Santa Juliana,2020-09-30,506,1,19,1
Santa Juliana,Santa Juliana,2020-10-01,506,0,19,0
Santa Juliana,Santa Juliana,2020-10-02,506,0,19,0
Santa Juliana,Santa Juliana,2020-10-03,507,1,19,0
Santa Juliana,Santa Juliana,2020-10-04,507,0,19,0
Santa Juliana,Santa Juliana,2020-10-05,507,0,19,0
Santa Juliana,Santa Juliana,2020-10-06,509,2,19,0
Santa Juliana,Santa Juliana,2020-10-07,509,0,19,0
Santa Juliana,Santa Juliana,2020-10-08,509,0,19,0
Santa Juliana,Santa Juliana,2020-10-09,510,1,19,0
Santa Juliana,Santa Juliana,2020-10-10,510,0,19,0
Santa Juliana,Santa Juliana,2020-10-11,510,0,19,0
Santa Juliana,Santa Juliana,2020-10-12,511,1,19,0
Santa Juliana,Santa Juliana,2020-10-13,511,0,19,0
Santa Juliana,Santa Juliana,2020-10-14,511,0,19,0
Santa Juliana,Santa Juliana,2020-10-15,512,1,19,0
Santa Juliana,Santa Juliana,2020-10-16,512,0,19,0
Santa Juliana,Santa Juliana,2020-10-17,512,0,19,0
Santa Juliana,Santa Juliana,2020-10-18,512,0,19,0
Santa Juliana,Santa Juliana,2020-10-19,512,0,19,0
Santa Juliana,Santa Juliana,2020-10-20,512,0,19,0
Santa Juliana,Santa Juliana,2020-10-21,513,1,19,0
Santa Juliana,Santa Juliana,2020-10-22,513,0,19,0
Santa Juliana,Santa Juliana,2020-10-23,513,0,19,0
Santa Juliana,Santa Juliana,2020-10-24,513,0,19,0
Santa Juliana,Santa Juliana,2020-10-25,513,0,19,0
Santa Juliana,Santa Juliana,2020-10-26,513,0,19,0
Santa Juliana,Santa Juliana,2020-10-27,513,0,19,0
Santa Juliana,Santa Juliana,2020-10-28,514,1,19,0
Santa Juliana,Santa Juliana,2020-10-29,514,0,19,0
Santa Juliana,Santa Juliana,2020-10-30,514,0,19,0
Santa Juliana,Santa Juliana,2020-10-31,514,0,19,0
Santa Juliana,Santa Juliana,2020-11-01,514,0,19,0
Santa Juliana,Santa Juliana,2020-11-02,514,0,19,0
Santa Juliana,Santa Juliana,2020-11-03,514,0,19,0
Santa Juliana,Santa Juliana,2020-11-04,514,0,19,0
Santa Juliana,Santa Juliana,2020-11-05,514,0,19,0
Santa Juliana,Santa Juliana,2020-11-06,514,0,19,0
Santa Juliana,Santa Juliana,2020-11-07,514,0,19,0
Santa Juliana,Santa Juliana,2020-11-08,514,0,19,0
Santa Juliana,Santa Juliana,2020-11-09,514,0,19,0
Santa Juliana,Santa Juliana,2020-11-10,514,0,19,0
Santa Juliana,Santa Juliana,2020-11-11,514,0,19,0
Santa Juliana,Santa Juliana,2020-11-12,514,0,19,0
Santa Juliana,Santa Juliana,2020-11-13,514,0,19,0
Santa Juliana,Santa Juliana,2020-11-14,514,0,19,0
Santa Juliana,Santa Juliana,2020-11-15,514,0,19,0
Santa Juliana,Santa Juliana,2020-11-16,514,0,19,0
Santa Juliana,Santa Juliana,2020-11-17,514,0,19,0
Santa Juliana,Santa Juliana,2020-11-18,514,0,19,0
Santa Juliana,Santa Juliana,2020-11-19,514,0,19,0
Santa Juliana,Santa Juliana,2020-11-20,515,1,19,0
Santa Juliana,Santa Juliana,2020-11-21,515,0,19,0
Santa Juliana,Santa Juliana,2020-11-22,515,0,19,0
Santa Juliana,Santa Juliana,2020-11-23,515,0,19,0
Santa Juliana,Santa Juliana,2020-11-24,515,0,19,0
Santa Juliana,Santa Juliana,2020-11-25,515,0,19,0
Santa Juliana,Santa Juliana,2020-11-26,515,0,19,0
Santa Juliana,Santa Juliana,2020-11-27,515,0,19,0
Santa Juliana,Santa Juliana,2020-11-28,515,0,19,0
Santa Juliana,Santa Juliana,2020-11-29,515,0,19,0
Santa Juliana,Santa Juliana,2020-11-30,515,0,19,0
Santa Juliana,Santa Juliana,2020-12-01,515,0,19,0
Santa Juliana,Santa Juliana,2020-12-02,515,0,19,0
Santa Juliana,Santa Juliana,2020-12-03,516,1,19,0
Santa Juliana,Santa Juliana,2020-12-04,516,0,19,0
Santa Juliana,Santa Juliana,2020-12-05,516,0,19,0
Santa Juliana,Santa Juliana,2020-12-06,516,0,19,0
Santa Juliana,Santa Juliana,2020-12-07,516,0,19,0
Santa Juliana,Santa Juliana,2020-12-08,516,0,19,0
Santa Juliana,Santa Juliana,2020-12-09,516,0,19,0
Santa Juliana,Santa Juliana,2020-12-10,516,0,20,1
Santa Juliana,Santa Juliana,2020-12-11,517,1,20,0
Santa Juliana,Santa Juliana,2020-12-12,518,1,20,0
Santa Juliana,Santa Juliana,2020-12-13,518,0,20,0
Santa Juliana,Santa Juliana,2020-12-14,518,0,20,0
Santa Juliana,Santa Juliana,2020-12-15,518,0,20,0
Santa Juliana,Santa Juliana,2020-12-16,518,0,20,0
Santa Juliana,Santa Juliana,2020-12-17,518,0,20,0
Santa Juliana,Santa Juliana,2020-12-18,518,0,20,0
Santa Juliana,Santa Juliana,2020-12-19,518,0,20,0
Santa Juliana,Santa Juliana,2020-12-20,518,0,21,1
Santa Juliana,Santa Juliana,2020-12-21,518,0,21,0
Santa Juliana,Santa Juliana,2020-12-22,518,0,21,0
Santa Juliana,Santa Juliana,2020-12-23,518,0,21,0
Santa Juliana,Santa Juliana,2020-12-24,518,0,21,0
Santa Juliana,Santa Juliana,2020-12-25,518,0,21,0
Santa Juliana,Santa Juliana,2020-12-26,518,0,21,0
Santa Juliana,Santa Juliana,2020-12-27,518,0,21,0
Santa Juliana,Santa Juliana,2020-12-28,518,0,21,0
Santa Juliana,Santa Juliana,2020-12-29,518,0,21,0
Santa Juliana,Santa Juliana,2020-12-30,518,0,21,0
Santa Juliana,Santa Juliana,2020-12-31,518,0,21,0
Santa Juliana,Santa Juliana,2021-01-01,518,0,21,0
Santa Juliana,Santa Juliana,2021-01-02,518,0,21,0
Santa Juliana,Santa Juliana,2021-01-03,518,0,21,0
Santa Juliana,Santa Juliana,2021-01-04,518,0,21,0
Santa Juliana,Santa Juliana,2021-01-05,518,0,21,0
Santa Juliana,Santa Juliana,2021-01-06,518,0,21,0
Santa Juliana,Santa Juliana,2021-01-07,518,0,21,0
Santa Juliana,Santa Juliana,2021-01-08,518,0,21,0
Santa Juliana,Santa Juliana,2021-01-09,518,0,21,0
Santa Juliana,Santa Juliana,2021-01-10,518,0,21,0
Santa Juliana,Santa Juliana,2021-01-11,518,0,21,0
Santa Juliana,Santa Juliana,2021-01-12,518,0,21,0
Santa Juliana,Santa Juliana,2021-01-13,518,0,21,0
Santa Juliana,Santa Juliana,2021-01-14,518,0,21,0
Santa Juliana,Santa Juliana,2021-01-15,519,1,21,0
Santa Juliana,Santa Juliana,2021-01-16,521,2,21,0
Santa Juliana,Santa Juliana,2021-01-17,521,0,21,0
Santa Juliana,Santa Juliana,2021-01-18,521,0,21,0
Santa Juliana,Santa Juliana,2021-01-19,521,0,21,0
Santa Juliana,Santa Juliana,2021-01-20,531,10,21,0
Santa Juliana,Santa Juliana,2021-01-21,532,1,21,0
Santa Juliana,Santa Juliana,2021-01-22,533,1,21,0
Santa Juliana,Santa Juliana,2021-01-23,533,0,21,0
Santa Juliana,Santa Juliana,2021-01-24,534,1,21,0
Santa Juliana,Santa Juliana,2021-01-25,534,0,21,0
Santa Juliana,Santa Juliana,2021-01-26,540,6,21,0
Santa Juliana,Santa Juliana,2021-01-27,540,0,21,0
Santa Juliana,Santa Juliana,2021-01-28,543,3,21,0
Santa Juliana,Santa Juliana,2021-01-29,544,1,22,1
Santa Juliana,Santa Juliana,2021-01-30,545,1,22,0
Santa Juliana,Santa Juliana,2021-01-31,545,0,22,0
Santa Juliana,Santa Juliana,2021-02-01,546,1,22,0
Santa Juliana,Santa Juliana,2021-02-02,546,0,22,0
Santa Juliana,Santa Juliana,2021-02-03,545,-1,22,0
Santa Juliana,Santa Juliana,2021-02-04,550,5,22,0
Santa Juliana,Santa Juliana,2021-02-05,553,3,22,0
Santa Juliana,Santa Juliana,2021-02-06,557,4,22,0
Santa Juliana,Santa Juliana,2021-02-07,557,0,22,0
Santa Juliana,Santa Juliana,2021-02-08,557,0,22,0
