city,city,date,cases,daily cases,deaths,daily deaths
Sapiranga,Sapiranga,2020-03-27,0,0,0,0
Sapiranga,Sapiranga,2020-03-28,1,1,0,0
Sapiranga,Sapiranga,2020-03-29,1,0,0,0
Sapiranga,Sapiranga,2020-03-30,1,0,0,0
Sapiranga,Sapiranga,2020-03-31,1,0,0,0
Sapiranga,Sapiranga,2020-04-01,1,0,0,0
Sapiranga,Sapiranga,2020-04-02,1,0,0,0
Sapiranga,Sapiranga,2020-04-03,1,0,0,0
Sapiranga,Sapiranga,2020-04-04,1,0,0,0
Sapiranga,Sapiranga,2020-04-05,1,0,0,0
Sapiranga,Sapiranga,2020-04-06,1,0,0,0
Sapiranga,Sapiranga,2020-04-07,1,0,0,0
Sapiranga,Sapiranga,2020-04-08,1,0,0,0
Sapiranga,Sapiranga,2020-04-09,1,0,0,0
Sapiranga,Sapiranga,2020-04-10,1,0,0,0
Sapiranga,Sapiranga,2020-04-11,1,0,0,0
Sapiranga,Sapiranga,2020-04-12,1,0,0,0
Sapiranga,Sapiranga,2020-04-13,1,0,0,0
Sapiranga,Sapiranga,2020-04-14,1,0,0,0
Sapiranga,Sapiranga,2020-04-15,1,0,0,0
Sapiranga,Sapiranga,2020-04-16,1,0,0,0
Sapiranga,Sapiranga,2020-04-17,2,1,0,0
Sapiranga,Sapiranga,2020-04-18,2,0,0,0
Sapiranga,Sapiranga,2020-04-19,2,0,0,0
Sapiranga,Sapiranga,2020-04-20,2,0,0,0
Sapiranga,Sapiranga,2020-04-21,2,0,0,0
Sapiranga,Sapiranga,2020-04-22,2,0,0,0
Sapiranga,Sapiranga,2020-04-23,7,5,0,0
Sapiranga,Sapiranga,2020-04-24,7,0,0,0
Sapiranga,Sapiranga,2020-04-25,7,0,0,0
Sapiranga,Sapiranga,2020-04-26,7,0,0,0
Sapiranga,Sapiranga,2020-04-27,7,0,0,0
Sapiranga,Sapiranga,2020-04-28,7,0,0,0
Sapiranga,Sapiranga,2020-04-29,7,0,0,0
Sapiranga,Sapiranga,2020-04-30,8,1,0,0
Sapiranga,Sapiranga,2020-05-01,8,0,0,0
Sapiranga,Sapiranga,2020-05-02,8,0,0,0
Sapiranga,Sapiranga,2020-05-03,8,0,0,0
Sapiranga,Sapiranga,2020-05-04,8,0,0,0
Sapiranga,Sapiranga,2020-05-05,8,0,0,0
Sapiranga,Sapiranga,2020-05-06,8,0,0,0
Sapiranga,Sapiranga,2020-05-07,8,0,0,0
Sapiranga,Sapiranga,2020-05-08,8,0,0,0
Sapiranga,Sapiranga,2020-05-09,8,0,0,0
Sapiranga,Sapiranga,2020-05-10,8,0,0,0
Sapiranga,Sapiranga,2020-05-11,8,0,0,0
Sapiranga,Sapiranga,2020-05-12,8,0,0,0
Sapiranga,Sapiranga,2020-05-13,8,0,0,0
Sapiranga,Sapiranga,2020-05-14,8,0,0,0
Sapiranga,Sapiranga,2020-05-15,8,0,0,0
Sapiranga,Sapiranga,2020-05-16,8,0,0,0
Sapiranga,Sapiranga,2020-05-17,8,0,0,0
Sapiranga,Sapiranga,2020-05-18,8,0,0,0
Sapiranga,Sapiranga,2020-05-19,8,0,0,0
Sapiranga,Sapiranga,2020-05-20,4,-4,0,0
Sapiranga,Sapiranga,2020-05-21,4,0,0,0
Sapiranga,Sapiranga,2020-05-22,4,0,0,0
Sapiranga,Sapiranga,2020-05-23,7,3,0,0
Sapiranga,Sapiranga,2020-05-24,7,0,0,0
Sapiranga,Sapiranga,2020-05-25,9,2,0,0
Sapiranga,Sapiranga,2020-05-26,11,2,0,0
Sapiranga,Sapiranga,2020-05-27,11,0,0,0
Sapiranga,Sapiranga,2020-05-28,11,0,0,0
Sapiranga,Sapiranga,2020-05-29,12,1,0,0
Sapiranga,Sapiranga,2020-05-30,12,0,0,0
Sapiranga,Sapiranga,2020-05-31,12,0,0,0
Sapiranga,Sapiranga,2020-06-01,12,0,0,0
Sapiranga,Sapiranga,2020-06-02,13,1,0,0
Sapiranga,Sapiranga,2020-06-03,14,1,0,0
Sapiranga,Sapiranga,2020-06-04,14,0,0,0
Sapiranga,Sapiranga,2020-06-05,16,2,0,0
Sapiranga,Sapiranga,2020-06-06,17,1,0,0
Sapiranga,Sapiranga,2020-06-07,17,0,0,0
Sapiranga,Sapiranga,2020-06-08,17,0,0,0
Sapiranga,Sapiranga,2020-06-09,19,2,0,0
Sapiranga,Sapiranga,2020-06-10,19,0,0,0
Sapiranga,Sapiranga,2020-06-11,20,1,0,0
Sapiranga,Sapiranga,2020-06-12,20,0,0,0
Sapiranga,Sapiranga,2020-06-13,20,0,0,0
Sapiranga,Sapiranga,2020-06-14,20,0,0,0
Sapiranga,Sapiranga,2020-06-15,21,1,0,0
Sapiranga,Sapiranga,2020-06-16,28,7,0,0
Sapiranga,Sapiranga,2020-06-17,28,0,0,0
Sapiranga,Sapiranga,2020-06-18,29,1,0,0
Sapiranga,Sapiranga,2020-06-19,37,8,1,1
Sapiranga,Sapiranga,2020-06-20,37,0,1,0
Sapiranga,Sapiranga,2020-06-21,39,2,1,0
Sapiranga,Sapiranga,2020-06-22,45,6,1,0
Sapiranga,Sapiranga,2020-06-23,46,1,1,0
Sapiranga,Sapiranga,2020-06-24,47,1,1,0
Sapiranga,Sapiranga,2020-06-25,53,6,1,0
Sapiranga,Sapiranga,2020-06-26,53,0,1,0
Sapiranga,Sapiranga,2020-06-27,61,8,2,1
Sapiranga,Sapiranga,2020-06-28,71,10,2,0
Sapiranga,Sapiranga,2020-06-29,71,0,3,1
Sapiranga,Sapiranga,2020-06-30,76,5,3,0
Sapiranga,Sapiranga,2020-07-01,94,18,4,1
Sapiranga,Sapiranga,2020-07-02,103,9,4,0
Sapiranga,Sapiranga,2020-07-03,105,2,4,0
Sapiranga,Sapiranga,2020-07-04,106,1,4,0
Sapiranga,Sapiranga,2020-07-05,106,0,4,0
Sapiranga,Sapiranga,2020-07-06,106,0,5,1
Sapiranga,Sapiranga,2020-07-07,120,14,5,0
Sapiranga,Sapiranga,2020-07-08,168,48,6,1
Sapiranga,Sapiranga,2020-07-09,168,0,7,1
Sapiranga,Sapiranga,2020-07-10,186,18,7,0
Sapiranga,Sapiranga,2020-07-11,206,20,7,0
Sapiranga,Sapiranga,2020-07-12,207,1,9,2
Sapiranga,Sapiranga,2020-07-13,207,0,9,0
Sapiranga,Sapiranga,2020-07-14,224,17,10,1
Sapiranga,Sapiranga,2020-07-15,227,3,10,0
Sapiranga,Sapiranga,2020-07-16,227,0,10,0
Sapiranga,Sapiranga,2020-07-17,237,10,10,0
Sapiranga,Sapiranga,2020-07-18,237,0,10,0
Sapiranga,Sapiranga,2020-07-19,237,0,10,0
Sapiranga,Sapiranga,2020-07-20,238,1,11,1
Sapiranga,Sapiranga,2020-07-21,240,2,11,0
Sapiranga,Sapiranga,2020-07-22,344,104,11,0
Sapiranga,Sapiranga,2020-07-23,359,15,11,0
Sapiranga,Sapiranga,2020-07-24,368,9,13,2
Sapiranga,Sapiranga,2020-07-25,370,2,16,3
Sapiranga,Sapiranga,2020-07-26,372,2,16,0
Sapiranga,Sapiranga,2020-07-27,373,1,16,0
Sapiranga,Sapiranga,2020-07-28,425,52,17,1
Sapiranga,Sapiranga,2020-07-29,429,4,20,3
Sapiranga,Sapiranga,2020-07-30,440,11,20,0
Sapiranga,Sapiranga,2020-07-31,442,2,20,0
Sapiranga,Sapiranga,2020-08-01,458,16,20,0
Sapiranga,Sapiranga,2020-08-02,458,0,20,0
Sapiranga,Sapiranga,2020-08-03,460,2,22,2
Sapiranga,Sapiranga,2020-08-04,460,0,22,0
Sapiranga,Sapiranga,2020-08-05,494,34,22,0
Sapiranga,Sapiranga,2020-08-06,543,49,22,0
Sapiranga,Sapiranga,2020-08-07,544,1,22,0
Sapiranga,Sapiranga,2020-08-08,600,56,23,1
Sapiranga,Sapiranga,2020-08-09,601,1,23,0
Sapiranga,Sapiranga,2020-08-10,600,-1,24,1
Sapiranga,Sapiranga,2020-08-11,640,40,24,0
Sapiranga,Sapiranga,2020-08-12,642,2,24,0
Sapiranga,Sapiranga,2020-08-13,668,26,25,1
Sapiranga,Sapiranga,2020-08-14,709,41,25,0
Sapiranga,Sapiranga,2020-08-15,760,51,25,0
Sapiranga,Sapiranga,2020-08-16,759,-1,25,0
Sapiranga,Sapiranga,2020-08-17,760,1,27,2
Sapiranga,Sapiranga,2020-08-18,761,1,27,0
Sapiranga,Sapiranga,2020-08-19,762,1,27,0
Sapiranga,Sapiranga,2020-08-20,763,1,27,0
Sapiranga,Sapiranga,2020-08-21,764,1,27,0
Sapiranga,Sapiranga,2020-08-22,765,1,28,1
Sapiranga,Sapiranga,2020-08-23,766,1,28,0
Sapiranga,Sapiranga,2020-08-24,766,0,28,0
Sapiranga,Sapiranga,2020-08-25,825,59,28,0
Sapiranga,Sapiranga,2020-08-26,843,18,29,1
Sapiranga,Sapiranga,2020-08-27,843,0,30,1
Sapiranga,Sapiranga,2020-08-28,844,1,31,1
Sapiranga,Sapiranga,2020-08-29,854,10,31,0
Sapiranga,Sapiranga,2020-08-30,855,1,31,0
Sapiranga,Sapiranga,2020-08-31,856,1,31,0
Sapiranga,Sapiranga,2020-09-01,873,17,32,1
Sapiranga,Sapiranga,2020-09-02,930,57,34,2
Sapiranga,Sapiranga,2020-09-03,977,47,34,0
Sapiranga,Sapiranga,2020-09-04,977,0,34,0
Sapiranga,Sapiranga,2020-09-05,980,3,35,1
Sapiranga,Sapiranga,2020-09-06,982,2,36,1
Sapiranga,Sapiranga,2020-09-07,982,0,36,0
Sapiranga,Sapiranga,2020-09-08,983,1,36,0
Sapiranga,Sapiranga,2020-09-09,1167,184,36,0
Sapiranga,Sapiranga,2020-09-10,1190,23,36,0
Sapiranga,Sapiranga,2020-09-11,1212,22,37,1
Sapiranga,Sapiranga,2020-09-12,1240,28,37,0
Sapiranga,Sapiranga,2020-09-13,1240,0,37,0
Sapiranga,Sapiranga,2020-09-14,1241,1,37,0
Sapiranga,Sapiranga,2020-09-15,1273,32,39,2
Sapiranga,Sapiranga,2020-09-16,1542,269,39,0
Sapiranga,Sapiranga,2020-09-17,1788,246,40,1
Sapiranga,Sapiranga,2020-09-18,1914,126,41,1
Sapiranga,Sapiranga,2020-09-19,1972,58,42,1
Sapiranga,Sapiranga,2020-09-20,1967,-5,42,0
Sapiranga,Sapiranga,2020-09-21,1973,6,43,1
Sapiranga,Sapiranga,2020-09-22,1973,0,43,0
Sapiranga,Sapiranga,2020-09-23,1976,3,44,1
Sapiranga,Sapiranga,2020-09-24,1976,0,45,1
Sapiranga,Sapiranga,2020-09-25,1977,1,45,0
Sapiranga,Sapiranga,2020-09-26,1976,-1,45,0
Sapiranga,Sapiranga,2020-09-27,1976,0,45,0
Sapiranga,Sapiranga,2020-09-28,1977,1,46,1
Sapiranga,Sapiranga,2020-09-29,1977,0,46,0
Sapiranga,Sapiranga,2020-09-30,1978,1,47,1
Sapiranga,Sapiranga,2020-10-01,1982,4,47,0
Sapiranga,Sapiranga,2020-10-02,1986,4,47,0
Sapiranga,Sapiranga,2020-10-03,1986,0,48,1
Sapiranga,Sapiranga,2020-10-04,1986,0,48,0
Sapiranga,Sapiranga,2020-10-05,1986,0,48,0
Sapiranga,Sapiranga,2020-10-06,1986,0,48,0
Sapiranga,Sapiranga,2020-10-07,1989,3,48,0
Sapiranga,Sapiranga,2020-10-08,1997,8,48,0
Sapiranga,Sapiranga,2020-10-09,1998,1,48,0
Sapiranga,Sapiranga,2020-10-10,1998,0,48,0
Sapiranga,Sapiranga,2020-10-11,1999,1,48,0
Sapiranga,Sapiranga,2020-10-12,1999,0,48,0
Sapiranga,Sapiranga,2020-10-13,1999,0,48,0
Sapiranga,Sapiranga,2020-10-14,2028,29,49,1
Sapiranga,Sapiranga,2020-10-15,2047,19,50,1
Sapiranga,Sapiranga,2020-10-16,2105,58,51,1
Sapiranga,Sapiranga,2020-10-17,2105,0,51,0
Sapiranga,Sapiranga,2020-10-18,2108,3,51,0
Sapiranga,Sapiranga,2020-10-19,2124,16,52,1
Sapiranga,Sapiranga,2020-10-20,2271,147,53,1
Sapiranga,Sapiranga,2020-10-21,2275,4,53,0
Sapiranga,Sapiranga,2020-10-22,2275,0,54,1
Sapiranga,Sapiranga,2020-10-23,2281,6,55,1
Sapiranga,Sapiranga,2020-10-24,2281,0,56,1
Sapiranga,Sapiranga,2020-10-25,2281,0,56,0
Sapiranga,Sapiranga,2020-10-26,2283,2,56,0
Sapiranga,Sapiranga,2020-10-27,2283,0,56,0
Sapiranga,Sapiranga,2020-10-28,2292,9,56,0
Sapiranga,Sapiranga,2020-10-29,2306,14,56,0
Sapiranga,Sapiranga,2020-10-30,2306,0,56,0
Sapiranga,Sapiranga,2020-10-31,2450,144,57,1
Sapiranga,Sapiranga,2020-11-01,2451,1,57,0
Sapiranga,Sapiranga,2020-11-02,2546,95,57,0
Sapiranga,Sapiranga,2020-11-03,2656,110,57,0
Sapiranga,Sapiranga,2020-11-04,2737,81,57,0
Sapiranga,Sapiranga,2020-11-05,2745,8,58,1
Sapiranga,Sapiranga,2020-11-06,2746,1,58,0
Sapiranga,Sapiranga,2020-11-07,2813,67,59,1
Sapiranga,Sapiranga,2020-11-08,2813,0,59,0
Sapiranga,Sapiranga,2020-11-09,2813,0,59,0
Sapiranga,Sapiranga,2020-11-10,2814,1,59,0
Sapiranga,Sapiranga,2020-11-11,2817,3,60,1
Sapiranga,Sapiranga,2020-11-12,2821,4,60,0
Sapiranga,Sapiranga,2020-11-13,2960,139,61,1
Sapiranga,Sapiranga,2020-11-14,2961,1,61,0
Sapiranga,Sapiranga,2020-11-15,2962,1,61,0
Sapiranga,Sapiranga,2020-11-16,2964,2,61,0
Sapiranga,Sapiranga,2020-11-17,2964,0,63,2
Sapiranga,Sapiranga,2020-11-18,2964,0,63,0
Sapiranga,Sapiranga,2020-11-19,2965,1,63,0
Sapiranga,Sapiranga,2020-11-20,2969,4,64,1
Sapiranga,Sapiranga,2020-11-21,3062,93,65,1
Sapiranga,Sapiranga,2020-11-22,3062,0,65,0
Sapiranga,Sapiranga,2020-11-23,3062,0,66,1
Sapiranga,Sapiranga,2020-11-24,3065,3,66,0
Sapiranga,Sapiranga,2020-11-25,3065,0,66,0
Sapiranga,Sapiranga,2020-11-26,3065,0,66,0
Sapiranga,Sapiranga,2020-11-27,3070,5,66,0
Sapiranga,Sapiranga,2020-11-28,3177,107,66,0
Sapiranga,Sapiranga,2020-11-29,3180,3,66,0
Sapiranga,Sapiranga,2020-11-30,3180,0,66,0
Sapiranga,Sapiranga,2020-12-01,3206,26,67,1
Sapiranga,Sapiranga,2020-12-02,3208,2,67,0
Sapiranga,Sapiranga,2020-12-03,3337,129,69,2
Sapiranga,Sapiranga,2020-12-04,3434,97,70,1
Sapiranga,Sapiranga,2020-12-05,3463,29,70,0
Sapiranga,Sapiranga,2020-12-06,3466,3,70,0
Sapiranga,Sapiranga,2020-12-07,3467,1,70,0
Sapiranga,Sapiranga,2020-12-08,3501,34,72,2
Sapiranga,Sapiranga,2020-12-09,3671,170,73,1
Sapiranga,Sapiranga,2020-12-10,3674,3,76,3
Sapiranga,Sapiranga,2020-12-11,3828,154,77,1
Sapiranga,Sapiranga,2020-12-12,3933,105,78,1
Sapiranga,Sapiranga,2020-12-13,3936,3,78,0
Sapiranga,Sapiranga,2020-12-14,3937,1,80,2
Sapiranga,Sapiranga,2020-12-15,3938,1,80,0
Sapiranga,Sapiranga,2020-12-16,3992,54,81,1
Sapiranga,Sapiranga,2020-12-17,4052,60,81,0
Sapiranga,Sapiranga,2020-12-18,4052,0,81,0
Sapiranga,Sapiranga,2020-12-19,4053,1,82,1
Sapiranga,Sapiranga,2020-12-20,4053,0,82,0
Sapiranga,Sapiranga,2020-12-21,4053,0,82,0
Sapiranga,Sapiranga,2020-12-22,4122,69,83,1
Sapiranga,Sapiranga,2020-12-23,4120,-2,83,0
Sapiranga,Sapiranga,2020-12-24,4276,156,83,0
Sapiranga,Sapiranga,2020-12-25,4278,2,84,1
Sapiranga,Sapiranga,2020-12-26,4278,0,84,0
Sapiranga,Sapiranga,2020-12-27,4278,0,88,4
Sapiranga,Sapiranga,2020-12-28,4278,0,88,0
Sapiranga,Sapiranga,2020-12-29,4340,62,89,1
Sapiranga,Sapiranga,2020-12-30,4577,237,90,1
Sapiranga,Sapiranga,2020-12-31,4829,252,93,3
Sapiranga,Sapiranga,2021-01-01,4835,6,94,1
Sapiranga,Sapiranga,2021-01-02,4836,1,95,1
Sapiranga,Sapiranga,2021-01-03,4837,1,95,0
Sapiranga,Sapiranga,2021-01-04,4839,2,95,0
Sapiranga,Sapiranga,2021-01-05,4843,4,96,1
Sapiranga,Sapiranga,2021-01-06,4842,-1,98,2
Sapiranga,Sapiranga,2021-01-07,4846,4,99,1
Sapiranga,Sapiranga,2021-01-08,4862,16,99,0
Sapiranga,Sapiranga,2021-01-09,4864,2,99,0
Sapiranga,Sapiranga,2021-01-10,4865,1,99,0
Sapiranga,Sapiranga,2021-01-11,4865,0,99,0
Sapiranga,Sapiranga,2021-01-12,4868,3,101,2
Sapiranga,Sapiranga,2021-01-13,5013,145,101,0
Sapiranga,Sapiranga,2021-01-14,5144,131,101,0
Sapiranga,Sapiranga,2021-01-15,5342,198,101,0
Sapiranga,Sapiranga,2021-01-16,5483,141,101,0
Sapiranga,Sapiranga,2021-01-17,5483,0,101,0
Sapiranga,Sapiranga,2021-01-18,5484,1,101,0
Sapiranga,Sapiranga,2021-01-19,5583,99,101,0
Sapiranga,Sapiranga,2021-01-20,5761,178,101,0
Sapiranga,Sapiranga,2021-01-21,5788,27,101,0
Sapiranga,Sapiranga,2021-01-22,5794,6,101,0
Sapiranga,Sapiranga,2021-01-23,5822,28,101,0
Sapiranga,Sapiranga,2021-01-24,5822,0,101,0
Sapiranga,Sapiranga,2021-01-25,5825,3,101,0
Sapiranga,Sapiranga,2021-01-26,5858,33,101,0
Sapiranga,Sapiranga,2021-01-27,5870,12,101,0
Sapiranga,Sapiranga,2021-01-28,5872,2,101,0
Sapiranga,Sapiranga,2021-01-29,5914,42,101,0
Sapiranga,Sapiranga,2021-01-30,5917,3,101,0
Sapiranga,Sapiranga,2021-01-31,5917,0,101,0
Sapiranga,Sapiranga,2021-02-01,5917,0,102,1
Sapiranga,Sapiranga,2021-02-02,5982,65,103,1
Sapiranga,Sapiranga,2021-02-03,6058,76,103,0
Sapiranga,Sapiranga,2021-02-04,6105,47,103,0
Sapiranga,Sapiranga,2021-02-05,6110,5,103,0
Sapiranga,Sapiranga,2021-02-06,6159,49,103,0
Sapiranga,Sapiranga,2021-02-07,6159,0,103,0
Sapiranga,Sapiranga,2021-02-08,6156,-3,103,0
