city,city,date,cases,daily cases,deaths,daily deaths
Schroeder,Schroeder,2020-03-27,0,0,0,0
Schroeder,Schroeder,2020-03-28,0,0,0,0
Schroeder,Schroeder,2020-03-29,0,0,0,0
Schroeder,Schroeder,2020-03-30,0,0,0,0
Schroeder,Schroeder,2020-03-31,0,0,0,0
Schroeder,Schroeder,2020-04-01,0,0,0,0
Schroeder,Schroeder,2020-04-02,0,0,0,0
Schroeder,Schroeder,2020-04-03,0,0,0,0
Schroeder,Schroeder,2020-04-04,0,0,0,0
Schroeder,Schroeder,2020-04-05,0,0,0,0
Schroeder,Schroeder,2020-04-06,0,0,0,0
Schroeder,Schroeder,2020-04-07,0,0,0,0
Schroeder,Schroeder,2020-04-08,0,0,0,0
Schroeder,Schroeder,2020-04-09,0,0,0,0
Schroeder,Schroeder,2020-04-10,1,1,0,0
Schroeder,Schroeder,2020-04-11,1,0,0,0
Schroeder,Schroeder,2020-04-12,1,0,0,0
Schroeder,Schroeder,2020-04-13,1,0,0,0
Schroeder,Schroeder,2020-04-14,1,0,0,0
Schroeder,Schroeder,2020-04-15,1,0,0,0
Schroeder,Schroeder,2020-04-16,1,0,0,0
Schroeder,Schroeder,2020-04-17,1,0,0,0
Schroeder,Schroeder,2020-04-18,1,0,0,0
Schroeder,Schroeder,2020-04-19,1,0,0,0
Schroeder,Schroeder,2020-04-20,1,0,0,0
Schroeder,Schroeder,2020-04-21,1,0,0,0
Schroeder,Schroeder,2020-04-22,1,0,0,0
Schroeder,Schroeder,2020-04-23,1,0,0,0
Schroeder,Schroeder,2020-04-24,1,0,0,0
Schroeder,Schroeder,2020-04-25,1,0,0,0
Schroeder,Schroeder,2020-04-26,1,0,0,0
Schroeder,Schroeder,2020-04-27,1,0,0,0
Schroeder,Schroeder,2020-04-28,1,0,0,0
Schroeder,Schroeder,2020-04-29,1,0,0,0
Schroeder,Schroeder,2020-04-30,1,0,0,0
Schroeder,Schroeder,2020-05-01,1,0,0,0
Schroeder,Schroeder,2020-05-02,1,0,0,0
Schroeder,Schroeder,2020-05-03,1,0,0,0
Schroeder,Schroeder,2020-05-04,1,0,0,0
Schroeder,Schroeder,2020-05-05,1,0,0,0
Schroeder,Schroeder,2020-05-06,1,0,0,0
Schroeder,Schroeder,2020-05-07,1,0,0,0
Schroeder,Schroeder,2020-05-08,1,0,0,0
Schroeder,Schroeder,2020-05-09,1,0,0,0
Schroeder,Schroeder,2020-05-10,1,0,0,0
Schroeder,Schroeder,2020-05-11,1,0,0,0
Schroeder,Schroeder,2020-05-12,1,0,0,0
Schroeder,Schroeder,2020-05-13,1,0,0,0
Schroeder,Schroeder,2020-05-14,1,0,0,0
Schroeder,Schroeder,2020-05-15,1,0,0,0
Schroeder,Schroeder,2020-05-16,1,0,0,0
Schroeder,Schroeder,2020-05-17,1,0,0,0
Schroeder,Schroeder,2020-05-18,1,0,0,0
Schroeder,Schroeder,2020-05-19,1,0,0,0
Schroeder,Schroeder,2020-05-20,1,0,0,0
Schroeder,Schroeder,2020-05-21,1,0,0,0
Schroeder,Schroeder,2020-05-22,1,0,0,0
Schroeder,Schroeder,2020-05-23,1,0,0,0
Schroeder,Schroeder,2020-05-24,1,0,0,0
Schroeder,Schroeder,2020-05-25,2,1,0,0
Schroeder,Schroeder,2020-05-26,1,-1,0,0
Schroeder,Schroeder,2020-05-27,3,2,0,0
Schroeder,Schroeder,2020-05-28,4,1,0,0
Schroeder,Schroeder,2020-05-29,5,1,0,0
Schroeder,Schroeder,2020-05-30,7,2,0,0
Schroeder,Schroeder,2020-05-31,9,2,0,0
Schroeder,Schroeder,2020-06-01,11,2,0,0
Schroeder,Schroeder,2020-06-02,11,0,0,0
Schroeder,Schroeder,2020-06-03,12,1,0,0
Schroeder,Schroeder,2020-06-04,13,1,0,0
Schroeder,Schroeder,2020-06-05,13,0,0,0
Schroeder,Schroeder,2020-06-06,17,4,0,0
Schroeder,Schroeder,2020-06-07,17,0,0,0
Schroeder,Schroeder,2020-06-08,17,0,0,0
Schroeder,Schroeder,2020-06-09,18,1,0,0
Schroeder,Schroeder,2020-06-10,18,0,0,0
Schroeder,Schroeder,2020-06-11,19,1,0,0
Schroeder,Schroeder,2020-06-12,19,0,0,0
Schroeder,Schroeder,2020-06-13,19,0,0,0
Schroeder,Schroeder,2020-06-14,20,1,0,0
Schroeder,Schroeder,2020-06-15,20,0,0,0
Schroeder,Schroeder,2020-06-16,20,0,0,0
Schroeder,Schroeder,2020-06-17,24,4,0,0
Schroeder,Schroeder,2020-06-18,25,1,0,0
Schroeder,Schroeder,2020-06-19,26,1,0,0
Schroeder,Schroeder,2020-06-20,27,1,0,0
Schroeder,Schroeder,2020-06-21,27,0,0,0
Schroeder,Schroeder,2020-06-22,27,0,0,0
Schroeder,Schroeder,2020-06-23,27,0,0,0
Schroeder,Schroeder,2020-06-24,27,0,0,0
Schroeder,Schroeder,2020-06-25,31,4,0,0
Schroeder,Schroeder,2020-06-26,31,0,0,0
Schroeder,Schroeder,2020-06-27,33,2,0,0
Schroeder,Schroeder,2020-06-28,34,1,0,0
Schroeder,Schroeder,2020-06-29,34,0,0,0
Schroeder,Schroeder,2020-06-30,37,3,0,0
Schroeder,Schroeder,2020-07-01,36,-1,0,0
Schroeder,Schroeder,2020-07-02,36,0,0,0
Schroeder,Schroeder,2020-07-03,36,0,0,0
Schroeder,Schroeder,2020-07-04,37,1,0,0
Schroeder,Schroeder,2020-07-05,37,0,0,0
Schroeder,Schroeder,2020-07-06,37,0,0,0
Schroeder,Schroeder,2020-07-07,38,1,0,0
Schroeder,Schroeder,2020-07-08,43,5,0,0
Schroeder,Schroeder,2020-07-09,45,2,0,0
Schroeder,Schroeder,2020-07-10,47,2,0,0
Schroeder,Schroeder,2020-07-11,47,0,0,0
Schroeder,Schroeder,2020-07-12,51,4,0,0
Schroeder,Schroeder,2020-07-13,53,2,0,0
Schroeder,Schroeder,2020-07-14,53,0,0,0
Schroeder,Schroeder,2020-07-15,54,1,0,0
Schroeder,Schroeder,2020-07-16,55,1,0,0
Schroeder,Schroeder,2020-07-17,67,12,0,0
Schroeder,Schroeder,2020-07-18,67,0,0,0
Schroeder,Schroeder,2020-07-19,67,0,0,0
Schroeder,Schroeder,2020-07-20,69,2,0,0
Schroeder,Schroeder,2020-07-21,72,3,0,0
Schroeder,Schroeder,2020-07-22,75,3,0,0
Schroeder,Schroeder,2020-07-23,80,5,0,0
Schroeder,Schroeder,2020-07-24,80,0,0,0
Schroeder,Schroeder,2020-07-25,84,4,1,1
Schroeder,Schroeder,2020-07-26,84,0,1,0
Schroeder,Schroeder,2020-07-27,85,1,1,0
Schroeder,Schroeder,2020-07-28,85,0,1,0
Schroeder,Schroeder,2020-07-29,92,7,1,0
Schroeder,Schroeder,2020-07-30,97,5,1,0
Schroeder,Schroeder,2020-07-31,114,17,1,0
Schroeder,Schroeder,2020-08-01,114,0,1,0
Schroeder,Schroeder,2020-08-02,116,2,1,0
Schroeder,Schroeder,2020-08-03,118,2,1,0
Schroeder,Schroeder,2020-08-04,126,8,1,0
Schroeder,Schroeder,2020-08-05,129,3,1,0
Schroeder,Schroeder,2020-08-06,140,11,1,0
Schroeder,Schroeder,2020-08-07,141,1,1,0
Schroeder,Schroeder,2020-08-08,149,8,1,0
Schroeder,Schroeder,2020-08-09,149,0,1,0
Schroeder,Schroeder,2020-08-10,149,0,1,0
Schroeder,Schroeder,2020-08-11,159,10,1,0
Schroeder,Schroeder,2020-08-12,164,5,1,0
Schroeder,Schroeder,2020-08-13,169,5,1,0
Schroeder,Schroeder,2020-08-14,176,7,1,0
Schroeder,Schroeder,2020-08-15,186,10,1,0
Schroeder,Schroeder,2020-08-16,186,0,1,0
Schroeder,Schroeder,2020-08-17,188,2,1,0
Schroeder,Schroeder,2020-08-18,196,8,1,0
Schroeder,Schroeder,2020-08-19,199,3,1,0
Schroeder,Schroeder,2020-08-20,201,2,1,0
Schroeder,Schroeder,2020-08-21,205,4,1,0
Schroeder,Schroeder,2020-08-22,208,3,1,0
Schroeder,Schroeder,2020-08-23,208,0,1,0
Schroeder,Schroeder,2020-08-24,210,2,1,0
Schroeder,Schroeder,2020-08-25,213,3,1,0
Schroeder,Schroeder,2020-08-26,214,1,1,0
Schroeder,Schroeder,2020-08-27,218,4,1,0
Schroeder,Schroeder,2020-08-28,225,7,1,0
Schroeder,Schroeder,2020-08-29,227,2,1,0
Schroeder,Schroeder,2020-08-30,227,0,1,0
Schroeder,Schroeder,2020-08-31,266,39,1,0
Schroeder,Schroeder,2020-09-01,274,8,1,0
Schroeder,Schroeder,2020-09-02,276,2,1,0
Schroeder,Schroeder,2020-09-03,278,2,1,0
Schroeder,Schroeder,2020-09-04,296,18,1,0
Schroeder,Schroeder,2020-09-05,302,6,1,0
Schroeder,Schroeder,2020-09-06,304,2,1,0
Schroeder,Schroeder,2020-09-07,312,8,1,0
Schroeder,Schroeder,2020-09-08,314,2,1,0
Schroeder,Schroeder,2020-09-09,338,24,1,0
Schroeder,Schroeder,2020-09-10,344,6,1,0
Schroeder,Schroeder,2020-09-11,354,10,1,0
Schroeder,Schroeder,2020-09-12,362,8,1,0
Schroeder,Schroeder,2020-09-13,367,5,1,0
Schroeder,Schroeder,2020-09-14,374,7,1,0
Schroeder,Schroeder,2020-09-15,385,11,1,0
Schroeder,Schroeder,2020-09-16,399,14,1,0
Schroeder,Schroeder,2020-09-17,411,12,1,0
Schroeder,Schroeder,2020-09-18,410,-1,1,0
Schroeder,Schroeder,2020-09-19,417,7,1,0
Schroeder,Schroeder,2020-09-20,417,0,1,0
Schroeder,Schroeder,2020-09-21,426,9,1,0
Schroeder,Schroeder,2020-09-22,433,7,1,0
Schroeder,Schroeder,2020-09-23,436,3,1,0
Schroeder,Schroeder,2020-09-24,442,6,1,0
Schroeder,Schroeder,2020-09-25,448,6,1,0
Schroeder,Schroeder,2020-09-26,451,3,2,1
Schroeder,Schroeder,2020-09-27,451,0,2,0
Schroeder,Schroeder,2020-09-28,451,0,2,0
Schroeder,Schroeder,2020-09-29,459,8,2,0
Schroeder,Schroeder,2020-09-30,459,0,2,0
Schroeder,Schroeder,2020-10-01,463,4,2,0
Schroeder,Schroeder,2020-10-02,463,0,2,0
Schroeder,Schroeder,2020-10-03,462,-1,2,0
Schroeder,Schroeder,2020-10-04,462,0,2,0
Schroeder,Schroeder,2020-10-05,466,4,2,0
Schroeder,Schroeder,2020-10-06,467,1,2,0
Schroeder,Schroeder,2020-10-07,467,0,2,0
Schroeder,Schroeder,2020-10-08,467,0,2,0
Schroeder,Schroeder,2020-10-09,468,1,2,0
Schroeder,Schroeder,2020-10-10,469,1,2,0
Schroeder,Schroeder,2020-10-11,469,0,2,0
Schroeder,Schroeder,2020-10-12,469,0,2,0
Schroeder,Schroeder,2020-10-13,469,0,2,0
Schroeder,Schroeder,2020-10-14,470,1,2,0
Schroeder,Schroeder,2020-10-15,471,1,2,0
Schroeder,Schroeder,2020-10-16,472,1,2,0
Schroeder,Schroeder,2020-10-17,473,1,2,0
Schroeder,Schroeder,2020-10-18,473,0,2,0
Schroeder,Schroeder,2020-10-19,473,0,2,0
Schroeder,Schroeder,2020-10-20,474,1,2,0
Schroeder,Schroeder,2020-10-21,493,19,2,0
Schroeder,Schroeder,2020-10-22,488,-5,2,0
Schroeder,Schroeder,2020-10-23,490,2,2,0
Schroeder,Schroeder,2020-10-24,494,4,3,1
Schroeder,Schroeder,2020-10-25,494,0,3,0
Schroeder,Schroeder,2020-10-26,494,0,3,0
Schroeder,Schroeder,2020-10-27,496,2,3,0
Schroeder,Schroeder,2020-10-28,500,4,3,0
Schroeder,Schroeder,2020-10-29,500,0,3,0
Schroeder,Schroeder,2020-10-30,505,5,3,0
Schroeder,Schroeder,2020-10-31,508,3,3,0
Schroeder,Schroeder,2020-11-01,508,0,3,0
Schroeder,Schroeder,2020-11-02,510,2,3,0
Schroeder,Schroeder,2020-11-03,513,3,3,0
Schroeder,Schroeder,2020-11-04,514,1,3,0
Schroeder,Schroeder,2020-11-05,514,0,3,0
Schroeder,Schroeder,2020-11-06,518,4,3,0
Schroeder,Schroeder,2020-11-07,526,8,3,0
Schroeder,Schroeder,2020-11-08,526,0,3,0
Schroeder,Schroeder,2020-11-09,527,1,3,0
Schroeder,Schroeder,2020-11-10,533,6,3,0
Schroeder,Schroeder,2020-11-11,545,12,3,0
Schroeder,Schroeder,2020-11-12,546,1,3,0
Schroeder,Schroeder,2020-11-13,554,8,3,0
Schroeder,Schroeder,2020-11-14,570,16,3,0
Schroeder,Schroeder,2020-11-15,573,3,3,0
Schroeder,Schroeder,2020-11-16,576,3,3,0
Schroeder,Schroeder,2020-11-17,587,11,3,0
Schroeder,Schroeder,2020-11-18,593,6,3,0
Schroeder,Schroeder,2020-11-19,613,20,3,0
Schroeder,Schroeder,2020-11-20,632,19,3,0
Schroeder,Schroeder,2020-11-21,642,10,3,0
Schroeder,Schroeder,2020-11-22,653,11,3,0
Schroeder,Schroeder,2020-11-23,661,8,3,0
Schroeder,Schroeder,2020-11-24,683,22,3,0
Schroeder,Schroeder,2020-11-25,693,10,3,0
Schroeder,Schroeder,2020-11-26,711,18,3,0
Schroeder,Schroeder,2020-11-27,722,11,3,0
Schroeder,Schroeder,2020-11-28,775,53,3,0
Schroeder,Schroeder,2020-11-29,776,1,3,0
Schroeder,Schroeder,2020-11-30,794,18,3,0
Schroeder,Schroeder,2020-12-01,826,32,3,0
Schroeder,Schroeder,2020-12-02,860,34,3,0
Schroeder,Schroeder,2020-12-03,895,35,3,0
Schroeder,Schroeder,2020-12-04,924,29,3,0
Schroeder,Schroeder,2020-12-05,936,12,3,0
Schroeder,Schroeder,2020-12-06,945,9,3,0
Schroeder,Schroeder,2020-12-07,946,1,3,0
Schroeder,Schroeder,2020-12-08,972,26,3,0
Schroeder,Schroeder,2020-12-09,992,20,3,0
Schroeder,Schroeder,2020-12-10,1036,44,3,0
Schroeder,Schroeder,2020-12-11,1051,15,3,0
Schroeder,Schroeder,2020-12-12,1071,20,3,0
Schroeder,Schroeder,2020-12-13,1071,0,3,0
Schroeder,Schroeder,2020-12-14,1081,10,3,0
Schroeder,Schroeder,2020-12-15,1093,12,4,1
Schroeder,Schroeder,2020-12-16,1119,26,4,0
Schroeder,Schroeder,2020-12-17,1155,36,5,1
Schroeder,Schroeder,2020-12-18,1177,22,5,0
Schroeder,Schroeder,2020-12-19,1192,15,5,0
Schroeder,Schroeder,2020-12-20,1194,2,5,0
Schroeder,Schroeder,2020-12-21,1202,8,5,0
Schroeder,Schroeder,2020-12-22,1213,11,5,0
Schroeder,Schroeder,2020-12-23,1232,19,5,0
Schroeder,Schroeder,2020-12-24,1262,30,5,0
Schroeder,Schroeder,2020-12-25,1263,1,5,0
Schroeder,Schroeder,2020-12-26,1264,1,5,0
Schroeder,Schroeder,2020-12-27,1275,11,5,0
Schroeder,Schroeder,2020-12-28,1277,2,5,0
Schroeder,Schroeder,2020-12-29,1288,11,5,0
Schroeder,Schroeder,2020-12-30,1309,21,5,0
Schroeder,Schroeder,2020-12-31,1319,10,6,1
Schroeder,Schroeder,2021-01-01,1340,21,6,0
Schroeder,Schroeder,2021-01-02,1341,1,7,1
Schroeder,Schroeder,2021-01-03,1341,0,7,0
Schroeder,Schroeder,2021-01-04,1350,9,7,0
Schroeder,Schroeder,2021-01-05,1376,26,7,0
Schroeder,Schroeder,2021-01-06,1393,17,7,0
Schroeder,Schroeder,2021-01-07,1429,36,7,0
Schroeder,Schroeder,2021-01-08,1460,31,7,0
Schroeder,Schroeder,2021-01-09,1475,15,7,0
Schroeder,Schroeder,2021-01-10,1479,4,7,0
Schroeder,Schroeder,2021-01-11,1511,32,7,0
Schroeder,Schroeder,2021-01-12,1527,16,7,0
Schroeder,Schroeder,2021-01-13,1572,45,7,0
Schroeder,Schroeder,2021-01-14,1587,15,7,0
Schroeder,Schroeder,2021-01-15,1605,18,7,0
Schroeder,Schroeder,2021-01-16,1622,17,7,0
Schroeder,Schroeder,2021-01-17,1622,0,7,0
Schroeder,Schroeder,2021-01-18,1630,8,7,0
Schroeder,Schroeder,2021-01-19,1639,9,7,0
Schroeder,Schroeder,2021-01-20,1654,15,7,0
Schroeder,Schroeder,2021-01-21,1669,15,7,0
Schroeder,Schroeder,2021-01-22,1673,4,7,0
Schroeder,Schroeder,2021-01-23,1678,5,7,0
Schroeder,Schroeder,2021-01-24,1678,0,7,0
Schroeder,Schroeder,2021-01-25,1700,22,7,0
Schroeder,Schroeder,2021-01-26,1710,10,7,0
Schroeder,Schroeder,2021-01-27,1721,11,7,0
Schroeder,Schroeder,2021-01-28,1725,4,7,0
Schroeder,Schroeder,2021-01-29,1728,3,7,0
Schroeder,Schroeder,2021-01-30,1736,8,7,0
Schroeder,Schroeder,2021-01-31,1748,12,7,0
Schroeder,Schroeder,2021-02-01,1753,5,7,0
Schroeder,Schroeder,2021-02-02,1769,16,7,0
Schroeder,Schroeder,2021-02-03,1784,15,8,1
Schroeder,Schroeder,2021-02-04,1791,7,8,0
Schroeder,Schroeder,2021-02-05,1801,10,8,0
Schroeder,Schroeder,2021-02-06,1806,5,8,0
Schroeder,Schroeder,2021-02-07,1806,0,8,0
Schroeder,Schroeder,2021-02-08,1807,1,8,0
