city,city,date,cases,daily cases,deaths,daily deaths
Serrita,Serrita,2020-03-27,0,0,0,0
Serrita,Serrita,2020-03-28,0,0,0,0
Serrita,Serrita,2020-03-29,0,0,0,0
Serrita,Serrita,2020-03-30,0,0,0,0
Serrita,Serrita,2020-03-31,0,0,0,0
Serrita,Serrita,2020-04-01,0,0,0,0
Serrita,Serrita,2020-04-02,0,0,0,0
Serrita,Serrita,2020-04-03,0,0,0,0
Serrita,Serrita,2020-04-04,0,0,0,0
Serrita,Serrita,2020-04-05,0,0,0,0
Serrita,Serrita,2020-04-06,0,0,0,0
Serrita,Serrita,2020-04-07,0,0,0,0
Serrita,Serrita,2020-04-08,0,0,0,0
Serrita,Serrita,2020-04-09,0,0,0,0
Serrita,Serrita,2020-04-10,0,0,0,0
Serrita,Serrita,2020-04-11,0,0,0,0
Serrita,Serrita,2020-04-12,0,0,0,0
Serrita,Serrita,2020-04-13,0,0,0,0
Serrita,Serrita,2020-04-14,0,0,0,0
Serrita,Serrita,2020-04-15,0,0,0,0
Serrita,Serrita,2020-04-16,0,0,0,0
Serrita,Serrita,2020-04-17,0,0,0,0
Serrita,Serrita,2020-04-18,0,0,0,0
Serrita,Serrita,2020-04-19,0,0,0,0
Serrita,Serrita,2020-04-20,0,0,0,0
Serrita,Serrita,2020-04-21,0,0,0,0
Serrita,Serrita,2020-04-22,0,0,0,0
Serrita,Serrita,2020-04-23,0,0,0,0
Serrita,Serrita,2020-04-24,0,0,0,0
Serrita,Serrita,2020-04-25,0,0,0,0
Serrita,Serrita,2020-04-26,0,0,0,0
Serrita,Serrita,2020-04-27,0,0,0,0
Serrita,Serrita,2020-04-28,0,0,0,0
Serrita,Serrita,2020-04-29,0,0,0,0
Serrita,Serrita,2020-04-30,0,0,0,0
Serrita,Serrita,2020-05-01,0,0,0,0
Serrita,Serrita,2020-05-02,0,0,0,0
Serrita,Serrita,2020-05-03,0,0,0,0
Serrita,Serrita,2020-05-04,0,0,0,0
Serrita,Serrita,2020-05-05,0,0,0,0
Serrita,Serrita,2020-05-06,0,0,0,0
Serrita,Serrita,2020-05-07,0,0,0,0
Serrita,Serrita,2020-05-08,0,0,0,0
Serrita,Serrita,2020-05-09,8,8,0,0
Serrita,Serrita,2020-05-10,0,-8,0,0
Serrita,Serrita,2020-05-11,0,0,0,0
Serrita,Serrita,2020-05-12,1,1,1,1
Serrita,Serrita,2020-05-13,1,0,1,0
Serrita,Serrita,2020-05-14,2,1,1,0
Serrita,Serrita,2020-05-15,1,-1,1,0
Serrita,Serrita,2020-05-16,1,0,1,0
Serrita,Serrita,2020-05-17,1,0,1,0
Serrita,Serrita,2020-05-18,1,0,1,0
Serrita,Serrita,2020-05-19,1,0,1,0
Serrita,Serrita,2020-05-20,1,0,1,0
Serrita,Serrita,2020-05-21,1,0,1,0
Serrita,Serrita,2020-05-22,1,0,1,0
Serrita,Serrita,2020-05-23,1,0,1,0
Serrita,Serrita,2020-05-24,1,0,1,0
Serrita,Serrita,2020-05-25,1,0,1,0
Serrita,Serrita,2020-05-26,1,0,1,0
Serrita,Serrita,2020-05-27,1,0,1,0
Serrita,Serrita,2020-05-28,1,0,1,0
Serrita,Serrita,2020-05-29,1,0,1,0
Serrita,Serrita,2020-05-30,1,0,1,0
Serrita,Serrita,2020-05-31,1,0,1,0
Serrita,Serrita,2020-06-01,2,1,1,0
Serrita,Serrita,2020-06-02,2,0,1,0
Serrita,Serrita,2020-06-03,4,2,1,0
Serrita,Serrita,2020-06-04,4,0,1,0
Serrita,Serrita,2020-06-05,7,3,1,0
Serrita,Serrita,2020-06-06,7,0,1,0
Serrita,Serrita,2020-06-07,7,0,1,0
Serrita,Serrita,2020-06-08,7,0,1,0
Serrita,Serrita,2020-06-09,7,0,1,0
Serrita,Serrita,2020-06-10,8,1,1,0
Serrita,Serrita,2020-06-11,9,1,1,0
Serrita,Serrita,2020-06-12,9,0,1,0
Serrita,Serrita,2020-06-13,10,1,1,0
Serrita,Serrita,2020-06-14,11,1,1,0
Serrita,Serrita,2020-06-15,11,0,1,0
Serrita,Serrita,2020-06-16,12,1,1,0
Serrita,Serrita,2020-06-17,12,0,1,0
Serrita,Serrita,2020-06-18,13,1,1,0
Serrita,Serrita,2020-06-19,14,1,1,0
Serrita,Serrita,2020-06-20,16,2,1,0
Serrita,Serrita,2020-06-21,16,0,2,1
Serrita,Serrita,2020-06-22,18,2,2,0
Serrita,Serrita,2020-06-23,22,4,2,0
Serrita,Serrita,2020-06-24,22,0,2,0
Serrita,Serrita,2020-06-25,22,0,2,0
Serrita,Serrita,2020-06-26,22,0,2,0
Serrita,Serrita,2020-06-27,22,0,2,0
Serrita,Serrita,2020-06-28,23,1,2,0
Serrita,Serrita,2020-06-29,24,1,2,0
Serrita,Serrita,2020-06-30,26,2,2,0
Serrita,Serrita,2020-07-01,26,0,2,0
Serrita,Serrita,2020-07-02,26,0,2,0
Serrita,Serrita,2020-07-03,30,4,2,0
Serrita,Serrita,2020-07-04,31,1,2,0
Serrita,Serrita,2020-07-05,31,0,2,0
Serrita,Serrita,2020-07-06,31,0,3,1
Serrita,Serrita,2020-07-07,31,0,3,0
Serrita,Serrita,2020-07-08,31,0,3,0
Serrita,Serrita,2020-07-09,31,0,3,0
Serrita,Serrita,2020-07-10,33,2,3,0
Serrita,Serrita,2020-07-11,33,0,3,0
Serrita,Serrita,2020-07-12,33,0,3,0
Serrita,Serrita,2020-07-13,33,0,3,0
Serrita,Serrita,2020-07-14,34,1,4,1
Serrita,Serrita,2020-07-15,41,7,4,0
Serrita,Serrita,2020-07-16,41,0,4,0
Serrita,Serrita,2020-07-17,43,2,4,0
Serrita,Serrita,2020-07-18,45,2,4,0
Serrita,Serrita,2020-07-19,45,0,4,0
Serrita,Serrita,2020-07-20,49,4,4,0
Serrita,Serrita,2020-07-21,50,1,4,0
Serrita,Serrita,2020-07-22,54,4,4,0
Serrita,Serrita,2020-07-23,57,3,4,0
Serrita,Serrita,2020-07-24,58,1,4,0
Serrita,Serrita,2020-07-25,59,1,4,0
Serrita,Serrita,2020-07-26,59,0,4,0
Serrita,Serrita,2020-07-27,59,0,4,0
Serrita,Serrita,2020-07-28,58,-1,4,0
Serrita,Serrita,2020-07-29,58,0,4,0
Serrita,Serrita,2020-07-30,59,1,4,0
Serrita,Serrita,2020-07-31,60,1,4,0
Serrita,Serrita,2020-08-01,60,0,4,0
Serrita,Serrita,2020-08-02,60,0,4,0
Serrita,Serrita,2020-08-03,61,1,4,0
Serrita,Serrita,2020-08-04,65,4,4,0
Serrita,Serrita,2020-08-05,66,1,4,0
Serrita,Serrita,2020-08-06,66,0,4,0
Serrita,Serrita,2020-08-07,68,2,4,0
Serrita,Serrita,2020-08-08,69,1,4,0
Serrita,Serrita,2020-08-09,71,2,4,0
Serrita,Serrita,2020-08-10,71,0,4,0
Serrita,Serrita,2020-08-11,72,1,4,0
Serrita,Serrita,2020-08-12,74,2,4,0
Serrita,Serrita,2020-08-13,77,3,4,0
Serrita,Serrita,2020-08-14,79,2,5,1
Serrita,Serrita,2020-08-15,80,1,5,0
Serrita,Serrita,2020-08-16,82,2,5,0
Serrita,Serrita,2020-08-17,82,0,5,0
Serrita,Serrita,2020-08-18,87,5,5,0
Serrita,Serrita,2020-08-19,87,0,5,0
Serrita,Serrita,2020-08-20,88,1,5,0
Serrita,Serrita,2020-08-21,89,1,5,0
Serrita,Serrita,2020-08-22,89,0,5,0
Serrita,Serrita,2020-08-23,92,3,5,0
Serrita,Serrita,2020-08-24,92,0,5,0
Serrita,Serrita,2020-08-25,92,0,5,0
Serrita,Serrita,2020-08-26,93,1,5,0
Serrita,Serrita,2020-08-27,95,2,5,0
Serrita,Serrita,2020-08-28,95,0,5,0
Serrita,Serrita,2020-08-29,99,4,5,0
Serrita,Serrita,2020-08-30,99,0,5,0
Serrita,Serrita,2020-08-31,99,0,5,0
Serrita,Serrita,2020-09-01,98,-1,5,0
Serrita,Serrita,2020-09-02,99,1,5,0
Serrita,Serrita,2020-09-03,99,0,5,0
Serrita,Serrita,2020-09-04,98,-1,5,0
Serrita,Serrita,2020-09-05,98,0,5,0
Serrita,Serrita,2020-09-06,98,0,5,0
Serrita,Serrita,2020-09-07,98,0,5,0
Serrita,Serrita,2020-09-08,98,0,5,0
Serrita,Serrita,2020-09-09,101,3,5,0
Serrita,Serrita,2020-09-10,102,1,5,0
Serrita,Serrita,2020-09-11,107,5,5,0
Serrita,Serrita,2020-09-12,108,1,5,0
Serrita,Serrita,2020-09-13,108,0,5,0
Serrita,Serrita,2020-09-14,108,0,5,0
Serrita,Serrita,2020-09-15,109,1,5,0
Serrita,Serrita,2020-09-16,110,1,5,0
Serrita,Serrita,2020-09-17,110,0,5,0
Serrita,Serrita,2020-09-18,110,0,5,0
Serrita,Serrita,2020-09-19,112,2,5,0
Serrita,Serrita,2020-09-20,112,0,5,0
Serrita,Serrita,2020-09-21,112,0,5,0
Serrita,Serrita,2020-09-22,113,1,5,0
Serrita,Serrita,2020-09-23,115,2,5,0
Serrita,Serrita,2020-09-24,116,1,5,0
Serrita,Serrita,2020-09-25,117,1,5,0
Serrita,Serrita,2020-09-26,117,0,5,0
Serrita,Serrita,2020-09-27,117,0,5,0
Serrita,Serrita,2020-09-28,118,1,5,0
Serrita,Serrita,2020-09-29,119,1,5,0
Serrita,Serrita,2020-09-30,121,2,5,0
Serrita,Serrita,2020-10-01,122,1,5,0
Serrita,Serrita,2020-10-02,122,0,6,1
Serrita,Serrita,2020-10-03,122,0,6,0
Serrita,Serrita,2020-10-04,122,0,6,0
Serrita,Serrita,2020-10-05,122,0,6,0
Serrita,Serrita,2020-10-06,123,1,6,0
Serrita,Serrita,2020-10-07,129,6,6,0
Serrita,Serrita,2020-10-08,133,4,6,0
Serrita,Serrita,2020-10-09,138,5,6,0
Serrita,Serrita,2020-10-10,141,3,6,0
Serrita,Serrita,2020-10-11,141,0,6,0
Serrita,Serrita,2020-10-12,141,0,6,0
Serrita,Serrita,2020-10-13,141,0,6,0
Serrita,Serrita,2020-10-14,145,4,6,0
Serrita,Serrita,2020-10-15,145,0,6,0
Serrita,Serrita,2020-10-16,145,0,7,1
Serrita,Serrita,2020-10-17,147,2,7,0
Serrita,Serrita,2020-10-18,148,1,7,0
Serrita,Serrita,2020-10-19,149,1,7,0
Serrita,Serrita,2020-10-20,152,3,7,0
Serrita,Serrita,2020-10-21,155,3,7,0
Serrita,Serrita,2020-10-22,157,2,7,0
Serrita,Serrita,2020-10-23,164,7,7,0
Serrita,Serrita,2020-10-24,168,4,7,0
Serrita,Serrita,2020-10-25,169,1,7,0
Serrita,Serrita,2020-10-26,169,0,7,0
Serrita,Serrita,2020-10-27,170,1,7,0
Serrita,Serrita,2020-10-28,170,0,7,0
Serrita,Serrita,2020-10-29,170,0,7,0
Serrita,Serrita,2020-10-30,172,2,7,0
Serrita,Serrita,2020-10-31,172,0,7,0
Serrita,Serrita,2020-11-01,172,0,7,0
Serrita,Serrita,2020-11-02,172,0,7,0
Serrita,Serrita,2020-11-03,173,1,7,0
Serrita,Serrita,2020-11-04,173,0,7,0
Serrita,Serrita,2020-11-05,175,2,7,0
Serrita,Serrita,2020-11-06,177,2,7,0
Serrita,Serrita,2020-11-07,180,3,7,0
Serrita,Serrita,2020-11-08,180,0,7,0
Serrita,Serrita,2020-11-09,180,0,7,0
Serrita,Serrita,2020-11-10,182,2,7,0
Serrita,Serrita,2020-11-11,180,-2,7,0
Serrita,Serrita,2020-11-12,182,2,7,0
Serrita,Serrita,2020-11-13,185,3,7,0
Serrita,Serrita,2020-11-14,185,0,7,0
Serrita,Serrita,2020-11-15,185,0,7,0
Serrita,Serrita,2020-11-16,185,0,8,1
Serrita,Serrita,2020-11-17,185,0,8,0
Serrita,Serrita,2020-11-18,194,9,9,1
Serrita,Serrita,2020-11-19,196,2,9,0
Serrita,Serrita,2020-11-20,199,3,10,1
Serrita,Serrita,2020-11-21,200,1,10,0
Serrita,Serrita,2020-11-22,200,0,10,0
Serrita,Serrita,2020-11-23,200,0,10,0
Serrita,Serrita,2020-11-24,200,0,10,0
Serrita,Serrita,2020-11-25,200,0,10,0
Serrita,Serrita,2020-11-26,200,0,10,0
Serrita,Serrita,2020-11-27,201,1,10,0
Serrita,Serrita,2020-11-28,201,0,10,0
Serrita,Serrita,2020-11-29,201,0,10,0
Serrita,Serrita,2020-11-30,201,0,10,0
Serrita,Serrita,2020-12-01,201,0,10,0
Serrita,Serrita,2020-12-02,204,3,10,0
Serrita,Serrita,2020-12-03,205,1,10,0
Serrita,Serrita,2020-12-04,209,4,10,0
Serrita,Serrita,2020-12-05,214,5,10,0
Serrita,Serrita,2020-12-06,215,1,10,0
Serrita,Serrita,2020-12-07,215,0,10,0
Serrita,Serrita,2020-12-08,216,1,10,0
Serrita,Serrita,2020-12-09,216,0,10,0
Serrita,Serrita,2020-12-10,217,1,10,0
Serrita,Serrita,2020-12-11,217,0,10,0
Serrita,Serrita,2020-12-12,217,0,10,0
Serrita,Serrita,2020-12-13,217,0,10,0
Serrita,Serrita,2020-12-14,217,0,10,0
Serrita,Serrita,2020-12-15,221,4,10,0
Serrita,Serrita,2020-12-16,221,0,10,0
Serrita,Serrita,2020-12-17,222,1,10,0
Serrita,Serrita,2020-12-18,223,1,10,0
Serrita,Serrita,2020-12-19,223,0,10,0
Serrita,Serrita,2020-12-20,224,1,10,0
Serrita,Serrita,2020-12-21,229,5,10,0
Serrita,Serrita,2020-12-22,233,4,10,0
Serrita,Serrita,2020-12-23,240,7,10,0
Serrita,Serrita,2020-12-24,244,4,10,0
Serrita,Serrita,2020-12-25,245,1,10,0
Serrita,Serrita,2020-12-26,247,2,10,0
Serrita,Serrita,2020-12-27,247,0,10,0
Serrita,Serrita,2020-12-28,247,0,10,0
Serrita,Serrita,2020-12-29,248,1,10,0
Serrita,Serrita,2020-12-30,251,3,10,0
Serrita,Serrita,2020-12-31,251,0,10,0
Serrita,Serrita,2021-01-01,251,0,10,0
Serrita,Serrita,2021-01-02,251,0,10,0
Serrita,Serrita,2021-01-03,251,0,10,0
Serrita,Serrita,2021-01-04,251,0,10,0
Serrita,Serrita,2021-01-05,253,2,10,0
Serrita,Serrita,2021-01-06,256,3,10,0
Serrita,Serrita,2021-01-07,256,0,10,0
Serrita,Serrita,2021-01-08,256,0,10,0
Serrita,Serrita,2021-01-09,257,1,10,0
Serrita,Serrita,2021-01-10,257,0,10,0
Serrita,Serrita,2021-01-11,257,0,10,0
Serrita,Serrita,2021-01-12,258,1,10,0
Serrita,Serrita,2021-01-13,261,3,10,0
Serrita,Serrita,2021-01-14,261,0,10,0
Serrita,Serrita,2021-01-15,261,0,10,0
Serrita,Serrita,2021-01-16,261,0,10,0
Serrita,Serrita,2021-01-17,261,0,10,0
Serrita,Serrita,2021-01-18,261,0,10,0
Serrita,Serrita,2021-01-19,261,0,10,0
Serrita,Serrita,2021-01-20,261,0,10,0
Serrita,Serrita,2021-01-21,261,0,10,0
Serrita,Serrita,2021-01-22,263,2,10,0
Serrita,Serrita,2021-01-23,263,0,10,0
Serrita,Serrita,2021-01-24,263,0,10,0
Serrita,Serrita,2021-01-25,263,0,10,0
Serrita,Serrita,2021-01-26,263,0,10,0
Serrita,Serrita,2021-01-27,263,0,10,0
Serrita,Serrita,2021-01-28,265,2,10,0
Serrita,Serrita,2021-01-29,266,1,10,0
Serrita,Serrita,2021-01-30,266,0,10,0
Serrita,Serrita,2021-01-31,267,1,10,0
Serrita,Serrita,2021-02-01,267,0,10,0
Serrita,Serrita,2021-02-02,267,0,10,0
Serrita,Serrita,2021-02-03,269,2,10,0
Serrita,Serrita,2021-02-04,271,2,10,0
Serrita,Serrita,2021-02-05,271,0,10,0
Serrita,Serrita,2021-02-06,274,3,10,0
Serrita,Serrita,2021-02-07,274,0,10,0
Serrita,Serrita,2021-02-08,274,0,10,0
