city,city,date,cases,daily cases,deaths,daily deaths
Serra Preta,Serra Preta,2020-03-27,0,0,0,0
Serra Preta,Serra Preta,2020-03-28,0,0,0,0
Serra Preta,Serra Preta,2020-03-29,0,0,0,0
Serra Preta,Serra Preta,2020-03-30,0,0,0,0
Serra Preta,Serra Preta,2020-03-31,0,0,0,0
Serra Preta,Serra Preta,2020-04-01,0,0,0,0
Serra Preta,Serra Preta,2020-04-02,0,0,0,0
Serra Preta,Serra Preta,2020-04-03,0,0,0,0
Serra Preta,Serra Preta,2020-04-04,0,0,0,0
Serra Preta,Serra Preta,2020-04-05,0,0,0,0
Serra Preta,Serra Preta,2020-04-06,0,0,0,0
Serra Preta,Serra Preta,2020-04-07,0,0,0,0
Serra Preta,Serra Preta,2020-04-08,0,0,0,0
Serra Preta,Serra Preta,2020-04-09,0,0,0,0
Serra Preta,Serra Preta,2020-04-10,0,0,0,0
Serra Preta,Serra Preta,2020-04-11,0,0,0,0
Serra Preta,Serra Preta,2020-04-12,0,0,0,0
Serra Preta,Serra Preta,2020-04-13,0,0,0,0
Serra Preta,Serra Preta,2020-04-14,0,0,0,0
Serra Preta,Serra Preta,2020-04-15,0,0,0,0
Serra Preta,Serra Preta,2020-04-16,0,0,0,0
Serra Preta,Serra Preta,2020-04-17,0,0,0,0
Serra Preta,Serra Preta,2020-04-18,0,0,0,0
Serra Preta,Serra Preta,2020-04-19,0,0,0,0
Serra Preta,Serra Preta,2020-04-20,0,0,0,0
Serra Preta,Serra Preta,2020-04-21,0,0,0,0
Serra Preta,Serra Preta,2020-04-22,1,1,0,0
Serra Preta,Serra Preta,2020-04-23,1,0,0,0
Serra Preta,Serra Preta,2020-04-24,1,0,0,0
Serra Preta,Serra Preta,2020-04-25,1,0,0,0
Serra Preta,Serra Preta,2020-04-26,1,0,0,0
Serra Preta,Serra Preta,2020-04-27,1,0,0,0
Serra Preta,Serra Preta,2020-04-28,1,0,0,0
Serra Preta,Serra Preta,2020-04-29,1,0,0,0
Serra Preta,Serra Preta,2020-04-30,1,0,0,0
Serra Preta,Serra Preta,2020-05-01,1,0,0,0
Serra Preta,Serra Preta,2020-05-02,1,0,0,0
Serra Preta,Serra Preta,2020-05-03,1,0,0,0
Serra Preta,Serra Preta,2020-05-04,1,0,0,0
Serra Preta,Serra Preta,2020-05-05,1,0,0,0
Serra Preta,Serra Preta,2020-05-06,1,0,0,0
Serra Preta,Serra Preta,2020-05-07,1,0,0,0
Serra Preta,Serra Preta,2020-05-08,1,0,0,0
Serra Preta,Serra Preta,2020-05-09,1,0,0,0
Serra Preta,Serra Preta,2020-05-10,1,0,0,0
Serra Preta,Serra Preta,2020-05-11,1,0,0,0
Serra Preta,Serra Preta,2020-05-12,1,0,0,0
Serra Preta,Serra Preta,2020-05-13,1,0,0,0
Serra Preta,Serra Preta,2020-05-14,1,0,0,0
Serra Preta,Serra Preta,2020-05-15,1,0,0,0
Serra Preta,Serra Preta,2020-05-16,1,0,0,0
Serra Preta,Serra Preta,2020-05-17,1,0,0,0
Serra Preta,Serra Preta,2020-05-18,1,0,0,0
Serra Preta,Serra Preta,2020-05-19,1,0,0,0
Serra Preta,Serra Preta,2020-05-20,1,0,0,0
Serra Preta,Serra Preta,2020-05-21,1,0,0,0
Serra Preta,Serra Preta,2020-05-22,1,0,0,0
Serra Preta,Serra Preta,2020-05-23,2,1,0,0
Serra Preta,Serra Preta,2020-05-24,2,0,0,0
Serra Preta,Serra Preta,2020-05-25,2,0,0,0
Serra Preta,Serra Preta,2020-05-26,2,0,0,0
Serra Preta,Serra Preta,2020-05-27,2,0,0,0
Serra Preta,Serra Preta,2020-05-28,2,0,0,0
Serra Preta,Serra Preta,2020-05-29,2,0,0,0
Serra Preta,Serra Preta,2020-05-30,2,0,0,0
Serra Preta,Serra Preta,2020-05-31,2,0,0,0
Serra Preta,Serra Preta,2020-06-01,2,0,0,0
Serra Preta,Serra Preta,2020-06-02,3,1,0,0
Serra Preta,Serra Preta,2020-06-03,4,1,0,0
Serra Preta,Serra Preta,2020-06-04,5,1,0,0
Serra Preta,Serra Preta,2020-06-05,6,1,0,0
Serra Preta,Serra Preta,2020-06-06,7,1,0,0
Serra Preta,Serra Preta,2020-06-07,7,0,0,0
Serra Preta,Serra Preta,2020-06-08,7,0,0,0
Serra Preta,Serra Preta,2020-06-09,7,0,0,0
Serra Preta,Serra Preta,2020-06-10,9,2,0,0
Serra Preta,Serra Preta,2020-06-11,10,1,0,0
Serra Preta,Serra Preta,2020-06-12,10,0,0,0
Serra Preta,Serra Preta,2020-06-13,11,1,0,0
Serra Preta,Serra Preta,2020-06-14,14,3,0,0
Serra Preta,Serra Preta,2020-06-15,14,0,0,0
Serra Preta,Serra Preta,2020-06-16,14,0,0,0
Serra Preta,Serra Preta,2020-06-17,14,0,0,0
Serra Preta,Serra Preta,2020-06-18,14,0,0,0
Serra Preta,Serra Preta,2020-06-19,14,0,0,0
Serra Preta,Serra Preta,2020-06-20,14,0,0,0
Serra Preta,Serra Preta,2020-06-21,14,0,0,0
Serra Preta,Serra Preta,2020-06-22,14,0,0,0
Serra Preta,Serra Preta,2020-06-23,16,2,0,0
Serra Preta,Serra Preta,2020-06-24,16,0,0,0
Serra Preta,Serra Preta,2020-06-25,16,0,0,0
Serra Preta,Serra Preta,2020-06-26,16,0,0,0
Serra Preta,Serra Preta,2020-06-27,19,3,0,0
Serra Preta,Serra Preta,2020-06-28,20,1,0,0
Serra Preta,Serra Preta,2020-06-29,20,0,0,0
Serra Preta,Serra Preta,2020-06-30,20,0,0,0
Serra Preta,Serra Preta,2020-07-01,21,1,0,0
Serra Preta,Serra Preta,2020-07-02,31,10,0,0
Serra Preta,Serra Preta,2020-07-03,33,2,0,0
Serra Preta,Serra Preta,2020-07-04,35,2,0,0
Serra Preta,Serra Preta,2020-07-05,39,4,0,0
Serra Preta,Serra Preta,2020-07-06,39,0,1,1
Serra Preta,Serra Preta,2020-07-07,44,5,1,0
Serra Preta,Serra Preta,2020-07-08,55,11,1,0
Serra Preta,Serra Preta,2020-07-09,67,12,1,0
Serra Preta,Serra Preta,2020-07-10,85,18,1,0
Serra Preta,Serra Preta,2020-07-11,96,11,2,1
Serra Preta,Serra Preta,2020-07-12,96,0,2,0
Serra Preta,Serra Preta,2020-07-13,97,1,2,0
Serra Preta,Serra Preta,2020-07-14,98,1,2,0
Serra Preta,Serra Preta,2020-07-15,98,0,2,0
Serra Preta,Serra Preta,2020-07-16,104,6,2,0
Serra Preta,Serra Preta,2020-07-17,105,1,2,0
Serra Preta,Serra Preta,2020-07-18,107,2,2,0
Serra Preta,Serra Preta,2020-07-19,107,0,2,0
Serra Preta,Serra Preta,2020-07-20,107,0,2,0
Serra Preta,Serra Preta,2020-07-21,111,4,2,0
Serra Preta,Serra Preta,2020-07-22,130,19,2,0
Serra Preta,Serra Preta,2020-07-23,136,6,3,1
Serra Preta,Serra Preta,2020-07-24,139,3,3,0
Serra Preta,Serra Preta,2020-07-25,139,0,3,0
Serra Preta,Serra Preta,2020-07-26,140,1,3,0
Serra Preta,Serra Preta,2020-07-27,141,1,4,1
Serra Preta,Serra Preta,2020-07-28,143,2,4,0
Serra Preta,Serra Preta,2020-07-29,146,3,4,0
Serra Preta,Serra Preta,2020-07-30,147,1,5,1
Serra Preta,Serra Preta,2020-07-31,157,10,5,0
Serra Preta,Serra Preta,2020-08-01,159,2,5,0
Serra Preta,Serra Preta,2020-08-02,164,5,5,0
Serra Preta,Serra Preta,2020-08-03,164,0,5,0
Serra Preta,Serra Preta,2020-08-04,168,4,5,0
Serra Preta,Serra Preta,2020-08-05,170,2,5,0
Serra Preta,Serra Preta,2020-08-06,172,2,5,0
Serra Preta,Serra Preta,2020-08-07,173,1,5,0
Serra Preta,Serra Preta,2020-08-08,179,6,6,1
Serra Preta,Serra Preta,2020-08-09,179,0,6,0
Serra Preta,Serra Preta,2020-08-10,186,7,6,0
Serra Preta,Serra Preta,2020-08-11,186,0,6,0
Serra Preta,Serra Preta,2020-08-12,186,0,6,0
Serra Preta,Serra Preta,2020-08-13,187,1,6,0
Serra Preta,Serra Preta,2020-08-14,188,1,6,0
Serra Preta,Serra Preta,2020-08-15,190,2,6,0
Serra Preta,Serra Preta,2020-08-16,191,1,6,0
Serra Preta,Serra Preta,2020-08-17,191,0,6,0
Serra Preta,Serra Preta,2020-08-18,191,0,6,0
Serra Preta,Serra Preta,2020-08-19,191,0,6,0
Serra Preta,Serra Preta,2020-08-20,191,0,6,0
Serra Preta,Serra Preta,2020-08-21,191,0,6,0
Serra Preta,Serra Preta,2020-08-22,191,0,7,1
Serra Preta,Serra Preta,2020-08-23,193,2,7,0
Serra Preta,Serra Preta,2020-08-24,193,0,7,0
Serra Preta,Serra Preta,2020-08-25,194,1,7,0
Serra Preta,Serra Preta,2020-08-26,196,2,7,0
Serra Preta,Serra Preta,2020-08-27,196,0,7,0
Serra Preta,Serra Preta,2020-08-28,198,2,7,0
Serra Preta,Serra Preta,2020-08-29,198,0,7,0
Serra Preta,Serra Preta,2020-08-30,198,0,7,0
Serra Preta,Serra Preta,2020-08-31,198,0,7,0
Serra Preta,Serra Preta,2020-09-01,199,1,7,0
Serra Preta,Serra Preta,2020-09-02,200,1,7,0
Serra Preta,Serra Preta,2020-09-03,201,1,7,0
Serra Preta,Serra Preta,2020-09-04,202,1,7,0
Serra Preta,Serra Preta,2020-09-05,202,0,7,0
Serra Preta,Serra Preta,2020-09-06,202,0,7,0
Serra Preta,Serra Preta,2020-09-07,202,0,7,0
Serra Preta,Serra Preta,2020-09-08,202,0,7,0
Serra Preta,Serra Preta,2020-09-09,202,0,7,0
Serra Preta,Serra Preta,2020-09-10,203,1,7,0
Serra Preta,Serra Preta,2020-09-11,205,2,7,0
Serra Preta,Serra Preta,2020-09-12,205,0,7,0
Serra Preta,Serra Preta,2020-09-13,205,0,7,0
Serra Preta,Serra Preta,2020-09-14,205,0,7,0
Serra Preta,Serra Preta,2020-09-15,205,0,7,0
Serra Preta,Serra Preta,2020-09-16,220,15,8,1
Serra Preta,Serra Preta,2020-09-17,221,1,8,0
Serra Preta,Serra Preta,2020-09-18,224,3,8,0
Serra Preta,Serra Preta,2020-09-19,224,0,8,0
Serra Preta,Serra Preta,2020-09-20,225,1,8,0
Serra Preta,Serra Preta,2020-09-21,227,2,9,1
Serra Preta,Serra Preta,2020-09-22,234,7,9,0
Serra Preta,Serra Preta,2020-09-23,234,0,9,0
Serra Preta,Serra Preta,2020-09-24,234,0,9,0
Serra Preta,Serra Preta,2020-09-25,235,1,9,0
Serra Preta,Serra Preta,2020-09-26,235,0,9,0
Serra Preta,Serra Preta,2020-09-27,235,0,9,0
Serra Preta,Serra Preta,2020-09-28,236,1,9,0
Serra Preta,Serra Preta,2020-09-29,238,2,9,0
Serra Preta,Serra Preta,2020-09-30,238,0,9,0
Serra Preta,Serra Preta,2020-10-01,238,0,9,0
Serra Preta,Serra Preta,2020-10-02,238,0,9,0
Serra Preta,Serra Preta,2020-10-03,238,0,9,0
Serra Preta,Serra Preta,2020-10-04,238,0,10,1
Serra Preta,Serra Preta,2020-10-05,238,0,10,0
Serra Preta,Serra Preta,2020-10-06,238,0,10,0
Serra Preta,Serra Preta,2020-10-07,238,0,10,0
Serra Preta,Serra Preta,2020-10-08,238,0,10,0
Serra Preta,Serra Preta,2020-10-09,238,0,10,0
Serra Preta,Serra Preta,2020-10-10,238,0,10,0
Serra Preta,Serra Preta,2020-10-11,238,0,10,0
Serra Preta,Serra Preta,2020-10-12,240,2,10,0
Serra Preta,Serra Preta,2020-10-13,240,0,10,0
Serra Preta,Serra Preta,2020-10-14,241,1,10,0
Serra Preta,Serra Preta,2020-10-15,241,0,10,0
Serra Preta,Serra Preta,2020-10-16,241,0,10,0
Serra Preta,Serra Preta,2020-10-17,241,0,10,0
Serra Preta,Serra Preta,2020-10-18,242,1,10,0
Serra Preta,Serra Preta,2020-10-19,242,0,10,0
Serra Preta,Serra Preta,2020-10-20,243,1,10,0
Serra Preta,Serra Preta,2020-10-21,243,0,10,0
Serra Preta,Serra Preta,2020-10-22,243,0,10,0
Serra Preta,Serra Preta,2020-10-23,243,0,10,0
Serra Preta,Serra Preta,2020-10-24,243,0,10,0
Serra Preta,Serra Preta,2020-10-25,243,0,10,0
Serra Preta,Serra Preta,2020-10-26,243,0,10,0
Serra Preta,Serra Preta,2020-10-27,243,0,10,0
Serra Preta,Serra Preta,2020-10-28,243,0,10,0
Serra Preta,Serra Preta,2020-10-29,243,0,10,0
Serra Preta,Serra Preta,2020-10-30,243,0,10,0
Serra Preta,Serra Preta,2020-10-31,243,0,10,0
Serra Preta,Serra Preta,2020-11-01,243,0,10,0
Serra Preta,Serra Preta,2020-11-02,243,0,10,0
Serra Preta,Serra Preta,2020-11-03,243,0,10,0
Serra Preta,Serra Preta,2020-11-04,243,0,10,0
Serra Preta,Serra Preta,2020-11-05,243,0,10,0
Serra Preta,Serra Preta,2020-11-06,243,0,10,0
Serra Preta,Serra Preta,2020-11-07,243,0,10,0
Serra Preta,Serra Preta,2020-11-08,243,0,10,0
Serra Preta,Serra Preta,2020-11-09,243,0,10,0
Serra Preta,Serra Preta,2020-11-10,243,0,10,0
Serra Preta,Serra Preta,2020-11-11,243,0,10,0
Serra Preta,Serra Preta,2020-11-12,243,0,10,0
Serra Preta,Serra Preta,2020-11-13,245,2,10,0
Serra Preta,Serra Preta,2020-11-14,245,0,10,0
Serra Preta,Serra Preta,2020-11-15,245,0,10,0
Serra Preta,Serra Preta,2020-11-16,245,0,10,0
Serra Preta,Serra Preta,2020-11-17,245,0,10,0
Serra Preta,Serra Preta,2020-11-18,245,0,10,0
Serra Preta,Serra Preta,2020-11-19,245,0,10,0
Serra Preta,Serra Preta,2020-11-20,245,0,10,0
Serra Preta,Serra Preta,2020-11-21,245,0,10,0
Serra Preta,Serra Preta,2020-11-22,247,2,10,0
Serra Preta,Serra Preta,2020-11-23,248,1,10,0
Serra Preta,Serra Preta,2020-11-24,248,0,10,0
Serra Preta,Serra Preta,2020-11-25,249,1,10,0
Serra Preta,Serra Preta,2020-11-26,249,0,10,0
Serra Preta,Serra Preta,2020-11-27,250,1,10,0
Serra Preta,Serra Preta,2020-11-28,250,0,10,0
Serra Preta,Serra Preta,2020-11-29,255,5,10,0
Serra Preta,Serra Preta,2020-11-30,256,1,10,0
Serra Preta,Serra Preta,2020-12-01,257,1,10,0
Serra Preta,Serra Preta,2020-12-02,258,1,10,0
Serra Preta,Serra Preta,2020-12-03,260,2,10,0
Serra Preta,Serra Preta,2020-12-04,261,1,10,0
Serra Preta,Serra Preta,2020-12-05,261,0,10,0
Serra Preta,Serra Preta,2020-12-06,261,0,10,0
Serra Preta,Serra Preta,2020-12-07,261,0,10,0
Serra Preta,Serra Preta,2020-12-08,262,1,10,0
Serra Preta,Serra Preta,2020-12-09,265,3,10,0
Serra Preta,Serra Preta,2020-12-10,266,1,10,0
Serra Preta,Serra Preta,2020-12-11,268,2,10,0
Serra Preta,Serra Preta,2020-12-12,268,0,10,0
Serra Preta,Serra Preta,2020-12-13,270,2,10,0
Serra Preta,Serra Preta,2020-12-14,271,1,10,0
Serra Preta,Serra Preta,2020-12-15,271,0,10,0
Serra Preta,Serra Preta,2020-12-16,271,0,10,0
Serra Preta,Serra Preta,2020-12-17,275,4,10,0
Serra Preta,Serra Preta,2020-12-18,276,1,10,0
Serra Preta,Serra Preta,2020-12-19,277,1,10,0
Serra Preta,Serra Preta,2020-12-20,277,0,10,0
Serra Preta,Serra Preta,2020-12-21,277,0,10,0
Serra Preta,Serra Preta,2020-12-22,278,1,10,0
Serra Preta,Serra Preta,2020-12-23,280,2,10,0
Serra Preta,Serra Preta,2020-12-24,280,0,10,0
Serra Preta,Serra Preta,2020-12-25,281,1,10,0
Serra Preta,Serra Preta,2020-12-26,281,0,10,0
Serra Preta,Serra Preta,2020-12-27,281,0,10,0
Serra Preta,Serra Preta,2020-12-28,281,0,10,0
Serra Preta,Serra Preta,2020-12-29,281,0,10,0
Serra Preta,Serra Preta,2020-12-30,281,0,10,0
Serra Preta,Serra Preta,2020-12-31,281,0,10,0
Serra Preta,Serra Preta,2021-01-01,281,0,10,0
Serra Preta,Serra Preta,2021-01-02,281,0,10,0
Serra Preta,Serra Preta,2021-01-03,281,0,10,0
Serra Preta,Serra Preta,2021-01-04,281,0,10,0
Serra Preta,Serra Preta,2021-01-05,283,2,10,0
Serra Preta,Serra Preta,2021-01-06,283,0,10,0
Serra Preta,Serra Preta,2021-01-07,283,0,10,0
Serra Preta,Serra Preta,2021-01-08,283,0,10,0
Serra Preta,Serra Preta,2021-01-09,283,0,10,0
Serra Preta,Serra Preta,2021-01-10,285,2,10,0
Serra Preta,Serra Preta,2021-01-11,285,0,10,0
Serra Preta,Serra Preta,2021-01-12,286,1,10,0
Serra Preta,Serra Preta,2021-01-13,286,0,10,0
Serra Preta,Serra Preta,2021-01-14,286,0,10,0
Serra Preta,Serra Preta,2021-01-15,288,2,10,0
Serra Preta,Serra Preta,2021-01-16,291,3,10,0
Serra Preta,Serra Preta,2021-01-17,293,2,10,0
Serra Preta,Serra Preta,2021-01-18,294,1,10,0
Serra Preta,Serra Preta,2021-01-19,298,4,10,0
Serra Preta,Serra Preta,2021-01-20,298,0,10,0
Serra Preta,Serra Preta,2021-01-21,302,4,10,0
Serra Preta,Serra Preta,2021-01-22,303,1,10,0
Serra Preta,Serra Preta,2021-01-23,303,0,10,0
Serra Preta,Serra Preta,2021-01-24,310,7,10,0
Serra Preta,Serra Preta,2021-01-25,310,0,10,0
Serra Preta,Serra Preta,2021-01-26,311,1,10,0
Serra Preta,Serra Preta,2021-01-27,312,1,10,0
Serra Preta,Serra Preta,2021-01-28,314,2,10,0
Serra Preta,Serra Preta,2021-01-29,314,0,10,0
Serra Preta,Serra Preta,2021-01-30,314,0,10,0
Serra Preta,Serra Preta,2021-01-31,315,1,10,0
Serra Preta,Serra Preta,2021-02-01,316,1,10,0
Serra Preta,Serra Preta,2021-02-02,316,0,10,0
Serra Preta,Serra Preta,2021-02-03,316,0,10,0
Serra Preta,Serra Preta,2021-02-04,317,1,11,1
Serra Preta,Serra Preta,2021-02-05,317,0,11,0
Serra Preta,Serra Preta,2021-02-06,318,1,11,0
Serra Preta,Serra Preta,2021-02-07,318,0,11,0
Serra Preta,Serra Preta,2021-02-08,319,1,11,0
