city,city,date,cases,daily cases,deaths,daily deaths
Severínia,Severínia,2020-03-27,0,0,0,0
Severínia,Severínia,2020-03-28,0,0,0,0
Severínia,Severínia,2020-03-29,0,0,0,0
Severínia,Severínia,2020-03-30,0,0,0,0
Severínia,Severínia,2020-03-31,0,0,0,0
Severínia,Severínia,2020-04-01,0,0,0,0
Severínia,Severínia,2020-04-02,0,0,0,0
Severínia,Severínia,2020-04-03,0,0,0,0
Severínia,Severínia,2020-04-04,0,0,0,0
Severínia,Severínia,2020-04-05,0,0,0,0
Severínia,Severínia,2020-04-06,0,0,0,0
Severínia,Severínia,2020-04-07,0,0,0,0
Severínia,Severínia,2020-04-08,0,0,0,0
Severínia,Severínia,2020-04-09,0,0,0,0
Severínia,Severínia,2020-04-10,0,0,0,0
Severínia,Severínia,2020-04-11,0,0,0,0
Severínia,Severínia,2020-04-12,0,0,0,0
Severínia,Severínia,2020-04-13,0,0,0,0
Severínia,Severínia,2020-04-14,0,0,0,0
Severínia,Severínia,2020-04-15,0,0,0,0
Severínia,Severínia,2020-04-16,0,0,0,0
Severínia,Severínia,2020-04-17,0,0,0,0
Severínia,Severínia,2020-04-18,0,0,0,0
Severínia,Severínia,2020-04-19,0,0,0,0
Severínia,Severínia,2020-04-20,0,0,0,0
Severínia,Severínia,2020-04-21,0,0,0,0
Severínia,Severínia,2020-04-22,0,0,0,0
Severínia,Severínia,2020-04-23,0,0,0,0
Severínia,Severínia,2020-04-24,0,0,0,0
Severínia,Severínia,2020-04-25,0,0,0,0
Severínia,Severínia,2020-04-26,0,0,0,0
Severínia,Severínia,2020-04-27,0,0,0,0
Severínia,Severínia,2020-04-28,0,0,0,0
Severínia,Severínia,2020-04-29,0,0,0,0
Severínia,Severínia,2020-04-30,0,0,0,0
Severínia,Severínia,2020-05-01,0,0,0,0
Severínia,Severínia,2020-05-02,0,0,0,0
Severínia,Severínia,2020-05-03,0,0,0,0
Severínia,Severínia,2020-05-04,0,0,0,0
Severínia,Severínia,2020-05-05,0,0,0,0
Severínia,Severínia,2020-05-06,0,0,0,0
Severínia,Severínia,2020-05-07,0,0,0,0
Severínia,Severínia,2020-05-08,0,0,0,0
Severínia,Severínia,2020-05-09,0,0,0,0
Severínia,Severínia,2020-05-10,0,0,0,0
Severínia,Severínia,2020-05-11,0,0,0,0
Severínia,Severínia,2020-05-12,0,0,0,0
Severínia,Severínia,2020-05-13,2,2,0,0
Severínia,Severínia,2020-05-14,3,1,0,0
Severínia,Severínia,2020-05-15,3,0,0,0
Severínia,Severínia,2020-05-16,4,1,0,0
Severínia,Severínia,2020-05-17,4,0,0,0
Severínia,Severínia,2020-05-18,5,1,0,0
Severínia,Severínia,2020-05-19,5,0,0,0
Severínia,Severínia,2020-05-20,5,0,0,0
Severínia,Severínia,2020-05-21,7,2,0,0
Severínia,Severínia,2020-05-22,7,0,0,0
Severínia,Severínia,2020-05-23,7,0,0,0
Severínia,Severínia,2020-05-24,7,0,0,0
Severínia,Severínia,2020-05-25,7,0,0,0
Severínia,Severínia,2020-05-26,7,0,0,0
Severínia,Severínia,2020-05-27,8,1,0,0
Severínia,Severínia,2020-05-28,8,0,0,0
Severínia,Severínia,2020-05-29,8,0,0,0
Severínia,Severínia,2020-05-30,9,1,0,0
Severínia,Severínia,2020-05-31,9,0,0,0
Severínia,Severínia,2020-06-01,9,0,0,0
Severínia,Severínia,2020-06-02,12,3,0,0
Severínia,Severínia,2020-06-03,13,1,0,0
Severínia,Severínia,2020-06-04,15,2,0,0
Severínia,Severínia,2020-06-05,17,2,0,0
Severínia,Severínia,2020-06-06,18,1,0,0
Severínia,Severínia,2020-06-07,18,0,0,0
Severínia,Severínia,2020-06-08,18,0,0,0
Severínia,Severínia,2020-06-09,19,1,0,0
Severínia,Severínia,2020-06-10,19,0,0,0
Severínia,Severínia,2020-06-11,19,0,0,0
Severínia,Severínia,2020-06-12,19,0,0,0
Severínia,Severínia,2020-06-13,19,0,0,0
Severínia,Severínia,2020-06-14,19,0,0,0
Severínia,Severínia,2020-06-15,19,0,0,0
Severínia,Severínia,2020-06-16,20,1,0,0
Severínia,Severínia,2020-06-17,20,0,0,0
Severínia,Severínia,2020-06-18,20,0,0,0
Severínia,Severínia,2020-06-19,21,1,0,0
Severínia,Severínia,2020-06-20,21,0,0,0
Severínia,Severínia,2020-06-21,21,0,0,0
Severínia,Severínia,2020-06-22,21,0,0,0
Severínia,Severínia,2020-06-23,21,0,0,0
Severínia,Severínia,2020-06-24,21,0,0,0
Severínia,Severínia,2020-06-25,21,0,0,0
Severínia,Severínia,2020-06-26,25,4,0,0
Severínia,Severínia,2020-06-27,25,0,0,0
Severínia,Severínia,2020-06-28,25,0,0,0
Severínia,Severínia,2020-06-29,25,0,0,0
Severínia,Severínia,2020-06-30,25,0,0,0
Severínia,Severínia,2020-07-01,26,1,0,0
Severínia,Severínia,2020-07-02,27,1,0,0
Severínia,Severínia,2020-07-03,30,3,0,0
Severínia,Severínia,2020-07-04,30,0,0,0
Severínia,Severínia,2020-07-05,30,0,0,0
Severínia,Severínia,2020-07-06,30,0,0,0
Severínia,Severínia,2020-07-07,32,2,0,0
Severínia,Severínia,2020-07-08,32,0,0,0
Severínia,Severínia,2020-07-09,32,0,0,0
Severínia,Severínia,2020-07-10,33,1,0,0
Severínia,Severínia,2020-07-11,34,1,0,0
Severínia,Severínia,2020-07-12,34,0,0,0
Severínia,Severínia,2020-07-13,34,0,0,0
Severínia,Severínia,2020-07-14,45,11,0,0
Severínia,Severínia,2020-07-15,46,1,0,0
Severínia,Severínia,2020-07-16,55,9,0,0
Severínia,Severínia,2020-07-17,56,1,0,0
Severínia,Severínia,2020-07-18,56,0,0,0
Severínia,Severínia,2020-07-19,57,1,0,0
Severínia,Severínia,2020-07-20,57,0,0,0
Severínia,Severínia,2020-07-21,57,0,0,0
Severínia,Severínia,2020-07-22,62,5,0,0
Severínia,Severínia,2020-07-23,62,0,0,0
Severínia,Severínia,2020-07-24,82,20,0,0
Severínia,Severínia,2020-07-25,86,4,0,0
Severínia,Severínia,2020-07-26,88,2,0,0
Severínia,Severínia,2020-07-27,88,0,0,0
Severínia,Severínia,2020-07-28,88,0,0,0
Severínia,Severínia,2020-07-29,96,8,0,0
Severínia,Severínia,2020-07-30,96,0,0,0
Severínia,Severínia,2020-07-31,96,0,0,0
Severínia,Severínia,2020-08-01,99,3,0,0
Severínia,Severínia,2020-08-02,106,7,0,0
Severínia,Severínia,2020-08-03,106,0,0,0
Severínia,Severínia,2020-08-04,124,18,0,0
Severínia,Severínia,2020-08-05,126,2,0,0
Severínia,Severínia,2020-08-06,129,3,0,0
Severínia,Severínia,2020-08-07,155,26,0,0
Severínia,Severínia,2020-08-08,162,7,0,0
Severínia,Severínia,2020-08-09,172,10,0,0
Severínia,Severínia,2020-08-10,173,1,0,0
Severínia,Severínia,2020-08-11,177,4,2,2
Severínia,Severínia,2020-08-12,181,4,2,0
Severínia,Severínia,2020-08-13,187,6,2,0
Severínia,Severínia,2020-08-14,223,36,2,0
Severínia,Severínia,2020-08-15,239,16,2,0
Severínia,Severínia,2020-08-16,239,0,2,0
Severínia,Severínia,2020-08-17,254,15,2,0
Severínia,Severínia,2020-08-18,262,8,2,0
Severínia,Severínia,2020-08-19,274,12,2,0
Severínia,Severínia,2020-08-20,292,18,2,0
Severínia,Severínia,2020-08-21,310,18,2,0
Severínia,Severínia,2020-08-22,333,23,3,1
Severínia,Severínia,2020-08-23,334,1,3,0
Severínia,Severínia,2020-08-24,361,27,4,1
Severínia,Severínia,2020-08-25,365,4,4,0
Severínia,Severínia,2020-08-26,383,18,4,0
Severínia,Severínia,2020-08-27,387,4,6,2
Severínia,Severínia,2020-08-28,394,7,6,0
Severínia,Severínia,2020-08-29,400,6,6,0
Severínia,Severínia,2020-08-30,406,6,6,0
Severínia,Severínia,2020-08-31,407,1,6,0
Severínia,Severínia,2020-09-01,414,7,6,0
Severínia,Severínia,2020-09-02,458,44,6,0
Severínia,Severínia,2020-09-03,463,5,6,0
Severínia,Severínia,2020-09-04,470,7,6,0
Severínia,Severínia,2020-09-05,528,58,6,0
Severínia,Severínia,2020-09-06,529,1,6,0
Severínia,Severínia,2020-09-07,534,5,6,0
Severínia,Severínia,2020-09-08,534,0,6,0
Severínia,Severínia,2020-09-09,540,6,6,0
Severínia,Severínia,2020-09-10,547,7,7,1
Severínia,Severínia,2020-09-11,556,9,9,2
Severínia,Severínia,2020-09-12,574,18,9,0
Severínia,Severínia,2020-09-13,575,1,9,0
Severínia,Severínia,2020-09-14,576,1,9,0
Severínia,Severínia,2020-09-15,583,7,9,0
Severínia,Severínia,2020-09-16,596,13,9,0
Severínia,Severínia,2020-09-17,599,3,9,0
Severínia,Severínia,2020-09-18,632,33,9,0
Severínia,Severínia,2020-09-19,642,10,11,2
Severínia,Severínia,2020-09-20,646,4,11,0
Severínia,Severínia,2020-09-21,646,0,11,0
Severínia,Severínia,2020-09-22,650,4,11,0
Severínia,Severínia,2020-09-23,665,15,12,1
Severínia,Severínia,2020-09-24,668,3,13,1
Severínia,Severínia,2020-09-25,673,5,13,0
Severínia,Severínia,2020-09-26,685,12,13,0
Severínia,Severínia,2020-09-27,685,0,14,1
Severínia,Severínia,2020-09-28,685,0,14,0
Severínia,Severínia,2020-09-29,688,3,15,1
Severínia,Severínia,2020-09-30,691,3,16,1
Severínia,Severínia,2020-10-01,692,1,16,0
Severínia,Severínia,2020-10-02,694,2,16,0
Severínia,Severínia,2020-10-03,699,5,16,0
Severínia,Severínia,2020-10-04,699,0,16,0
Severínia,Severínia,2020-10-05,699,0,16,0
Severínia,Severínia,2020-10-06,716,17,16,0
Severínia,Severínia,2020-10-07,717,1,16,0
Severínia,Severínia,2020-10-08,722,5,16,0
Severínia,Severínia,2020-10-09,723,1,16,0
Severínia,Severínia,2020-10-10,724,1,17,1
Severínia,Severínia,2020-10-11,724,0,17,0
Severínia,Severínia,2020-10-12,724,0,17,0
Severínia,Severínia,2020-10-13,724,0,17,0
Severínia,Severínia,2020-10-14,729,5,17,0
Severínia,Severínia,2020-10-15,745,16,17,0
Severínia,Severínia,2020-10-16,746,1,17,0
Severínia,Severínia,2020-10-17,748,2,17,0
Severínia,Severínia,2020-10-18,749,1,17,0
Severínia,Severínia,2020-10-19,749,0,17,0
Severínia,Severínia,2020-10-20,751,2,17,0
Severínia,Severínia,2020-10-21,753,2,17,0
Severínia,Severínia,2020-10-22,753,0,17,0
Severínia,Severínia,2020-10-23,753,0,17,0
Severínia,Severínia,2020-10-24,753,0,17,0
Severínia,Severínia,2020-10-25,753,0,17,0
Severínia,Severínia,2020-10-26,753,0,17,0
Severínia,Severínia,2020-10-27,754,1,17,0
Severínia,Severínia,2020-10-28,755,1,17,0
Severínia,Severínia,2020-10-29,754,-1,17,0
Severínia,Severínia,2020-10-30,755,1,17,0
Severínia,Severínia,2020-10-31,755,0,17,0
Severínia,Severínia,2020-11-01,755,0,17,0
Severínia,Severínia,2020-11-02,755,0,17,0
Severínia,Severínia,2020-11-03,755,0,17,0
Severínia,Severínia,2020-11-04,755,0,17,0
Severínia,Severínia,2020-11-05,755,0,17,0
Severínia,Severínia,2020-11-06,755,0,17,0
Severínia,Severínia,2020-11-07,755,0,17,0
Severínia,Severínia,2020-11-08,755,0,17,0
Severínia,Severínia,2020-11-09,755,0,17,0
Severínia,Severínia,2020-11-10,755,0,17,0
Severínia,Severínia,2020-11-11,777,22,17,0
Severínia,Severínia,2020-11-12,778,1,18,1
Severínia,Severínia,2020-11-13,778,0,18,0
Severínia,Severínia,2020-11-14,777,-1,18,0
Severínia,Severínia,2020-11-15,777,0,18,0
Severínia,Severínia,2020-11-16,777,0,18,0
Severínia,Severínia,2020-11-17,779,2,18,0
Severínia,Severínia,2020-11-18,779,0,18,0
Severínia,Severínia,2020-11-19,780,1,18,0
Severínia,Severínia,2020-11-20,780,0,18,0
Severínia,Severínia,2020-11-21,780,0,18,0
Severínia,Severínia,2020-11-22,780,0,18,0
Severínia,Severínia,2020-11-23,780,0,18,0
Severínia,Severínia,2020-11-24,780,0,19,1
Severínia,Severínia,2020-11-25,780,0,19,0
Severínia,Severínia,2020-11-26,780,0,19,0
Severínia,Severínia,2020-11-27,780,0,19,0
Severínia,Severínia,2020-11-28,780,0,19,0
Severínia,Severínia,2020-11-29,780,0,19,0
Severínia,Severínia,2020-11-30,780,0,19,0
Severínia,Severínia,2020-12-01,781,1,19,0
Severínia,Severínia,2020-12-02,779,-2,19,0
Severínia,Severínia,2020-12-03,779,0,19,0
Severínia,Severínia,2020-12-04,780,1,19,0
Severínia,Severínia,2020-12-05,781,1,19,0
Severínia,Severínia,2020-12-06,781,0,19,0
Severínia,Severínia,2020-12-07,781,0,19,0
Severínia,Severínia,2020-12-08,782,1,19,0
Severínia,Severínia,2020-12-09,783,1,19,0
Severínia,Severínia,2020-12-10,783,0,19,0
Severínia,Severínia,2020-12-11,783,0,19,0
Severínia,Severínia,2020-12-12,784,1,19,0
Severínia,Severínia,2020-12-13,784,0,19,0
Severínia,Severínia,2020-12-14,784,0,19,0
Severínia,Severínia,2020-12-15,784,0,19,0
Severínia,Severínia,2020-12-16,784,0,19,0
Severínia,Severínia,2020-12-17,783,-1,19,0
Severínia,Severínia,2020-12-18,792,9,19,0
Severínia,Severínia,2020-12-19,792,0,19,0
Severínia,Severínia,2020-12-20,792,0,19,0
Severínia,Severínia,2020-12-21,792,0,19,0
Severínia,Severínia,2020-12-22,793,1,19,0
Severínia,Severínia,2020-12-23,793,0,19,0
Severínia,Severínia,2020-12-24,796,3,19,0
Severínia,Severínia,2020-12-25,797,1,19,0
Severínia,Severínia,2020-12-26,798,1,19,0
Severínia,Severínia,2020-12-27,799,1,19,0
Severínia,Severínia,2020-12-28,799,0,19,0
Severínia,Severínia,2020-12-29,800,1,19,0
Severínia,Severínia,2020-12-30,800,0,19,0
Severínia,Severínia,2020-12-31,800,0,19,0
Severínia,Severínia,2021-01-01,800,0,19,0
Severínia,Severínia,2021-01-02,800,0,19,0
Severínia,Severínia,2021-01-03,800,0,19,0
Severínia,Severínia,2021-01-04,800,0,19,0
Severínia,Severínia,2021-01-05,800,0,19,0
Severínia,Severínia,2021-01-06,806,6,19,0
Severínia,Severínia,2021-01-07,808,2,19,0
Severínia,Severínia,2021-01-08,812,4,19,0
Severínia,Severínia,2021-01-09,815,3,19,0
Severínia,Severínia,2021-01-10,815,0,19,0
Severínia,Severínia,2021-01-11,815,0,19,0
Severínia,Severínia,2021-01-12,818,3,19,0
Severínia,Severínia,2021-01-13,820,2,19,0
Severínia,Severínia,2021-01-14,835,15,19,0
Severínia,Severínia,2021-01-15,844,9,19,0
Severínia,Severínia,2021-01-16,846,2,19,0
Severínia,Severínia,2021-01-17,846,0,19,0
Severínia,Severínia,2021-01-18,845,-1,19,0
Severínia,Severínia,2021-01-19,846,1,19,0
Severínia,Severínia,2021-01-20,854,8,19,0
Severínia,Severínia,2021-01-21,856,2,19,0
Severínia,Severínia,2021-01-22,870,14,19,0
Severínia,Severínia,2021-01-23,872,2,19,0
Severínia,Severínia,2021-01-24,872,0,19,0
Severínia,Severínia,2021-01-25,873,1,19,0
Severínia,Severínia,2021-01-26,875,2,19,0
Severínia,Severínia,2021-01-27,877,2,19,0
Severínia,Severínia,2021-01-28,881,4,19,0
Severínia,Severínia,2021-01-29,887,6,19,0
Severínia,Severínia,2021-01-30,892,5,19,0
Severínia,Severínia,2021-01-31,892,0,19,0
Severínia,Severínia,2021-02-01,892,0,19,0
Severínia,Severínia,2021-02-02,896,4,19,0
Severínia,Severínia,2021-02-03,899,3,18,-1
Severínia,Severínia,2021-02-04,901,2,18,0
Severínia,Severínia,2021-02-05,903,2,18,0
Severínia,Severínia,2021-02-06,904,1,18,0
Severínia,Severínia,2021-02-07,904,0,18,0
Severínia,Severínia,2021-02-08,904,0,18,0
