city,city,date,cases,daily cases,deaths,daily deaths
Simão Dias,Simão Dias,2020-03-27,0,0,0,0
Simão Dias,Simão Dias,2020-03-28,0,0,0,0
Simão Dias,Simão Dias,2020-03-29,0,0,0,0
Simão Dias,Simão Dias,2020-03-30,0,0,0,0
Simão Dias,Simão Dias,2020-03-31,0,0,0,0
Simão Dias,Simão Dias,2020-04-01,0,0,0,0
Simão Dias,Simão Dias,2020-04-02,0,0,0,0
Simão Dias,Simão Dias,2020-04-03,0,0,0,0
Simão Dias,Simão Dias,2020-04-04,0,0,0,0
Simão Dias,Simão Dias,2020-04-05,0,0,0,0
Simão Dias,Simão Dias,2020-04-06,0,0,0,0
Simão Dias,Simão Dias,2020-04-07,1,1,0,0
Simão Dias,Simão Dias,2020-04-08,1,0,0,0
Simão Dias,Simão Dias,2020-04-09,1,0,0,0
Simão Dias,Simão Dias,2020-04-10,1,0,0,0
Simão Dias,Simão Dias,2020-04-11,1,0,0,0
Simão Dias,Simão Dias,2020-04-12,1,0,0,0
Simão Dias,Simão Dias,2020-04-13,1,0,0,0
Simão Dias,Simão Dias,2020-04-14,1,0,0,0
Simão Dias,Simão Dias,2020-04-15,1,0,0,0
Simão Dias,Simão Dias,2020-04-16,1,0,0,0
Simão Dias,Simão Dias,2020-04-17,1,0,0,0
Simão Dias,Simão Dias,2020-04-18,1,0,0,0
Simão Dias,Simão Dias,2020-04-19,1,0,0,0
Simão Dias,Simão Dias,2020-04-20,1,0,0,0
Simão Dias,Simão Dias,2020-04-21,1,0,0,0
Simão Dias,Simão Dias,2020-04-22,4,3,1,1
Simão Dias,Simão Dias,2020-04-23,4,0,1,0
Simão Dias,Simão Dias,2020-04-24,4,0,1,0
Simão Dias,Simão Dias,2020-04-25,4,0,1,0
Simão Dias,Simão Dias,2020-04-26,4,0,1,0
Simão Dias,Simão Dias,2020-04-27,4,0,1,0
Simão Dias,Simão Dias,2020-04-28,5,1,1,0
Simão Dias,Simão Dias,2020-04-29,5,0,1,0
Simão Dias,Simão Dias,2020-04-30,6,1,1,0
Simão Dias,Simão Dias,2020-05-01,8,2,1,0
Simão Dias,Simão Dias,2020-05-02,8,0,1,0
Simão Dias,Simão Dias,2020-05-03,8,0,1,0
Simão Dias,Simão Dias,2020-05-04,8,0,1,0
Simão Dias,Simão Dias,2020-05-05,8,0,1,0
Simão Dias,Simão Dias,2020-05-06,8,0,1,0
Simão Dias,Simão Dias,2020-05-07,8,0,1,0
Simão Dias,Simão Dias,2020-05-08,9,1,1,0
Simão Dias,Simão Dias,2020-05-09,9,0,1,0
Simão Dias,Simão Dias,2020-05-10,11,2,1,0
Simão Dias,Simão Dias,2020-05-11,11,0,1,0
Simão Dias,Simão Dias,2020-05-12,12,1,1,0
Simão Dias,Simão Dias,2020-05-13,15,3,2,1
Simão Dias,Simão Dias,2020-05-14,17,2,2,0
Simão Dias,Simão Dias,2020-05-15,20,3,2,0
Simão Dias,Simão Dias,2020-05-16,22,2,2,0
Simão Dias,Simão Dias,2020-05-17,22,0,2,0
Simão Dias,Simão Dias,2020-05-18,23,1,2,0
Simão Dias,Simão Dias,2020-05-19,83,60,2,0
Simão Dias,Simão Dias,2020-05-20,84,1,2,0
Simão Dias,Simão Dias,2020-05-21,90,6,2,0
Simão Dias,Simão Dias,2020-05-22,92,2,2,0
Simão Dias,Simão Dias,2020-05-23,96,4,2,0
Simão Dias,Simão Dias,2020-05-24,97,1,2,0
Simão Dias,Simão Dias,2020-05-25,98,1,2,0
Simão Dias,Simão Dias,2020-05-26,103,5,2,0
Simão Dias,Simão Dias,2020-05-27,104,1,2,0
Simão Dias,Simão Dias,2020-05-28,106,2,2,0
Simão Dias,Simão Dias,2020-05-29,107,1,2,0
Simão Dias,Simão Dias,2020-05-30,109,2,2,0
Simão Dias,Simão Dias,2020-05-31,109,0,2,0
Simão Dias,Simão Dias,2020-06-01,111,2,2,0
Simão Dias,Simão Dias,2020-06-02,111,0,2,0
Simão Dias,Simão Dias,2020-06-03,122,11,2,0
Simão Dias,Simão Dias,2020-06-04,122,0,2,0
Simão Dias,Simão Dias,2020-06-05,126,4,2,0
Simão Dias,Simão Dias,2020-06-06,125,-1,2,0
Simão Dias,Simão Dias,2020-06-07,151,26,2,0
Simão Dias,Simão Dias,2020-06-08,151,0,2,0
Simão Dias,Simão Dias,2020-06-09,153,2,2,0
Simão Dias,Simão Dias,2020-06-10,157,4,2,0
Simão Dias,Simão Dias,2020-06-11,157,0,3,1
Simão Dias,Simão Dias,2020-06-12,157,0,5,2
Simão Dias,Simão Dias,2020-06-13,159,2,5,0
Simão Dias,Simão Dias,2020-06-14,162,3,5,0
Simão Dias,Simão Dias,2020-06-15,164,2,5,0
Simão Dias,Simão Dias,2020-06-16,169,5,5,0
Simão Dias,Simão Dias,2020-06-17,171,2,6,1
Simão Dias,Simão Dias,2020-06-18,172,1,6,0
Simão Dias,Simão Dias,2020-06-19,174,2,6,0
Simão Dias,Simão Dias,2020-06-20,175,1,6,0
Simão Dias,Simão Dias,2020-06-21,183,8,6,0
Simão Dias,Simão Dias,2020-06-22,185,2,7,1
Simão Dias,Simão Dias,2020-06-23,181,-4,8,1
Simão Dias,Simão Dias,2020-06-24,184,3,8,0
Simão Dias,Simão Dias,2020-06-25,188,4,8,0
Simão Dias,Simão Dias,2020-06-26,189,1,8,0
Simão Dias,Simão Dias,2020-06-27,189,0,8,0
Simão Dias,Simão Dias,2020-06-28,197,8,9,1
Simão Dias,Simão Dias,2020-06-29,200,3,9,0
Simão Dias,Simão Dias,2020-06-30,202,2,9,0
Simão Dias,Simão Dias,2020-07-01,202,0,9,0
Simão Dias,Simão Dias,2020-07-02,203,1,9,0
Simão Dias,Simão Dias,2020-07-03,203,0,9,0
Simão Dias,Simão Dias,2020-07-04,221,18,9,0
Simão Dias,Simão Dias,2020-07-05,227,6,9,0
Simão Dias,Simão Dias,2020-07-06,241,14,9,0
Simão Dias,Simão Dias,2020-07-07,253,12,10,1
Simão Dias,Simão Dias,2020-07-08,253,0,10,0
Simão Dias,Simão Dias,2020-07-09,266,13,11,1
Simão Dias,Simão Dias,2020-07-10,281,15,11,0
Simão Dias,Simão Dias,2020-07-11,306,25,11,0
Simão Dias,Simão Dias,2020-07-12,332,26,11,0
Simão Dias,Simão Dias,2020-07-13,333,1,12,1
Simão Dias,Simão Dias,2020-07-14,338,5,12,0
Simão Dias,Simão Dias,2020-07-15,344,6,12,0
Simão Dias,Simão Dias,2020-07-16,345,1,12,0
Simão Dias,Simão Dias,2020-07-17,359,14,12,0
Simão Dias,Simão Dias,2020-07-18,422,63,12,0
Simão Dias,Simão Dias,2020-07-19,461,39,12,0
Simão Dias,Simão Dias,2020-07-20,494,33,12,0
Simão Dias,Simão Dias,2020-07-21,532,38,14,2
Simão Dias,Simão Dias,2020-07-22,540,8,14,0
Simão Dias,Simão Dias,2020-07-23,563,23,16,2
Simão Dias,Simão Dias,2020-07-24,601,38,19,3
Simão Dias,Simão Dias,2020-07-25,642,41,19,0
Simão Dias,Simão Dias,2020-07-26,650,8,19,0
Simão Dias,Simão Dias,2020-07-27,667,17,19,0
Simão Dias,Simão Dias,2020-07-28,694,27,19,0
Simão Dias,Simão Dias,2020-07-29,730,36,19,0
Simão Dias,Simão Dias,2020-07-30,763,33,20,1
Simão Dias,Simão Dias,2020-07-31,781,18,20,0
Simão Dias,Simão Dias,2020-08-01,831,50,20,0
Simão Dias,Simão Dias,2020-08-02,838,7,22,2
Simão Dias,Simão Dias,2020-08-03,838,0,23,1
Simão Dias,Simão Dias,2020-08-04,861,23,23,0
Simão Dias,Simão Dias,2020-08-05,877,16,25,2
Simão Dias,Simão Dias,2020-08-06,893,16,26,1
Simão Dias,Simão Dias,2020-08-07,914,21,26,0
Simão Dias,Simão Dias,2020-08-08,933,19,25,-1
Simão Dias,Simão Dias,2020-08-09,942,9,25,0
Simão Dias,Simão Dias,2020-08-10,951,9,26,1
Simão Dias,Simão Dias,2020-08-11,964,13,26,0
Simão Dias,Simão Dias,2020-08-12,973,9,27,1
Simão Dias,Simão Dias,2020-08-13,978,5,28,1
Simão Dias,Simão Dias,2020-08-14,993,15,28,0
Simão Dias,Simão Dias,2020-08-15,1011,18,28,0
Simão Dias,Simão Dias,2020-08-16,1032,21,29,1
Simão Dias,Simão Dias,2020-08-17,1033,1,29,0
Simão Dias,Simão Dias,2020-08-18,1047,14,29,0
Simão Dias,Simão Dias,2020-08-19,1050,3,30,1
Simão Dias,Simão Dias,2020-08-20,1056,6,30,0
Simão Dias,Simão Dias,2020-08-21,1068,12,30,0
Simão Dias,Simão Dias,2020-08-22,1069,1,30,0
Simão Dias,Simão Dias,2020-08-23,1069,0,30,0
Simão Dias,Simão Dias,2020-08-24,1073,4,30,0
Simão Dias,Simão Dias,2020-08-25,1075,2,31,1
Simão Dias,Simão Dias,2020-08-26,1081,6,32,1
Simão Dias,Simão Dias,2020-08-27,1086,5,34,2
Simão Dias,Simão Dias,2020-08-28,1095,9,34,0
Simão Dias,Simão Dias,2020-08-29,1097,2,34,0
Simão Dias,Simão Dias,2020-08-30,1097,0,34,0
Simão Dias,Simão Dias,2020-08-31,1100,3,34,0
Simão Dias,Simão Dias,2020-09-01,1100,0,34,0
Simão Dias,Simão Dias,2020-09-02,1101,1,34,0
Simão Dias,Simão Dias,2020-09-03,1107,6,34,0
Simão Dias,Simão Dias,2020-09-04,1107,0,34,0
Simão Dias,Simão Dias,2020-09-05,1112,5,34,0
Simão Dias,Simão Dias,2020-09-06,1117,5,34,0
Simão Dias,Simão Dias,2020-09-07,1117,0,34,0
Simão Dias,Simão Dias,2020-09-08,1118,1,34,0
Simão Dias,Simão Dias,2020-09-09,1126,8,34,0
Simão Dias,Simão Dias,2020-09-10,1129,3,35,1
Simão Dias,Simão Dias,2020-09-11,1136,7,35,0
Simão Dias,Simão Dias,2020-09-12,1136,0,36,1
Simão Dias,Simão Dias,2020-09-13,1136,0,36,0
Simão Dias,Simão Dias,2020-09-14,1141,5,36,0
Simão Dias,Simão Dias,2020-09-15,1141,0,36,0
Simão Dias,Simão Dias,2020-09-16,1141,0,36,0
Simão Dias,Simão Dias,2020-09-17,1142,1,36,0
Simão Dias,Simão Dias,2020-09-18,1142,0,36,0
Simão Dias,Simão Dias,2020-09-19,1144,2,36,0
Simão Dias,Simão Dias,2020-09-20,1149,5,36,0
Simão Dias,Simão Dias,2020-09-21,1152,3,36,0
Simão Dias,Simão Dias,2020-09-22,1152,0,36,0
Simão Dias,Simão Dias,2020-09-23,1159,7,37,1
Simão Dias,Simão Dias,2020-09-24,1160,1,37,0
Simão Dias,Simão Dias,2020-09-25,1160,0,37,0
Simão Dias,Simão Dias,2020-09-26,1163,3,37,0
Simão Dias,Simão Dias,2020-09-27,1164,1,37,0
Simão Dias,Simão Dias,2020-09-28,1170,6,37,0
Simão Dias,Simão Dias,2020-09-29,1171,1,37,0
Simão Dias,Simão Dias,2020-09-30,1172,1,37,0
Simão Dias,Simão Dias,2020-10-01,1172,0,37,0
Simão Dias,Simão Dias,2020-10-02,1180,8,37,0
Simão Dias,Simão Dias,2020-10-03,1181,1,37,0
Simão Dias,Simão Dias,2020-10-04,1185,4,37,0
Simão Dias,Simão Dias,2020-10-05,1193,8,37,0
Simão Dias,Simão Dias,2020-10-06,1192,-1,37,0
Simão Dias,Simão Dias,2020-10-07,1192,0,37,0
Simão Dias,Simão Dias,2020-10-08,1193,1,37,0
Simão Dias,Simão Dias,2020-10-09,1195,2,38,1
Simão Dias,Simão Dias,2020-10-10,1197,2,38,0
Simão Dias,Simão Dias,2020-10-11,1202,5,38,0
Simão Dias,Simão Dias,2020-10-12,1202,0,38,0
Simão Dias,Simão Dias,2020-10-13,1205,3,38,0
Simão Dias,Simão Dias,2020-10-14,1213,8,38,0
Simão Dias,Simão Dias,2020-10-15,1214,1,38,0
Simão Dias,Simão Dias,2020-10-16,1217,3,38,0
Simão Dias,Simão Dias,2020-10-17,1217,0,38,0
Simão Dias,Simão Dias,2020-10-18,1221,4,38,0
Simão Dias,Simão Dias,2020-10-19,1222,1,38,0
Simão Dias,Simão Dias,2020-10-20,1224,2,38,0
Simão Dias,Simão Dias,2020-10-21,1225,1,39,1
Simão Dias,Simão Dias,2020-10-22,1227,2,39,0
Simão Dias,Simão Dias,2020-10-23,1228,1,39,0
Simão Dias,Simão Dias,2020-10-24,1229,1,39,0
Simão Dias,Simão Dias,2020-10-25,1238,9,39,0
Simão Dias,Simão Dias,2020-10-26,1240,2,39,0
Simão Dias,Simão Dias,2020-10-27,1240,0,39,0
Simão Dias,Simão Dias,2020-10-28,1240,0,39,0
Simão Dias,Simão Dias,2020-10-29,1241,1,39,0
Simão Dias,Simão Dias,2020-10-30,1241,0,39,0
Simão Dias,Simão Dias,2020-10-31,1243,2,40,1
Simão Dias,Simão Dias,2020-11-01,1243,0,40,0
Simão Dias,Simão Dias,2020-11-02,1250,7,40,0
Simão Dias,Simão Dias,2020-11-03,1253,3,40,0
Simão Dias,Simão Dias,2020-11-04,1253,0,40,0
Simão Dias,Simão Dias,2020-11-05,1253,0,40,0
Simão Dias,Simão Dias,2020-11-06,1254,1,40,0
Simão Dias,Simão Dias,2020-11-07,1254,0,40,0
Simão Dias,Simão Dias,2020-11-08,1255,1,40,0
Simão Dias,Simão Dias,2020-11-09,1255,0,40,0
Simão Dias,Simão Dias,2020-11-10,1255,0,40,0
Simão Dias,Simão Dias,2020-11-11,1255,0,40,0
Simão Dias,Simão Dias,2020-11-12,1257,2,40,0
Simão Dias,Simão Dias,2020-11-13,1258,1,40,0
Simão Dias,Simão Dias,2020-11-14,1261,3,40,0
Simão Dias,Simão Dias,2020-11-15,1261,0,40,0
Simão Dias,Simão Dias,2020-11-16,1263,2,40,0
Simão Dias,Simão Dias,2020-11-17,1264,1,40,0
Simão Dias,Simão Dias,2020-11-18,1264,0,40,0
Simão Dias,Simão Dias,2020-11-19,1264,0,40,0
Simão Dias,Simão Dias,2020-11-20,1272,8,40,0
Simão Dias,Simão Dias,2020-11-21,1272,0,40,0
Simão Dias,Simão Dias,2020-11-22,1275,3,40,0
Simão Dias,Simão Dias,2020-11-23,1281,6,40,0
Simão Dias,Simão Dias,2020-11-24,1281,0,40,0
Simão Dias,Simão Dias,2020-11-25,1287,6,40,0
Simão Dias,Simão Dias,2020-11-26,1291,4,40,0
Simão Dias,Simão Dias,2020-11-27,1291,0,40,0
Simão Dias,Simão Dias,2020-11-28,1292,1,40,0
Simão Dias,Simão Dias,2020-11-29,1296,4,40,0
Simão Dias,Simão Dias,2020-11-30,1299,3,40,0
Simão Dias,Simão Dias,2020-12-01,1305,6,40,0
Simão Dias,Simão Dias,2020-12-02,1349,44,40,0
Simão Dias,Simão Dias,2020-12-03,1358,9,40,0
Simão Dias,Simão Dias,2020-12-04,1356,-2,40,0
Simão Dias,Simão Dias,2020-12-05,1356,0,40,0
Simão Dias,Simão Dias,2020-12-06,1363,7,40,0
Simão Dias,Simão Dias,2020-12-07,1364,1,40,0
Simão Dias,Simão Dias,2020-12-08,1361,-3,40,0
Simão Dias,Simão Dias,2020-12-09,1361,0,40,0
Simão Dias,Simão Dias,2020-12-10,1371,10,40,0
Simão Dias,Simão Dias,2020-12-11,1372,1,40,0
Simão Dias,Simão Dias,2020-12-12,1372,0,40,0
Simão Dias,Simão Dias,2020-12-13,1373,1,41,1
Simão Dias,Simão Dias,2020-12-14,1377,4,41,0
Simão Dias,Simão Dias,2020-12-15,1382,5,41,0
Simão Dias,Simão Dias,2020-12-16,1382,0,41,0
Simão Dias,Simão Dias,2020-12-17,1383,1,41,0
Simão Dias,Simão Dias,2020-12-18,1383,0,41,0
Simão Dias,Simão Dias,2020-12-19,1385,2,41,0
Simão Dias,Simão Dias,2020-12-20,1385,0,42,1
Simão Dias,Simão Dias,2020-12-21,1388,3,42,0
Simão Dias,Simão Dias,2020-12-22,1405,17,42,0
Simão Dias,Simão Dias,2020-12-23,1410,5,42,0
Simão Dias,Simão Dias,2020-12-24,1412,2,42,0
Simão Dias,Simão Dias,2020-12-25,1414,2,42,0
Simão Dias,Simão Dias,2020-12-26,1419,5,43,1
Simão Dias,Simão Dias,2020-12-27,1423,4,43,0
Simão Dias,Simão Dias,2020-12-28,1429,6,43,0
Simão Dias,Simão Dias,2020-12-29,1433,4,43,0
Simão Dias,Simão Dias,2020-12-30,1434,1,43,0
Simão Dias,Simão Dias,2020-12-31,1437,3,43,0
Simão Dias,Simão Dias,2021-01-01,1452,15,44,1
Simão Dias,Simão Dias,2021-01-02,1454,2,44,0
Simão Dias,Simão Dias,2021-01-03,1456,2,44,0
Simão Dias,Simão Dias,2021-01-04,1457,1,44,0
Simão Dias,Simão Dias,2021-01-05,1473,16,44,0
Simão Dias,Simão Dias,2021-01-06,1479,6,44,0
Simão Dias,Simão Dias,2021-01-07,1492,13,44,0
Simão Dias,Simão Dias,2021-01-08,1501,9,44,0
Simão Dias,Simão Dias,2021-01-09,1513,12,45,1
Simão Dias,Simão Dias,2021-01-10,1525,12,45,0
Simão Dias,Simão Dias,2021-01-11,1548,23,45,0
Simão Dias,Simão Dias,2021-01-12,1559,11,45,0
Simão Dias,Simão Dias,2021-01-13,1560,1,47,2
Simão Dias,Simão Dias,2021-01-14,1567,7,47,0
Simão Dias,Simão Dias,2021-01-15,1571,4,47,0
Simão Dias,Simão Dias,2021-01-16,1581,10,47,0
Simão Dias,Simão Dias,2021-01-17,1592,11,46,-1
Simão Dias,Simão Dias,2021-01-18,1602,10,46,0
Simão Dias,Simão Dias,2021-01-19,1608,6,47,1
Simão Dias,Simão Dias,2021-01-20,1627,19,47,0
Simão Dias,Simão Dias,2021-01-21,1643,16,47,0
Simão Dias,Simão Dias,2021-01-22,1650,7,48,1
Simão Dias,Simão Dias,2021-01-23,1653,3,48,0
Simão Dias,Simão Dias,2021-01-24,1654,1,48,0
Simão Dias,Simão Dias,2021-01-25,1671,17,48,0
Simão Dias,Simão Dias,2021-01-26,1672,1,48,0
Simão Dias,Simão Dias,2021-01-27,1678,6,48,0
Simão Dias,Simão Dias,2021-01-28,1705,27,48,0
Simão Dias,Simão Dias,2021-01-29,1715,10,48,0
Simão Dias,Simão Dias,2021-01-30,1716,1,48,0
Simão Dias,Simão Dias,2021-01-31,1737,21,49,1
Simão Dias,Simão Dias,2021-02-01,1754,17,49,0
Simão Dias,Simão Dias,2021-02-02,1759,5,49,0
Simão Dias,Simão Dias,2021-02-03,1761,2,49,0
Simão Dias,Simão Dias,2021-02-04,1761,0,49,0
Simão Dias,Simão Dias,2021-02-05,1762,1,49,0
Simão Dias,Simão Dias,2021-02-06,1762,0,49,0
Simão Dias,Simão Dias,2021-02-07,1762,0,49,0
Simão Dias,Simão Dias,2021-02-08,1790,28,50,1
