city,city,date,cases,daily cases,deaths,daily deaths
Simões Filho,Simões Filho,2020-03-27,0,0,0,0
Simões Filho,Simões Filho,2020-03-28,0,0,0,0
Simões Filho,Simões Filho,2020-03-29,0,0,0,0
Simões Filho,Simões Filho,2020-03-30,0,0,0,0
Simões Filho,Simões Filho,2020-03-31,0,0,0,0
Simões Filho,Simões Filho,2020-04-01,0,0,0,0
Simões Filho,Simões Filho,2020-04-02,0,0,0,0
Simões Filho,Simões Filho,2020-04-03,0,0,0,0
Simões Filho,Simões Filho,2020-04-04,1,1,0,0
Simões Filho,Simões Filho,2020-04-05,1,0,0,0
Simões Filho,Simões Filho,2020-04-06,1,0,0,0
Simões Filho,Simões Filho,2020-04-07,1,0,0,0
Simões Filho,Simões Filho,2020-04-08,1,0,0,0
Simões Filho,Simões Filho,2020-04-09,1,0,0,0
Simões Filho,Simões Filho,2020-04-10,3,2,0,0
Simões Filho,Simões Filho,2020-04-11,3,0,0,0
Simões Filho,Simões Filho,2020-04-12,3,0,0,0
Simões Filho,Simões Filho,2020-04-13,3,0,0,0
Simões Filho,Simões Filho,2020-04-14,3,0,0,0
Simões Filho,Simões Filho,2020-04-15,3,0,0,0
Simões Filho,Simões Filho,2020-04-16,5,2,0,0
Simões Filho,Simões Filho,2020-04-17,5,0,0,0
Simões Filho,Simões Filho,2020-04-18,5,0,0,0
Simões Filho,Simões Filho,2020-04-19,5,0,0,0
Simões Filho,Simões Filho,2020-04-20,5,0,0,0
Simões Filho,Simões Filho,2020-04-21,5,0,0,0
Simões Filho,Simões Filho,2020-04-22,5,0,0,0
Simões Filho,Simões Filho,2020-04-23,6,1,0,0
Simões Filho,Simões Filho,2020-04-24,6,0,0,0
Simões Filho,Simões Filho,2020-04-25,6,0,0,0
Simões Filho,Simões Filho,2020-04-26,9,3,0,0
Simões Filho,Simões Filho,2020-04-27,10,1,0,0
Simões Filho,Simões Filho,2020-04-28,11,1,0,0
Simões Filho,Simões Filho,2020-04-29,11,0,0,0
Simões Filho,Simões Filho,2020-04-30,14,3,0,0
Simões Filho,Simões Filho,2020-05-01,14,0,0,0
Simões Filho,Simões Filho,2020-05-02,14,0,0,0
Simões Filho,Simões Filho,2020-05-03,14,0,0,0
Simões Filho,Simões Filho,2020-05-04,14,0,0,0
Simões Filho,Simões Filho,2020-05-05,14,0,0,0
Simões Filho,Simões Filho,2020-05-06,15,1,0,0
Simões Filho,Simões Filho,2020-05-07,15,0,0,0
Simões Filho,Simões Filho,2020-05-08,17,2,0,0
Simões Filho,Simões Filho,2020-05-09,17,0,0,0
Simões Filho,Simões Filho,2020-05-10,17,0,0,0
Simões Filho,Simões Filho,2020-05-11,40,23,0,0
Simões Filho,Simões Filho,2020-05-12,33,-7,0,0
Simões Filho,Simões Filho,2020-05-13,33,0,2,2
Simões Filho,Simões Filho,2020-05-14,33,0,2,0
Simões Filho,Simões Filho,2020-05-15,38,5,2,0
Simões Filho,Simões Filho,2020-05-16,38,0,3,1
Simões Filho,Simões Filho,2020-05-17,61,23,2,-1
Simões Filho,Simões Filho,2020-05-18,60,-1,2,0
Simões Filho,Simões Filho,2020-05-19,71,11,3,1
Simões Filho,Simões Filho,2020-05-20,76,5,3,0
Simões Filho,Simões Filho,2020-05-21,81,5,3,0
Simões Filho,Simões Filho,2020-05-22,102,21,3,0
Simões Filho,Simões Filho,2020-05-23,110,8,3,0
Simões Filho,Simões Filho,2020-05-24,117,7,3,0
Simões Filho,Simões Filho,2020-05-25,119,2,3,0
Simões Filho,Simões Filho,2020-05-26,123,4,4,1
Simões Filho,Simões Filho,2020-05-27,124,1,4,0
Simões Filho,Simões Filho,2020-05-28,141,17,4,0
Simões Filho,Simões Filho,2020-05-29,155,14,4,0
Simões Filho,Simões Filho,2020-05-30,160,5,4,0
Simões Filho,Simões Filho,2020-05-31,162,2,5,1
Simões Filho,Simões Filho,2020-06-01,167,5,6,1
Simões Filho,Simões Filho,2020-06-02,202,35,7,1
Simões Filho,Simões Filho,2020-06-03,230,28,7,0
Simões Filho,Simões Filho,2020-06-04,238,8,7,0
Simões Filho,Simões Filho,2020-06-05,263,25,7,0
Simões Filho,Simões Filho,2020-06-06,282,19,8,1
Simões Filho,Simões Filho,2020-06-07,308,26,8,0
Simões Filho,Simões Filho,2020-06-08,308,0,9,1
Simões Filho,Simões Filho,2020-06-09,330,22,9,0
Simões Filho,Simões Filho,2020-06-10,385,55,9,0
Simões Filho,Simões Filho,2020-06-11,441,56,9,0
Simões Filho,Simões Filho,2020-06-12,452,11,9,0
Simões Filho,Simões Filho,2020-06-13,456,4,9,0
Simões Filho,Simões Filho,2020-06-14,460,4,11,2
Simões Filho,Simões Filho,2020-06-15,474,14,11,0
Simões Filho,Simões Filho,2020-06-16,486,12,13,2
Simões Filho,Simões Filho,2020-06-17,508,22,13,0
Simões Filho,Simões Filho,2020-06-18,509,1,15,2
Simões Filho,Simões Filho,2020-06-19,544,35,15,0
Simões Filho,Simões Filho,2020-06-20,568,24,15,0
Simões Filho,Simões Filho,2020-06-21,596,28,15,0
Simões Filho,Simões Filho,2020-06-22,632,36,17,2
Simões Filho,Simões Filho,2020-06-23,635,3,18,1
Simões Filho,Simões Filho,2020-06-24,671,36,18,0
Simões Filho,Simões Filho,2020-06-25,679,8,20,2
Simões Filho,Simões Filho,2020-06-26,700,21,20,0
Simões Filho,Simões Filho,2020-06-27,855,155,24,4
Simões Filho,Simões Filho,2020-06-28,891,36,27,3
Simões Filho,Simões Filho,2020-06-29,882,-9,27,0
Simões Filho,Simões Filho,2020-06-30,918,36,27,0
Simões Filho,Simões Filho,2020-07-01,939,21,27,0
Simões Filho,Simões Filho,2020-07-02,969,30,27,0
Simões Filho,Simões Filho,2020-07-03,999,30,31,4
Simões Filho,Simões Filho,2020-07-04,1027,28,33,2
Simões Filho,Simões Filho,2020-07-05,1026,-1,34,1
Simões Filho,Simões Filho,2020-07-06,1040,14,34,0
Simões Filho,Simões Filho,2020-07-07,1060,20,34,0
Simões Filho,Simões Filho,2020-07-08,1084,24,36,2
Simões Filho,Simões Filho,2020-07-09,1089,5,36,0
Simões Filho,Simões Filho,2020-07-10,1112,23,36,0
Simões Filho,Simões Filho,2020-07-11,1144,32,38,2
Simões Filho,Simões Filho,2020-07-12,1175,31,38,0
Simões Filho,Simões Filho,2020-07-13,1177,2,39,1
Simões Filho,Simões Filho,2020-07-14,1198,21,39,0
Simões Filho,Simões Filho,2020-07-15,1232,34,39,0
Simões Filho,Simões Filho,2020-07-16,1269,37,39,0
Simões Filho,Simões Filho,2020-07-17,1288,19,40,1
Simões Filho,Simões Filho,2020-07-18,1290,2,41,1
Simões Filho,Simões Filho,2020-07-19,1296,6,41,0
Simões Filho,Simões Filho,2020-07-20,1304,8,41,0
Simões Filho,Simões Filho,2020-07-21,1319,15,42,1
Simões Filho,Simões Filho,2020-07-22,1360,41,42,0
Simões Filho,Simões Filho,2020-07-23,1391,31,42,0
Simões Filho,Simões Filho,2020-07-24,1418,27,42,0
Simões Filho,Simões Filho,2020-07-25,1429,11,44,2
Simões Filho,Simões Filho,2020-07-26,1432,3,45,1
Simões Filho,Simões Filho,2020-07-27,1433,1,50,5
Simões Filho,Simões Filho,2020-07-28,1464,31,51,1
Simões Filho,Simões Filho,2020-07-29,1482,18,51,0
Simões Filho,Simões Filho,2020-07-30,1495,13,51,0
Simões Filho,Simões Filho,2020-07-31,1521,26,51,0
Simões Filho,Simões Filho,2020-08-01,1526,5,51,0
Simões Filho,Simões Filho,2020-08-02,1537,11,54,3
Simões Filho,Simões Filho,2020-08-03,1541,4,54,0
Simões Filho,Simões Filho,2020-08-04,1555,14,54,0
Simões Filho,Simões Filho,2020-08-05,1566,11,54,0
Simões Filho,Simões Filho,2020-08-06,1584,18,54,0
Simões Filho,Simões Filho,2020-08-07,1594,10,54,0
Simões Filho,Simões Filho,2020-08-08,1607,13,54,0
Simões Filho,Simões Filho,2020-08-09,1620,13,54,0
Simões Filho,Simões Filho,2020-08-10,1620,0,54,0
Simões Filho,Simões Filho,2020-08-11,1643,23,55,1
Simões Filho,Simões Filho,2020-08-12,1658,15,55,0
Simões Filho,Simões Filho,2020-08-13,1663,5,55,0
Simões Filho,Simões Filho,2020-08-14,1681,18,55,0
Simões Filho,Simões Filho,2020-08-15,1687,6,55,0
Simões Filho,Simões Filho,2020-08-16,1691,4,55,0
Simões Filho,Simões Filho,2020-08-17,1694,3,55,0
Simões Filho,Simões Filho,2020-08-18,1710,16,55,0
Simões Filho,Simões Filho,2020-08-19,1728,18,56,1
Simões Filho,Simões Filho,2020-08-20,1731,3,56,0
Simões Filho,Simões Filho,2020-08-21,1744,13,56,0
Simões Filho,Simões Filho,2020-08-22,1759,15,56,0
Simões Filho,Simões Filho,2020-08-23,1762,3,57,1
Simões Filho,Simões Filho,2020-08-24,1764,2,57,0
Simões Filho,Simões Filho,2020-08-25,1774,10,57,0
Simões Filho,Simões Filho,2020-08-26,1789,15,57,0
Simões Filho,Simões Filho,2020-08-27,1798,9,57,0
Simões Filho,Simões Filho,2020-08-28,1808,10,57,0
Simões Filho,Simões Filho,2020-08-29,1815,7,58,1
Simões Filho,Simões Filho,2020-08-30,1819,4,59,1
Simões Filho,Simões Filho,2020-08-31,1822,3,59,0
Simões Filho,Simões Filho,2020-09-01,1828,6,59,0
Simões Filho,Simões Filho,2020-09-02,1837,9,59,0
Simões Filho,Simões Filho,2020-09-03,1849,12,59,0
Simões Filho,Simões Filho,2020-09-04,1857,8,60,1
Simões Filho,Simões Filho,2020-09-05,1862,5,60,0
Simões Filho,Simões Filho,2020-09-06,1867,5,60,0
Simões Filho,Simões Filho,2020-09-07,1870,3,60,0
Simões Filho,Simões Filho,2020-09-08,1874,4,60,0
Simões Filho,Simões Filho,2020-09-09,1878,4,62,2
Simões Filho,Simões Filho,2020-09-10,1886,8,65,3
Simões Filho,Simões Filho,2020-09-11,1900,14,66,1
Simões Filho,Simões Filho,2020-09-12,1904,4,67,1
Simões Filho,Simões Filho,2020-09-13,1904,0,67,0
Simões Filho,Simões Filho,2020-09-14,1908,4,67,0
Simões Filho,Simões Filho,2020-09-15,1919,11,67,0
Simões Filho,Simões Filho,2020-09-16,1924,5,67,0
Simões Filho,Simões Filho,2020-09-17,1933,9,67,0
Simões Filho,Simões Filho,2020-09-18,1940,7,67,0
Simões Filho,Simões Filho,2020-09-19,1949,9,67,0
Simões Filho,Simões Filho,2020-09-20,1956,7,67,0
Simões Filho,Simões Filho,2020-09-21,1959,3,68,1
Simões Filho,Simões Filho,2020-09-22,1966,7,69,1
Simões Filho,Simões Filho,2020-09-23,1981,15,70,1
Simões Filho,Simões Filho,2020-09-24,1998,17,70,0
Simões Filho,Simões Filho,2020-09-25,2006,8,70,0
Simões Filho,Simões Filho,2020-09-26,2024,18,71,1
Simões Filho,Simões Filho,2020-09-27,2026,2,71,0
Simões Filho,Simões Filho,2020-09-28,2042,16,72,1
Simões Filho,Simões Filho,2020-09-29,2047,5,76,4
Simões Filho,Simões Filho,2020-09-30,2058,11,78,2
Simões Filho,Simões Filho,2020-10-01,2078,20,78,0
Simões Filho,Simões Filho,2020-10-02,2081,3,78,0
Simões Filho,Simões Filho,2020-10-03,2086,5,78,0
Simões Filho,Simões Filho,2020-10-04,2092,6,80,2
Simões Filho,Simões Filho,2020-10-05,2092,0,80,0
Simões Filho,Simões Filho,2020-10-06,2116,24,80,0
Simões Filho,Simões Filho,2020-10-07,2127,11,80,0
Simões Filho,Simões Filho,2020-10-08,2143,16,81,1
Simões Filho,Simões Filho,2020-10-09,2143,0,81,0
Simões Filho,Simões Filho,2020-10-10,2153,10,82,1
Simões Filho,Simões Filho,2020-10-11,2164,11,82,0
Simões Filho,Simões Filho,2020-10-12,2168,4,82,0
Simões Filho,Simões Filho,2020-10-13,2168,0,83,1
Simões Filho,Simões Filho,2020-10-14,2192,24,83,0
Simões Filho,Simões Filho,2020-10-15,2207,15,83,0
Simões Filho,Simões Filho,2020-10-16,2230,23,83,0
Simões Filho,Simões Filho,2020-10-17,2236,6,83,0
Simões Filho,Simões Filho,2020-10-18,2236,0,83,0
Simões Filho,Simões Filho,2020-10-19,2241,5,83,0
Simões Filho,Simões Filho,2020-10-20,2253,12,83,0
Simões Filho,Simões Filho,2020-10-21,2259,6,84,1
Simões Filho,Simões Filho,2020-10-22,2261,2,84,0
Simões Filho,Simões Filho,2020-10-23,2268,7,84,0
Simões Filho,Simões Filho,2020-10-24,2286,18,84,0
Simões Filho,Simões Filho,2020-10-25,2288,2,84,0
Simões Filho,Simões Filho,2020-10-26,2298,10,84,0
Simões Filho,Simões Filho,2020-10-27,2307,9,84,0
Simões Filho,Simões Filho,2020-10-28,2314,7,84,0
Simões Filho,Simões Filho,2020-10-29,2321,7,84,0
Simões Filho,Simões Filho,2020-10-30,2328,7,87,3
Simões Filho,Simões Filho,2020-10-31,2328,0,88,1
Simões Filho,Simões Filho,2020-11-01,2332,4,88,0
Simões Filho,Simões Filho,2020-11-02,2334,2,88,0
Simões Filho,Simões Filho,2020-11-03,2339,5,88,0
Simões Filho,Simões Filho,2020-11-04,2339,0,88,0
Simões Filho,Simões Filho,2020-11-05,2351,12,88,0
Simões Filho,Simões Filho,2020-11-06,2364,13,88,0
Simões Filho,Simões Filho,2020-11-07,2369,5,89,1
Simões Filho,Simões Filho,2020-11-08,2370,1,89,0
Simões Filho,Simões Filho,2020-11-09,2380,10,89,0
Simões Filho,Simões Filho,2020-11-10,2388,8,89,0
Simões Filho,Simões Filho,2020-11-11,2390,2,89,0
Simões Filho,Simões Filho,2020-11-12,2395,5,90,1
Simões Filho,Simões Filho,2020-11-13,2396,1,90,0
Simões Filho,Simões Filho,2020-11-14,2402,6,90,0
Simões Filho,Simões Filho,2020-11-15,2404,2,91,1
Simões Filho,Simões Filho,2020-11-16,2419,15,91,0
Simões Filho,Simões Filho,2020-11-17,2421,2,91,0
Simões Filho,Simões Filho,2020-11-18,2429,8,92,1
Simões Filho,Simões Filho,2020-11-19,2437,8,92,0
Simões Filho,Simões Filho,2020-11-20,2447,10,92,0
Simões Filho,Simões Filho,2020-11-21,2458,11,92,0
Simões Filho,Simões Filho,2020-11-22,2461,3,92,0
Simões Filho,Simões Filho,2020-11-23,2474,13,92,0
Simões Filho,Simões Filho,2020-11-24,2480,6,92,0
Simões Filho,Simões Filho,2020-11-25,2493,13,93,1
Simões Filho,Simões Filho,2020-11-26,2495,2,94,1
Simões Filho,Simões Filho,2020-11-27,2499,4,94,0
Simões Filho,Simões Filho,2020-11-28,2504,5,94,0
Simões Filho,Simões Filho,2020-11-29,2505,1,94,0
Simões Filho,Simões Filho,2020-11-30,2528,23,94,0
Simões Filho,Simões Filho,2020-12-01,2544,16,94,0
Simões Filho,Simões Filho,2020-12-02,2550,6,94,0
Simões Filho,Simões Filho,2020-12-03,2561,11,94,0
Simões Filho,Simões Filho,2020-12-04,2594,33,94,0
Simões Filho,Simões Filho,2020-12-05,2602,8,94,0
Simões Filho,Simões Filho,2020-12-06,2624,22,94,0
Simões Filho,Simões Filho,2020-12-07,2624,0,94,0
Simões Filho,Simões Filho,2020-12-08,2656,32,94,0
Simões Filho,Simões Filho,2020-12-09,2660,4,94,0
Simões Filho,Simões Filho,2020-12-10,2674,14,94,0
Simões Filho,Simões Filho,2020-12-11,2694,20,94,0
Simões Filho,Simões Filho,2020-12-12,2700,6,94,0
Simões Filho,Simões Filho,2020-12-13,2702,2,94,0
Simões Filho,Simões Filho,2020-12-14,2755,53,94,0
Simões Filho,Simões Filho,2020-12-15,2761,6,94,0
Simões Filho,Simões Filho,2020-12-16,2775,14,94,0
Simões Filho,Simões Filho,2020-12-17,2790,15,94,0
Simões Filho,Simões Filho,2020-12-18,2799,9,94,0
Simões Filho,Simões Filho,2020-12-19,2837,38,94,0
Simões Filho,Simões Filho,2020-12-20,2846,9,93,-1
Simões Filho,Simões Filho,2020-12-21,2858,12,93,0
Simões Filho,Simões Filho,2020-12-22,2863,5,93,0
Simões Filho,Simões Filho,2020-12-23,2873,10,93,0
Simões Filho,Simões Filho,2020-12-24,2889,16,93,0
Simões Filho,Simões Filho,2020-12-25,2890,1,93,0
Simões Filho,Simões Filho,2020-12-26,2890,0,93,0
Simões Filho,Simões Filho,2020-12-27,2893,3,93,0
Simões Filho,Simões Filho,2020-12-28,2894,1,93,0
Simões Filho,Simões Filho,2020-12-29,2902,8,93,0
Simões Filho,Simões Filho,2020-12-30,2906,4,93,0
Simões Filho,Simões Filho,2020-12-31,2916,10,95,2
Simões Filho,Simões Filho,2021-01-01,2920,4,96,1
Simões Filho,Simões Filho,2021-01-02,2920,0,97,1
Simões Filho,Simões Filho,2021-01-03,2920,0,97,0
Simões Filho,Simões Filho,2021-01-04,2920,0,97,0
Simões Filho,Simões Filho,2021-01-05,2961,41,98,1
Simões Filho,Simões Filho,2021-01-06,2972,11,98,0
Simões Filho,Simões Filho,2021-01-07,2975,3,98,0
Simões Filho,Simões Filho,2021-01-08,2991,16,98,0
Simões Filho,Simões Filho,2021-01-09,2993,2,98,0
Simões Filho,Simões Filho,2021-01-10,2996,3,99,1
Simões Filho,Simões Filho,2021-01-11,2999,3,100,1
Simões Filho,Simões Filho,2021-01-12,3005,6,100,0
Simões Filho,Simões Filho,2021-01-13,3028,23,100,0
Simões Filho,Simões Filho,2021-01-14,3042,14,100,0
Simões Filho,Simões Filho,2021-01-15,3103,61,100,0
Simões Filho,Simões Filho,2021-01-16,3146,43,100,0
Simões Filho,Simões Filho,2021-01-17,3216,70,100,0
Simões Filho,Simões Filho,2021-01-18,3249,33,100,0
Simões Filho,Simões Filho,2021-01-19,3283,34,100,0
Simões Filho,Simões Filho,2021-01-20,3328,45,100,0
Simões Filho,Simões Filho,2021-01-21,3369,41,100,0
Simões Filho,Simões Filho,2021-01-22,3441,72,100,0
Simões Filho,Simões Filho,2021-01-23,3470,29,100,0
Simões Filho,Simões Filho,2021-01-24,3477,7,100,0
Simões Filho,Simões Filho,2021-01-25,3511,34,100,0
Simões Filho,Simões Filho,2021-01-26,3519,8,100,0
Simões Filho,Simões Filho,2021-01-27,3561,42,100,0
Simões Filho,Simões Filho,2021-01-28,3574,13,100,0
Simões Filho,Simões Filho,2021-01-29,3613,39,100,0
Simões Filho,Simões Filho,2021-01-30,3627,14,100,0
Simões Filho,Simões Filho,2021-01-31,3661,34,100,0
Simões Filho,Simões Filho,2021-02-01,3677,16,100,0
Simões Filho,Simões Filho,2021-02-02,3706,29,100,0
Simões Filho,Simões Filho,2021-02-03,3723,17,100,0
Simões Filho,Simões Filho,2021-02-04,3729,6,100,0
Simões Filho,Simões Filho,2021-02-05,3733,4,100,0
Simões Filho,Simões Filho,2021-02-06,3767,34,100,0
Simões Filho,Simões Filho,2021-02-07,3778,11,100,0
Simões Filho,Simões Filho,2021-02-08,3798,20,100,0
