city,city,date,cases,daily cases,deaths,daily deaths
Surubim,Surubim,2020-03-27,0,0,0,0
Surubim,Surubim,2020-03-28,0,0,0,0
Surubim,Surubim,2020-03-29,0,0,0,0
Surubim,Surubim,2020-03-30,0,0,0,0
Surubim,Surubim,2020-03-31,0,0,0,0
Surubim,Surubim,2020-04-01,0,0,0,0
Surubim,Surubim,2020-04-02,0,0,0,0
Surubim,Surubim,2020-04-03,0,0,0,0
Surubim,Surubim,2020-04-04,0,0,0,0
Surubim,Surubim,2020-04-05,0,0,0,0
Surubim,Surubim,2020-04-06,0,0,0,0
Surubim,Surubim,2020-04-07,0,0,0,0
Surubim,Surubim,2020-04-08,0,0,0,0
Surubim,Surubim,2020-04-09,0,0,0,0
Surubim,Surubim,2020-04-10,0,0,0,0
Surubim,Surubim,2020-04-11,0,0,0,0
Surubim,Surubim,2020-04-12,0,0,0,0
Surubim,Surubim,2020-04-13,0,0,0,0
Surubim,Surubim,2020-04-14,0,0,0,0
Surubim,Surubim,2020-04-15,0,0,0,0
Surubim,Surubim,2020-04-16,1,1,0,0
Surubim,Surubim,2020-04-17,1,0,0,0
Surubim,Surubim,2020-04-18,1,0,0,0
Surubim,Surubim,2020-04-19,1,0,0,0
Surubim,Surubim,2020-04-20,1,0,0,0
Surubim,Surubim,2020-04-21,2,1,0,0
Surubim,Surubim,2020-04-22,2,0,0,0
Surubim,Surubim,2020-04-23,3,1,0,0
Surubim,Surubim,2020-04-24,2,-1,0,0
Surubim,Surubim,2020-04-25,4,2,0,0
Surubim,Surubim,2020-04-26,4,0,0,0
Surubim,Surubim,2020-04-27,4,0,0,0
Surubim,Surubim,2020-04-28,5,1,0,0
Surubim,Surubim,2020-04-29,5,0,0,0
Surubim,Surubim,2020-04-30,5,0,0,0
Surubim,Surubim,2020-05-01,5,0,0,0
Surubim,Surubim,2020-05-02,5,0,0,0
Surubim,Surubim,2020-05-03,5,0,0,0
Surubim,Surubim,2020-05-04,5,0,0,0
Surubim,Surubim,2020-05-05,5,0,0,0
Surubim,Surubim,2020-05-06,5,0,0,0
Surubim,Surubim,2020-05-07,5,0,0,0
Surubim,Surubim,2020-05-08,6,1,1,1
Surubim,Surubim,2020-05-09,6,0,1,0
Surubim,Surubim,2020-05-10,10,4,3,2
Surubim,Surubim,2020-05-11,11,1,3,0
Surubim,Surubim,2020-05-12,11,0,3,0
Surubim,Surubim,2020-05-13,12,1,3,0
Surubim,Surubim,2020-05-14,12,0,3,0
Surubim,Surubim,2020-05-15,13,1,4,1
Surubim,Surubim,2020-05-16,17,4,4,0
Surubim,Surubim,2020-05-17,18,1,4,0
Surubim,Surubim,2020-05-18,18,0,4,0
Surubim,Surubim,2020-05-19,21,3,5,1
Surubim,Surubim,2020-05-20,21,0,5,0
Surubim,Surubim,2020-05-21,21,0,5,0
Surubim,Surubim,2020-05-22,24,3,5,0
Surubim,Surubim,2020-05-23,25,1,5,0
Surubim,Surubim,2020-05-24,41,16,6,1
Surubim,Surubim,2020-05-25,46,5,6,0
Surubim,Surubim,2020-05-26,46,0,6,0
Surubim,Surubim,2020-05-27,60,14,7,1
Surubim,Surubim,2020-05-28,62,2,7,0
Surubim,Surubim,2020-05-29,72,10,7,0
Surubim,Surubim,2020-05-30,76,4,7,0
Surubim,Surubim,2020-05-31,87,11,8,1
Surubim,Surubim,2020-06-01,88,1,8,0
Surubim,Surubim,2020-06-02,88,0,8,0
Surubim,Surubim,2020-06-03,101,13,8,0
Surubim,Surubim,2020-06-04,105,4,8,0
Surubim,Surubim,2020-06-05,117,12,8,0
Surubim,Surubim,2020-06-06,123,6,9,1
Surubim,Surubim,2020-06-07,140,17,9,0
Surubim,Surubim,2020-06-08,143,3,9,0
Surubim,Surubim,2020-06-09,145,2,9,0
Surubim,Surubim,2020-06-10,165,20,9,0
Surubim,Surubim,2020-06-11,170,5,9,0
Surubim,Surubim,2020-06-12,188,18,9,0
Surubim,Surubim,2020-06-13,190,2,9,0
Surubim,Surubim,2020-06-14,201,11,9,0
Surubim,Surubim,2020-06-15,200,-1,9,0
Surubim,Surubim,2020-06-16,218,18,9,0
Surubim,Surubim,2020-06-17,232,14,9,0
Surubim,Surubim,2020-06-18,236,4,9,0
Surubim,Surubim,2020-06-19,251,15,9,0
Surubim,Surubim,2020-06-20,256,5,9,0
Surubim,Surubim,2020-06-21,259,3,9,0
Surubim,Surubim,2020-06-22,264,5,9,0
Surubim,Surubim,2020-06-23,266,2,9,0
Surubim,Surubim,2020-06-24,268,2,10,1
Surubim,Surubim,2020-06-25,283,15,10,0
Surubim,Surubim,2020-06-26,295,12,9,-1
Surubim,Surubim,2020-06-27,301,6,9,0
Surubim,Surubim,2020-06-28,309,8,9,0
Surubim,Surubim,2020-06-29,312,3,10,1
Surubim,Surubim,2020-06-30,313,1,10,0
Surubim,Surubim,2020-07-01,323,10,10,0
Surubim,Surubim,2020-07-02,351,28,10,0
Surubim,Surubim,2020-07-03,364,13,10,0
Surubim,Surubim,2020-07-04,378,14,10,0
Surubim,Surubim,2020-07-05,388,10,10,0
Surubim,Surubim,2020-07-06,392,4,10,0
Surubim,Surubim,2020-07-07,392,0,10,0
Surubim,Surubim,2020-07-08,396,4,10,0
Surubim,Surubim,2020-07-09,419,23,11,1
Surubim,Surubim,2020-07-10,434,15,12,1
Surubim,Surubim,2020-07-11,447,13,12,0
Surubim,Surubim,2020-07-12,469,22,12,0
Surubim,Surubim,2020-07-13,476,7,13,1
Surubim,Surubim,2020-07-14,482,6,13,0
Surubim,Surubim,2020-07-15,488,6,13,0
Surubim,Surubim,2020-07-16,491,3,13,0
Surubim,Surubim,2020-07-17,494,3,14,1
Surubim,Surubim,2020-07-18,506,12,14,0
Surubim,Surubim,2020-07-19,513,7,16,2
Surubim,Surubim,2020-07-20,543,30,16,0
Surubim,Surubim,2020-07-21,546,3,16,0
Surubim,Surubim,2020-07-22,571,25,17,1
Surubim,Surubim,2020-07-23,582,11,18,1
Surubim,Surubim,2020-07-24,594,12,18,0
Surubim,Surubim,2020-07-25,623,29,18,0
Surubim,Surubim,2020-07-26,630,7,18,0
Surubim,Surubim,2020-07-27,641,11,18,0
Surubim,Surubim,2020-07-28,653,12,18,0
Surubim,Surubim,2020-07-29,668,15,19,1
Surubim,Surubim,2020-07-30,686,18,18,-1
Surubim,Surubim,2020-07-31,697,11,18,0
Surubim,Surubim,2020-08-01,724,27,18,0
Surubim,Surubim,2020-08-02,741,17,18,0
Surubim,Surubim,2020-08-03,742,1,19,1
Surubim,Surubim,2020-08-04,756,14,19,0
Surubim,Surubim,2020-08-05,759,3,19,0
Surubim,Surubim,2020-08-06,759,0,19,0
Surubim,Surubim,2020-08-07,789,30,19,0
Surubim,Surubim,2020-08-08,823,34,20,1
Surubim,Surubim,2020-08-09,848,25,20,0
Surubim,Surubim,2020-08-10,852,4,20,0
Surubim,Surubim,2020-08-11,854,2,20,0
Surubim,Surubim,2020-08-12,886,32,20,0
Surubim,Surubim,2020-08-13,897,11,21,1
Surubim,Surubim,2020-08-14,931,34,21,0
Surubim,Surubim,2020-08-15,948,17,22,1
Surubim,Surubim,2020-08-16,975,27,23,1
Surubim,Surubim,2020-08-17,975,0,24,1
Surubim,Surubim,2020-08-18,995,20,24,0
Surubim,Surubim,2020-08-19,1009,14,25,1
Surubim,Surubim,2020-08-20,1020,11,25,0
Surubim,Surubim,2020-08-21,1034,14,25,0
Surubim,Surubim,2020-08-22,1036,2,25,0
Surubim,Surubim,2020-08-23,1040,4,25,0
Surubim,Surubim,2020-08-24,1040,0,25,0
Surubim,Surubim,2020-08-25,1053,13,25,0
Surubim,Surubim,2020-08-26,1058,5,25,0
Surubim,Surubim,2020-08-27,1070,12,25,0
Surubim,Surubim,2020-08-28,1077,7,25,0
Surubim,Surubim,2020-08-29,1084,7,25,0
Surubim,Surubim,2020-08-30,1097,13,25,0
Surubim,Surubim,2020-08-31,1099,2,25,0
Surubim,Surubim,2020-09-01,1144,45,25,0
Surubim,Surubim,2020-09-02,1166,22,25,0
Surubim,Surubim,2020-09-03,1179,13,25,0
Surubim,Surubim,2020-09-04,1190,11,25,0
Surubim,Surubim,2020-09-05,1131,-59,25,0
Surubim,Surubim,2020-09-06,1132,1,26,1
Surubim,Surubim,2020-09-07,1134,2,26,0
Surubim,Surubim,2020-09-08,1129,-5,26,0
Surubim,Surubim,2020-09-09,1128,-1,27,1
Surubim,Surubim,2020-09-10,1130,2,28,1
Surubim,Surubim,2020-09-11,1134,4,28,0
Surubim,Surubim,2020-09-12,1134,0,28,0
Surubim,Surubim,2020-09-13,1135,1,28,0
Surubim,Surubim,2020-09-14,1134,-1,28,0
Surubim,Surubim,2020-09-15,1134,0,29,1
Surubim,Surubim,2020-09-16,1150,16,30,1
Surubim,Surubim,2020-09-17,1166,16,30,0
Surubim,Surubim,2020-09-18,1166,0,30,0
Surubim,Surubim,2020-09-19,1179,13,30,0
Surubim,Surubim,2020-09-20,1193,14,32,2
Surubim,Surubim,2020-09-21,1198,5,32,0
Surubim,Surubim,2020-09-22,1202,4,32,0
Surubim,Surubim,2020-09-23,1206,4,32,0
Surubim,Surubim,2020-09-24,1205,-1,32,0
Surubim,Surubim,2020-09-25,1205,0,32,0
Surubim,Surubim,2020-09-26,1205,0,32,0
Surubim,Surubim,2020-09-27,1205,0,32,0
Surubim,Surubim,2020-09-28,1204,-1,32,0
Surubim,Surubim,2020-09-29,1207,3,32,0
Surubim,Surubim,2020-09-30,1219,12,32,0
Surubim,Surubim,2020-10-01,1227,8,32,0
Surubim,Surubim,2020-10-02,1232,5,33,1
Surubim,Surubim,2020-10-03,1234,2,33,0
Surubim,Surubim,2020-10-04,1243,9,33,0
Surubim,Surubim,2020-10-05,1243,0,33,0
Surubim,Surubim,2020-10-06,1255,12,33,0
Surubim,Surubim,2020-10-07,1256,1,33,0
Surubim,Surubim,2020-10-08,1257,1,34,1
Surubim,Surubim,2020-10-09,1260,3,35,1
Surubim,Surubim,2020-10-10,1261,1,35,0
Surubim,Surubim,2020-10-11,1261,0,35,0
Surubim,Surubim,2020-10-12,1262,1,35,0
Surubim,Surubim,2020-10-13,1262,0,35,0
Surubim,Surubim,2020-10-14,1264,2,35,0
Surubim,Surubim,2020-10-15,1270,6,35,0
Surubim,Surubim,2020-10-16,1272,2,35,0
Surubim,Surubim,2020-10-17,1272,0,35,0
Surubim,Surubim,2020-10-18,1274,2,35,0
Surubim,Surubim,2020-10-19,1274,0,35,0
Surubim,Surubim,2020-10-20,1275,1,35,0
Surubim,Surubim,2020-10-21,1275,0,35,0
Surubim,Surubim,2020-10-22,1279,4,35,0
Surubim,Surubim,2020-10-23,1280,1,35,0
Surubim,Surubim,2020-10-24,1283,3,35,0
Surubim,Surubim,2020-10-25,1285,2,35,0
Surubim,Surubim,2020-10-26,1285,0,35,0
Surubim,Surubim,2020-10-27,1291,6,35,0
Surubim,Surubim,2020-10-28,1295,4,35,0
Surubim,Surubim,2020-10-29,1300,5,36,1
Surubim,Surubim,2020-10-30,1305,5,36,0
Surubim,Surubim,2020-10-31,1306,1,36,0
Surubim,Surubim,2020-11-01,1306,0,36,0
Surubim,Surubim,2020-11-02,1304,-2,36,0
Surubim,Surubim,2020-11-03,1304,0,36,0
Surubim,Surubim,2020-11-04,1305,1,36,0
Surubim,Surubim,2020-11-05,1305,0,36,0
Surubim,Surubim,2020-11-06,1308,3,37,1
Surubim,Surubim,2020-11-07,1307,-1,37,0
Surubim,Surubim,2020-11-08,1308,1,37,0
Surubim,Surubim,2020-11-09,1308,0,37,0
Surubim,Surubim,2020-11-10,1308,0,37,0
Surubim,Surubim,2020-11-11,1310,2,38,1
Surubim,Surubim,2020-11-12,1311,1,38,0
Surubim,Surubim,2020-11-13,1312,1,38,0
Surubim,Surubim,2020-11-14,1313,1,38,0
Surubim,Surubim,2020-11-15,1314,1,39,1
Surubim,Surubim,2020-11-16,1315,1,40,1
Surubim,Surubim,2020-11-17,1317,2,40,0
Surubim,Surubim,2020-11-18,1317,0,41,1
Surubim,Surubim,2020-11-19,1317,0,41,0
Surubim,Surubim,2020-11-20,1320,3,41,0
Surubim,Surubim,2020-11-21,1320,0,41,0
Surubim,Surubim,2020-11-22,1322,2,41,0
Surubim,Surubim,2020-11-23,1322,0,41,0
Surubim,Surubim,2020-11-24,1324,2,41,0
Surubim,Surubim,2020-11-25,1330,6,41,0
Surubim,Surubim,2020-11-26,1332,2,41,0
Surubim,Surubim,2020-11-27,1332,0,41,0
Surubim,Surubim,2020-11-28,1336,4,41,0
Surubim,Surubim,2020-11-29,1336,0,41,0
Surubim,Surubim,2020-11-30,1339,3,41,0
Surubim,Surubim,2020-12-01,1346,7,41,0
Surubim,Surubim,2020-12-02,1361,15,41,0
Surubim,Surubim,2020-12-03,1371,10,41,0
Surubim,Surubim,2020-12-04,1374,3,41,0
Surubim,Surubim,2020-12-05,1383,9,41,0
Surubim,Surubim,2020-12-06,1383,0,41,0
Surubim,Surubim,2020-12-07,1383,0,41,0
Surubim,Surubim,2020-12-08,1386,3,41,0
Surubim,Surubim,2020-12-09,1387,1,41,0
Surubim,Surubim,2020-12-10,1395,8,41,0
Surubim,Surubim,2020-12-11,1397,2,41,0
Surubim,Surubim,2020-12-12,1398,1,41,0
Surubim,Surubim,2020-12-13,1398,0,41,0
Surubim,Surubim,2020-12-14,1402,4,41,0
Surubim,Surubim,2020-12-15,1405,3,41,0
Surubim,Surubim,2020-12-16,1407,2,41,0
Surubim,Surubim,2020-12-17,1412,5,41,0
Surubim,Surubim,2020-12-18,1415,3,41,0
Surubim,Surubim,2020-12-19,1420,5,41,0
Surubim,Surubim,2020-12-20,1421,1,41,0
Surubim,Surubim,2020-12-21,1424,3,41,0
Surubim,Surubim,2020-12-22,1443,19,41,0
Surubim,Surubim,2020-12-23,1455,12,41,0
Surubim,Surubim,2020-12-24,1463,8,41,0
Surubim,Surubim,2020-12-25,1465,2,41,0
Surubim,Surubim,2020-12-26,1468,3,41,0
Surubim,Surubim,2020-12-27,1468,0,41,0
Surubim,Surubim,2020-12-28,1468,0,41,0
Surubim,Surubim,2020-12-29,1469,1,41,0
Surubim,Surubim,2020-12-30,1473,4,41,0
Surubim,Surubim,2020-12-31,1478,5,41,0
Surubim,Surubim,2021-01-01,1482,4,41,0
Surubim,Surubim,2021-01-02,1482,0,41,0
Surubim,Surubim,2021-01-03,1484,2,41,0
Surubim,Surubim,2021-01-04,1487,3,41,0
Surubim,Surubim,2021-01-05,1488,1,41,0
Surubim,Surubim,2021-01-06,1489,1,41,0
Surubim,Surubim,2021-01-07,1489,0,41,0
Surubim,Surubim,2021-01-08,1491,2,41,0
Surubim,Surubim,2021-01-09,1502,11,41,0
Surubim,Surubim,2021-01-10,1505,3,41,0
Surubim,Surubim,2021-01-11,1508,3,41,0
Surubim,Surubim,2021-01-12,1509,1,42,1
Surubim,Surubim,2021-01-13,1514,5,43,1
Surubim,Surubim,2021-01-14,1517,3,43,0
Surubim,Surubim,2021-01-15,1522,5,43,0
Surubim,Surubim,2021-01-16,1525,3,43,0
Surubim,Surubim,2021-01-17,1527,2,43,0
Surubim,Surubim,2021-01-18,1528,1,43,0
Surubim,Surubim,2021-01-19,1528,0,45,2
Surubim,Surubim,2021-01-20,1539,11,45,0
Surubim,Surubim,2021-01-21,1548,9,45,0
Surubim,Surubim,2021-01-22,1552,4,45,0
Surubim,Surubim,2021-01-23,1555,3,45,0
Surubim,Surubim,2021-01-24,1557,2,45,0
Surubim,Surubim,2021-01-25,1559,2,45,0
Surubim,Surubim,2021-01-26,1578,19,45,0
Surubim,Surubim,2021-01-27,1611,33,45,0
Surubim,Surubim,2021-01-28,1624,13,45,0
Surubim,Surubim,2021-01-29,1637,13,45,0
Surubim,Surubim,2021-01-30,1640,3,45,0
Surubim,Surubim,2021-01-31,1648,8,45,0
Surubim,Surubim,2021-02-01,1646,-2,45,0
Surubim,Surubim,2021-02-02,1646,0,45,0
Surubim,Surubim,2021-02-03,1646,0,45,0
Surubim,Surubim,2021-02-04,1649,3,46,1
Surubim,Surubim,2021-02-05,1657,8,46,0
Surubim,Surubim,2021-02-06,1664,7,46,0
Surubim,Surubim,2021-02-07,1669,5,46,0
Surubim,Surubim,2021-02-08,1671,2,47,1
