city,city,date,cases,daily cases,deaths,daily deaths
São Luís,São Luís,2020-03-27,0,0,0,0
São Luís,São Luís,2020-03-28,13,13,0,0
São Luís,São Luís,2020-03-29,15,2,0,0
São Luís,São Luís,2020-03-30,22,7,1,1
São Luís,São Luís,2020-03-31,29,7,1,0
São Luís,São Luís,2020-04-01,52,23,1,0
São Luís,São Luís,2020-04-02,68,16,1,0
São Luís,São Luís,2020-04-03,78,10,1,0
São Luís,São Luís,2020-04-04,82,4,1,0
São Luís,São Luís,2020-04-05,86,4,2,1
São Luís,São Luís,2020-04-06,121,35,2,0
São Luís,São Luís,2020-04-07,152,31,4,2
São Luís,São Luís,2020-04-08,203,51,11,7
São Luís,São Luís,2020-04-09,228,25,12,1
São Luís,São Luís,2020-04-10,247,19,16,4
São Luís,São Luís,2020-04-11,288,41,21,5
São Luís,São Luís,2020-04-12,333,45,24,3
São Luís,São Luís,2020-04-13,369,36,27,3
São Luís,São Luís,2020-04-14,392,23,32,5
São Luís,São Luís,2020-04-15,533,141,34,2
São Luís,São Luís,2020-04-16,582,49,37,3
São Luís,São Luís,2020-04-17,664,82,40,3
São Luís,São Luís,2020-04-18,862,198,38,-2
São Luís,São Luís,2020-04-19,990,128,40,2
São Luís,São Luís,2020-04-20,1075,85,43,3
São Luís,São Luís,2020-04-21,1132,57,47,4
São Luís,São Luís,2020-04-22,1300,168,51,4
São Luís,São Luís,2020-04-23,1417,117,61,10
São Luís,São Luís,2020-04-24,1567,150,71,10
São Luís,São Luís,2020-04-25,1668,101,81,10
São Luís,São Luís,2020-04-26,1754,86,87,6
São Luís,São Luís,2020-04-27,1894,140,98,11
São Luís,São Luís,2020-04-28,1977,83,116,18
São Luís,São Luís,2020-04-29,2149,172,136,20
São Luís,São Luís,2020-04-30,2432,283,149,13
São Luís,São Luís,2020-05-01,2671,239,165,16
São Luís,São Luís,2020-05-02,2808,137,178,13
São Luís,São Luís,2020-05-03,2899,91,186,8
São Luís,São Luís,2020-05-04,2963,64,197,11
São Luís,São Luís,2020-05-05,3088,125,213,16
São Luís,São Luís,2020-05-06,3368,280,227,14
São Luís,São Luís,2020-05-07,3531,163,238,11
São Luís,São Luís,2020-05-08,3745,214,255,17
São Luís,São Luís,2020-05-09,4008,263,271,16
São Luís,São Luís,2020-05-10,4274,266,289,18
São Luís,São Luís,2020-05-11,4616,342,303,14
São Luís,São Luís,2020-05-12,4780,164,324,21
São Luís,São Luís,2020-05-13,4917,137,332,8
São Luís,São Luís,2020-05-14,5040,123,346,14
São Luís,São Luís,2020-05-15,5375,335,363,17
São Luís,São Luís,2020-05-16,5597,222,379,16
São Luís,São Luís,2020-05-17,5830,233,394,15
São Luís,São Luís,2020-05-18,5995,165,402,8
São Luís,São Luís,2020-05-19,6248,253,414,12
São Luís,São Luís,2020-05-20,6479,231,434,20
São Luís,São Luís,2020-05-21,6639,160,448,14
São Luís,São Luís,2020-05-22,6685,46,463,15
São Luís,São Luís,2020-05-23,7114,429,475,12
São Luís,São Luís,2020-05-24,7486,372,484,9
São Luís,São Luís,2020-05-25,7917,431,490,6
São Luís,São Luís,2020-05-26,8068,151,497,7
São Luís,São Luís,2020-05-27,8353,285,509,12
São Luís,São Luís,2020-05-28,8463,110,517,8
São Luís,São Luís,2020-05-29,8700,237,519,2
São Luís,São Luís,2020-05-30,8882,182,521,2
São Luís,São Luís,2020-05-31,9141,259,524,3
São Luís,São Luís,2020-06-01,9255,114,526,2
São Luís,São Luís,2020-06-02,9447,192,528,2
São Luís,São Luís,2020-06-03,9590,143,535,7
São Luís,São Luís,2020-06-04,9917,327,538,3
São Luís,São Luís,2020-06-05,9935,18,544,6
São Luís,São Luís,2020-06-06,10070,135,549,5
São Luís,São Luís,2020-06-07,10494,424,557,8
São Luís,São Luís,2020-06-08,10755,261,577,20
São Luís,São Luís,2020-06-09,11029,274,586,9
São Luís,São Luís,2020-06-10,11285,256,588,2
São Luís,São Luís,2020-06-11,11597,312,599,11
São Luís,São Luís,2020-06-12,11700,103,608,9
São Luís,São Luís,2020-06-13,11832,132,621,13
São Luís,São Luís,2020-06-14,11963,131,629,8
São Luís,São Luís,2020-06-15,12040,77,642,13
São Luís,São Luís,2020-06-16,12095,55,654,12
São Luís,São Luís,2020-06-17,12276,181,667,13
São Luís,São Luís,2020-06-18,12384,108,680,13
São Luís,São Luís,2020-06-19,12409,25,693,13
São Luís,São Luís,2020-06-20,12523,114,705,12
São Luís,São Luís,2020-06-21,12546,23,715,10
São Luís,São Luís,2020-06-22,12567,21,724,9
São Luís,São Luís,2020-06-23,12577,10,734,10
São Luís,São Luís,2020-06-24,12657,80,745,11
São Luís,São Luís,2020-06-25,12693,36,756,11
São Luís,São Luís,2020-06-26,12755,62,771,15
São Luís,São Luís,2020-06-27,12816,61,788,17
São Luís,São Luís,2020-06-28,12871,55,803,15
São Luís,São Luís,2020-06-29,12938,67,813,10
São Luís,São Luís,2020-06-30,13050,112,825,12
São Luís,São Luís,2020-07-01,13144,94,834,9
São Luís,São Luís,2020-07-02,13245,101,842,8
São Luís,São Luís,2020-07-03,13320,75,849,7
São Luís,São Luís,2020-07-04,13471,151,862,13
São Luís,São Luís,2020-07-05,13597,126,876,14
São Luís,São Luís,2020-07-06,13706,109,891,15
São Luís,São Luís,2020-07-07,13839,133,903,12
São Luís,São Luís,2020-07-08,13951,112,918,15
São Luís,São Luís,2020-07-09,14052,101,927,9
São Luís,São Luís,2020-07-10,14159,107,940,13
São Luís,São Luís,2020-07-11,14261,102,950,10
São Luís,São Luís,2020-07-12,14336,75,964,14
São Luís,São Luís,2020-07-13,14437,101,980,16
São Luís,São Luís,2020-07-14,14512,75,996,16
São Luís,São Luís,2020-07-15,14633,121,1010,14
São Luís,São Luís,2020-07-16,14734,101,1026,16
São Luís,São Luís,2020-07-17,14809,75,1036,10
São Luís,São Luís,2020-07-18,14898,89,1047,11
São Luís,São Luís,2020-07-19,14993,95,1059,12
São Luís,São Luís,2020-07-20,15098,105,1071,12
São Luís,São Luís,2020-07-21,15174,76,1084,13
São Luís,São Luís,2020-07-22,15279,105,1086,2
São Luís,São Luís,2020-07-23,15390,111,1095,9
São Luís,São Luís,2020-07-24,15493,103,1103,8
São Luís,São Luís,2020-07-25,15570,77,1110,7
São Luís,São Luís,2020-07-26,15651,81,1118,8
São Luís,São Luís,2020-07-27,15758,107,1128,10
São Luís,São Luís,2020-07-28,15869,111,1134,6
São Luís,São Luís,2020-07-29,15953,84,1135,1
São Luís,São Luís,2020-07-30,16055,102,1138,3
São Luís,São Luís,2020-07-31,16160,105,1143,5
São Luís,São Luís,2020-08-01,16263,103,1145,2
São Luís,São Luís,2020-08-02,16366,103,1148,3
São Luís,São Luís,2020-08-03,16474,108,1152,4
São Luís,São Luís,2020-08-04,16584,110,1153,1
São Luís,São Luís,2020-08-05,16673,89,1156,3
São Luís,São Luís,2020-08-06,16778,105,1156,0
São Luís,São Luís,2020-08-07,16867,89,1157,1
São Luís,São Luís,2020-08-08,16964,97,1157,0
São Luís,São Luís,2020-08-09,17059,95,1160,3
São Luís,São Luís,2020-08-10,17170,111,1162,2
São Luís,São Luís,2020-08-11,17277,107,1164,2
São Luís,São Luís,2020-08-12,17322,45,1168,4
São Luís,São Luís,2020-08-13,17383,61,1170,2
São Luís,São Luís,2020-08-14,17426,43,1172,2
São Luís,São Luís,2020-08-15,17504,78,1176,4
São Luís,São Luís,2020-08-16,17585,81,1177,1
São Luís,São Luís,2020-08-17,17658,73,1183,6
São Luís,São Luís,2020-08-18,17729,71,1187,4
São Luís,São Luís,2020-08-19,17789,60,1190,3
São Luís,São Luís,2020-08-20,17865,76,1191,1
São Luís,São Luís,2020-08-21,17931,66,1193,2
São Luís,São Luís,2020-08-22,18015,84,1194,1
São Luís,São Luís,2020-08-23,18105,90,1196,2
São Luís,São Luís,2020-08-24,18176,71,1198,2
São Luís,São Luís,2020-08-25,18254,78,1200,2
São Luís,São Luís,2020-08-26,18350,96,1202,2
São Luís,São Luís,2020-08-27,18432,82,1202,0
São Luís,São Luís,2020-08-28,18526,94,1203,1
São Luís,São Luís,2020-08-29,18614,88,1204,1
São Luís,São Luís,2020-08-30,18707,93,1204,0
São Luís,São Luís,2020-08-31,18796,89,1205,1
São Luís,São Luís,2020-09-01,18897,101,1206,1
São Luís,São Luís,2020-09-02,18979,82,1207,1
São Luís,São Luís,2020-09-03,19061,82,1209,2
São Luís,São Luís,2020-09-04,19126,65,1210,1
São Luís,São Luís,2020-09-05,19206,80,1211,1
São Luís,São Luís,2020-09-06,19239,33,1213,2
São Luís,São Luís,2020-09-07,19292,53,1215,2
São Luís,São Luís,2020-09-08,19327,35,1217,2
São Luís,São Luís,2020-09-09,19386,59,1218,1
São Luís,São Luís,2020-09-10,19442,56,1219,1
São Luís,São Luís,2020-09-11,19466,24,1220,1
São Luís,São Luís,2020-09-12,19557,91,1220,0
São Luís,São Luís,2020-09-13,19618,61,1221,1
São Luís,São Luís,2020-09-14,19689,71,1222,1
São Luís,São Luís,2020-09-15,19702,13,1224,2
São Luís,São Luís,2020-09-16,19776,74,1225,1
São Luís,São Luís,2020-09-17,19814,38,1226,1
São Luís,São Luís,2020-09-18,19907,93,1227,1
São Luís,São Luís,2020-09-19,20008,101,1228,1
São Luís,São Luís,2020-09-20,20107,99,1229,1
São Luís,São Luís,2020-09-21,20214,107,1229,0
São Luís,São Luís,2020-09-22,20308,94,1231,2
São Luís,São Luís,2020-09-23,20392,84,1231,0
São Luís,São Luís,2020-09-24,20486,94,1232,1
São Luís,São Luís,2020-09-25,20583,97,1234,2
São Luís,São Luís,2020-09-26,20694,111,1236,2
São Luís,São Luís,2020-09-27,20794,100,1236,0
São Luís,São Luís,2020-09-28,20898,104,1237,1
São Luís,São Luís,2020-09-29,20991,93,1237,0
São Luís,São Luís,2020-09-30,21098,107,1239,2
São Luís,São Luís,2020-10-01,21198,100,1240,1
São Luís,São Luís,2020-10-02,21304,106,1240,0
São Luís,São Luís,2020-10-03,21404,100,1241,1
São Luís,São Luís,2020-10-04,21498,94,1243,2
São Luís,São Luís,2020-10-05,21601,103,1245,2
São Luís,São Luís,2020-10-06,21698,97,1247,2
São Luís,São Luís,2020-10-07,21785,87,1248,1
São Luís,São Luís,2020-10-08,21892,107,1248,0
São Luís,São Luís,2020-10-09,21986,94,1250,2
São Luís,São Luís,2020-10-10,22092,106,1252,2
São Luís,São Luís,2020-10-11,22187,95,1253,1
São Luís,São Luís,2020-10-12,22272,85,1253,0
São Luís,São Luís,2020-10-13,22366,94,1253,0
São Luís,São Luís,2020-10-14,22453,87,1253,0
São Luís,São Luís,2020-10-15,22555,102,1253,0
São Luís,São Luís,2020-10-16,22641,86,1253,0
São Luís,São Luís,2020-10-17,22670,29,1253,0
São Luís,São Luís,2020-10-18,22685,15,1253,0
São Luís,São Luís,2020-10-19,22719,34,1253,0
São Luís,São Luís,2020-10-20,22782,63,1253,0
São Luís,São Luís,2020-10-21,22843,61,1253,0
São Luís,São Luís,2020-10-22,22910,67,1253,0
São Luís,São Luís,2020-10-23,22983,73,1253,0
São Luís,São Luís,2020-10-24,23049,66,1253,0
São Luís,São Luís,2020-10-25,23094,45,1253,0
São Luís,São Luís,2020-10-26,23114,20,1254,1
São Luís,São Luís,2020-10-27,23161,47,1254,0
São Luís,São Luís,2020-10-28,23183,22,1254,0
São Luís,São Luís,2020-10-29,23183,0,1254,0
São Luís,São Luís,2020-10-30,23336,153,1254,0
São Luís,São Luís,2020-10-31,23396,60,1254,0
São Luís,São Luís,2020-11-01,23445,49,1254,0
São Luís,São Luís,2020-11-02,23491,46,1254,0
São Luís,São Luís,2020-11-03,23580,89,1255,1
São Luís,São Luís,2020-11-04,23674,94,1255,0
São Luís,São Luís,2020-11-05,23726,52,1255,0
São Luís,São Luís,2020-11-06,23793,67,1256,1
São Luís,São Luís,2020-11-07,23851,58,1256,0
São Luís,São Luís,2020-11-08,23915,64,1257,1
São Luís,São Luís,2020-11-09,23998,83,1259,2
São Luís,São Luís,2020-11-10,24088,90,1260,1
São Luís,São Luís,2020-11-11,24180,92,1262,2
São Luís,São Luís,2020-11-12,24262,82,1263,1
São Luís,São Luís,2020-11-13,24350,88,1265,2
São Luís,São Luís,2020-11-14,24440,90,1266,1
São Luís,São Luís,2020-11-15,24521,81,1268,2
São Luís,São Luís,2020-11-16,24611,90,1269,1
São Luís,São Luís,2020-11-17,24694,83,1269,0
São Luís,São Luís,2020-11-18,24789,95,1271,2
São Luís,São Luís,2020-11-19,24878,89,1271,0
São Luís,São Luís,2020-11-20,24973,95,1273,2
São Luís,São Luís,2020-11-21,24985,12,1273,0
São Luís,São Luís,2020-11-22,25042,57,1273,0
São Luís,São Luís,2020-11-23,25113,71,1273,0
São Luís,São Luís,2020-11-24,25190,77,1273,0
São Luís,São Luís,2020-11-25,25227,37,1273,0
São Luís,São Luís,2020-11-26,25299,72,1273,0
São Luís,São Luís,2020-11-27,25340,41,1274,1
São Luís,São Luís,2020-11-28,25377,37,1275,1
São Luís,São Luís,2020-11-29,25380,3,1275,0
São Luís,São Luís,2020-11-30,25385,5,1276,1
São Luís,São Luís,2020-12-01,25412,27,1279,3
São Luís,São Luís,2020-12-02,25470,58,1280,1
São Luís,São Luís,2020-12-03,25542,72,1281,1
São Luís,São Luís,2020-12-04,25620,78,1282,1
São Luís,São Luís,2020-12-05,25638,18,1282,0
São Luís,São Luís,2020-12-06,25674,36,1282,0
São Luís,São Luís,2020-12-07,25679,5,1283,1
São Luís,São Luís,2020-12-08,25707,28,1284,1
São Luís,São Luís,2020-12-09,25748,41,1285,1
São Luís,São Luís,2020-12-10,25814,66,1286,1
São Luís,São Luís,2020-12-11,25873,59,1287,1
São Luís,São Luís,2020-12-12,25894,21,1288,1
São Luís,São Luís,2020-12-13,25908,14,1288,0
São Luís,São Luís,2020-12-14,25922,14,1288,0
São Luís,São Luís,2020-12-15,25941,19,1289,1
São Luís,São Luís,2020-12-16,25993,52,1289,0
São Luís,São Luís,2020-12-17,26053,60,1290,1
São Luís,São Luís,2020-12-18,26118,65,1291,1
São Luís,São Luís,2020-12-19,26136,18,1292,1
São Luís,São Luís,2020-12-20,26137,1,1292,0
São Luís,São Luís,2020-12-21,26171,34,1293,1
São Luís,São Luís,2020-12-22,26223,52,1293,0
São Luís,São Luís,2020-12-23,26261,38,1294,1
São Luís,São Luís,2020-12-24,26298,37,1295,1
São Luís,São Luís,2020-12-25,26332,34,1296,1
São Luís,São Luís,2020-12-26,26358,26,1297,1
São Luís,São Luís,2020-12-27,26407,49,1298,1
São Luís,São Luís,2020-12-28,26460,53,1298,0
São Luís,São Luís,2020-12-29,26489,29,1298,0
São Luís,São Luís,2020-12-30,26528,39,1298,0
São Luís,São Luís,2020-12-31,26562,34,1299,1
São Luís,São Luís,2021-01-01,26571,9,1299,0
São Luís,São Luís,2021-01-02,26572,1,1300,1
São Luís,São Luís,2021-01-03,26588,16,1301,1
São Luís,São Luís,2021-01-04,26608,20,1303,2
São Luís,São Luís,2021-01-05,26630,22,1303,0
São Luís,São Luís,2021-01-06,26671,41,1304,1
São Luís,São Luís,2021-01-07,26702,31,1305,1
São Luís,São Luís,2021-01-08,26715,13,1306,1
São Luís,São Luís,2021-01-09,26743,28,1307,1
São Luís,São Luís,2021-01-10,26754,11,1308,1
São Luís,São Luís,2021-01-11,26786,32,1310,2
São Luís,São Luís,2021-01-12,26852,66,1311,1
São Luís,São Luís,2021-01-13,26893,41,1314,3
São Luís,São Luís,2021-01-14,26944,51,1314,0
São Luís,São Luís,2021-01-15,26994,50,1314,0
São Luís,São Luís,2021-01-16,27052,58,1315,1
São Luís,São Luís,2021-01-17,27127,75,1316,1
São Luís,São Luís,2021-01-18,27219,92,1317,1
São Luís,São Luís,2021-01-19,27301,82,1317,0
São Luís,São Luís,2021-01-20,27390,89,1319,2
São Luís,São Luís,2021-01-21,27484,94,1321,2
São Luís,São Luís,2021-01-22,27586,102,1326,5
São Luís,São Luís,2021-01-23,27677,91,1326,0
São Luís,São Luís,2021-01-24,27720,43,1327,1
São Luís,São Luís,2021-01-25,27738,18,1327,0
São Luís,São Luís,2021-01-26,27772,34,1329,2
São Luís,São Luís,2021-01-27,27826,54,1330,1
São Luís,São Luís,2021-01-28,27909,83,1333,3
São Luís,São Luís,2021-01-29,27982,73,1334,1
São Luís,São Luís,2021-01-30,28058,76,1337,3
São Luís,São Luís,2021-01-31,28104,46,1340,3
São Luís,São Luís,2021-02-01,28164,60,1344,4
São Luís,São Luís,2021-02-02,28248,84,1345,1
São Luís,São Luís,2021-02-03,28336,88,1349,4
São Luís,São Luís,2021-02-04,28409,73,1352,3
São Luís,São Luís,2021-02-05,28448,39,1356,4
São Luís,São Luís,2021-02-06,28476,28,1357,1
São Luís,São Luís,2021-02-07,28507,31,1361,4
São Luís,São Luís,2021-02-08,28592,85,1365,4
