city,city,date,cases,daily cases,deaths,daily deaths
São Fidélis,São Fidélis,2020-03-27,0,0,0,0
São Fidélis,São Fidélis,2020-03-28,0,0,0,0
São Fidélis,São Fidélis,2020-03-29,0,0,0,0
São Fidélis,São Fidélis,2020-03-30,0,0,0,0
São Fidélis,São Fidélis,2020-03-31,0,0,0,0
São Fidélis,São Fidélis,2020-04-01,0,0,0,0
São Fidélis,São Fidélis,2020-04-02,0,0,0,0
São Fidélis,São Fidélis,2020-04-03,0,0,0,0
São Fidélis,São Fidélis,2020-04-04,0,0,0,0
São Fidélis,São Fidélis,2020-04-05,0,0,0,0
São Fidélis,São Fidélis,2020-04-06,0,0,0,0
São Fidélis,São Fidélis,2020-04-07,0,0,0,0
São Fidélis,São Fidélis,2020-04-08,0,0,0,0
São Fidélis,São Fidélis,2020-04-09,0,0,0,0
São Fidélis,São Fidélis,2020-04-10,0,0,0,0
São Fidélis,São Fidélis,2020-04-11,0,0,0,0
São Fidélis,São Fidélis,2020-04-12,2,2,0,0
São Fidélis,São Fidélis,2020-04-13,3,1,0,0
São Fidélis,São Fidélis,2020-04-14,3,0,0,0
São Fidélis,São Fidélis,2020-04-15,3,0,0,0
São Fidélis,São Fidélis,2020-04-16,3,0,0,0
São Fidélis,São Fidélis,2020-04-17,3,0,0,0
São Fidélis,São Fidélis,2020-04-18,3,0,0,0
São Fidélis,São Fidélis,2020-04-19,3,0,0,0
São Fidélis,São Fidélis,2020-04-20,3,0,0,0
São Fidélis,São Fidélis,2020-04-21,3,0,0,0
São Fidélis,São Fidélis,2020-04-22,3,0,0,0
São Fidélis,São Fidélis,2020-04-23,3,0,0,0
São Fidélis,São Fidélis,2020-04-24,3,0,0,0
São Fidélis,São Fidélis,2020-04-25,3,0,0,0
São Fidélis,São Fidélis,2020-04-26,4,1,0,0
São Fidélis,São Fidélis,2020-04-27,4,0,0,0
São Fidélis,São Fidélis,2020-04-28,5,1,0,0
São Fidélis,São Fidélis,2020-04-29,5,0,0,0
São Fidélis,São Fidélis,2020-04-30,5,0,0,0
São Fidélis,São Fidélis,2020-05-01,5,0,0,0
São Fidélis,São Fidélis,2020-05-02,5,0,0,0
São Fidélis,São Fidélis,2020-05-03,5,0,0,0
São Fidélis,São Fidélis,2020-05-04,5,0,0,0
São Fidélis,São Fidélis,2020-05-05,5,0,0,0
São Fidélis,São Fidélis,2020-05-06,5,0,0,0
São Fidélis,São Fidélis,2020-05-07,5,0,0,0
São Fidélis,São Fidélis,2020-05-08,24,19,0,0
São Fidélis,São Fidélis,2020-05-09,24,0,0,0
São Fidélis,São Fidélis,2020-05-10,31,7,0,0
São Fidélis,São Fidélis,2020-05-11,31,0,0,0
São Fidélis,São Fidélis,2020-05-12,31,0,0,0
São Fidélis,São Fidélis,2020-05-13,31,0,0,0
São Fidélis,São Fidélis,2020-05-14,32,1,0,0
São Fidélis,São Fidélis,2020-05-15,32,0,0,0
São Fidélis,São Fidélis,2020-05-16,32,0,0,0
São Fidélis,São Fidélis,2020-05-17,32,0,0,0
São Fidélis,São Fidélis,2020-05-18,94,62,0,0
São Fidélis,São Fidélis,2020-05-19,94,0,0,0
São Fidélis,São Fidélis,2020-05-20,94,0,0,0
São Fidélis,São Fidélis,2020-05-21,94,0,0,0
São Fidélis,São Fidélis,2020-05-22,94,0,0,0
São Fidélis,São Fidélis,2020-05-23,94,0,0,0
São Fidélis,São Fidélis,2020-05-24,134,40,0,0
São Fidélis,São Fidélis,2020-05-25,143,9,0,0
São Fidélis,São Fidélis,2020-05-26,143,0,0,0
São Fidélis,São Fidélis,2020-05-27,143,0,0,0
São Fidélis,São Fidélis,2020-05-28,143,0,0,0
São Fidélis,São Fidélis,2020-05-29,141,-2,0,0
São Fidélis,São Fidélis,2020-05-30,140,-1,0,0
São Fidélis,São Fidélis,2020-05-31,141,1,0,0
São Fidélis,São Fidélis,2020-06-01,143,2,0,0
São Fidélis,São Fidélis,2020-06-02,143,0,0,0
São Fidélis,São Fidélis,2020-06-03,145,2,0,0
São Fidélis,São Fidélis,2020-06-04,145,0,0,0
São Fidélis,São Fidélis,2020-06-05,145,0,0,0
São Fidélis,São Fidélis,2020-06-06,146,1,0,0
São Fidélis,São Fidélis,2020-06-07,147,1,0,0
São Fidélis,São Fidélis,2020-06-08,148,1,0,0
São Fidélis,São Fidélis,2020-06-09,148,0,0,0
São Fidélis,São Fidélis,2020-06-10,148,0,0,0
São Fidélis,São Fidélis,2020-06-11,116,-32,0,0
São Fidélis,São Fidélis,2020-06-12,124,8,0,0
São Fidélis,São Fidélis,2020-06-13,122,-2,0,0
São Fidélis,São Fidélis,2020-06-14,125,3,0,0
São Fidélis,São Fidélis,2020-06-15,125,0,0,0
São Fidélis,São Fidélis,2020-06-16,129,4,0,0
São Fidélis,São Fidélis,2020-06-17,129,0,0,0
São Fidélis,São Fidélis,2020-06-18,129,0,0,0
São Fidélis,São Fidélis,2020-06-19,135,6,0,0
São Fidélis,São Fidélis,2020-06-20,138,3,0,0
São Fidélis,São Fidélis,2020-06-21,138,0,0,0
São Fidélis,São Fidélis,2020-06-22,139,1,0,0
São Fidélis,São Fidélis,2020-06-23,142,3,0,0
São Fidélis,São Fidélis,2020-06-24,143,1,0,0
São Fidélis,São Fidélis,2020-06-25,144,1,0,0
São Fidélis,São Fidélis,2020-06-26,144,0,0,0
São Fidélis,São Fidélis,2020-06-27,144,0,0,0
São Fidélis,São Fidélis,2020-06-28,144,0,0,0
São Fidélis,São Fidélis,2020-06-29,144,0,0,0
São Fidélis,São Fidélis,2020-06-30,144,0,0,0
São Fidélis,São Fidélis,2020-07-01,145,1,0,0
São Fidélis,São Fidélis,2020-07-02,147,2,0,0
São Fidélis,São Fidélis,2020-07-03,150,3,0,0
São Fidélis,São Fidélis,2020-07-04,151,1,0,0
São Fidélis,São Fidélis,2020-07-05,151,0,0,0
São Fidélis,São Fidélis,2020-07-06,152,1,0,0
São Fidélis,São Fidélis,2020-07-07,153,1,0,0
São Fidélis,São Fidélis,2020-07-08,154,1,0,0
São Fidélis,São Fidélis,2020-07-09,153,-1,0,0
São Fidélis,São Fidélis,2020-07-10,153,0,0,0
São Fidélis,São Fidélis,2020-07-11,154,1,1,1
São Fidélis,São Fidélis,2020-07-12,154,0,1,0
São Fidélis,São Fidélis,2020-07-13,157,3,1,0
São Fidélis,São Fidélis,2020-07-14,162,5,5,4
São Fidélis,São Fidélis,2020-07-15,162,0,5,0
São Fidélis,São Fidélis,2020-07-16,165,3,8,3
São Fidélis,São Fidélis,2020-07-17,166,1,8,0
São Fidélis,São Fidélis,2020-07-18,166,0,8,0
São Fidélis,São Fidélis,2020-07-19,165,-1,8,0
São Fidélis,São Fidélis,2020-07-20,171,6,8,0
São Fidélis,São Fidélis,2020-07-21,180,9,9,1
São Fidélis,São Fidélis,2020-07-22,182,2,9,0
São Fidélis,São Fidélis,2020-07-23,184,2,9,0
São Fidélis,São Fidélis,2020-07-24,188,4,9,0
São Fidélis,São Fidélis,2020-07-25,192,4,12,3
São Fidélis,São Fidélis,2020-07-26,192,0,12,0
São Fidélis,São Fidélis,2020-07-27,196,4,12,0
São Fidélis,São Fidélis,2020-07-28,198,2,12,0
São Fidélis,São Fidélis,2020-07-29,202,4,15,3
São Fidélis,São Fidélis,2020-07-30,203,1,15,0
São Fidélis,São Fidélis,2020-07-31,205,2,15,0
São Fidélis,São Fidélis,2020-08-01,205,0,15,0
São Fidélis,São Fidélis,2020-08-02,205,0,15,0
São Fidélis,São Fidélis,2020-08-03,206,1,15,0
São Fidélis,São Fidélis,2020-08-04,206,0,15,0
São Fidélis,São Fidélis,2020-08-05,208,2,15,0
São Fidélis,São Fidélis,2020-08-06,208,0,15,0
São Fidélis,São Fidélis,2020-08-07,209,1,15,0
São Fidélis,São Fidélis,2020-08-08,210,1,15,0
São Fidélis,São Fidélis,2020-08-09,211,1,15,0
São Fidélis,São Fidélis,2020-08-10,211,0,15,0
São Fidélis,São Fidélis,2020-08-11,211,0,15,0
São Fidélis,São Fidélis,2020-08-12,212,1,15,0
São Fidélis,São Fidélis,2020-08-13,213,1,15,0
São Fidélis,São Fidélis,2020-08-14,214,1,16,1
São Fidélis,São Fidélis,2020-08-15,214,0,16,0
São Fidélis,São Fidélis,2020-08-16,218,4,16,0
São Fidélis,São Fidélis,2020-08-17,219,1,16,0
São Fidélis,São Fidélis,2020-08-18,221,2,18,2
São Fidélis,São Fidélis,2020-08-19,222,1,18,0
São Fidélis,São Fidélis,2020-08-20,224,2,18,0
São Fidélis,São Fidélis,2020-08-21,228,4,22,4
São Fidélis,São Fidélis,2020-08-22,230,2,22,0
São Fidélis,São Fidélis,2020-08-23,230,0,22,0
São Fidélis,São Fidélis,2020-08-24,230,0,22,0
São Fidélis,São Fidélis,2020-08-25,231,1,22,0
São Fidélis,São Fidélis,2020-08-26,234,3,22,0
São Fidélis,São Fidélis,2020-08-27,236,2,22,0
São Fidélis,São Fidélis,2020-08-28,236,0,22,0
São Fidélis,São Fidélis,2020-08-29,238,2,22,0
São Fidélis,São Fidélis,2020-08-30,238,0,22,0
São Fidélis,São Fidélis,2020-08-31,239,1,22,0
São Fidélis,São Fidélis,2020-09-01,239,0,22,0
São Fidélis,São Fidélis,2020-09-02,239,0,22,0
São Fidélis,São Fidélis,2020-09-03,242,3,22,0
São Fidélis,São Fidélis,2020-09-04,242,0,22,0
São Fidélis,São Fidélis,2020-09-05,242,0,22,0
São Fidélis,São Fidélis,2020-09-06,242,0,22,0
São Fidélis,São Fidélis,2020-09-07,242,0,22,0
São Fidélis,São Fidélis,2020-09-08,242,0,22,0
São Fidélis,São Fidélis,2020-09-09,242,0,22,0
São Fidélis,São Fidélis,2020-09-10,242,0,22,0
São Fidélis,São Fidélis,2020-09-11,245,3,23,1
São Fidélis,São Fidélis,2020-09-12,245,0,23,0
São Fidélis,São Fidélis,2020-09-13,245,0,23,0
São Fidélis,São Fidélis,2020-09-14,245,0,23,0
São Fidélis,São Fidélis,2020-09-15,246,1,23,0
São Fidélis,São Fidélis,2020-09-16,247,1,23,0
São Fidélis,São Fidélis,2020-09-17,247,0,23,0
São Fidélis,São Fidélis,2020-09-18,247,0,23,0
São Fidélis,São Fidélis,2020-09-19,249,2,23,0
São Fidélis,São Fidélis,2020-09-20,249,0,23,0
São Fidélis,São Fidélis,2020-09-21,249,0,23,0
São Fidélis,São Fidélis,2020-09-22,249,0,23,0
São Fidélis,São Fidélis,2020-09-23,249,0,23,0
São Fidélis,São Fidélis,2020-09-24,249,0,23,0
São Fidélis,São Fidélis,2020-09-25,250,1,23,0
São Fidélis,São Fidélis,2020-09-26,250,0,23,0
São Fidélis,São Fidélis,2020-09-27,250,0,23,0
São Fidélis,São Fidélis,2020-09-28,250,0,23,0
São Fidélis,São Fidélis,2020-09-29,251,1,23,0
São Fidélis,São Fidélis,2020-09-30,251,0,23,0
São Fidélis,São Fidélis,2020-10-01,251,0,23,0
São Fidélis,São Fidélis,2020-10-02,252,1,23,0
São Fidélis,São Fidélis,2020-10-03,255,3,23,0
São Fidélis,São Fidélis,2020-10-04,255,0,23,0
São Fidélis,São Fidélis,2020-10-05,255,0,23,0
São Fidélis,São Fidélis,2020-10-06,262,7,25,2
São Fidélis,São Fidélis,2020-10-07,264,2,25,0
São Fidélis,São Fidélis,2020-10-08,271,7,28,3
São Fidélis,São Fidélis,2020-10-09,271,0,28,0
São Fidélis,São Fidélis,2020-10-10,271,0,28,0
São Fidélis,São Fidélis,2020-10-11,271,0,28,0
São Fidélis,São Fidélis,2020-10-12,271,0,28,0
São Fidélis,São Fidélis,2020-10-13,271,0,28,0
São Fidélis,São Fidélis,2020-10-14,271,0,28,0
São Fidélis,São Fidélis,2020-10-15,271,0,28,0
São Fidélis,São Fidélis,2020-10-16,271,0,28,0
São Fidélis,São Fidélis,2020-10-17,273,2,30,2
São Fidélis,São Fidélis,2020-10-18,274,1,30,0
São Fidélis,São Fidélis,2020-10-19,274,0,30,0
São Fidélis,São Fidélis,2020-10-20,275,1,31,1
São Fidélis,São Fidélis,2020-10-21,277,2,31,0
São Fidélis,São Fidélis,2020-10-22,277,0,31,0
São Fidélis,São Fidélis,2020-10-23,279,2,31,0
São Fidélis,São Fidélis,2020-10-24,279,0,31,0
São Fidélis,São Fidélis,2020-10-25,279,0,31,0
São Fidélis,São Fidélis,2020-10-26,291,12,31,0
São Fidélis,São Fidélis,2020-10-27,291,0,31,0
São Fidélis,São Fidélis,2020-10-28,291,0,31,0
São Fidélis,São Fidélis,2020-10-29,291,0,31,0
São Fidélis,São Fidélis,2020-10-30,291,0,31,0
São Fidélis,São Fidélis,2020-10-31,291,0,31,0
São Fidélis,São Fidélis,2020-11-01,292,1,31,0
São Fidélis,São Fidélis,2020-11-02,292,0,31,0
São Fidélis,São Fidélis,2020-11-03,292,0,31,0
São Fidélis,São Fidélis,2020-11-04,294,2,31,0
São Fidélis,São Fidélis,2020-11-05,283,-11,31,0
São Fidélis,São Fidélis,2020-11-06,283,0,31,0
São Fidélis,São Fidélis,2020-11-07,283,0,31,0
São Fidélis,São Fidélis,2020-11-08,285,2,31,0
São Fidélis,São Fidélis,2020-11-09,285,0,31,0
São Fidélis,São Fidélis,2020-11-10,285,0,31,0
São Fidélis,São Fidélis,2020-11-11,286,1,31,0
São Fidélis,São Fidélis,2020-11-12,286,0,31,0
São Fidélis,São Fidélis,2020-11-13,287,1,32,1
São Fidélis,São Fidélis,2020-11-14,290,3,32,0
São Fidélis,São Fidélis,2020-11-15,290,0,32,0
São Fidélis,São Fidélis,2020-11-16,290,0,32,0
São Fidélis,São Fidélis,2020-11-17,290,0,32,0
São Fidélis,São Fidélis,2020-11-18,291,1,32,0
São Fidélis,São Fidélis,2020-11-19,293,2,32,0
São Fidélis,São Fidélis,2020-11-20,294,1,32,0
São Fidélis,São Fidélis,2020-11-21,294,0,32,0
São Fidélis,São Fidélis,2020-11-22,295,1,32,0
São Fidélis,São Fidélis,2020-11-23,295,0,32,0
São Fidélis,São Fidélis,2020-11-24,295,0,32,0
São Fidélis,São Fidélis,2020-11-25,295,0,32,0
São Fidélis,São Fidélis,2020-11-26,297,2,32,0
São Fidélis,São Fidélis,2020-11-27,300,3,32,0
São Fidélis,São Fidélis,2020-11-28,303,3,32,0
São Fidélis,São Fidélis,2020-11-29,303,0,32,0
São Fidélis,São Fidélis,2020-11-30,304,1,32,0
São Fidélis,São Fidélis,2020-12-01,306,2,33,1
São Fidélis,São Fidélis,2020-12-02,308,2,33,0
São Fidélis,São Fidélis,2020-12-03,311,3,33,0
São Fidélis,São Fidélis,2020-12-04,312,1,34,1
São Fidélis,São Fidélis,2020-12-05,313,1,34,0
São Fidélis,São Fidélis,2020-12-06,314,1,34,0
São Fidélis,São Fidélis,2020-12-07,314,0,34,0
São Fidélis,São Fidélis,2020-12-08,318,4,34,0
São Fidélis,São Fidélis,2020-12-09,320,2,34,0
São Fidélis,São Fidélis,2020-12-10,320,0,34,0
São Fidélis,São Fidélis,2020-12-11,320,0,34,0
São Fidélis,São Fidélis,2020-12-12,321,1,34,0
São Fidélis,São Fidélis,2020-12-13,322,1,34,0
São Fidélis,São Fidélis,2020-12-14,324,2,34,0
São Fidélis,São Fidélis,2020-12-15,324,0,34,0
São Fidélis,São Fidélis,2020-12-16,328,4,35,1
São Fidélis,São Fidélis,2020-12-17,328,0,35,0
São Fidélis,São Fidélis,2020-12-18,328,0,35,0
São Fidélis,São Fidélis,2020-12-19,328,0,35,0
São Fidélis,São Fidélis,2020-12-20,329,1,35,0
São Fidélis,São Fidélis,2020-12-21,330,1,35,0
São Fidélis,São Fidélis,2020-12-22,330,0,35,0
São Fidélis,São Fidélis,2020-12-23,331,1,35,0
São Fidélis,São Fidélis,2020-12-24,334,3,35,0
São Fidélis,São Fidélis,2020-12-25,334,0,35,0
São Fidélis,São Fidélis,2020-12-26,334,0,35,0
São Fidélis,São Fidélis,2020-12-27,334,0,35,0
São Fidélis,São Fidélis,2020-12-28,334,0,35,0
São Fidélis,São Fidélis,2020-12-29,335,1,35,0
São Fidélis,São Fidélis,2020-12-30,335,0,35,0
São Fidélis,São Fidélis,2020-12-31,339,4,35,0
São Fidélis,São Fidélis,2021-01-01,341,2,35,0
São Fidélis,São Fidélis,2021-01-02,342,1,35,0
São Fidélis,São Fidélis,2021-01-03,342,0,35,0
São Fidélis,São Fidélis,2021-01-04,343,1,35,0
São Fidélis,São Fidélis,2021-01-05,343,0,35,0
São Fidélis,São Fidélis,2021-01-06,344,1,35,0
São Fidélis,São Fidélis,2021-01-07,347,3,37,2
São Fidélis,São Fidélis,2021-01-08,347,0,37,0
São Fidélis,São Fidélis,2021-01-09,351,4,37,0
São Fidélis,São Fidélis,2021-01-10,351,0,37,0
São Fidélis,São Fidélis,2021-01-11,351,0,37,0
São Fidélis,São Fidélis,2021-01-12,357,6,37,0
São Fidélis,São Fidélis,2021-01-13,359,2,37,0
São Fidélis,São Fidélis,2021-01-14,361,2,37,0
São Fidélis,São Fidélis,2021-01-15,361,0,37,0
São Fidélis,São Fidélis,2021-01-16,363,2,37,0
São Fidélis,São Fidélis,2021-01-17,363,0,37,0
São Fidélis,São Fidélis,2021-01-18,363,0,37,0
São Fidélis,São Fidélis,2021-01-19,364,1,37,0
São Fidélis,São Fidélis,2021-01-20,365,1,37,0
São Fidélis,São Fidélis,2021-01-21,366,1,37,0
São Fidélis,São Fidélis,2021-01-22,366,0,37,0
São Fidélis,São Fidélis,2021-01-23,367,1,37,0
São Fidélis,São Fidélis,2021-01-24,367,0,37,0
São Fidélis,São Fidélis,2021-01-25,367,0,37,0
São Fidélis,São Fidélis,2021-01-26,368,1,37,0
São Fidélis,São Fidélis,2021-01-27,368,0,37,0
São Fidélis,São Fidélis,2021-01-28,368,0,37,0
São Fidélis,São Fidélis,2021-01-29,369,1,37,0
São Fidélis,São Fidélis,2021-01-30,369,0,37,0
São Fidélis,São Fidélis,2021-01-31,369,0,37,0
São Fidélis,São Fidélis,2021-02-01,372,3,37,0
São Fidélis,São Fidélis,2021-02-02,375,3,37,0
São Fidélis,São Fidélis,2021-02-03,377,2,37,0
São Fidélis,São Fidélis,2021-02-04,378,1,37,0
São Fidélis,São Fidélis,2021-02-05,378,0,37,0
São Fidélis,São Fidélis,2021-02-06,378,0,37,0
São Fidélis,São Fidélis,2021-02-07,378,0,37,0
São Fidélis,São Fidélis,2021-02-08,378,0,37,0
