city,city,date,cases,daily cases,deaths,daily deaths
São Bento do Una,São Bento do Una,2020-03-27,0,0,0,0
São Bento do Una,São Bento do Una,2020-03-28,0,0,0,0
São Bento do Una,São Bento do Una,2020-03-29,0,0,0,0
São Bento do Una,São Bento do Una,2020-03-30,0,0,0,0
São Bento do Una,São Bento do Una,2020-03-31,0,0,0,0
São Bento do Una,São Bento do Una,2020-04-01,0,0,0,0
São Bento do Una,São Bento do Una,2020-04-02,0,0,0,0
São Bento do Una,São Bento do Una,2020-04-03,0,0,0,0
São Bento do Una,São Bento do Una,2020-04-04,0,0,0,0
São Bento do Una,São Bento do Una,2020-04-05,0,0,0,0
São Bento do Una,São Bento do Una,2020-04-06,0,0,0,0
São Bento do Una,São Bento do Una,2020-04-07,0,0,0,0
São Bento do Una,São Bento do Una,2020-04-08,0,0,0,0
São Bento do Una,São Bento do Una,2020-04-09,0,0,0,0
São Bento do Una,São Bento do Una,2020-04-10,0,0,0,0
São Bento do Una,São Bento do Una,2020-04-11,1,1,0,0
São Bento do Una,São Bento do Una,2020-04-12,1,0,0,0
São Bento do Una,São Bento do Una,2020-04-13,1,0,0,0
São Bento do Una,São Bento do Una,2020-04-14,1,0,0,0
São Bento do Una,São Bento do Una,2020-04-15,1,0,0,0
São Bento do Una,São Bento do Una,2020-04-16,1,0,0,0
São Bento do Una,São Bento do Una,2020-04-17,1,0,0,0
São Bento do Una,São Bento do Una,2020-04-18,1,0,0,0
São Bento do Una,São Bento do Una,2020-04-19,1,0,0,0
São Bento do Una,São Bento do Una,2020-04-20,1,0,0,0
São Bento do Una,São Bento do Una,2020-04-21,1,0,0,0
São Bento do Una,São Bento do Una,2020-04-22,1,0,0,0
São Bento do Una,São Bento do Una,2020-04-23,1,0,0,0
São Bento do Una,São Bento do Una,2020-04-24,1,0,0,0
São Bento do Una,São Bento do Una,2020-04-25,3,2,0,0
São Bento do Una,São Bento do Una,2020-04-26,3,0,0,0
São Bento do Una,São Bento do Una,2020-04-27,3,0,0,0
São Bento do Una,São Bento do Una,2020-04-28,3,0,0,0
São Bento do Una,São Bento do Una,2020-04-29,4,1,0,0
São Bento do Una,São Bento do Una,2020-04-30,4,0,0,0
São Bento do Una,São Bento do Una,2020-05-01,4,0,0,0
São Bento do Una,São Bento do Una,2020-05-02,5,1,0,0
São Bento do Una,São Bento do Una,2020-05-03,5,0,0,0
São Bento do Una,São Bento do Una,2020-05-04,5,0,0,0
São Bento do Una,São Bento do Una,2020-05-05,5,0,0,0
São Bento do Una,São Bento do Una,2020-05-06,5,0,0,0
São Bento do Una,São Bento do Una,2020-05-07,5,0,0,0
São Bento do Una,São Bento do Una,2020-05-08,5,0,0,0
São Bento do Una,São Bento do Una,2020-05-09,6,1,0,0
São Bento do Una,São Bento do Una,2020-05-10,7,1,0,0
São Bento do Una,São Bento do Una,2020-05-11,7,0,0,0
São Bento do Una,São Bento do Una,2020-05-12,8,1,0,0
São Bento do Una,São Bento do Una,2020-05-13,15,7,0,0
São Bento do Una,São Bento do Una,2020-05-14,17,2,1,1
São Bento do Una,São Bento do Una,2020-05-15,17,0,2,1
São Bento do Una,São Bento do Una,2020-05-16,23,6,2,0
São Bento do Una,São Bento do Una,2020-05-17,23,0,2,0
São Bento do Una,São Bento do Una,2020-05-18,27,4,2,0
São Bento do Una,São Bento do Una,2020-05-19,28,1,2,0
São Bento do Una,São Bento do Una,2020-05-20,31,3,2,0
São Bento do Una,São Bento do Una,2020-05-21,32,1,2,0
São Bento do Una,São Bento do Una,2020-05-22,32,0,3,1
São Bento do Una,São Bento do Una,2020-05-23,34,2,3,0
São Bento do Una,São Bento do Una,2020-05-24,35,1,3,0
São Bento do Una,São Bento do Una,2020-05-25,36,1,3,0
São Bento do Una,São Bento do Una,2020-05-26,36,0,3,0
São Bento do Una,São Bento do Una,2020-05-27,38,2,3,0
São Bento do Una,São Bento do Una,2020-05-28,39,1,3,0
São Bento do Una,São Bento do Una,2020-05-29,40,1,3,0
São Bento do Una,São Bento do Una,2020-05-30,47,7,3,0
São Bento do Una,São Bento do Una,2020-05-31,56,9,3,0
São Bento do Una,São Bento do Una,2020-06-01,61,5,3,0
São Bento do Una,São Bento do Una,2020-06-02,61,0,4,1
São Bento do Una,São Bento do Una,2020-06-03,66,5,5,1
São Bento do Una,São Bento do Una,2020-06-04,72,6,7,2
São Bento do Una,São Bento do Una,2020-06-05,79,7,8,1
São Bento do Una,São Bento do Una,2020-06-06,88,9,8,0
São Bento do Una,São Bento do Una,2020-06-07,96,8,8,0
São Bento do Una,São Bento do Una,2020-06-08,98,2,8,0
São Bento do Una,São Bento do Una,2020-06-09,101,3,8,0
São Bento do Una,São Bento do Una,2020-06-10,112,11,9,1
São Bento do Una,São Bento do Una,2020-06-11,127,15,10,1
São Bento do Una,São Bento do Una,2020-06-12,134,7,10,0
São Bento do Una,São Bento do Una,2020-06-13,136,2,10,0
São Bento do Una,São Bento do Una,2020-06-14,139,3,10,0
São Bento do Una,São Bento do Una,2020-06-15,139,0,10,0
São Bento do Una,São Bento do Una,2020-06-16,161,22,10,0
São Bento do Una,São Bento do Una,2020-06-17,164,3,10,0
São Bento do Una,São Bento do Una,2020-06-18,169,5,10,0
São Bento do Una,São Bento do Una,2020-06-19,171,2,10,0
São Bento do Una,São Bento do Una,2020-06-20,174,3,10,0
São Bento do Una,São Bento do Una,2020-06-21,175,1,10,0
São Bento do Una,São Bento do Una,2020-06-22,179,4,10,0
São Bento do Una,São Bento do Una,2020-06-23,179,0,13,3
São Bento do Una,São Bento do Una,2020-06-24,190,11,13,0
São Bento do Una,São Bento do Una,2020-06-25,192,2,13,0
São Bento do Una,São Bento do Una,2020-06-26,195,3,13,0
São Bento do Una,São Bento do Una,2020-06-27,200,5,13,0
São Bento do Una,São Bento do Una,2020-06-28,205,5,13,0
São Bento do Una,São Bento do Una,2020-06-29,212,7,13,0
São Bento do Una,São Bento do Una,2020-06-30,216,4,14,1
São Bento do Una,São Bento do Una,2020-07-01,221,5,16,2
São Bento do Una,São Bento do Una,2020-07-02,226,5,17,1
São Bento do Una,São Bento do Una,2020-07-03,236,10,17,0
São Bento do Una,São Bento do Una,2020-07-04,246,10,17,0
São Bento do Una,São Bento do Una,2020-07-05,252,6,17,0
São Bento do Una,São Bento do Una,2020-07-06,255,3,17,0
São Bento do Una,São Bento do Una,2020-07-07,259,4,17,0
São Bento do Una,São Bento do Una,2020-07-08,270,11,17,0
São Bento do Una,São Bento do Una,2020-07-09,274,4,17,0
São Bento do Una,São Bento do Una,2020-07-10,285,11,17,0
São Bento do Una,São Bento do Una,2020-07-11,291,6,18,1
São Bento do Una,São Bento do Una,2020-07-12,298,7,18,0
São Bento do Una,São Bento do Una,2020-07-13,301,3,18,0
São Bento do Una,São Bento do Una,2020-07-14,303,2,18,0
São Bento do Una,São Bento do Una,2020-07-15,322,19,18,0
São Bento do Una,São Bento do Una,2020-07-16,333,11,19,1
São Bento do Una,São Bento do Una,2020-07-17,340,7,19,0
São Bento do Una,São Bento do Una,2020-07-18,350,10,19,0
São Bento do Una,São Bento do Una,2020-07-19,357,7,19,0
São Bento do Una,São Bento do Una,2020-07-20,361,4,19,0
São Bento do Una,São Bento do Una,2020-07-21,363,2,20,1
São Bento do Una,São Bento do Una,2020-07-22,369,6,21,1
São Bento do Una,São Bento do Una,2020-07-23,377,8,22,1
São Bento do Una,São Bento do Una,2020-07-24,385,8,24,2
São Bento do Una,São Bento do Una,2020-07-25,391,6,24,0
São Bento do Una,São Bento do Una,2020-07-26,403,12,24,0
São Bento do Una,São Bento do Una,2020-07-27,413,10,24,0
São Bento do Una,São Bento do Una,2020-07-28,414,1,24,0
São Bento do Una,São Bento do Una,2020-07-29,426,12,24,0
São Bento do Una,São Bento do Una,2020-07-30,443,17,24,0
São Bento do Una,São Bento do Una,2020-07-31,446,3,24,0
São Bento do Una,São Bento do Una,2020-08-01,451,5,24,0
São Bento do Una,São Bento do Una,2020-08-02,457,6,24,0
São Bento do Una,São Bento do Una,2020-08-03,463,6,24,0
São Bento do Una,São Bento do Una,2020-08-04,470,7,24,0
São Bento do Una,São Bento do Una,2020-08-05,472,2,24,0
São Bento do Una,São Bento do Una,2020-08-06,480,8,24,0
São Bento do Una,São Bento do Una,2020-08-07,492,12,24,0
São Bento do Una,São Bento do Una,2020-08-08,497,5,24,0
São Bento do Una,São Bento do Una,2020-08-09,499,2,24,0
São Bento do Una,São Bento do Una,2020-08-10,499,0,25,1
São Bento do Una,São Bento do Una,2020-08-11,505,6,25,0
São Bento do Una,São Bento do Una,2020-08-12,510,5,25,0
São Bento do Una,São Bento do Una,2020-08-13,513,3,25,0
São Bento do Una,São Bento do Una,2020-08-14,529,16,25,0
São Bento do Una,São Bento do Una,2020-08-15,536,7,25,0
São Bento do Una,São Bento do Una,2020-08-16,547,11,25,0
São Bento do Una,São Bento do Una,2020-08-17,547,0,25,0
São Bento do Una,São Bento do Una,2020-08-18,548,1,25,0
São Bento do Una,São Bento do Una,2020-08-19,558,10,25,0
São Bento do Una,São Bento do Una,2020-08-20,566,8,25,0
São Bento do Una,São Bento do Una,2020-08-21,573,7,25,0
São Bento do Una,São Bento do Una,2020-08-22,573,0,25,0
São Bento do Una,São Bento do Una,2020-08-23,584,11,25,0
São Bento do Una,São Bento do Una,2020-08-24,585,1,25,0
São Bento do Una,São Bento do Una,2020-08-25,587,2,25,0
São Bento do Una,São Bento do Una,2020-08-26,594,7,25,0
São Bento do Una,São Bento do Una,2020-08-27,599,5,25,0
São Bento do Una,São Bento do Una,2020-08-28,600,1,25,0
São Bento do Una,São Bento do Una,2020-08-29,602,2,25,0
São Bento do Una,São Bento do Una,2020-08-30,606,4,25,0
São Bento do Una,São Bento do Una,2020-08-31,607,1,25,0
São Bento do Una,São Bento do Una,2020-09-01,621,14,25,0
São Bento do Una,São Bento do Una,2020-09-02,623,2,25,0
São Bento do Una,São Bento do Una,2020-09-03,633,10,25,0
São Bento do Una,São Bento do Una,2020-09-04,634,1,25,0
São Bento do Una,São Bento do Una,2020-09-05,635,1,25,0
São Bento do Una,São Bento do Una,2020-09-06,636,1,25,0
São Bento do Una,São Bento do Una,2020-09-07,636,0,25,0
São Bento do Una,São Bento do Una,2020-09-08,636,0,25,0
São Bento do Una,São Bento do Una,2020-09-09,644,8,25,0
São Bento do Una,São Bento do Una,2020-09-10,651,7,25,0
São Bento do Una,São Bento do Una,2020-09-11,655,4,25,0
São Bento do Una,São Bento do Una,2020-09-12,661,6,25,0
São Bento do Una,São Bento do Una,2020-09-13,662,1,25,0
São Bento do Una,São Bento do Una,2020-09-14,662,0,25,0
São Bento do Una,São Bento do Una,2020-09-15,670,8,25,0
São Bento do Una,São Bento do Una,2020-09-16,676,6,25,0
São Bento do Una,São Bento do Una,2020-09-17,676,0,25,0
São Bento do Una,São Bento do Una,2020-09-18,679,3,25,0
São Bento do Una,São Bento do Una,2020-09-19,682,3,25,0
São Bento do Una,São Bento do Una,2020-09-20,682,0,25,0
São Bento do Una,São Bento do Una,2020-09-21,683,1,25,0
São Bento do Una,São Bento do Una,2020-09-22,685,2,26,1
São Bento do Una,São Bento do Una,2020-09-23,686,1,26,0
São Bento do Una,São Bento do Una,2020-09-24,686,0,26,0
São Bento do Una,São Bento do Una,2020-09-25,691,5,26,0
São Bento do Una,São Bento do Una,2020-09-26,693,2,26,0
São Bento do Una,São Bento do Una,2020-09-27,693,0,26,0
São Bento do Una,São Bento do Una,2020-09-28,693,0,26,0
São Bento do Una,São Bento do Una,2020-09-29,698,5,26,0
São Bento do Una,São Bento do Una,2020-09-30,700,2,26,0
São Bento do Una,São Bento do Una,2020-10-01,702,2,26,0
São Bento do Una,São Bento do Una,2020-10-02,702,0,26,0
São Bento do Una,São Bento do Una,2020-10-03,704,2,26,0
São Bento do Una,São Bento do Una,2020-10-04,704,0,26,0
São Bento do Una,São Bento do Una,2020-10-05,704,0,26,0
São Bento do Una,São Bento do Una,2020-10-06,705,1,26,0
São Bento do Una,São Bento do Una,2020-10-07,707,2,26,0
São Bento do Una,São Bento do Una,2020-10-08,707,0,26,0
São Bento do Una,São Bento do Una,2020-10-09,707,0,26,0
São Bento do Una,São Bento do Una,2020-10-10,709,2,26,0
São Bento do Una,São Bento do Una,2020-10-11,709,0,26,0
São Bento do Una,São Bento do Una,2020-10-12,709,0,26,0
São Bento do Una,São Bento do Una,2020-10-13,709,0,26,0
São Bento do Una,São Bento do Una,2020-10-14,709,0,26,0
São Bento do Una,São Bento do Una,2020-10-15,712,3,26,0
São Bento do Una,São Bento do Una,2020-10-16,714,2,26,0
São Bento do Una,São Bento do Una,2020-10-17,714,0,26,0
São Bento do Una,São Bento do Una,2020-10-18,714,0,26,0
São Bento do Una,São Bento do Una,2020-10-19,718,4,26,0
São Bento do Una,São Bento do Una,2020-10-20,720,2,26,0
São Bento do Una,São Bento do Una,2020-10-21,721,1,26,0
São Bento do Una,São Bento do Una,2020-10-22,722,1,26,0
São Bento do Una,São Bento do Una,2020-10-23,723,1,26,0
São Bento do Una,São Bento do Una,2020-10-24,726,3,26,0
São Bento do Una,São Bento do Una,2020-10-25,726,0,26,0
São Bento do Una,São Bento do Una,2020-10-26,726,0,26,0
São Bento do Una,São Bento do Una,2020-10-27,726,0,26,0
São Bento do Una,São Bento do Una,2020-10-28,728,2,26,0
São Bento do Una,São Bento do Una,2020-10-29,728,0,26,0
São Bento do Una,São Bento do Una,2020-10-30,729,1,26,0
São Bento do Una,São Bento do Una,2020-10-31,729,0,26,0
São Bento do Una,São Bento do Una,2020-11-01,729,0,26,0
São Bento do Una,São Bento do Una,2020-11-02,729,0,26,0
São Bento do Una,São Bento do Una,2020-11-03,729,0,26,0
São Bento do Una,São Bento do Una,2020-11-04,739,10,26,0
São Bento do Una,São Bento do Una,2020-11-05,744,5,26,0
São Bento do Una,São Bento do Una,2020-11-06,746,2,26,0
São Bento do Una,São Bento do Una,2020-11-07,748,2,26,0
São Bento do Una,São Bento do Una,2020-11-08,749,1,26,0
São Bento do Una,São Bento do Una,2020-11-09,749,0,26,0
São Bento do Una,São Bento do Una,2020-11-10,750,1,26,0
São Bento do Una,São Bento do Una,2020-11-11,755,5,26,0
São Bento do Una,São Bento do Una,2020-11-12,757,2,26,0
São Bento do Una,São Bento do Una,2020-11-13,758,1,26,0
São Bento do Una,São Bento do Una,2020-11-14,759,1,26,0
São Bento do Una,São Bento do Una,2020-11-15,760,1,26,0
São Bento do Una,São Bento do Una,2020-11-16,760,0,26,0
São Bento do Una,São Bento do Una,2020-11-17,760,0,26,0
São Bento do Una,São Bento do Una,2020-11-18,759,-1,26,0
São Bento do Una,São Bento do Una,2020-11-19,759,0,26,0
São Bento do Una,São Bento do Una,2020-11-20,760,1,26,0
São Bento do Una,São Bento do Una,2020-11-21,761,1,26,0
São Bento do Una,São Bento do Una,2020-11-22,761,0,26,0
São Bento do Una,São Bento do Una,2020-11-23,761,0,26,0
São Bento do Una,São Bento do Una,2020-11-24,772,11,26,0
São Bento do Una,São Bento do Una,2020-11-25,774,2,26,0
São Bento do Una,São Bento do Una,2020-11-26,775,1,26,0
São Bento do Una,São Bento do Una,2020-11-27,775,0,26,0
São Bento do Una,São Bento do Una,2020-11-28,777,2,26,0
São Bento do Una,São Bento do Una,2020-11-29,778,1,26,0
São Bento do Una,São Bento do Una,2020-11-30,783,5,26,0
São Bento do Una,São Bento do Una,2020-12-01,783,0,26,0
São Bento do Una,São Bento do Una,2020-12-02,788,5,26,0
São Bento do Una,São Bento do Una,2020-12-03,791,3,26,0
São Bento do Una,São Bento do Una,2020-12-04,793,2,26,0
São Bento do Una,São Bento do Una,2020-12-05,797,4,26,0
São Bento do Una,São Bento do Una,2020-12-06,805,8,26,0
São Bento do Una,São Bento do Una,2020-12-07,805,0,26,0
São Bento do Una,São Bento do Una,2020-12-08,808,3,26,0
São Bento do Una,São Bento do Una,2020-12-09,821,13,26,0
São Bento do Una,São Bento do Una,2020-12-10,826,5,26,0
São Bento do Una,São Bento do Una,2020-12-11,828,2,26,0
São Bento do Una,São Bento do Una,2020-12-12,831,3,26,0
São Bento do Una,São Bento do Una,2020-12-13,831,0,26,0
São Bento do Una,São Bento do Una,2020-12-14,831,0,26,0
São Bento do Una,São Bento do Una,2020-12-15,831,0,26,0
São Bento do Una,São Bento do Una,2020-12-16,838,7,26,0
São Bento do Una,São Bento do Una,2020-12-17,842,4,26,0
São Bento do Una,São Bento do Una,2020-12-18,847,5,26,0
São Bento do Una,São Bento do Una,2020-12-19,852,5,26,0
São Bento do Una,São Bento do Una,2020-12-20,853,1,27,1
São Bento do Una,São Bento do Una,2020-12-21,853,0,27,0
São Bento do Una,São Bento do Una,2020-12-22,858,5,27,0
São Bento do Una,São Bento do Una,2020-12-23,870,12,27,0
São Bento do Una,São Bento do Una,2020-12-24,872,2,27,0
São Bento do Una,São Bento do Una,2020-12-25,873,1,27,0
São Bento do Una,São Bento do Una,2020-12-26,873,0,27,0
São Bento do Una,São Bento do Una,2020-12-27,875,2,27,0
São Bento do Una,São Bento do Una,2020-12-28,875,0,27,0
São Bento do Una,São Bento do Una,2020-12-29,879,4,27,0
São Bento do Una,São Bento do Una,2020-12-30,887,8,27,0
São Bento do Una,São Bento do Una,2020-12-31,889,2,27,0
São Bento do Una,São Bento do Una,2021-01-01,889,0,27,0
São Bento do Una,São Bento do Una,2021-01-02,889,0,27,0
São Bento do Una,São Bento do Una,2021-01-03,890,1,27,0
São Bento do Una,São Bento do Una,2021-01-04,893,3,27,0
São Bento do Una,São Bento do Una,2021-01-05,897,4,27,0
São Bento do Una,São Bento do Una,2021-01-06,900,3,27,0
São Bento do Una,São Bento do Una,2021-01-07,905,5,27,0
São Bento do Una,São Bento do Una,2021-01-08,908,3,27,0
São Bento do Una,São Bento do Una,2021-01-09,908,0,27,0
São Bento do Una,São Bento do Una,2021-01-10,913,5,27,0
São Bento do Una,São Bento do Una,2021-01-11,917,4,27,0
São Bento do Una,São Bento do Una,2021-01-12,921,4,27,0
São Bento do Una,São Bento do Una,2021-01-13,924,3,27,0
São Bento do Una,São Bento do Una,2021-01-14,935,11,27,0
São Bento do Una,São Bento do Una,2021-01-15,945,10,27,0
São Bento do Una,São Bento do Una,2021-01-16,947,2,27,0
São Bento do Una,São Bento do Una,2021-01-17,948,1,27,0
São Bento do Una,São Bento do Una,2021-01-18,948,0,27,0
São Bento do Una,São Bento do Una,2021-01-19,950,2,27,0
São Bento do Una,São Bento do Una,2021-01-20,963,13,27,0
São Bento do Una,São Bento do Una,2021-01-21,977,14,27,0
São Bento do Una,São Bento do Una,2021-01-22,1042,65,27,0
São Bento do Una,São Bento do Una,2021-01-23,1056,14,27,0
São Bento do Una,São Bento do Una,2021-01-24,1058,2,27,0
São Bento do Una,São Bento do Una,2021-01-25,1058,0,27,0
São Bento do Una,São Bento do Una,2021-01-26,1067,9,27,0
São Bento do Una,São Bento do Una,2021-01-27,1069,2,27,0
São Bento do Una,São Bento do Una,2021-01-28,1074,5,27,0
São Bento do Una,São Bento do Una,2021-01-29,1074,0,27,0
São Bento do Una,São Bento do Una,2021-01-30,1079,5,27,0
São Bento do Una,São Bento do Una,2021-01-31,1081,2,27,0
São Bento do Una,São Bento do Una,2021-02-01,1081,0,27,0
São Bento do Una,São Bento do Una,2021-02-02,1088,7,27,0
São Bento do Una,São Bento do Una,2021-02-03,1097,9,27,0
São Bento do Una,São Bento do Una,2021-02-04,1108,11,27,0
São Bento do Una,São Bento do Una,2021-02-05,1109,1,27,0
São Bento do Una,São Bento do Una,2021-02-06,1116,7,27,0
São Bento do Una,São Bento do Una,2021-02-07,1116,0,27,0
São Bento do Una,São Bento do Una,2021-02-08,1119,3,27,0
