city,city,date,cases,daily cases,deaths,daily deaths
São Francisco do Conde,São Francisco do Conde,2020-03-27,0,0,0,0
São Francisco do Conde,São Francisco do Conde,2020-03-28,0,0,0,0
São Francisco do Conde,São Francisco do Conde,2020-03-29,0,0,0,0
São Francisco do Conde,São Francisco do Conde,2020-03-30,0,0,0,0
São Francisco do Conde,São Francisco do Conde,2020-03-31,0,0,0,0
São Francisco do Conde,São Francisco do Conde,2020-04-01,0,0,0,0
São Francisco do Conde,São Francisco do Conde,2020-04-02,0,0,0,0
São Francisco do Conde,São Francisco do Conde,2020-04-03,0,0,0,0
São Francisco do Conde,São Francisco do Conde,2020-04-04,0,0,0,0
São Francisco do Conde,São Francisco do Conde,2020-04-05,0,0,0,0
São Francisco do Conde,São Francisco do Conde,2020-04-06,1,1,0,0
São Francisco do Conde,São Francisco do Conde,2020-04-07,1,0,0,0
São Francisco do Conde,São Francisco do Conde,2020-04-08,1,0,0,0
São Francisco do Conde,São Francisco do Conde,2020-04-09,1,0,0,0
São Francisco do Conde,São Francisco do Conde,2020-04-10,1,0,0,0
São Francisco do Conde,São Francisco do Conde,2020-04-11,1,0,0,0
São Francisco do Conde,São Francisco do Conde,2020-04-12,1,0,0,0
São Francisco do Conde,São Francisco do Conde,2020-04-13,1,0,0,0
São Francisco do Conde,São Francisco do Conde,2020-04-14,1,0,0,0
São Francisco do Conde,São Francisco do Conde,2020-04-15,1,0,0,0
São Francisco do Conde,São Francisco do Conde,2020-04-16,2,1,0,0
São Francisco do Conde,São Francisco do Conde,2020-04-17,2,0,0,0
São Francisco do Conde,São Francisco do Conde,2020-04-18,2,0,0,0
São Francisco do Conde,São Francisco do Conde,2020-04-19,2,0,0,0
São Francisco do Conde,São Francisco do Conde,2020-04-20,2,0,0,0
São Francisco do Conde,São Francisco do Conde,2020-04-21,2,0,0,0
São Francisco do Conde,São Francisco do Conde,2020-04-22,3,1,0,0
São Francisco do Conde,São Francisco do Conde,2020-04-23,3,0,0,0
São Francisco do Conde,São Francisco do Conde,2020-04-24,3,0,0,0
São Francisco do Conde,São Francisco do Conde,2020-04-25,3,0,0,0
São Francisco do Conde,São Francisco do Conde,2020-04-26,3,0,0,0
São Francisco do Conde,São Francisco do Conde,2020-04-27,4,1,0,0
São Francisco do Conde,São Francisco do Conde,2020-04-28,4,0,0,0
São Francisco do Conde,São Francisco do Conde,2020-04-29,4,0,0,0
São Francisco do Conde,São Francisco do Conde,2020-04-30,4,0,0,0
São Francisco do Conde,São Francisco do Conde,2020-05-01,5,1,1,1
São Francisco do Conde,São Francisco do Conde,2020-05-02,5,0,1,0
São Francisco do Conde,São Francisco do Conde,2020-05-03,6,1,1,0
São Francisco do Conde,São Francisco do Conde,2020-05-04,6,0,1,0
São Francisco do Conde,São Francisco do Conde,2020-05-05,6,0,1,0
São Francisco do Conde,São Francisco do Conde,2020-05-06,6,0,1,0
São Francisco do Conde,São Francisco do Conde,2020-05-07,6,0,1,0
São Francisco do Conde,São Francisco do Conde,2020-05-08,6,0,1,0
São Francisco do Conde,São Francisco do Conde,2020-05-09,8,2,1,0
São Francisco do Conde,São Francisco do Conde,2020-05-10,6,-2,1,0
São Francisco do Conde,São Francisco do Conde,2020-05-11,10,4,1,0
São Francisco do Conde,São Francisco do Conde,2020-05-12,10,0,1,0
São Francisco do Conde,São Francisco do Conde,2020-05-13,10,0,1,0
São Francisco do Conde,São Francisco do Conde,2020-05-14,10,0,1,0
São Francisco do Conde,São Francisco do Conde,2020-05-15,13,3,0,-1
São Francisco do Conde,São Francisco do Conde,2020-05-16,13,0,1,1
São Francisco do Conde,São Francisco do Conde,2020-05-17,13,0,0,-1
São Francisco do Conde,São Francisco do Conde,2020-05-18,13,0,0,0
São Francisco do Conde,São Francisco do Conde,2020-05-19,22,9,1,1
São Francisco do Conde,São Francisco do Conde,2020-05-20,22,0,2,1
São Francisco do Conde,São Francisco do Conde,2020-05-21,25,3,2,0
São Francisco do Conde,São Francisco do Conde,2020-05-22,25,0,2,0
São Francisco do Conde,São Francisco do Conde,2020-05-23,25,0,2,0
São Francisco do Conde,São Francisco do Conde,2020-05-24,29,4,2,0
São Francisco do Conde,São Francisco do Conde,2020-05-25,30,1,2,0
São Francisco do Conde,São Francisco do Conde,2020-05-26,33,3,2,0
São Francisco do Conde,São Francisco do Conde,2020-05-27,34,1,2,0
São Francisco do Conde,São Francisco do Conde,2020-05-28,37,3,2,0
São Francisco do Conde,São Francisco do Conde,2020-05-29,39,2,2,0
São Francisco do Conde,São Francisco do Conde,2020-05-30,41,2,2,0
São Francisco do Conde,São Francisco do Conde,2020-05-31,41,0,2,0
São Francisco do Conde,São Francisco do Conde,2020-06-01,42,1,2,0
São Francisco do Conde,São Francisco do Conde,2020-06-02,49,7,2,0
São Francisco do Conde,São Francisco do Conde,2020-06-03,60,11,2,0
São Francisco do Conde,São Francisco do Conde,2020-06-04,65,5,2,0
São Francisco do Conde,São Francisco do Conde,2020-06-05,76,11,2,0
São Francisco do Conde,São Francisco do Conde,2020-06-06,77,1,2,0
São Francisco do Conde,São Francisco do Conde,2020-06-07,78,1,2,0
São Francisco do Conde,São Francisco do Conde,2020-06-08,78,0,2,0
São Francisco do Conde,São Francisco do Conde,2020-06-09,94,16,2,0
São Francisco do Conde,São Francisco do Conde,2020-06-10,97,3,2,0
São Francisco do Conde,São Francisco do Conde,2020-06-11,101,4,2,0
São Francisco do Conde,São Francisco do Conde,2020-06-12,105,4,2,0
São Francisco do Conde,São Francisco do Conde,2020-06-13,105,0,2,0
São Francisco do Conde,São Francisco do Conde,2020-06-14,105,0,2,0
São Francisco do Conde,São Francisco do Conde,2020-06-15,105,0,3,1
São Francisco do Conde,São Francisco do Conde,2020-06-16,110,5,3,0
São Francisco do Conde,São Francisco do Conde,2020-06-17,111,1,3,0
São Francisco do Conde,São Francisco do Conde,2020-06-18,113,2,3,0
São Francisco do Conde,São Francisco do Conde,2020-06-19,129,16,3,0
São Francisco do Conde,São Francisco do Conde,2020-06-20,152,23,3,0
São Francisco do Conde,São Francisco do Conde,2020-06-21,171,19,3,0
São Francisco do Conde,São Francisco do Conde,2020-06-22,175,4,3,0
São Francisco do Conde,São Francisco do Conde,2020-06-23,178,3,3,0
São Francisco do Conde,São Francisco do Conde,2020-06-24,191,13,3,0
São Francisco do Conde,São Francisco do Conde,2020-06-25,199,8,3,0
São Francisco do Conde,São Francisco do Conde,2020-06-26,207,8,3,0
São Francisco do Conde,São Francisco do Conde,2020-06-27,216,9,3,0
São Francisco do Conde,São Francisco do Conde,2020-06-28,221,5,3,0
São Francisco do Conde,São Francisco do Conde,2020-06-29,222,1,4,1
São Francisco do Conde,São Francisco do Conde,2020-06-30,233,11,4,0
São Francisco do Conde,São Francisco do Conde,2020-07-01,239,6,4,0
São Francisco do Conde,São Francisco do Conde,2020-07-02,243,4,4,0
São Francisco do Conde,São Francisco do Conde,2020-07-03,261,18,4,0
São Francisco do Conde,São Francisco do Conde,2020-07-04,273,12,4,0
São Francisco do Conde,São Francisco do Conde,2020-07-05,284,11,4,0
São Francisco do Conde,São Francisco do Conde,2020-07-06,292,8,4,0
São Francisco do Conde,São Francisco do Conde,2020-07-07,313,21,4,0
São Francisco do Conde,São Francisco do Conde,2020-07-08,325,12,4,0
São Francisco do Conde,São Francisco do Conde,2020-07-09,342,17,4,0
São Francisco do Conde,São Francisco do Conde,2020-07-10,358,16,6,2
São Francisco do Conde,São Francisco do Conde,2020-07-11,371,13,6,0
São Francisco do Conde,São Francisco do Conde,2020-07-12,371,0,6,0
São Francisco do Conde,São Francisco do Conde,2020-07-13,375,4,7,1
São Francisco do Conde,São Francisco do Conde,2020-07-14,381,6,8,1
São Francisco do Conde,São Francisco do Conde,2020-07-15,392,11,8,0
São Francisco do Conde,São Francisco do Conde,2020-07-16,426,34,8,0
São Francisco do Conde,São Francisco do Conde,2020-07-17,431,5,8,0
São Francisco do Conde,São Francisco do Conde,2020-07-18,435,4,8,0
São Francisco do Conde,São Francisco do Conde,2020-07-19,445,10,8,0
São Francisco do Conde,São Francisco do Conde,2020-07-20,445,0,8,0
São Francisco do Conde,São Francisco do Conde,2020-07-21,475,30,8,0
São Francisco do Conde,São Francisco do Conde,2020-07-22,495,20,8,0
São Francisco do Conde,São Francisco do Conde,2020-07-23,510,15,8,0
São Francisco do Conde,São Francisco do Conde,2020-07-24,534,24,8,0
São Francisco do Conde,São Francisco do Conde,2020-07-25,543,9,8,0
São Francisco do Conde,São Francisco do Conde,2020-07-26,551,8,8,0
São Francisco do Conde,São Francisco do Conde,2020-07-27,554,3,8,0
São Francisco do Conde,São Francisco do Conde,2020-07-28,544,-10,8,0
São Francisco do Conde,São Francisco do Conde,2020-07-29,551,7,8,0
São Francisco do Conde,São Francisco do Conde,2020-07-30,564,13,8,0
São Francisco do Conde,São Francisco do Conde,2020-07-31,584,20,8,0
São Francisco do Conde,São Francisco do Conde,2020-08-01,594,10,8,0
São Francisco do Conde,São Francisco do Conde,2020-08-02,598,4,8,0
São Francisco do Conde,São Francisco do Conde,2020-08-03,598,0,8,0
São Francisco do Conde,São Francisco do Conde,2020-08-04,612,14,8,0
São Francisco do Conde,São Francisco do Conde,2020-08-05,630,18,8,0
São Francisco do Conde,São Francisco do Conde,2020-08-06,638,8,8,0
São Francisco do Conde,São Francisco do Conde,2020-08-07,646,8,8,0
São Francisco do Conde,São Francisco do Conde,2020-08-08,661,15,8,0
São Francisco do Conde,São Francisco do Conde,2020-08-09,665,4,8,0
São Francisco do Conde,São Francisco do Conde,2020-08-10,668,3,8,0
São Francisco do Conde,São Francisco do Conde,2020-08-11,682,14,9,1
São Francisco do Conde,São Francisco do Conde,2020-08-12,692,10,10,1
São Francisco do Conde,São Francisco do Conde,2020-08-13,705,13,12,2
São Francisco do Conde,São Francisco do Conde,2020-08-14,713,8,12,0
São Francisco do Conde,São Francisco do Conde,2020-08-15,717,4,13,1
São Francisco do Conde,São Francisco do Conde,2020-08-16,719,2,14,1
São Francisco do Conde,São Francisco do Conde,2020-08-17,725,6,14,0
São Francisco do Conde,São Francisco do Conde,2020-08-18,743,18,14,0
São Francisco do Conde,São Francisco do Conde,2020-08-19,747,4,14,0
São Francisco do Conde,São Francisco do Conde,2020-08-20,752,5,14,0
São Francisco do Conde,São Francisco do Conde,2020-08-21,756,4,14,0
São Francisco do Conde,São Francisco do Conde,2020-08-22,759,3,14,0
São Francisco do Conde,São Francisco do Conde,2020-08-23,763,4,14,0
São Francisco do Conde,São Francisco do Conde,2020-08-24,762,-1,14,0
São Francisco do Conde,São Francisco do Conde,2020-08-25,772,10,14,0
São Francisco do Conde,São Francisco do Conde,2020-08-26,780,8,14,0
São Francisco do Conde,São Francisco do Conde,2020-08-27,786,6,14,0
São Francisco do Conde,São Francisco do Conde,2020-08-28,798,12,15,1
São Francisco do Conde,São Francisco do Conde,2020-08-29,812,14,16,1
São Francisco do Conde,São Francisco do Conde,2020-08-30,811,-1,16,0
São Francisco do Conde,São Francisco do Conde,2020-08-31,814,3,16,0
São Francisco do Conde,São Francisco do Conde,2020-09-01,834,20,16,0
São Francisco do Conde,São Francisco do Conde,2020-09-02,844,10,16,0
São Francisco do Conde,São Francisco do Conde,2020-09-03,860,16,16,0
São Francisco do Conde,São Francisco do Conde,2020-09-04,865,5,16,0
São Francisco do Conde,São Francisco do Conde,2020-09-05,881,16,16,0
São Francisco do Conde,São Francisco do Conde,2020-09-06,884,3,16,0
São Francisco do Conde,São Francisco do Conde,2020-09-07,884,0,16,0
São Francisco do Conde,São Francisco do Conde,2020-09-08,892,8,16,0
São Francisco do Conde,São Francisco do Conde,2020-09-09,900,8,16,0
São Francisco do Conde,São Francisco do Conde,2020-09-10,904,4,16,0
São Francisco do Conde,São Francisco do Conde,2020-09-11,920,16,17,1
São Francisco do Conde,São Francisco do Conde,2020-09-12,931,11,17,0
São Francisco do Conde,São Francisco do Conde,2020-09-13,932,1,17,0
São Francisco do Conde,São Francisco do Conde,2020-09-14,932,0,17,0
São Francisco do Conde,São Francisco do Conde,2020-09-15,940,8,17,0
São Francisco do Conde,São Francisco do Conde,2020-09-16,941,1,17,0
São Francisco do Conde,São Francisco do Conde,2020-09-17,944,3,17,0
São Francisco do Conde,São Francisco do Conde,2020-09-18,946,2,17,0
São Francisco do Conde,São Francisco do Conde,2020-09-19,952,6,17,0
São Francisco do Conde,São Francisco do Conde,2020-09-20,957,5,17,0
São Francisco do Conde,São Francisco do Conde,2020-09-21,957,0,17,0
São Francisco do Conde,São Francisco do Conde,2020-09-22,978,21,17,0
São Francisco do Conde,São Francisco do Conde,2020-09-23,988,10,17,0
São Francisco do Conde,São Francisco do Conde,2020-09-24,991,3,17,0
São Francisco do Conde,São Francisco do Conde,2020-09-25,995,4,17,0
São Francisco do Conde,São Francisco do Conde,2020-09-26,999,4,17,0
São Francisco do Conde,São Francisco do Conde,2020-09-27,999,0,17,0
São Francisco do Conde,São Francisco do Conde,2020-09-28,1004,5,17,0
São Francisco do Conde,São Francisco do Conde,2020-09-29,1019,15,17,0
São Francisco do Conde,São Francisco do Conde,2020-09-30,1024,5,17,0
São Francisco do Conde,São Francisco do Conde,2020-10-01,1033,9,17,0
São Francisco do Conde,São Francisco do Conde,2020-10-02,1040,7,19,2
São Francisco do Conde,São Francisco do Conde,2020-10-03,1042,2,19,0
São Francisco do Conde,São Francisco do Conde,2020-10-04,1042,0,19,0
São Francisco do Conde,São Francisco do Conde,2020-10-05,1042,0,19,0
São Francisco do Conde,São Francisco do Conde,2020-10-06,1055,13,19,0
São Francisco do Conde,São Francisco do Conde,2020-10-07,1059,4,19,0
São Francisco do Conde,São Francisco do Conde,2020-10-08,1067,8,19,0
São Francisco do Conde,São Francisco do Conde,2020-10-09,1068,1,19,0
São Francisco do Conde,São Francisco do Conde,2020-10-10,1071,3,19,0
São Francisco do Conde,São Francisco do Conde,2020-10-11,1072,1,19,0
São Francisco do Conde,São Francisco do Conde,2020-10-12,1072,0,19,0
São Francisco do Conde,São Francisco do Conde,2020-10-13,1072,0,20,1
São Francisco do Conde,São Francisco do Conde,2020-10-14,1073,1,20,0
São Francisco do Conde,São Francisco do Conde,2020-10-15,1075,2,21,1
São Francisco do Conde,São Francisco do Conde,2020-10-16,1079,4,21,0
São Francisco do Conde,São Francisco do Conde,2020-10-17,1084,5,21,0
São Francisco do Conde,São Francisco do Conde,2020-10-18,1084,0,21,0
São Francisco do Conde,São Francisco do Conde,2020-10-19,1087,3,21,0
São Francisco do Conde,São Francisco do Conde,2020-10-20,1091,4,21,0
São Francisco do Conde,São Francisco do Conde,2020-10-21,1093,2,21,0
São Francisco do Conde,São Francisco do Conde,2020-10-22,1096,3,21,0
São Francisco do Conde,São Francisco do Conde,2020-10-23,1100,4,21,0
São Francisco do Conde,São Francisco do Conde,2020-10-24,1101,1,21,0
São Francisco do Conde,São Francisco do Conde,2020-10-25,1102,1,21,0
São Francisco do Conde,São Francisco do Conde,2020-10-26,1104,2,21,0
São Francisco do Conde,São Francisco do Conde,2020-10-27,1104,0,21,0
São Francisco do Conde,São Francisco do Conde,2020-10-28,1107,3,21,0
São Francisco do Conde,São Francisco do Conde,2020-10-29,1110,3,21,0
São Francisco do Conde,São Francisco do Conde,2020-10-30,1135,25,21,0
São Francisco do Conde,São Francisco do Conde,2020-10-31,1136,1,21,0
São Francisco do Conde,São Francisco do Conde,2020-11-01,1138,2,21,0
São Francisco do Conde,São Francisco do Conde,2020-11-02,1138,0,21,0
São Francisco do Conde,São Francisco do Conde,2020-11-03,1139,1,21,0
São Francisco do Conde,São Francisco do Conde,2020-11-04,1144,5,21,0
São Francisco do Conde,São Francisco do Conde,2020-11-05,1148,4,21,0
São Francisco do Conde,São Francisco do Conde,2020-11-06,1159,11,21,0
São Francisco do Conde,São Francisco do Conde,2020-11-07,1177,18,21,0
São Francisco do Conde,São Francisco do Conde,2020-11-08,1177,0,21,0
São Francisco do Conde,São Francisco do Conde,2020-11-09,1177,0,21,0
São Francisco do Conde,São Francisco do Conde,2020-11-10,1189,12,21,0
São Francisco do Conde,São Francisco do Conde,2020-11-11,1192,3,21,0
São Francisco do Conde,São Francisco do Conde,2020-11-12,1203,11,21,0
São Francisco do Conde,São Francisco do Conde,2020-11-13,1209,6,21,0
São Francisco do Conde,São Francisco do Conde,2020-11-14,1211,2,21,0
São Francisco do Conde,São Francisco do Conde,2020-11-15,1215,4,21,0
São Francisco do Conde,São Francisco do Conde,2020-11-16,1215,0,21,0
São Francisco do Conde,São Francisco do Conde,2020-11-17,1216,1,21,0
São Francisco do Conde,São Francisco do Conde,2020-11-18,1222,6,21,0
São Francisco do Conde,São Francisco do Conde,2020-11-19,1228,6,22,1
São Francisco do Conde,São Francisco do Conde,2020-11-20,1233,5,22,0
São Francisco do Conde,São Francisco do Conde,2020-11-21,1239,6,22,0
São Francisco do Conde,São Francisco do Conde,2020-11-22,1239,0,22,0
São Francisco do Conde,São Francisco do Conde,2020-11-23,1242,3,22,0
São Francisco do Conde,São Francisco do Conde,2020-11-24,1242,0,22,0
São Francisco do Conde,São Francisco do Conde,2020-11-25,1244,2,22,0
São Francisco do Conde,São Francisco do Conde,2020-11-26,1246,2,22,0
São Francisco do Conde,São Francisco do Conde,2020-11-27,1249,3,22,0
São Francisco do Conde,São Francisco do Conde,2020-11-28,1266,17,22,0
São Francisco do Conde,São Francisco do Conde,2020-11-29,1278,12,22,0
São Francisco do Conde,São Francisco do Conde,2020-11-30,1279,1,22,0
São Francisco do Conde,São Francisco do Conde,2020-12-01,1287,8,22,0
São Francisco do Conde,São Francisco do Conde,2020-12-02,1289,2,22,0
São Francisco do Conde,São Francisco do Conde,2020-12-03,1293,4,22,0
São Francisco do Conde,São Francisco do Conde,2020-12-04,1299,6,22,0
São Francisco do Conde,São Francisco do Conde,2020-12-05,1304,5,22,0
São Francisco do Conde,São Francisco do Conde,2020-12-06,1311,7,22,0
São Francisco do Conde,São Francisco do Conde,2020-12-07,1311,0,22,0
São Francisco do Conde,São Francisco do Conde,2020-12-08,1312,1,22,0
São Francisco do Conde,São Francisco do Conde,2020-12-09,1312,0,22,0
São Francisco do Conde,São Francisco do Conde,2020-12-10,1333,21,22,0
São Francisco do Conde,São Francisco do Conde,2020-12-11,1334,1,22,0
São Francisco do Conde,São Francisco do Conde,2020-12-12,1348,14,22,0
São Francisco do Conde,São Francisco do Conde,2020-12-13,1348,0,22,0
São Francisco do Conde,São Francisco do Conde,2020-12-14,1348,0,22,0
São Francisco do Conde,São Francisco do Conde,2020-12-15,1351,3,22,0
São Francisco do Conde,São Francisco do Conde,2020-12-16,1370,19,22,0
São Francisco do Conde,São Francisco do Conde,2020-12-17,1377,7,22,0
São Francisco do Conde,São Francisco do Conde,2020-12-18,1386,9,22,0
São Francisco do Conde,São Francisco do Conde,2020-12-19,1391,5,22,0
São Francisco do Conde,São Francisco do Conde,2020-12-20,1395,4,22,0
São Francisco do Conde,São Francisco do Conde,2020-12-21,1397,2,22,0
São Francisco do Conde,São Francisco do Conde,2020-12-22,1397,0,22,0
São Francisco do Conde,São Francisco do Conde,2020-12-23,1398,1,22,0
São Francisco do Conde,São Francisco do Conde,2020-12-24,1401,3,22,0
São Francisco do Conde,São Francisco do Conde,2020-12-25,1403,2,22,0
São Francisco do Conde,São Francisco do Conde,2020-12-26,1405,2,22,0
São Francisco do Conde,São Francisco do Conde,2020-12-27,1405,0,22,0
São Francisco do Conde,São Francisco do Conde,2020-12-28,1409,4,22,0
São Francisco do Conde,São Francisco do Conde,2020-12-29,1414,5,22,0
São Francisco do Conde,São Francisco do Conde,2020-12-30,1421,7,22,0
São Francisco do Conde,São Francisco do Conde,2020-12-31,1427,6,22,0
São Francisco do Conde,São Francisco do Conde,2021-01-01,1427,0,22,0
São Francisco do Conde,São Francisco do Conde,2021-01-02,1427,0,22,0
São Francisco do Conde,São Francisco do Conde,2021-01-03,1431,4,22,0
São Francisco do Conde,São Francisco do Conde,2021-01-04,1433,2,22,0
São Francisco do Conde,São Francisco do Conde,2021-01-05,1444,11,22,0
São Francisco do Conde,São Francisco do Conde,2021-01-06,1448,4,22,0
São Francisco do Conde,São Francisco do Conde,2021-01-07,1458,10,22,0
São Francisco do Conde,São Francisco do Conde,2021-01-08,1463,5,22,0
São Francisco do Conde,São Francisco do Conde,2021-01-09,1468,5,22,0
São Francisco do Conde,São Francisco do Conde,2021-01-10,1468,0,22,0
São Francisco do Conde,São Francisco do Conde,2021-01-11,1473,5,22,0
São Francisco do Conde,São Francisco do Conde,2021-01-12,1473,0,22,0
São Francisco do Conde,São Francisco do Conde,2021-01-13,1477,4,22,0
São Francisco do Conde,São Francisco do Conde,2021-01-14,1483,6,24,2
São Francisco do Conde,São Francisco do Conde,2021-01-15,1492,9,24,0
São Francisco do Conde,São Francisco do Conde,2021-01-16,1499,7,24,0
São Francisco do Conde,São Francisco do Conde,2021-01-17,1501,2,24,0
São Francisco do Conde,São Francisco do Conde,2021-01-18,1503,2,24,0
São Francisco do Conde,São Francisco do Conde,2021-01-19,1504,1,24,0
São Francisco do Conde,São Francisco do Conde,2021-01-20,1512,8,24,0
São Francisco do Conde,São Francisco do Conde,2021-01-21,1524,12,24,0
São Francisco do Conde,São Francisco do Conde,2021-01-22,1526,2,24,0
São Francisco do Conde,São Francisco do Conde,2021-01-23,1537,11,24,0
São Francisco do Conde,São Francisco do Conde,2021-01-24,1541,4,24,0
São Francisco do Conde,São Francisco do Conde,2021-01-25,1546,5,24,0
São Francisco do Conde,São Francisco do Conde,2021-01-26,1550,4,24,0
São Francisco do Conde,São Francisco do Conde,2021-01-27,1558,8,24,0
São Francisco do Conde,São Francisco do Conde,2021-01-28,1568,10,24,0
São Francisco do Conde,São Francisco do Conde,2021-01-29,1573,5,24,0
São Francisco do Conde,São Francisco do Conde,2021-01-30,1578,5,24,0
São Francisco do Conde,São Francisco do Conde,2021-01-31,1583,5,24,0
São Francisco do Conde,São Francisco do Conde,2021-02-01,1584,1,24,0
São Francisco do Conde,São Francisco do Conde,2021-02-02,1588,4,24,0
São Francisco do Conde,São Francisco do Conde,2021-02-03,1604,16,24,0
São Francisco do Conde,São Francisco do Conde,2021-02-04,1609,5,24,0
São Francisco do Conde,São Francisco do Conde,2021-02-05,1618,9,24,0
São Francisco do Conde,São Francisco do Conde,2021-02-06,1621,3,24,0
São Francisco do Conde,São Francisco do Conde,2021-02-07,1624,3,24,0
São Francisco do Conde,São Francisco do Conde,2021-02-08,1628,4,24,0
