city,city,date,cases,daily cases,deaths,daily deaths
São José da Coroa Grande,São José da Coroa Grande,2020-03-27,0,0,0,0
São José da Coroa Grande,São José da Coroa Grande,2020-03-28,0,0,0,0
São José da Coroa Grande,São José da Coroa Grande,2020-03-29,0,0,0,0
São José da Coroa Grande,São José da Coroa Grande,2020-03-30,0,0,0,0
São José da Coroa Grande,São José da Coroa Grande,2020-03-31,0,0,0,0
São José da Coroa Grande,São José da Coroa Grande,2020-04-01,0,0,0,0
São José da Coroa Grande,São José da Coroa Grande,2020-04-02,0,0,0,0
São José da Coroa Grande,São José da Coroa Grande,2020-04-03,0,0,0,0
São José da Coroa Grande,São José da Coroa Grande,2020-04-04,0,0,0,0
São José da Coroa Grande,São José da Coroa Grande,2020-04-05,0,0,0,0
São José da Coroa Grande,São José da Coroa Grande,2020-04-06,0,0,0,0
São José da Coroa Grande,São José da Coroa Grande,2020-04-07,0,0,0,0
São José da Coroa Grande,São José da Coroa Grande,2020-04-08,0,0,0,0
São José da Coroa Grande,São José da Coroa Grande,2020-04-09,0,0,0,0
São José da Coroa Grande,São José da Coroa Grande,2020-04-10,0,0,0,0
São José da Coroa Grande,São José da Coroa Grande,2020-04-11,0,0,0,0
São José da Coroa Grande,São José da Coroa Grande,2020-04-12,1,1,0,0
São José da Coroa Grande,São José da Coroa Grande,2020-04-13,1,0,1,1
São José da Coroa Grande,São José da Coroa Grande,2020-04-14,1,0,1,0
São José da Coroa Grande,São José da Coroa Grande,2020-04-15,1,0,1,0
São José da Coroa Grande,São José da Coroa Grande,2020-04-16,1,0,1,0
São José da Coroa Grande,São José da Coroa Grande,2020-04-17,1,0,1,0
São José da Coroa Grande,São José da Coroa Grande,2020-04-18,1,0,1,0
São José da Coroa Grande,São José da Coroa Grande,2020-04-19,1,0,1,0
São José da Coroa Grande,São José da Coroa Grande,2020-04-20,1,0,1,0
São José da Coroa Grande,São José da Coroa Grande,2020-04-21,1,0,1,0
São José da Coroa Grande,São José da Coroa Grande,2020-04-22,1,0,1,0
São José da Coroa Grande,São José da Coroa Grande,2020-04-23,4,3,1,0
São José da Coroa Grande,São José da Coroa Grande,2020-04-24,4,0,1,0
São José da Coroa Grande,São José da Coroa Grande,2020-04-25,5,1,1,0
São José da Coroa Grande,São José da Coroa Grande,2020-04-26,6,1,1,0
São José da Coroa Grande,São José da Coroa Grande,2020-04-27,6,0,1,0
São José da Coroa Grande,São José da Coroa Grande,2020-04-28,7,1,1,0
São José da Coroa Grande,São José da Coroa Grande,2020-04-29,11,4,1,0
São José da Coroa Grande,São José da Coroa Grande,2020-04-30,13,2,1,0
São José da Coroa Grande,São José da Coroa Grande,2020-05-01,13,0,1,0
São José da Coroa Grande,São José da Coroa Grande,2020-05-02,14,1,1,0
São José da Coroa Grande,São José da Coroa Grande,2020-05-03,16,2,1,0
São José da Coroa Grande,São José da Coroa Grande,2020-05-04,16,0,1,0
São José da Coroa Grande,São José da Coroa Grande,2020-05-05,16,0,2,1
São José da Coroa Grande,São José da Coroa Grande,2020-05-06,16,0,2,0
São José da Coroa Grande,São José da Coroa Grande,2020-05-07,16,0,2,0
São José da Coroa Grande,São José da Coroa Grande,2020-05-08,18,2,2,0
São José da Coroa Grande,São José da Coroa Grande,2020-05-09,18,0,2,0
São José da Coroa Grande,São José da Coroa Grande,2020-05-10,20,2,2,0
São José da Coroa Grande,São José da Coroa Grande,2020-05-11,21,1,2,0
São José da Coroa Grande,São José da Coroa Grande,2020-05-12,21,0,2,0
São José da Coroa Grande,São José da Coroa Grande,2020-05-13,22,1,2,0
São José da Coroa Grande,São José da Coroa Grande,2020-05-14,22,0,2,0
São José da Coroa Grande,São José da Coroa Grande,2020-05-15,24,2,2,0
São José da Coroa Grande,São José da Coroa Grande,2020-05-16,25,1,2,0
São José da Coroa Grande,São José da Coroa Grande,2020-05-17,27,2,2,0
São José da Coroa Grande,São José da Coroa Grande,2020-05-18,30,3,3,1
São José da Coroa Grande,São José da Coroa Grande,2020-05-19,42,12,3,0
São José da Coroa Grande,São José da Coroa Grande,2020-05-20,44,2,3,0
São José da Coroa Grande,São José da Coroa Grande,2020-05-21,49,5,3,0
São José da Coroa Grande,São José da Coroa Grande,2020-05-22,52,3,4,1
São José da Coroa Grande,São José da Coroa Grande,2020-05-23,60,8,4,0
São José da Coroa Grande,São José da Coroa Grande,2020-05-24,66,6,4,0
São José da Coroa Grande,São José da Coroa Grande,2020-05-25,68,2,4,0
São José da Coroa Grande,São José da Coroa Grande,2020-05-26,72,4,4,0
São José da Coroa Grande,São José da Coroa Grande,2020-05-27,81,9,4,0
São José da Coroa Grande,São José da Coroa Grande,2020-05-28,82,1,4,0
São José da Coroa Grande,São José da Coroa Grande,2020-05-29,89,7,4,0
São José da Coroa Grande,São José da Coroa Grande,2020-05-30,94,5,4,0
São José da Coroa Grande,São José da Coroa Grande,2020-05-31,95,1,5,1
São José da Coroa Grande,São José da Coroa Grande,2020-06-01,97,2,5,0
São José da Coroa Grande,São José da Coroa Grande,2020-06-02,100,3,6,1
São José da Coroa Grande,São José da Coroa Grande,2020-06-03,105,5,6,0
São José da Coroa Grande,São José da Coroa Grande,2020-06-04,116,11,6,0
São José da Coroa Grande,São José da Coroa Grande,2020-06-05,122,6,7,1
São José da Coroa Grande,São José da Coroa Grande,2020-06-06,122,0,7,0
São José da Coroa Grande,São José da Coroa Grande,2020-06-07,122,0,7,0
São José da Coroa Grande,São José da Coroa Grande,2020-06-08,127,5,7,0
São José da Coroa Grande,São José da Coroa Grande,2020-06-09,134,7,7,0
São José da Coroa Grande,São José da Coroa Grande,2020-06-10,136,2,7,0
São José da Coroa Grande,São José da Coroa Grande,2020-06-11,144,8,7,0
São José da Coroa Grande,São José da Coroa Grande,2020-06-12,146,2,7,0
São José da Coroa Grande,São José da Coroa Grande,2020-06-13,147,1,7,0
São José da Coroa Grande,São José da Coroa Grande,2020-06-14,149,2,8,1
São José da Coroa Grande,São José da Coroa Grande,2020-06-15,149,0,8,0
São José da Coroa Grande,São José da Coroa Grande,2020-06-16,156,7,8,0
São José da Coroa Grande,São José da Coroa Grande,2020-06-17,160,4,8,0
São José da Coroa Grande,São José da Coroa Grande,2020-06-18,167,7,8,0
São José da Coroa Grande,São José da Coroa Grande,2020-06-19,171,4,9,1
São José da Coroa Grande,São José da Coroa Grande,2020-06-20,180,9,9,0
São José da Coroa Grande,São José da Coroa Grande,2020-06-21,185,5,9,0
São José da Coroa Grande,São José da Coroa Grande,2020-06-22,188,3,9,0
São José da Coroa Grande,São José da Coroa Grande,2020-06-23,190,2,9,0
São José da Coroa Grande,São José da Coroa Grande,2020-06-24,201,11,9,0
São José da Coroa Grande,São José da Coroa Grande,2020-06-25,203,2,9,0
São José da Coroa Grande,São José da Coroa Grande,2020-06-26,206,3,9,0
São José da Coroa Grande,São José da Coroa Grande,2020-06-27,208,2,9,0
São José da Coroa Grande,São José da Coroa Grande,2020-06-28,209,1,9,0
São José da Coroa Grande,São José da Coroa Grande,2020-06-29,212,3,10,1
São José da Coroa Grande,São José da Coroa Grande,2020-06-30,213,1,10,0
São José da Coroa Grande,São José da Coroa Grande,2020-07-01,218,5,10,0
São José da Coroa Grande,São José da Coroa Grande,2020-07-02,227,9,11,1
São José da Coroa Grande,São José da Coroa Grande,2020-07-03,227,0,11,0
São José da Coroa Grande,São José da Coroa Grande,2020-07-04,228,1,11,0
São José da Coroa Grande,São José da Coroa Grande,2020-07-05,230,2,11,0
São José da Coroa Grande,São José da Coroa Grande,2020-07-06,231,1,11,0
São José da Coroa Grande,São José da Coroa Grande,2020-07-07,233,2,11,0
São José da Coroa Grande,São José da Coroa Grande,2020-07-08,236,3,12,1
São José da Coroa Grande,São José da Coroa Grande,2020-07-09,236,0,12,0
São José da Coroa Grande,São José da Coroa Grande,2020-07-10,241,5,12,0
São José da Coroa Grande,São José da Coroa Grande,2020-07-11,241,0,12,0
São José da Coroa Grande,São José da Coroa Grande,2020-07-12,243,2,12,0
São José da Coroa Grande,São José da Coroa Grande,2020-07-13,243,0,12,0
São José da Coroa Grande,São José da Coroa Grande,2020-07-14,246,3,12,0
São José da Coroa Grande,São José da Coroa Grande,2020-07-15,246,0,12,0
São José da Coroa Grande,São José da Coroa Grande,2020-07-16,247,1,13,1
São José da Coroa Grande,São José da Coroa Grande,2020-07-17,246,-1,12,-1
São José da Coroa Grande,São José da Coroa Grande,2020-07-18,247,1,13,1
São José da Coroa Grande,São José da Coroa Grande,2020-07-19,248,1,14,1
São José da Coroa Grande,São José da Coroa Grande,2020-07-20,248,0,14,0
São José da Coroa Grande,São José da Coroa Grande,2020-07-21,248,0,14,0
São José da Coroa Grande,São José da Coroa Grande,2020-07-22,249,1,14,0
São José da Coroa Grande,São José da Coroa Grande,2020-07-23,252,3,14,0
São José da Coroa Grande,São José da Coroa Grande,2020-07-24,257,5,14,0
São José da Coroa Grande,São José da Coroa Grande,2020-07-25,262,5,14,0
São José da Coroa Grande,São José da Coroa Grande,2020-07-26,264,2,15,1
São José da Coroa Grande,São José da Coroa Grande,2020-07-27,265,1,15,0
São José da Coroa Grande,São José da Coroa Grande,2020-07-28,267,2,15,0
São José da Coroa Grande,São José da Coroa Grande,2020-07-29,269,2,15,0
São José da Coroa Grande,São José da Coroa Grande,2020-07-30,270,1,15,0
São José da Coroa Grande,São José da Coroa Grande,2020-07-31,273,3,15,0
São José da Coroa Grande,São José da Coroa Grande,2020-08-01,275,2,15,0
São José da Coroa Grande,São José da Coroa Grande,2020-08-02,288,13,15,0
São José da Coroa Grande,São José da Coroa Grande,2020-08-03,288,0,15,0
São José da Coroa Grande,São José da Coroa Grande,2020-08-04,290,2,15,0
São José da Coroa Grande,São José da Coroa Grande,2020-08-05,295,5,15,0
São José da Coroa Grande,São José da Coroa Grande,2020-08-06,295,0,15,0
São José da Coroa Grande,São José da Coroa Grande,2020-08-07,297,2,15,0
São José da Coroa Grande,São José da Coroa Grande,2020-08-08,299,2,15,0
São José da Coroa Grande,São José da Coroa Grande,2020-08-09,305,6,15,0
São José da Coroa Grande,São José da Coroa Grande,2020-08-10,306,1,15,0
São José da Coroa Grande,São José da Coroa Grande,2020-08-11,306,0,15,0
São José da Coroa Grande,São José da Coroa Grande,2020-08-12,306,0,15,0
São José da Coroa Grande,São José da Coroa Grande,2020-08-13,313,7,15,0
São José da Coroa Grande,São José da Coroa Grande,2020-08-14,316,3,15,0
São José da Coroa Grande,São José da Coroa Grande,2020-08-15,318,2,15,0
São José da Coroa Grande,São José da Coroa Grande,2020-08-16,318,0,15,0
São José da Coroa Grande,São José da Coroa Grande,2020-08-17,318,0,15,0
São José da Coroa Grande,São José da Coroa Grande,2020-08-18,319,1,15,0
São José da Coroa Grande,São José da Coroa Grande,2020-08-19,322,3,15,0
São José da Coroa Grande,São José da Coroa Grande,2020-08-20,325,3,15,0
São José da Coroa Grande,São José da Coroa Grande,2020-08-21,329,4,15,0
São José da Coroa Grande,São José da Coroa Grande,2020-08-22,329,0,15,0
São José da Coroa Grande,São José da Coroa Grande,2020-08-23,330,1,15,0
São José da Coroa Grande,São José da Coroa Grande,2020-08-24,330,0,15,0
São José da Coroa Grande,São José da Coroa Grande,2020-08-25,331,1,15,0
São José da Coroa Grande,São José da Coroa Grande,2020-08-26,331,0,15,0
São José da Coroa Grande,São José da Coroa Grande,2020-08-27,332,1,15,0
São José da Coroa Grande,São José da Coroa Grande,2020-08-28,333,1,15,0
São José da Coroa Grande,São José da Coroa Grande,2020-08-29,334,1,15,0
São José da Coroa Grande,São José da Coroa Grande,2020-08-30,334,0,15,0
São José da Coroa Grande,São José da Coroa Grande,2020-08-31,334,0,15,0
São José da Coroa Grande,São José da Coroa Grande,2020-09-01,334,0,15,0
São José da Coroa Grande,São José da Coroa Grande,2020-09-02,339,5,15,0
São José da Coroa Grande,São José da Coroa Grande,2020-09-03,342,3,15,0
São José da Coroa Grande,São José da Coroa Grande,2020-09-04,342,0,15,0
São José da Coroa Grande,São José da Coroa Grande,2020-09-05,345,3,15,0
São José da Coroa Grande,São José da Coroa Grande,2020-09-06,345,0,15,0
São José da Coroa Grande,São José da Coroa Grande,2020-09-07,345,0,15,0
São José da Coroa Grande,São José da Coroa Grande,2020-09-08,345,0,15,0
São José da Coroa Grande,São José da Coroa Grande,2020-09-09,347,2,15,0
São José da Coroa Grande,São José da Coroa Grande,2020-09-10,348,1,15,0
São José da Coroa Grande,São José da Coroa Grande,2020-09-11,349,1,15,0
São José da Coroa Grande,São José da Coroa Grande,2020-09-12,349,0,15,0
São José da Coroa Grande,São José da Coroa Grande,2020-09-13,349,0,15,0
São José da Coroa Grande,São José da Coroa Grande,2020-09-14,350,1,15,0
São José da Coroa Grande,São José da Coroa Grande,2020-09-15,355,5,15,0
São José da Coroa Grande,São José da Coroa Grande,2020-09-16,359,4,15,0
São José da Coroa Grande,São José da Coroa Grande,2020-09-17,361,2,15,0
São José da Coroa Grande,São José da Coroa Grande,2020-09-18,362,1,15,0
São José da Coroa Grande,São José da Coroa Grande,2020-09-19,363,1,15,0
São José da Coroa Grande,São José da Coroa Grande,2020-09-20,363,0,15,0
São José da Coroa Grande,São José da Coroa Grande,2020-09-21,364,1,15,0
São José da Coroa Grande,São José da Coroa Grande,2020-09-22,364,0,15,0
São José da Coroa Grande,São José da Coroa Grande,2020-09-23,366,2,15,0
São José da Coroa Grande,São José da Coroa Grande,2020-09-24,377,11,15,0
São José da Coroa Grande,São José da Coroa Grande,2020-09-25,380,3,15,0
São José da Coroa Grande,São José da Coroa Grande,2020-09-26,380,0,15,0
São José da Coroa Grande,São José da Coroa Grande,2020-09-27,380,0,15,0
São José da Coroa Grande,São José da Coroa Grande,2020-09-28,380,0,16,1
São José da Coroa Grande,São José da Coroa Grande,2020-09-29,380,0,16,0
São José da Coroa Grande,São José da Coroa Grande,2020-09-30,381,1,16,0
São José da Coroa Grande,São José da Coroa Grande,2020-10-01,384,3,16,0
São José da Coroa Grande,São José da Coroa Grande,2020-10-02,387,3,16,0
São José da Coroa Grande,São José da Coroa Grande,2020-10-03,388,1,16,0
São José da Coroa Grande,São José da Coroa Grande,2020-10-04,388,0,16,0
São José da Coroa Grande,São José da Coroa Grande,2020-10-05,388,0,16,0
São José da Coroa Grande,São José da Coroa Grande,2020-10-06,389,1,16,0
São José da Coroa Grande,São José da Coroa Grande,2020-10-07,390,1,16,0
São José da Coroa Grande,São José da Coroa Grande,2020-10-08,390,0,16,0
São José da Coroa Grande,São José da Coroa Grande,2020-10-09,390,0,16,0
São José da Coroa Grande,São José da Coroa Grande,2020-10-10,391,1,16,0
São José da Coroa Grande,São José da Coroa Grande,2020-10-11,391,0,16,0
São José da Coroa Grande,São José da Coroa Grande,2020-10-12,391,0,16,0
São José da Coroa Grande,São José da Coroa Grande,2020-10-13,391,0,16,0
São José da Coroa Grande,São José da Coroa Grande,2020-10-14,393,2,16,0
São José da Coroa Grande,São José da Coroa Grande,2020-10-15,394,1,16,0
São José da Coroa Grande,São José da Coroa Grande,2020-10-16,394,0,16,0
São José da Coroa Grande,São José da Coroa Grande,2020-10-17,395,1,16,0
São José da Coroa Grande,São José da Coroa Grande,2020-10-18,395,0,16,0
São José da Coroa Grande,São José da Coroa Grande,2020-10-19,395,0,16,0
São José da Coroa Grande,São José da Coroa Grande,2020-10-20,396,1,16,0
São José da Coroa Grande,São José da Coroa Grande,2020-10-21,396,0,16,0
São José da Coroa Grande,São José da Coroa Grande,2020-10-22,396,0,16,0
São José da Coroa Grande,São José da Coroa Grande,2020-10-23,397,1,16,0
São José da Coroa Grande,São José da Coroa Grande,2020-10-24,399,2,16,0
São José da Coroa Grande,São José da Coroa Grande,2020-10-25,399,0,16,0
São José da Coroa Grande,São José da Coroa Grande,2020-10-26,399,0,16,0
São José da Coroa Grande,São José da Coroa Grande,2020-10-27,403,4,16,0
São José da Coroa Grande,São José da Coroa Grande,2020-10-28,404,1,17,1
São José da Coroa Grande,São José da Coroa Grande,2020-10-29,406,2,17,0
São José da Coroa Grande,São José da Coroa Grande,2020-10-30,410,4,17,0
São José da Coroa Grande,São José da Coroa Grande,2020-10-31,411,1,17,0
São José da Coroa Grande,São José da Coroa Grande,2020-11-01,411,0,17,0
São José da Coroa Grande,São José da Coroa Grande,2020-11-02,411,0,17,0
São José da Coroa Grande,São José da Coroa Grande,2020-11-03,411,0,17,0
São José da Coroa Grande,São José da Coroa Grande,2020-11-04,413,2,17,0
São José da Coroa Grande,São José da Coroa Grande,2020-11-05,414,1,17,0
São José da Coroa Grande,São José da Coroa Grande,2020-11-06,414,0,17,0
São José da Coroa Grande,São José da Coroa Grande,2020-11-07,420,6,17,0
São José da Coroa Grande,São José da Coroa Grande,2020-11-08,420,0,17,0
São José da Coroa Grande,São José da Coroa Grande,2020-11-09,420,0,17,0
São José da Coroa Grande,São José da Coroa Grande,2020-11-10,421,1,17,0
São José da Coroa Grande,São José da Coroa Grande,2020-11-11,428,7,17,0
São José da Coroa Grande,São José da Coroa Grande,2020-11-12,431,3,17,0
São José da Coroa Grande,São José da Coroa Grande,2020-11-13,432,1,17,0
São José da Coroa Grande,São José da Coroa Grande,2020-11-14,433,1,17,0
São José da Coroa Grande,São José da Coroa Grande,2020-11-15,433,0,17,0
São José da Coroa Grande,São José da Coroa Grande,2020-11-16,433,0,17,0
São José da Coroa Grande,São José da Coroa Grande,2020-11-17,434,1,17,0
São José da Coroa Grande,São José da Coroa Grande,2020-11-18,437,3,17,0
São José da Coroa Grande,São José da Coroa Grande,2020-11-19,438,1,17,0
São José da Coroa Grande,São José da Coroa Grande,2020-11-20,442,4,17,0
São José da Coroa Grande,São José da Coroa Grande,2020-11-21,442,0,17,0
São José da Coroa Grande,São José da Coroa Grande,2020-11-22,444,2,17,0
São José da Coroa Grande,São José da Coroa Grande,2020-11-23,444,0,17,0
São José da Coroa Grande,São José da Coroa Grande,2020-11-24,447,3,17,0
São José da Coroa Grande,São José da Coroa Grande,2020-11-25,449,2,17,0
São José da Coroa Grande,São José da Coroa Grande,2020-11-26,449,0,17,0
São José da Coroa Grande,São José da Coroa Grande,2020-11-27,449,0,18,1
São José da Coroa Grande,São José da Coroa Grande,2020-11-28,449,0,18,0
São José da Coroa Grande,São José da Coroa Grande,2020-11-29,450,1,19,1
São José da Coroa Grande,São José da Coroa Grande,2020-11-30,450,0,19,0
São José da Coroa Grande,São José da Coroa Grande,2020-12-01,457,7,19,0
São José da Coroa Grande,São José da Coroa Grande,2020-12-02,460,3,19,0
São José da Coroa Grande,São José da Coroa Grande,2020-12-03,462,2,19,0
São José da Coroa Grande,São José da Coroa Grande,2020-12-04,464,2,20,1
São José da Coroa Grande,São José da Coroa Grande,2020-12-05,464,0,20,0
São José da Coroa Grande,São José da Coroa Grande,2020-12-06,464,0,20,0
São José da Coroa Grande,São José da Coroa Grande,2020-12-07,464,0,20,0
São José da Coroa Grande,São José da Coroa Grande,2020-12-08,467,3,20,0
São José da Coroa Grande,São José da Coroa Grande,2020-12-09,469,2,21,1
São José da Coroa Grande,São José da Coroa Grande,2020-12-10,470,1,21,0
São José da Coroa Grande,São José da Coroa Grande,2020-12-11,473,3,21,0
São José da Coroa Grande,São José da Coroa Grande,2020-12-12,475,2,21,0
São José da Coroa Grande,São José da Coroa Grande,2020-12-13,475,0,21,0
São José da Coroa Grande,São José da Coroa Grande,2020-12-14,475,0,21,0
São José da Coroa Grande,São José da Coroa Grande,2020-12-15,476,1,21,0
São José da Coroa Grande,São José da Coroa Grande,2020-12-16,476,0,21,0
São José da Coroa Grande,São José da Coroa Grande,2020-12-17,488,12,21,0
São José da Coroa Grande,São José da Coroa Grande,2020-12-18,488,0,21,0
São José da Coroa Grande,São José da Coroa Grande,2020-12-19,495,7,21,0
São José da Coroa Grande,São José da Coroa Grande,2020-12-20,495,0,21,0
São José da Coroa Grande,São José da Coroa Grande,2020-12-21,495,0,21,0
São José da Coroa Grande,São José da Coroa Grande,2020-12-22,495,0,21,0
São José da Coroa Grande,São José da Coroa Grande,2020-12-23,502,7,21,0
São José da Coroa Grande,São José da Coroa Grande,2020-12-24,509,7,22,1
São José da Coroa Grande,São José da Coroa Grande,2020-12-25,509,0,22,0
São José da Coroa Grande,São José da Coroa Grande,2020-12-26,509,0,22,0
São José da Coroa Grande,São José da Coroa Grande,2020-12-27,509,0,22,0
São José da Coroa Grande,São José da Coroa Grande,2020-12-28,509,0,22,0
São José da Coroa Grande,São José da Coroa Grande,2020-12-29,510,1,22,0
São José da Coroa Grande,São José da Coroa Grande,2020-12-30,518,8,22,0
São José da Coroa Grande,São José da Coroa Grande,2020-12-31,521,3,22,0
São José da Coroa Grande,São José da Coroa Grande,2021-01-01,521,0,22,0
São José da Coroa Grande,São José da Coroa Grande,2021-01-02,521,0,22,0
São José da Coroa Grande,São José da Coroa Grande,2021-01-03,521,0,22,0
São José da Coroa Grande,São José da Coroa Grande,2021-01-04,521,0,22,0
São José da Coroa Grande,São José da Coroa Grande,2021-01-05,524,3,22,0
São José da Coroa Grande,São José da Coroa Grande,2021-01-06,527,3,22,0
São José da Coroa Grande,São José da Coroa Grande,2021-01-07,531,4,22,0
São José da Coroa Grande,São José da Coroa Grande,2021-01-08,540,9,22,0
São José da Coroa Grande,São José da Coroa Grande,2021-01-09,546,6,22,0
São José da Coroa Grande,São José da Coroa Grande,2021-01-10,546,0,22,0
São José da Coroa Grande,São José da Coroa Grande,2021-01-11,546,0,22,0
São José da Coroa Grande,São José da Coroa Grande,2021-01-12,554,8,22,0
São José da Coroa Grande,São José da Coroa Grande,2021-01-13,557,3,22,0
São José da Coroa Grande,São José da Coroa Grande,2021-01-14,557,0,22,0
São José da Coroa Grande,São José da Coroa Grande,2021-01-15,564,7,22,0
São José da Coroa Grande,São José da Coroa Grande,2021-01-16,569,5,22,0
São José da Coroa Grande,São José da Coroa Grande,2021-01-17,579,10,22,0
São José da Coroa Grande,São José da Coroa Grande,2021-01-18,579,0,22,0
São José da Coroa Grande,São José da Coroa Grande,2021-01-19,589,10,22,0
São José da Coroa Grande,São José da Coroa Grande,2021-01-20,594,5,23,1
São José da Coroa Grande,São José da Coroa Grande,2021-01-21,597,3,23,0
São José da Coroa Grande,São José da Coroa Grande,2021-01-22,600,3,23,0
São José da Coroa Grande,São José da Coroa Grande,2021-01-23,600,0,23,0
São José da Coroa Grande,São José da Coroa Grande,2021-01-24,600,0,23,0
São José da Coroa Grande,São José da Coroa Grande,2021-01-25,600,0,23,0
São José da Coroa Grande,São José da Coroa Grande,2021-01-26,637,37,23,0
São José da Coroa Grande,São José da Coroa Grande,2021-01-27,639,2,23,0
São José da Coroa Grande,São José da Coroa Grande,2021-01-28,640,1,23,0
São José da Coroa Grande,São José da Coroa Grande,2021-01-29,682,42,23,0
São José da Coroa Grande,São José da Coroa Grande,2021-01-30,701,19,23,0
São José da Coroa Grande,São José da Coroa Grande,2021-01-31,702,1,23,0
São José da Coroa Grande,São José da Coroa Grande,2021-02-01,709,7,23,0
São José da Coroa Grande,São José da Coroa Grande,2021-02-02,743,34,23,0
São José da Coroa Grande,São José da Coroa Grande,2021-02-03,748,5,23,0
São José da Coroa Grande,São José da Coroa Grande,2021-02-04,753,5,23,0
São José da Coroa Grande,São José da Coroa Grande,2021-02-05,759,6,23,0
São José da Coroa Grande,São José da Coroa Grande,2021-02-06,762,3,23,0
São José da Coroa Grande,São José da Coroa Grande,2021-02-07,762,0,23,0
São José da Coroa Grande,São José da Coroa Grande,2021-02-08,762,0,23,0
