city,city,date,cases,daily cases,deaths,daily deaths
São João do Piauí,São João do Piauí,2020-03-27,0,0,0,0
São João do Piauí,São João do Piauí,2020-03-28,0,0,0,0
São João do Piauí,São João do Piauí,2020-03-29,0,0,0,0
São João do Piauí,São João do Piauí,2020-03-30,0,0,0,0
São João do Piauí,São João do Piauí,2020-03-31,0,0,0,0
São João do Piauí,São João do Piauí,2020-04-01,0,0,0,0
São João do Piauí,São João do Piauí,2020-04-02,0,0,0,0
São João do Piauí,São João do Piauí,2020-04-03,0,0,0,0
São João do Piauí,São João do Piauí,2020-04-04,0,0,0,0
São João do Piauí,São João do Piauí,2020-04-05,0,0,0,0
São João do Piauí,São João do Piauí,2020-04-06,0,0,0,0
São João do Piauí,São João do Piauí,2020-04-07,0,0,0,0
São João do Piauí,São João do Piauí,2020-04-08,0,0,0,0
São João do Piauí,São João do Piauí,2020-04-09,0,0,0,0
São João do Piauí,São João do Piauí,2020-04-10,0,0,0,0
São João do Piauí,São João do Piauí,2020-04-11,0,0,0,0
São João do Piauí,São João do Piauí,2020-04-12,0,0,0,0
São João do Piauí,São João do Piauí,2020-04-13,0,0,0,0
São João do Piauí,São João do Piauí,2020-04-14,0,0,0,0
São João do Piauí,São João do Piauí,2020-04-15,0,0,0,0
São João do Piauí,São João do Piauí,2020-04-16,0,0,0,0
São João do Piauí,São João do Piauí,2020-04-17,0,0,0,0
São João do Piauí,São João do Piauí,2020-04-18,0,0,0,0
São João do Piauí,São João do Piauí,2020-04-19,0,0,0,0
São João do Piauí,São João do Piauí,2020-04-20,0,0,0,0
São João do Piauí,São João do Piauí,2020-04-21,0,0,0,0
São João do Piauí,São João do Piauí,2020-04-22,0,0,0,0
São João do Piauí,São João do Piauí,2020-04-23,0,0,0,0
São João do Piauí,São João do Piauí,2020-04-24,0,0,0,0
São João do Piauí,São João do Piauí,2020-04-25,0,0,0,0
São João do Piauí,São João do Piauí,2020-04-26,0,0,0,0
São João do Piauí,São João do Piauí,2020-04-27,0,0,0,0
São João do Piauí,São João do Piauí,2020-04-28,0,0,0,0
São João do Piauí,São João do Piauí,2020-04-29,0,0,0,0
São João do Piauí,São João do Piauí,2020-04-30,0,0,0,0
São João do Piauí,São João do Piauí,2020-05-01,0,0,0,0
São João do Piauí,São João do Piauí,2020-05-02,1,1,0,0
São João do Piauí,São João do Piauí,2020-05-03,1,0,0,0
São João do Piauí,São João do Piauí,2020-05-04,1,0,0,0
São João do Piauí,São João do Piauí,2020-05-05,2,1,0,0
São João do Piauí,São João do Piauí,2020-05-06,2,0,0,0
São João do Piauí,São João do Piauí,2020-05-07,2,0,0,0
São João do Piauí,São João do Piauí,2020-05-08,2,0,0,0
São João do Piauí,São João do Piauí,2020-05-09,4,2,0,0
São João do Piauí,São João do Piauí,2020-05-10,7,3,0,0
São João do Piauí,São João do Piauí,2020-05-11,7,0,0,0
São João do Piauí,São João do Piauí,2020-05-12,6,-1,0,0
São João do Piauí,São João do Piauí,2020-05-13,7,1,0,0
São João do Piauí,São João do Piauí,2020-05-14,9,2,0,0
São João do Piauí,São João do Piauí,2020-05-15,4,-5,0,0
São João do Piauí,São João do Piauí,2020-05-16,7,3,0,0
São João do Piauí,São João do Piauí,2020-05-17,7,0,0,0
São João do Piauí,São João do Piauí,2020-05-18,7,0,0,0
São João do Piauí,São João do Piauí,2020-05-19,7,0,0,0
São João do Piauí,São João do Piauí,2020-05-20,8,1,0,0
São João do Piauí,São João do Piauí,2020-05-21,8,0,0,0
São João do Piauí,São João do Piauí,2020-05-22,8,0,0,0
São João do Piauí,São João do Piauí,2020-05-23,8,0,0,0
São João do Piauí,São João do Piauí,2020-05-24,8,0,0,0
São João do Piauí,São João do Piauí,2020-05-25,8,0,0,0
São João do Piauí,São João do Piauí,2020-05-26,8,0,0,0
São João do Piauí,São João do Piauí,2020-05-27,8,0,0,0
São João do Piauí,São João do Piauí,2020-05-28,7,-1,0,0
São João do Piauí,São João do Piauí,2020-05-29,7,0,0,0
São João do Piauí,São João do Piauí,2020-05-30,6,-1,0,0
São João do Piauí,São João do Piauí,2020-05-31,6,0,0,0
São João do Piauí,São João do Piauí,2020-06-01,7,1,0,0
São João do Piauí,São João do Piauí,2020-06-02,8,1,0,0
São João do Piauí,São João do Piauí,2020-06-03,10,2,0,0
São João do Piauí,São João do Piauí,2020-06-04,10,0,0,0
São João do Piauí,São João do Piauí,2020-06-05,10,0,0,0
São João do Piauí,São João do Piauí,2020-06-06,11,1,0,0
São João do Piauí,São João do Piauí,2020-06-07,11,0,0,0
São João do Piauí,São João do Piauí,2020-06-08,11,0,0,0
São João do Piauí,São João do Piauí,2020-06-09,10,-1,0,0
São João do Piauí,São João do Piauí,2020-06-10,11,1,0,0
São João do Piauí,São João do Piauí,2020-06-11,11,0,0,0
São João do Piauí,São João do Piauí,2020-06-12,12,1,0,0
São João do Piauí,São João do Piauí,2020-06-13,14,2,0,0
São João do Piauí,São João do Piauí,2020-06-14,12,-2,0,0
São João do Piauí,São João do Piauí,2020-06-15,12,0,0,0
São João do Piauí,São João do Piauí,2020-06-16,12,0,0,0
São João do Piauí,São João do Piauí,2020-06-17,12,0,0,0
São João do Piauí,São João do Piauí,2020-06-18,14,2,0,0
São João do Piauí,São João do Piauí,2020-06-19,15,1,0,0
São João do Piauí,São João do Piauí,2020-06-20,15,0,0,0
São João do Piauí,São João do Piauí,2020-06-21,16,1,0,0
São João do Piauí,São João do Piauí,2020-06-22,16,0,0,0
São João do Piauí,São João do Piauí,2020-06-23,17,1,0,0
São João do Piauí,São João do Piauí,2020-06-24,17,0,0,0
São João do Piauí,São João do Piauí,2020-06-25,18,1,0,0
São João do Piauí,São João do Piauí,2020-06-26,19,1,0,0
São João do Piauí,São João do Piauí,2020-06-27,22,3,0,0
São João do Piauí,São João do Piauí,2020-06-28,24,2,0,0
São João do Piauí,São João do Piauí,2020-06-29,26,2,1,1
São João do Piauí,São João do Piauí,2020-06-30,30,4,1,0
São João do Piauí,São João do Piauí,2020-07-01,35,5,1,0
São João do Piauí,São João do Piauí,2020-07-02,35,0,1,0
São João do Piauí,São João do Piauí,2020-07-03,35,0,1,0
São João do Piauí,São João do Piauí,2020-07-04,35,0,1,0
São João do Piauí,São João do Piauí,2020-07-05,38,3,1,0
São João do Piauí,São João do Piauí,2020-07-06,38,0,1,0
São João do Piauí,São João do Piauí,2020-07-07,38,0,1,0
São João do Piauí,São João do Piauí,2020-07-08,38,0,1,0
São João do Piauí,São João do Piauí,2020-07-09,45,7,1,0
São João do Piauí,São João do Piauí,2020-07-10,49,4,1,0
São João do Piauí,São João do Piauí,2020-07-11,55,6,1,0
São João do Piauí,São João do Piauí,2020-07-12,57,2,1,0
São João do Piauí,São João do Piauí,2020-07-13,57,0,1,0
São João do Piauí,São João do Piauí,2020-07-14,58,1,1,0
São João do Piauí,São João do Piauí,2020-07-15,61,3,1,0
São João do Piauí,São João do Piauí,2020-07-16,64,3,1,0
São João do Piauí,São João do Piauí,2020-07-17,65,1,1,0
São João do Piauí,São João do Piauí,2020-07-18,70,5,1,0
São João do Piauí,São João do Piauí,2020-07-19,70,0,1,0
São João do Piauí,São João do Piauí,2020-07-20,70,0,1,0
São João do Piauí,São João do Piauí,2020-07-21,70,0,1,0
São João do Piauí,São João do Piauí,2020-07-22,74,4,1,0
São João do Piauí,São João do Piauí,2020-07-23,77,3,1,0
São João do Piauí,São João do Piauí,2020-07-24,82,5,1,0
São João do Piauí,São João do Piauí,2020-07-25,83,1,1,0
São João do Piauí,São João do Piauí,2020-07-26,83,0,1,0
São João do Piauí,São João do Piauí,2020-07-27,83,0,1,0
São João do Piauí,São João do Piauí,2020-07-28,83,0,1,0
São João do Piauí,São João do Piauí,2020-07-29,85,2,1,0
São João do Piauí,São João do Piauí,2020-07-30,84,-1,1,0
São João do Piauí,São João do Piauí,2020-07-31,84,0,1,0
São João do Piauí,São João do Piauí,2020-08-01,84,0,1,0
São João do Piauí,São João do Piauí,2020-08-02,85,1,1,0
São João do Piauí,São João do Piauí,2020-08-03,85,0,1,0
São João do Piauí,São João do Piauí,2020-08-04,85,0,1,0
São João do Piauí,São João do Piauí,2020-08-05,86,1,1,0
São João do Piauí,São João do Piauí,2020-08-06,86,0,1,0
São João do Piauí,São João do Piauí,2020-08-07,86,0,1,0
São João do Piauí,São João do Piauí,2020-08-08,89,3,1,0
São João do Piauí,São João do Piauí,2020-08-09,89,0,1,0
São João do Piauí,São João do Piauí,2020-08-10,89,0,1,0
São João do Piauí,São João do Piauí,2020-08-11,90,1,1,0
São João do Piauí,São João do Piauí,2020-08-12,92,2,1,0
São João do Piauí,São João do Piauí,2020-08-13,97,5,1,0
São João do Piauí,São João do Piauí,2020-08-14,101,4,1,0
São João do Piauí,São João do Piauí,2020-08-15,106,5,1,0
São João do Piauí,São João do Piauí,2020-08-16,107,1,1,0
São João do Piauí,São João do Piauí,2020-08-17,113,6,1,0
São João do Piauí,São João do Piauí,2020-08-18,121,8,1,0
São João do Piauí,São João do Piauí,2020-08-19,127,6,1,0
São João do Piauí,São João do Piauí,2020-08-20,147,20,1,0
São João do Piauí,São João do Piauí,2020-08-21,157,10,2,1
São João do Piauí,São João do Piauí,2020-08-22,176,19,2,0
São João do Piauí,São João do Piauí,2020-08-23,176,0,2,0
São João do Piauí,São João do Piauí,2020-08-24,176,0,2,0
São João do Piauí,São João do Piauí,2020-08-25,181,5,2,0
São João do Piauí,São João do Piauí,2020-08-26,188,7,2,0
São João do Piauí,São João do Piauí,2020-08-27,197,9,2,0
São João do Piauí,São João do Piauí,2020-08-28,201,4,2,0
São João do Piauí,São João do Piauí,2020-08-29,206,5,2,0
São João do Piauí,São João do Piauí,2020-08-30,209,3,2,0
São João do Piauí,São João do Piauí,2020-08-31,213,4,2,0
São João do Piauí,São João do Piauí,2020-09-01,218,5,2,0
São João do Piauí,São João do Piauí,2020-09-02,221,3,2,0
São João do Piauí,São João do Piauí,2020-09-03,226,5,2,0
São João do Piauí,São João do Piauí,2020-09-04,226,0,2,0
São João do Piauí,São João do Piauí,2020-09-05,227,1,2,0
São João do Piauí,São João do Piauí,2020-09-06,227,0,2,0
São João do Piauí,São João do Piauí,2020-09-07,227,0,2,0
São João do Piauí,São João do Piauí,2020-09-08,229,2,2,0
São João do Piauí,São João do Piauí,2020-09-09,230,1,2,0
São João do Piauí,São João do Piauí,2020-09-10,230,0,2,0
São João do Piauí,São João do Piauí,2020-09-11,233,3,2,0
São João do Piauí,São João do Piauí,2020-09-12,238,5,2,0
São João do Piauí,São João do Piauí,2020-09-13,239,1,2,0
São João do Piauí,São João do Piauí,2020-09-14,239,0,2,0
São João do Piauí,São João do Piauí,2020-09-15,242,3,2,0
São João do Piauí,São João do Piauí,2020-09-16,246,4,2,0
São João do Piauí,São João do Piauí,2020-09-17,247,1,2,0
São João do Piauí,São João do Piauí,2020-09-18,247,0,2,0
São João do Piauí,São João do Piauí,2020-09-19,248,1,2,0
São João do Piauí,São João do Piauí,2020-09-20,248,0,2,0
São João do Piauí,São João do Piauí,2020-09-21,248,0,2,0
São João do Piauí,São João do Piauí,2020-09-22,252,4,2,0
São João do Piauí,São João do Piauí,2020-09-23,257,5,2,0
São João do Piauí,São João do Piauí,2020-09-24,258,1,3,1
São João do Piauí,São João do Piauí,2020-09-25,259,1,3,0
São João do Piauí,São João do Piauí,2020-09-26,256,-3,3,0
São João do Piauí,São João do Piauí,2020-09-27,256,0,3,0
São João do Piauí,São João do Piauí,2020-09-28,257,1,3,0
São João do Piauí,São João do Piauí,2020-09-29,260,3,3,0
São João do Piauí,São João do Piauí,2020-09-30,261,1,3,0
São João do Piauí,São João do Piauí,2020-10-01,263,2,3,0
São João do Piauí,São João do Piauí,2020-10-02,265,2,3,0
São João do Piauí,São João do Piauí,2020-10-03,266,1,3,0
São João do Piauí,São João do Piauí,2020-10-04,266,0,3,0
São João do Piauí,São João do Piauí,2020-10-05,266,0,4,1
São João do Piauí,São João do Piauí,2020-10-06,270,4,5,1
São João do Piauí,São João do Piauí,2020-10-07,272,2,5,0
São João do Piauí,São João do Piauí,2020-10-08,275,3,5,0
São João do Piauí,São João do Piauí,2020-10-09,277,2,5,0
São João do Piauí,São João do Piauí,2020-10-10,278,1,5,0
São João do Piauí,São João do Piauí,2020-10-11,279,1,5,0
São João do Piauí,São João do Piauí,2020-10-12,283,4,5,0
São João do Piauí,São João do Piauí,2020-10-13,283,0,5,0
São João do Piauí,São João do Piauí,2020-10-14,288,5,5,0
São João do Piauí,São João do Piauí,2020-10-15,290,2,5,0
São João do Piauí,São João do Piauí,2020-10-16,296,6,5,0
São João do Piauí,São João do Piauí,2020-10-17,300,4,5,0
São João do Piauí,São João do Piauí,2020-10-18,301,1,5,0
São João do Piauí,São João do Piauí,2020-10-19,301,0,5,0
São João do Piauí,São João do Piauí,2020-10-20,304,3,5,0
São João do Piauí,São João do Piauí,2020-10-21,308,4,5,0
São João do Piauí,São João do Piauí,2020-10-22,316,8,5,0
São João do Piauí,São João do Piauí,2020-10-23,322,6,5,0
São João do Piauí,São João do Piauí,2020-10-24,331,9,5,0
São João do Piauí,São João do Piauí,2020-10-25,332,1,5,0
São João do Piauí,São João do Piauí,2020-10-26,333,1,5,0
São João do Piauí,São João do Piauí,2020-10-27,343,10,5,0
São João do Piauí,São João do Piauí,2020-10-28,348,5,5,0
São João do Piauí,São João do Piauí,2020-10-29,352,4,5,0
São João do Piauí,São João do Piauí,2020-10-30,354,2,5,0
São João do Piauí,São João do Piauí,2020-10-31,355,1,5,0
São João do Piauí,São João do Piauí,2020-11-01,355,0,5,0
São João do Piauí,São João do Piauí,2020-11-02,355,0,5,0
São João do Piauí,São João do Piauí,2020-11-03,355,0,6,1
São João do Piauí,São João do Piauí,2020-11-04,374,19,6,0
São João do Piauí,São João do Piauí,2020-11-05,376,2,6,0
São João do Piauí,São João do Piauí,2020-11-06,377,1,6,0
São João do Piauí,São João do Piauí,2020-11-07,381,4,6,0
São João do Piauí,São João do Piauí,2020-11-08,388,7,6,0
São João do Piauí,São João do Piauí,2020-11-09,389,1,6,0
São João do Piauí,São João do Piauí,2020-11-10,395,6,6,0
São João do Piauí,São João do Piauí,2020-11-11,400,5,6,0
São João do Piauí,São João do Piauí,2020-11-12,402,2,6,0
São João do Piauí,São João do Piauí,2020-11-13,404,2,6,0
São João do Piauí,São João do Piauí,2020-11-14,406,2,6,0
São João do Piauí,São João do Piauí,2020-11-15,406,0,6,0
São João do Piauí,São João do Piauí,2020-11-16,406,0,6,0
São João do Piauí,São João do Piauí,2020-11-17,407,1,7,1
São João do Piauí,São João do Piauí,2020-11-18,410,3,7,0
São João do Piauí,São João do Piauí,2020-11-19,419,9,7,0
São João do Piauí,São João do Piauí,2020-11-20,422,3,7,0
São João do Piauí,São João do Piauí,2020-11-21,426,4,7,0
São João do Piauí,São João do Piauí,2020-11-22,445,19,7,0
São João do Piauí,São João do Piauí,2020-11-23,449,4,7,0
São João do Piauí,São João do Piauí,2020-11-24,459,10,7,0
São João do Piauí,São João do Piauí,2020-11-25,471,12,8,1
São João do Piauí,São João do Piauí,2020-11-26,484,13,8,0
São João do Piauí,São João do Piauí,2020-11-27,499,15,8,0
São João do Piauí,São João do Piauí,2020-11-28,502,3,8,0
São João do Piauí,São João do Piauí,2020-11-29,524,22,9,1
São João do Piauí,São João do Piauí,2020-11-30,528,4,9,0
São João do Piauí,São João do Piauí,2020-12-01,531,3,9,0
São João do Piauí,São João do Piauí,2020-12-02,550,19,10,1
São João do Piauí,São João do Piauí,2020-12-03,563,13,10,0
São João do Piauí,São João do Piauí,2020-12-04,564,1,10,0
São João do Piauí,São João do Piauí,2020-12-05,566,2,10,0
São João do Piauí,São João do Piauí,2020-12-06,572,6,11,1
São João do Piauí,São João do Piauí,2020-12-07,574,2,11,0
São João do Piauí,São João do Piauí,2020-12-08,575,1,11,0
São João do Piauí,São João do Piauí,2020-12-09,577,2,11,0
São João do Piauí,São João do Piauí,2020-12-10,579,2,11,0
São João do Piauí,São João do Piauí,2020-12-11,582,3,11,0
São João do Piauí,São João do Piauí,2020-12-12,594,12,13,2
São João do Piauí,São João do Piauí,2020-12-13,598,4,13,0
São João do Piauí,São João do Piauí,2020-12-14,602,4,13,0
São João do Piauí,São João do Piauí,2020-12-15,606,4,13,0
São João do Piauí,São João do Piauí,2020-12-16,607,1,13,0
São João do Piauí,São João do Piauí,2020-12-17,609,2,14,1
São João do Piauí,São João do Piauí,2020-12-18,609,0,14,0
São João do Piauí,São João do Piauí,2020-12-19,609,0,14,0
São João do Piauí,São João do Piauí,2020-12-20,610,1,14,0
São João do Piauí,São João do Piauí,2020-12-21,611,1,14,0
São João do Piauí,São João do Piauí,2020-12-22,611,0,14,0
São João do Piauí,São João do Piauí,2020-12-23,611,0,14,0
São João do Piauí,São João do Piauí,2020-12-24,616,5,14,0
São João do Piauí,São João do Piauí,2020-12-25,617,1,15,1
São João do Piauí,São João do Piauí,2020-12-26,617,0,16,1
São João do Piauí,São João do Piauí,2020-12-27,618,1,17,1
São João do Piauí,São João do Piauí,2020-12-28,630,12,17,0
São João do Piauí,São João do Piauí,2020-12-29,632,2,17,0
São João do Piauí,São João do Piauí,2020-12-30,632,0,17,0
São João do Piauí,São João do Piauí,2020-12-31,633,1,17,0
São João do Piauí,São João do Piauí,2021-01-01,636,3,17,0
São João do Piauí,São João do Piauí,2021-01-02,637,1,19,2
São João do Piauí,São João do Piauí,2021-01-03,639,2,20,1
São João do Piauí,São João do Piauí,2021-01-04,639,0,20,0
São João do Piauí,São João do Piauí,2021-01-05,640,1,20,0
São João do Piauí,São João do Piauí,2021-01-06,641,1,20,0
São João do Piauí,São João do Piauí,2021-01-07,642,1,20,0
São João do Piauí,São João do Piauí,2021-01-08,642,0,20,0
São João do Piauí,São João do Piauí,2021-01-09,642,0,20,0
São João do Piauí,São João do Piauí,2021-01-10,643,1,20,0
São João do Piauí,São João do Piauí,2021-01-11,643,0,20,0
São João do Piauí,São João do Piauí,2021-01-12,643,0,20,0
São João do Piauí,São João do Piauí,2021-01-13,645,2,20,0
São João do Piauí,São João do Piauí,2021-01-14,653,8,20,0
São João do Piauí,São João do Piauí,2021-01-15,654,1,20,0
São João do Piauí,São João do Piauí,2021-01-16,655,1,20,0
São João do Piauí,São João do Piauí,2021-01-17,655,0,21,1
São João do Piauí,São João do Piauí,2021-01-18,657,2,21,0
São João do Piauí,São João do Piauí,2021-01-19,658,1,21,0
São João do Piauí,São João do Piauí,2021-01-20,658,0,21,0
São João do Piauí,São João do Piauí,2021-01-21,659,1,21,0
São João do Piauí,São João do Piauí,2021-01-22,660,1,21,0
São João do Piauí,São João do Piauí,2021-01-23,661,1,21,0
São João do Piauí,São João do Piauí,2021-01-24,661,0,21,0
São João do Piauí,São João do Piauí,2021-01-25,661,0,21,0
São João do Piauí,São João do Piauí,2021-01-26,662,1,21,0
São João do Piauí,São João do Piauí,2021-01-27,662,0,21,0
São João do Piauí,São João do Piauí,2021-01-28,662,0,21,0
São João do Piauí,São João do Piauí,2021-01-29,662,0,21,0
São João do Piauí,São João do Piauí,2021-01-30,662,0,21,0
São João do Piauí,São João do Piauí,2021-01-31,662,0,21,0
São João do Piauí,São João do Piauí,2021-02-01,662,0,21,0
São João do Piauí,São João do Piauí,2021-02-02,663,1,21,0
São João do Piauí,São João do Piauí,2021-02-03,663,0,21,0
São João do Piauí,São João do Piauí,2021-02-04,663,0,21,0
São João do Piauí,São João do Piauí,2021-02-05,663,0,21,0
São João do Piauí,São João do Piauí,2021-02-06,664,1,22,1
São João do Piauí,São João do Piauí,2021-02-07,664,0,22,0
São João do Piauí,São João do Piauí,2021-02-08,664,0,22,0
