city,city,date,cases,daily cases,deaths,daily deaths
São Gabriel da Palha,São Gabriel da Palha,2020-03-27,0,0,0,0
São Gabriel da Palha,São Gabriel da Palha,2020-03-28,0,0,0,0
São Gabriel da Palha,São Gabriel da Palha,2020-03-29,0,0,0,0
São Gabriel da Palha,São Gabriel da Palha,2020-03-30,0,0,0,0
São Gabriel da Palha,São Gabriel da Palha,2020-03-31,0,0,0,0
São Gabriel da Palha,São Gabriel da Palha,2020-04-01,0,0,0,0
São Gabriel da Palha,São Gabriel da Palha,2020-04-02,0,0,0,0
São Gabriel da Palha,São Gabriel da Palha,2020-04-03,0,0,0,0
São Gabriel da Palha,São Gabriel da Palha,2020-04-04,0,0,0,0
São Gabriel da Palha,São Gabriel da Palha,2020-04-05,0,0,0,0
São Gabriel da Palha,São Gabriel da Palha,2020-04-06,0,0,0,0
São Gabriel da Palha,São Gabriel da Palha,2020-04-07,0,0,0,0
São Gabriel da Palha,São Gabriel da Palha,2020-04-08,0,0,0,0
São Gabriel da Palha,São Gabriel da Palha,2020-04-09,0,0,0,0
São Gabriel da Palha,São Gabriel da Palha,2020-04-10,0,0,0,0
São Gabriel da Palha,São Gabriel da Palha,2020-04-11,1,1,0,0
São Gabriel da Palha,São Gabriel da Palha,2020-04-12,2,1,0,0
São Gabriel da Palha,São Gabriel da Palha,2020-04-13,2,0,0,0
São Gabriel da Palha,São Gabriel da Palha,2020-04-14,2,0,0,0
São Gabriel da Palha,São Gabriel da Palha,2020-04-15,2,0,0,0
São Gabriel da Palha,São Gabriel da Palha,2020-04-16,2,0,0,0
São Gabriel da Palha,São Gabriel da Palha,2020-04-17,2,0,0,0
São Gabriel da Palha,São Gabriel da Palha,2020-04-18,2,0,0,0
São Gabriel da Palha,São Gabriel da Palha,2020-04-19,2,0,0,0
São Gabriel da Palha,São Gabriel da Palha,2020-04-20,2,0,0,0
São Gabriel da Palha,São Gabriel da Palha,2020-04-21,2,0,0,0
São Gabriel da Palha,São Gabriel da Palha,2020-04-22,2,0,0,0
São Gabriel da Palha,São Gabriel da Palha,2020-04-23,3,1,0,0
São Gabriel da Palha,São Gabriel da Palha,2020-04-24,3,0,0,0
São Gabriel da Palha,São Gabriel da Palha,2020-04-25,3,0,0,0
São Gabriel da Palha,São Gabriel da Palha,2020-04-26,3,0,0,0
São Gabriel da Palha,São Gabriel da Palha,2020-04-27,3,0,0,0
São Gabriel da Palha,São Gabriel da Palha,2020-04-28,3,0,0,0
São Gabriel da Palha,São Gabriel da Palha,2020-04-29,4,1,0,0
São Gabriel da Palha,São Gabriel da Palha,2020-04-30,4,0,0,0
São Gabriel da Palha,São Gabriel da Palha,2020-05-01,4,0,0,0
São Gabriel da Palha,São Gabriel da Palha,2020-05-02,4,0,0,0
São Gabriel da Palha,São Gabriel da Palha,2020-05-03,4,0,0,0
São Gabriel da Palha,São Gabriel da Palha,2020-05-04,4,0,0,0
São Gabriel da Palha,São Gabriel da Palha,2020-05-05,4,0,0,0
São Gabriel da Palha,São Gabriel da Palha,2020-05-06,4,0,0,0
São Gabriel da Palha,São Gabriel da Palha,2020-05-07,4,0,0,0
São Gabriel da Palha,São Gabriel da Palha,2020-05-08,4,0,0,0
São Gabriel da Palha,São Gabriel da Palha,2020-05-09,4,0,0,0
São Gabriel da Palha,São Gabriel da Palha,2020-05-10,4,0,0,0
São Gabriel da Palha,São Gabriel da Palha,2020-05-11,4,0,0,0
São Gabriel da Palha,São Gabriel da Palha,2020-05-12,4,0,0,0
São Gabriel da Palha,São Gabriel da Palha,2020-05-13,5,1,0,0
São Gabriel da Palha,São Gabriel da Palha,2020-05-14,5,0,0,0
São Gabriel da Palha,São Gabriel da Palha,2020-05-15,6,1,0,0
São Gabriel da Palha,São Gabriel da Palha,2020-05-16,7,1,0,0
São Gabriel da Palha,São Gabriel da Palha,2020-05-17,7,0,0,0
São Gabriel da Palha,São Gabriel da Palha,2020-05-18,7,0,0,0
São Gabriel da Palha,São Gabriel da Palha,2020-05-19,7,0,0,0
São Gabriel da Palha,São Gabriel da Palha,2020-05-20,7,0,0,0
São Gabriel da Palha,São Gabriel da Palha,2020-05-21,8,1,0,0
São Gabriel da Palha,São Gabriel da Palha,2020-05-22,9,1,0,0
São Gabriel da Palha,São Gabriel da Palha,2020-05-23,9,0,0,0
São Gabriel da Palha,São Gabriel da Palha,2020-05-24,9,0,0,0
São Gabriel da Palha,São Gabriel da Palha,2020-05-25,12,3,0,0
São Gabriel da Palha,São Gabriel da Palha,2020-05-26,19,7,0,0
São Gabriel da Palha,São Gabriel da Palha,2020-05-27,21,2,0,0
São Gabriel da Palha,São Gabriel da Palha,2020-05-28,24,3,0,0
São Gabriel da Palha,São Gabriel da Palha,2020-05-29,29,5,0,0
São Gabriel da Palha,São Gabriel da Palha,2020-05-30,34,5,0,0
São Gabriel da Palha,São Gabriel da Palha,2020-05-31,35,1,0,0
São Gabriel da Palha,São Gabriel da Palha,2020-06-01,36,1,0,0
São Gabriel da Palha,São Gabriel da Palha,2020-06-02,52,16,0,0
São Gabriel da Palha,São Gabriel da Palha,2020-06-03,59,7,0,0
São Gabriel da Palha,São Gabriel da Palha,2020-06-04,79,20,0,0
São Gabriel da Palha,São Gabriel da Palha,2020-06-05,86,7,0,0
São Gabriel da Palha,São Gabriel da Palha,2020-06-06,86,0,0,0
São Gabriel da Palha,São Gabriel da Palha,2020-06-07,90,4,0,0
São Gabriel da Palha,São Gabriel da Palha,2020-06-08,100,10,0,0
São Gabriel da Palha,São Gabriel da Palha,2020-06-09,105,5,0,0
São Gabriel da Palha,São Gabriel da Palha,2020-06-10,116,11,0,0
São Gabriel da Palha,São Gabriel da Palha,2020-06-11,122,6,0,0
São Gabriel da Palha,São Gabriel da Palha,2020-06-12,131,9,0,0
São Gabriel da Palha,São Gabriel da Palha,2020-06-13,139,8,0,0
São Gabriel da Palha,São Gabriel da Palha,2020-06-14,144,5,0,0
São Gabriel da Palha,São Gabriel da Palha,2020-06-15,159,15,0,0
São Gabriel da Palha,São Gabriel da Palha,2020-06-16,187,28,1,1
São Gabriel da Palha,São Gabriel da Palha,2020-06-17,193,6,1,0
São Gabriel da Palha,São Gabriel da Palha,2020-06-18,220,27,1,0
São Gabriel da Palha,São Gabriel da Palha,2020-06-19,236,16,1,0
São Gabriel da Palha,São Gabriel da Palha,2020-06-20,251,15,1,0
São Gabriel da Palha,São Gabriel da Palha,2020-06-21,252,1,1,0
São Gabriel da Palha,São Gabriel da Palha,2020-06-22,260,8,1,0
São Gabriel da Palha,São Gabriel da Palha,2020-06-23,279,19,1,0
São Gabriel da Palha,São Gabriel da Palha,2020-06-24,303,24,1,0
São Gabriel da Palha,São Gabriel da Palha,2020-06-25,323,20,1,0
São Gabriel da Palha,São Gabriel da Palha,2020-06-26,334,11,1,0
São Gabriel da Palha,São Gabriel da Palha,2020-06-27,334,0,1,0
São Gabriel da Palha,São Gabriel da Palha,2020-06-28,354,20,2,1
São Gabriel da Palha,São Gabriel da Palha,2020-06-29,377,23,2,0
São Gabriel da Palha,São Gabriel da Palha,2020-06-30,398,21,2,0
São Gabriel da Palha,São Gabriel da Palha,2020-07-01,436,38,3,1
São Gabriel da Palha,São Gabriel da Palha,2020-07-02,454,18,4,1
São Gabriel da Palha,São Gabriel da Palha,2020-07-03,485,31,4,0
São Gabriel da Palha,São Gabriel da Palha,2020-07-04,497,12,4,0
São Gabriel da Palha,São Gabriel da Palha,2020-07-05,500,3,4,0
São Gabriel da Palha,São Gabriel da Palha,2020-07-06,529,29,6,2
São Gabriel da Palha,São Gabriel da Palha,2020-07-07,557,28,6,0
São Gabriel da Palha,São Gabriel da Palha,2020-07-08,577,20,7,1
São Gabriel da Palha,São Gabriel da Palha,2020-07-09,593,16,7,0
São Gabriel da Palha,São Gabriel da Palha,2020-07-10,612,19,8,1
São Gabriel da Palha,São Gabriel da Palha,2020-07-11,619,7,8,0
São Gabriel da Palha,São Gabriel da Palha,2020-07-12,626,7,8,0
São Gabriel da Palha,São Gabriel da Palha,2020-07-13,660,34,9,1
São Gabriel da Palha,São Gabriel da Palha,2020-07-14,683,23,9,0
São Gabriel da Palha,São Gabriel da Palha,2020-07-15,691,8,9,0
São Gabriel da Palha,São Gabriel da Palha,2020-07-16,722,31,9,0
São Gabriel da Palha,São Gabriel da Palha,2020-07-17,742,20,10,1
São Gabriel da Palha,São Gabriel da Palha,2020-07-18,754,12,10,0
São Gabriel da Palha,São Gabriel da Palha,2020-07-19,759,5,10,0
São Gabriel da Palha,São Gabriel da Palha,2020-07-20,800,41,10,0
São Gabriel da Palha,São Gabriel da Palha,2020-07-21,811,11,10,0
São Gabriel da Palha,São Gabriel da Palha,2020-07-22,836,25,10,0
São Gabriel da Palha,São Gabriel da Palha,2020-07-23,843,7,10,0
São Gabriel da Palha,São Gabriel da Palha,2020-07-24,856,13,10,0
São Gabriel da Palha,São Gabriel da Palha,2020-07-25,863,7,10,0
São Gabriel da Palha,São Gabriel da Palha,2020-07-26,870,7,10,0
São Gabriel da Palha,São Gabriel da Palha,2020-07-27,891,21,11,1
São Gabriel da Palha,São Gabriel da Palha,2020-07-28,892,1,11,0
São Gabriel da Palha,São Gabriel da Palha,2020-07-29,897,5,12,1
São Gabriel da Palha,São Gabriel da Palha,2020-07-30,904,7,12,0
São Gabriel da Palha,São Gabriel da Palha,2020-07-31,924,20,12,0
São Gabriel da Palha,São Gabriel da Palha,2020-08-01,933,9,12,0
São Gabriel da Palha,São Gabriel da Palha,2020-08-02,947,14,12,0
São Gabriel da Palha,São Gabriel da Palha,2020-08-03,978,31,13,1
São Gabriel da Palha,São Gabriel da Palha,2020-08-04,1003,25,13,0
São Gabriel da Palha,São Gabriel da Palha,2020-08-05,1026,23,13,0
São Gabriel da Palha,São Gabriel da Palha,2020-08-06,1057,31,13,0
São Gabriel da Palha,São Gabriel da Palha,2020-08-07,1072,15,13,0
São Gabriel da Palha,São Gabriel da Palha,2020-08-08,1076,4,13,0
São Gabriel da Palha,São Gabriel da Palha,2020-08-09,1079,3,14,1
São Gabriel da Palha,São Gabriel da Palha,2020-08-10,1125,46,15,1
São Gabriel da Palha,São Gabriel da Palha,2020-08-11,1163,38,15,0
São Gabriel da Palha,São Gabriel da Palha,2020-08-12,1185,22,16,1
São Gabriel da Palha,São Gabriel da Palha,2020-08-13,1214,29,16,0
São Gabriel da Palha,São Gabriel da Palha,2020-08-14,1238,24,16,0
São Gabriel da Palha,São Gabriel da Palha,2020-08-15,1258,20,16,0
São Gabriel da Palha,São Gabriel da Palha,2020-08-16,1278,20,17,1
São Gabriel da Palha,São Gabriel da Palha,2020-08-17,1317,39,18,1
São Gabriel da Palha,São Gabriel da Palha,2020-08-18,1336,19,18,0
São Gabriel da Palha,São Gabriel da Palha,2020-08-19,1360,24,18,0
São Gabriel da Palha,São Gabriel da Palha,2020-08-20,1384,24,19,1
São Gabriel da Palha,São Gabriel da Palha,2020-08-21,1408,24,20,1
São Gabriel da Palha,São Gabriel da Palha,2020-08-22,1417,9,21,1
São Gabriel da Palha,São Gabriel da Palha,2020-08-23,1420,3,21,0
São Gabriel da Palha,São Gabriel da Palha,2020-08-24,1456,36,21,0
São Gabriel da Palha,São Gabriel da Palha,2020-08-25,1473,17,21,0
São Gabriel da Palha,São Gabriel da Palha,2020-08-26,1486,13,21,0
São Gabriel da Palha,São Gabriel da Palha,2020-08-27,1498,12,21,0
São Gabriel da Palha,São Gabriel da Palha,2020-08-28,1527,29,21,0
São Gabriel da Palha,São Gabriel da Palha,2020-08-29,1534,7,21,0
São Gabriel da Palha,São Gabriel da Palha,2020-08-30,1536,2,21,0
São Gabriel da Palha,São Gabriel da Palha,2020-08-31,1549,13,22,1
São Gabriel da Palha,São Gabriel da Palha,2020-09-01,1561,12,23,1
São Gabriel da Palha,São Gabriel da Palha,2020-09-02,1569,8,23,0
São Gabriel da Palha,São Gabriel da Palha,2020-09-03,1582,13,23,0
São Gabriel da Palha,São Gabriel da Palha,2020-09-04,1600,18,23,0
São Gabriel da Palha,São Gabriel da Palha,2020-09-05,1607,7,23,0
São Gabriel da Palha,São Gabriel da Palha,2020-09-06,1607,0,23,0
São Gabriel da Palha,São Gabriel da Palha,2020-09-07,1607,0,23,0
São Gabriel da Palha,São Gabriel da Palha,2020-09-08,1621,14,23,0
São Gabriel da Palha,São Gabriel da Palha,2020-09-09,1634,13,23,0
São Gabriel da Palha,São Gabriel da Palha,2020-09-10,1640,6,25,2
São Gabriel da Palha,São Gabriel da Palha,2020-09-11,1653,13,25,0
São Gabriel da Palha,São Gabriel da Palha,2020-09-12,1657,4,25,0
São Gabriel da Palha,São Gabriel da Palha,2020-09-13,1657,0,25,0
São Gabriel da Palha,São Gabriel da Palha,2020-09-14,1669,12,25,0
São Gabriel da Palha,São Gabriel da Palha,2020-09-15,1674,5,25,0
São Gabriel da Palha,São Gabriel da Palha,2020-09-16,1682,8,25,0
São Gabriel da Palha,São Gabriel da Palha,2020-09-17,1689,7,26,1
São Gabriel da Palha,São Gabriel da Palha,2020-09-18,1693,4,26,0
São Gabriel da Palha,São Gabriel da Palha,2020-09-19,1697,4,26,0
São Gabriel da Palha,São Gabriel da Palha,2020-09-20,1698,1,27,1
São Gabriel da Palha,São Gabriel da Palha,2020-09-21,1706,8,27,0
São Gabriel da Palha,São Gabriel da Palha,2020-09-22,1709,3,28,1
São Gabriel da Palha,São Gabriel da Palha,2020-09-23,1712,3,28,0
São Gabriel da Palha,São Gabriel da Palha,2020-09-24,1717,5,28,0
São Gabriel da Palha,São Gabriel da Palha,2020-09-25,1722,5,28,0
São Gabriel da Palha,São Gabriel da Palha,2020-09-26,1724,2,28,0
São Gabriel da Palha,São Gabriel da Palha,2020-09-27,1727,3,29,1
São Gabriel da Palha,São Gabriel da Palha,2020-09-28,1728,1,30,1
São Gabriel da Palha,São Gabriel da Palha,2020-09-29,1729,1,31,1
São Gabriel da Palha,São Gabriel da Palha,2020-09-30,1743,14,31,0
São Gabriel da Palha,São Gabriel da Palha,2020-10-01,1749,6,32,1
São Gabriel da Palha,São Gabriel da Palha,2020-10-02,1753,4,32,0
São Gabriel da Palha,São Gabriel da Palha,2020-10-03,1757,4,32,0
São Gabriel da Palha,São Gabriel da Palha,2020-10-04,1757,0,32,0
São Gabriel da Palha,São Gabriel da Palha,2020-10-05,1759,2,32,0
São Gabriel da Palha,São Gabriel da Palha,2020-10-06,1760,1,32,0
São Gabriel da Palha,São Gabriel da Palha,2020-10-07,1764,4,33,1
São Gabriel da Palha,São Gabriel da Palha,2020-10-08,1767,3,33,0
São Gabriel da Palha,São Gabriel da Palha,2020-10-09,1769,2,33,0
São Gabriel da Palha,São Gabriel da Palha,2020-10-10,1770,1,33,0
São Gabriel da Palha,São Gabriel da Palha,2020-10-11,1771,1,34,1
São Gabriel da Palha,São Gabriel da Palha,2020-10-12,1775,4,34,0
São Gabriel da Palha,São Gabriel da Palha,2020-10-13,1777,2,34,0
São Gabriel da Palha,São Gabriel da Palha,2020-10-14,1781,4,34,0
São Gabriel da Palha,São Gabriel da Palha,2020-10-15,1781,0,34,0
São Gabriel da Palha,São Gabriel da Palha,2020-10-16,1782,1,34,0
São Gabriel da Palha,São Gabriel da Palha,2020-10-17,1782,0,34,0
São Gabriel da Palha,São Gabriel da Palha,2020-10-18,1782,0,34,0
São Gabriel da Palha,São Gabriel da Palha,2020-10-19,1783,1,34,0
São Gabriel da Palha,São Gabriel da Palha,2020-10-20,1783,0,34,0
São Gabriel da Palha,São Gabriel da Palha,2020-10-21,1784,1,34,0
São Gabriel da Palha,São Gabriel da Palha,2020-10-22,1784,0,34,0
São Gabriel da Palha,São Gabriel da Palha,2020-10-23,1797,13,34,0
São Gabriel da Palha,São Gabriel da Palha,2020-10-24,1797,0,34,0
São Gabriel da Palha,São Gabriel da Palha,2020-10-25,1797,0,34,0
São Gabriel da Palha,São Gabriel da Palha,2020-10-26,1802,5,34,0
São Gabriel da Palha,São Gabriel da Palha,2020-10-27,1805,3,34,0
São Gabriel da Palha,São Gabriel da Palha,2020-10-28,1813,8,34,0
São Gabriel da Palha,São Gabriel da Palha,2020-10-29,1813,0,34,0
São Gabriel da Palha,São Gabriel da Palha,2020-10-30,1815,2,34,0
São Gabriel da Palha,São Gabriel da Palha,2020-10-31,1819,4,34,0
São Gabriel da Palha,São Gabriel da Palha,2020-11-01,1821,2,34,0
São Gabriel da Palha,São Gabriel da Palha,2020-11-02,1822,1,34,0
São Gabriel da Palha,São Gabriel da Palha,2020-11-03,1827,5,34,0
São Gabriel da Palha,São Gabriel da Palha,2020-11-04,1833,6,34,0
São Gabriel da Palha,São Gabriel da Palha,2020-11-05,1845,12,34,0
São Gabriel da Palha,São Gabriel da Palha,2020-11-06,1856,11,34,0
São Gabriel da Palha,São Gabriel da Palha,2020-11-07,1851,-5,34,0
São Gabriel da Palha,São Gabriel da Palha,2020-11-08,1854,3,34,0
São Gabriel da Palha,São Gabriel da Palha,2020-11-09,1865,11,34,0
São Gabriel da Palha,São Gabriel da Palha,2020-11-10,1884,19,34,0
São Gabriel da Palha,São Gabriel da Palha,2020-11-11,1888,4,34,0
São Gabriel da Palha,São Gabriel da Palha,2020-11-12,1900,12,34,0
São Gabriel da Palha,São Gabriel da Palha,2020-11-13,1908,8,34,0
São Gabriel da Palha,São Gabriel da Palha,2020-11-14,1909,1,34,0
São Gabriel da Palha,São Gabriel da Palha,2020-11-15,1909,0,34,0
São Gabriel da Palha,São Gabriel da Palha,2020-11-16,1915,6,34,0
São Gabriel da Palha,São Gabriel da Palha,2020-11-17,1934,19,34,0
São Gabriel da Palha,São Gabriel da Palha,2020-11-18,1940,6,34,0
São Gabriel da Palha,São Gabriel da Palha,2020-11-19,1949,9,34,0
São Gabriel da Palha,São Gabriel da Palha,2020-11-20,1958,9,34,0
São Gabriel da Palha,São Gabriel da Palha,2020-11-21,1960,2,34,0
São Gabriel da Palha,São Gabriel da Palha,2020-11-22,1965,5,36,2
São Gabriel da Palha,São Gabriel da Palha,2020-11-23,1976,11,36,0
São Gabriel da Palha,São Gabriel da Palha,2020-11-24,1988,12,36,0
São Gabriel da Palha,São Gabriel da Palha,2020-11-25,1999,11,36,0
São Gabriel da Palha,São Gabriel da Palha,2020-11-26,2009,10,36,0
São Gabriel da Palha,São Gabriel da Palha,2020-11-27,2018,9,37,1
São Gabriel da Palha,São Gabriel da Palha,2020-11-28,2019,1,37,0
São Gabriel da Palha,São Gabriel da Palha,2020-11-29,2030,11,37,0
São Gabriel da Palha,São Gabriel da Palha,2020-11-30,2034,4,37,0
São Gabriel da Palha,São Gabriel da Palha,2020-12-01,2057,23,37,0
São Gabriel da Palha,São Gabriel da Palha,2020-12-02,2068,11,37,0
São Gabriel da Palha,São Gabriel da Palha,2020-12-03,2085,17,37,0
São Gabriel da Palha,São Gabriel da Palha,2020-12-04,2095,10,37,0
São Gabriel da Palha,São Gabriel da Palha,2020-12-05,2103,8,37,0
São Gabriel da Palha,São Gabriel da Palha,2020-12-06,2109,6,37,0
São Gabriel da Palha,São Gabriel da Palha,2020-12-07,2122,13,37,0
São Gabriel da Palha,São Gabriel da Palha,2020-12-08,2177,55,38,1
São Gabriel da Palha,São Gabriel da Palha,2020-12-09,2193,16,38,0
São Gabriel da Palha,São Gabriel da Palha,2020-12-10,2210,17,38,0
São Gabriel da Palha,São Gabriel da Palha,2020-12-11,2218,8,38,0
São Gabriel da Palha,São Gabriel da Palha,2020-12-12,2235,17,38,0
São Gabriel da Palha,São Gabriel da Palha,2020-12-13,2236,1,38,0
São Gabriel da Palha,São Gabriel da Palha,2020-12-14,2235,-1,38,0
São Gabriel da Palha,São Gabriel da Palha,2020-12-15,2268,33,38,0
São Gabriel da Palha,São Gabriel da Palha,2020-12-16,2322,54,38,0
São Gabriel da Palha,São Gabriel da Palha,2020-12-17,2343,21,38,0
São Gabriel da Palha,São Gabriel da Palha,2020-12-18,2365,22,38,0
São Gabriel da Palha,São Gabriel da Palha,2020-12-19,2381,16,38,0
São Gabriel da Palha,São Gabriel da Palha,2020-12-20,2383,2,38,0
São Gabriel da Palha,São Gabriel da Palha,2020-12-21,2409,26,38,0
São Gabriel da Palha,São Gabriel da Palha,2020-12-22,2434,25,39,1
São Gabriel da Palha,São Gabriel da Palha,2020-12-23,2458,24,39,0
São Gabriel da Palha,São Gabriel da Palha,2020-12-24,2488,30,39,0
São Gabriel da Palha,São Gabriel da Palha,2020-12-25,2499,11,39,0
São Gabriel da Palha,São Gabriel da Palha,2020-12-26,2502,3,39,0
São Gabriel da Palha,São Gabriel da Palha,2020-12-27,2503,1,39,0
São Gabriel da Palha,São Gabriel da Palha,2020-12-28,2544,41,39,0
São Gabriel da Palha,São Gabriel da Palha,2020-12-29,2600,56,39,0
São Gabriel da Palha,São Gabriel da Palha,2020-12-30,2659,59,39,0
São Gabriel da Palha,São Gabriel da Palha,2020-12-31,2680,21,39,0
São Gabriel da Palha,São Gabriel da Palha,2021-01-01,2695,15,39,0
São Gabriel da Palha,São Gabriel da Palha,2021-01-02,2717,22,39,0
São Gabriel da Palha,São Gabriel da Palha,2021-01-03,2724,7,39,0
São Gabriel da Palha,São Gabriel da Palha,2021-01-04,2750,26,40,1
São Gabriel da Palha,São Gabriel da Palha,2021-01-05,2782,32,40,0
São Gabriel da Palha,São Gabriel da Palha,2021-01-06,2787,5,40,0
São Gabriel da Palha,São Gabriel da Palha,2021-01-07,2846,59,40,0
São Gabriel da Palha,São Gabriel da Palha,2021-01-08,2885,39,40,0
São Gabriel da Palha,São Gabriel da Palha,2021-01-09,2897,12,40,0
São Gabriel da Palha,São Gabriel da Palha,2021-01-10,2898,1,40,0
São Gabriel da Palha,São Gabriel da Palha,2021-01-11,2919,21,40,0
São Gabriel da Palha,São Gabriel da Palha,2021-01-12,2930,11,40,0
São Gabriel da Palha,São Gabriel da Palha,2021-01-13,2931,1,40,0
São Gabriel da Palha,São Gabriel da Palha,2021-01-14,2960,29,40,0
São Gabriel da Palha,São Gabriel da Palha,2021-01-15,2974,14,40,0
São Gabriel da Palha,São Gabriel da Palha,2021-01-16,2992,18,40,0
São Gabriel da Palha,São Gabriel da Palha,2021-01-17,2992,0,40,0
São Gabriel da Palha,São Gabriel da Palha,2021-01-18,3007,15,40,0
São Gabriel da Palha,São Gabriel da Palha,2021-01-19,3014,7,40,0
São Gabriel da Palha,São Gabriel da Palha,2021-01-20,3022,8,40,0
São Gabriel da Palha,São Gabriel da Palha,2021-01-21,3027,5,40,0
São Gabriel da Palha,São Gabriel da Palha,2021-01-22,3050,23,40,0
São Gabriel da Palha,São Gabriel da Palha,2021-01-23,3059,9,40,0
São Gabriel da Palha,São Gabriel da Palha,2021-01-24,3064,5,40,0
São Gabriel da Palha,São Gabriel da Palha,2021-01-25,3082,18,40,0
São Gabriel da Palha,São Gabriel da Palha,2021-01-26,3088,6,40,0
São Gabriel da Palha,São Gabriel da Palha,2021-01-27,3098,10,40,0
São Gabriel da Palha,São Gabriel da Palha,2021-01-28,3121,23,40,0
São Gabriel da Palha,São Gabriel da Palha,2021-01-29,3130,9,40,0
São Gabriel da Palha,São Gabriel da Palha,2021-01-30,3138,8,40,0
São Gabriel da Palha,São Gabriel da Palha,2021-01-31,3158,20,40,0
São Gabriel da Palha,São Gabriel da Palha,2021-02-01,3187,29,40,0
São Gabriel da Palha,São Gabriel da Palha,2021-02-02,3207,20,40,0
São Gabriel da Palha,São Gabriel da Palha,2021-02-03,3227,20,40,0
São Gabriel da Palha,São Gabriel da Palha,2021-02-04,3242,15,40,0
São Gabriel da Palha,São Gabriel da Palha,2021-02-05,3277,35,40,0
São Gabriel da Palha,São Gabriel da Palha,2021-02-06,3295,18,41,1
São Gabriel da Palha,São Gabriel da Palha,2021-02-07,3308,13,41,0
São Gabriel da Palha,São Gabriel da Palha,2021-02-08,3327,19,41,0
