city,city,date,cases,daily cases,deaths,daily deaths
São Pedro,São Pedro,2020-03-27,0,0,0,0
São Pedro,São Pedro,2020-03-28,1,1,0,0
São Pedro,São Pedro,2020-03-29,1,0,0,0
São Pedro,São Pedro,2020-03-30,1,0,0,0
São Pedro,São Pedro,2020-03-31,1,0,0,0
São Pedro,São Pedro,2020-04-01,1,0,0,0
São Pedro,São Pedro,2020-04-02,0,-1,0,0
São Pedro,São Pedro,2020-04-03,0,0,0,0
São Pedro,São Pedro,2020-04-04,1,1,0,0
São Pedro,São Pedro,2020-04-05,1,0,0,0
São Pedro,São Pedro,2020-04-06,2,1,0,0
São Pedro,São Pedro,2020-04-07,2,0,0,0
São Pedro,São Pedro,2020-04-08,2,0,0,0
São Pedro,São Pedro,2020-04-09,2,0,0,0
São Pedro,São Pedro,2020-04-10,2,0,0,0
São Pedro,São Pedro,2020-04-11,2,0,0,0
São Pedro,São Pedro,2020-04-12,2,0,0,0
São Pedro,São Pedro,2020-04-13,2,0,0,0
São Pedro,São Pedro,2020-04-14,2,0,0,0
São Pedro,São Pedro,2020-04-15,2,0,0,0
São Pedro,São Pedro,2020-04-16,2,0,0,0
São Pedro,São Pedro,2020-04-17,2,0,0,0
São Pedro,São Pedro,2020-04-18,2,0,0,0
São Pedro,São Pedro,2020-04-19,2,0,0,0
São Pedro,São Pedro,2020-04-20,2,0,0,0
São Pedro,São Pedro,2020-04-21,2,0,0,0
São Pedro,São Pedro,2020-04-22,2,0,0,0
São Pedro,São Pedro,2020-04-23,2,0,0,0
São Pedro,São Pedro,2020-04-24,2,0,0,0
São Pedro,São Pedro,2020-04-25,2,0,0,0
São Pedro,São Pedro,2020-04-26,2,0,0,0
São Pedro,São Pedro,2020-04-27,2,0,0,0
São Pedro,São Pedro,2020-04-28,2,0,0,0
São Pedro,São Pedro,2020-04-29,7,5,0,0
São Pedro,São Pedro,2020-04-30,18,11,0,0
São Pedro,São Pedro,2020-05-01,25,7,0,0
São Pedro,São Pedro,2020-05-02,27,2,0,0
São Pedro,São Pedro,2020-05-03,27,0,0,0
São Pedro,São Pedro,2020-05-04,27,0,0,0
São Pedro,São Pedro,2020-05-05,28,1,0,0
São Pedro,São Pedro,2020-05-06,28,0,0,0
São Pedro,São Pedro,2020-05-07,37,9,0,0
São Pedro,São Pedro,2020-05-08,37,0,0,0
São Pedro,São Pedro,2020-05-09,40,3,0,0
São Pedro,São Pedro,2020-05-10,40,0,0,0
São Pedro,São Pedro,2020-05-11,40,0,0,0
São Pedro,São Pedro,2020-05-12,41,1,0,0
São Pedro,São Pedro,2020-05-13,47,6,0,0
São Pedro,São Pedro,2020-05-14,57,10,0,0
São Pedro,São Pedro,2020-05-15,57,0,0,0
São Pedro,São Pedro,2020-05-16,57,0,0,0
São Pedro,São Pedro,2020-05-17,57,0,0,0
São Pedro,São Pedro,2020-05-18,57,0,0,0
São Pedro,São Pedro,2020-05-19,57,0,0,0
São Pedro,São Pedro,2020-05-20,53,-4,0,0
São Pedro,São Pedro,2020-05-21,56,3,0,0
São Pedro,São Pedro,2020-05-22,56,0,0,0
São Pedro,São Pedro,2020-05-23,59,3,0,0
São Pedro,São Pedro,2020-05-24,59,0,0,0
São Pedro,São Pedro,2020-05-25,59,0,0,0
São Pedro,São Pedro,2020-05-26,65,6,0,0
São Pedro,São Pedro,2020-05-27,68,3,0,0
São Pedro,São Pedro,2020-05-28,67,-1,0,0
São Pedro,São Pedro,2020-05-29,68,1,0,0
São Pedro,São Pedro,2020-05-30,69,1,0,0
São Pedro,São Pedro,2020-05-31,69,0,0,0
São Pedro,São Pedro,2020-06-01,69,0,0,0
São Pedro,São Pedro,2020-06-02,69,0,0,0
São Pedro,São Pedro,2020-06-03,76,7,0,0
São Pedro,São Pedro,2020-06-04,83,7,1,1
São Pedro,São Pedro,2020-06-05,83,0,1,0
São Pedro,São Pedro,2020-06-06,84,1,1,0
São Pedro,São Pedro,2020-06-07,85,1,1,0
São Pedro,São Pedro,2020-06-08,88,3,1,0
São Pedro,São Pedro,2020-06-09,88,0,1,0
São Pedro,São Pedro,2020-06-10,90,2,2,1
São Pedro,São Pedro,2020-06-11,91,1,2,0
São Pedro,São Pedro,2020-06-12,95,4,4,2
São Pedro,São Pedro,2020-06-13,98,3,4,0
São Pedro,São Pedro,2020-06-14,98,0,4,0
São Pedro,São Pedro,2020-06-15,99,1,4,0
São Pedro,São Pedro,2020-06-16,100,1,4,0
São Pedro,São Pedro,2020-06-17,100,0,4,0
São Pedro,São Pedro,2020-06-18,102,2,4,0
São Pedro,São Pedro,2020-06-19,104,2,5,1
São Pedro,São Pedro,2020-06-20,128,24,5,0
São Pedro,São Pedro,2020-06-21,128,0,5,0
São Pedro,São Pedro,2020-06-22,129,1,5,0
São Pedro,São Pedro,2020-06-23,129,0,6,1
São Pedro,São Pedro,2020-06-24,139,10,6,0
São Pedro,São Pedro,2020-06-25,141,2,6,0
São Pedro,São Pedro,2020-06-26,142,1,6,0
São Pedro,São Pedro,2020-06-27,144,2,6,0
São Pedro,São Pedro,2020-06-28,149,5,6,0
São Pedro,São Pedro,2020-06-29,149,0,7,1
São Pedro,São Pedro,2020-06-30,151,2,7,0
São Pedro,São Pedro,2020-07-01,151,0,7,0
São Pedro,São Pedro,2020-07-02,156,5,7,0
São Pedro,São Pedro,2020-07-03,172,16,7,0
São Pedro,São Pedro,2020-07-04,172,0,7,0
São Pedro,São Pedro,2020-07-05,173,1,7,0
São Pedro,São Pedro,2020-07-06,173,0,7,0
São Pedro,São Pedro,2020-07-07,189,16,8,1
São Pedro,São Pedro,2020-07-08,191,2,8,0
São Pedro,São Pedro,2020-07-09,192,1,8,0
São Pedro,São Pedro,2020-07-10,197,5,8,0
São Pedro,São Pedro,2020-07-11,200,3,8,0
São Pedro,São Pedro,2020-07-12,202,2,8,0
São Pedro,São Pedro,2020-07-13,203,1,8,0
São Pedro,São Pedro,2020-07-14,203,0,9,1
São Pedro,São Pedro,2020-07-15,204,1,9,0
São Pedro,São Pedro,2020-07-16,208,4,9,0
São Pedro,São Pedro,2020-07-17,212,4,10,1
São Pedro,São Pedro,2020-07-18,243,31,10,0
São Pedro,São Pedro,2020-07-19,244,1,10,0
São Pedro,São Pedro,2020-07-20,244,0,10,0
São Pedro,São Pedro,2020-07-21,244,0,10,0
São Pedro,São Pedro,2020-07-22,256,12,10,0
São Pedro,São Pedro,2020-07-23,259,3,10,0
São Pedro,São Pedro,2020-07-24,271,12,10,0
São Pedro,São Pedro,2020-07-25,276,5,10,0
São Pedro,São Pedro,2020-07-26,285,9,10,0
São Pedro,São Pedro,2020-07-27,286,1,10,0
São Pedro,São Pedro,2020-07-28,292,6,10,0
São Pedro,São Pedro,2020-07-29,295,3,10,0
São Pedro,São Pedro,2020-07-30,306,11,10,0
São Pedro,São Pedro,2020-07-31,323,17,10,0
São Pedro,São Pedro,2020-08-01,345,22,10,0
São Pedro,São Pedro,2020-08-02,347,2,10,0
São Pedro,São Pedro,2020-08-03,347,0,10,0
São Pedro,São Pedro,2020-08-04,365,18,10,0
São Pedro,São Pedro,2020-08-05,373,8,10,0
São Pedro,São Pedro,2020-08-06,375,2,10,0
São Pedro,São Pedro,2020-08-07,387,12,10,0
São Pedro,São Pedro,2020-08-08,396,9,10,0
São Pedro,São Pedro,2020-08-09,398,2,10,0
São Pedro,São Pedro,2020-08-10,398,0,10,0
São Pedro,São Pedro,2020-08-11,399,1,10,0
São Pedro,São Pedro,2020-08-12,408,9,11,1
São Pedro,São Pedro,2020-08-13,417,9,11,0
São Pedro,São Pedro,2020-08-14,420,3,11,0
São Pedro,São Pedro,2020-08-15,432,12,11,0
São Pedro,São Pedro,2020-08-16,432,0,11,0
São Pedro,São Pedro,2020-08-17,433,1,11,0
São Pedro,São Pedro,2020-08-18,435,2,11,0
São Pedro,São Pedro,2020-08-19,440,5,12,1
São Pedro,São Pedro,2020-08-20,449,9,11,-1
São Pedro,São Pedro,2020-08-21,451,2,11,0
São Pedro,São Pedro,2020-08-22,456,5,11,0
São Pedro,São Pedro,2020-08-23,459,3,12,1
São Pedro,São Pedro,2020-08-24,461,2,12,0
São Pedro,São Pedro,2020-08-25,462,1,12,0
São Pedro,São Pedro,2020-08-26,463,1,12,0
São Pedro,São Pedro,2020-08-27,477,14,12,0
São Pedro,São Pedro,2020-08-28,489,12,12,0
São Pedro,São Pedro,2020-08-29,493,4,12,0
São Pedro,São Pedro,2020-08-30,493,0,12,0
São Pedro,São Pedro,2020-08-31,495,2,12,0
São Pedro,São Pedro,2020-09-01,501,6,12,0
São Pedro,São Pedro,2020-09-02,512,11,12,0
São Pedro,São Pedro,2020-09-03,550,38,12,0
São Pedro,São Pedro,2020-09-04,559,9,12,0
São Pedro,São Pedro,2020-09-05,575,16,12,0
São Pedro,São Pedro,2020-09-06,575,0,12,0
São Pedro,São Pedro,2020-09-07,574,-1,12,0
São Pedro,São Pedro,2020-09-08,574,0,12,0
São Pedro,São Pedro,2020-09-09,583,9,13,1
São Pedro,São Pedro,2020-09-10,586,3,13,0
São Pedro,São Pedro,2020-09-11,588,2,13,0
São Pedro,São Pedro,2020-09-12,594,6,14,1
São Pedro,São Pedro,2020-09-13,594,0,14,0
São Pedro,São Pedro,2020-09-14,595,1,14,0
São Pedro,São Pedro,2020-09-15,607,12,14,0
São Pedro,São Pedro,2020-09-16,614,7,15,1
São Pedro,São Pedro,2020-09-17,622,8,15,0
São Pedro,São Pedro,2020-09-18,635,13,15,0
São Pedro,São Pedro,2020-09-19,641,6,15,0
São Pedro,São Pedro,2020-09-20,641,0,15,0
São Pedro,São Pedro,2020-09-21,642,1,15,0
São Pedro,São Pedro,2020-09-22,647,5,15,0
São Pedro,São Pedro,2020-09-23,656,9,16,1
São Pedro,São Pedro,2020-09-24,657,1,16,0
São Pedro,São Pedro,2020-09-25,672,15,16,0
São Pedro,São Pedro,2020-09-26,678,6,16,0
São Pedro,São Pedro,2020-09-27,677,-1,16,0
São Pedro,São Pedro,2020-09-28,677,0,16,0
São Pedro,São Pedro,2020-09-29,684,7,16,0
São Pedro,São Pedro,2020-09-30,687,3,16,0
São Pedro,São Pedro,2020-10-01,693,6,16,0
São Pedro,São Pedro,2020-10-02,698,5,16,0
São Pedro,São Pedro,2020-10-03,704,6,16,0
São Pedro,São Pedro,2020-10-04,704,0,16,0
São Pedro,São Pedro,2020-10-05,704,0,16,0
São Pedro,São Pedro,2020-10-06,718,14,16,0
São Pedro,São Pedro,2020-10-07,727,9,16,0
São Pedro,São Pedro,2020-10-08,736,9,16,0
São Pedro,São Pedro,2020-10-09,742,6,16,0
São Pedro,São Pedro,2020-10-10,749,7,16,0
São Pedro,São Pedro,2020-10-11,749,0,16,0
São Pedro,São Pedro,2020-10-12,749,0,16,0
São Pedro,São Pedro,2020-10-13,750,1,16,0
São Pedro,São Pedro,2020-10-14,759,9,16,0
São Pedro,São Pedro,2020-10-15,768,9,16,0
São Pedro,São Pedro,2020-10-16,768,0,15,-1
São Pedro,São Pedro,2020-10-17,768,0,15,0
São Pedro,São Pedro,2020-10-18,768,0,15,0
São Pedro,São Pedro,2020-10-19,772,4,15,0
São Pedro,São Pedro,2020-10-20,784,12,15,0
São Pedro,São Pedro,2020-10-21,787,3,15,0
São Pedro,São Pedro,2020-10-22,787,0,15,0
São Pedro,São Pedro,2020-10-23,804,17,15,0
São Pedro,São Pedro,2020-10-24,805,1,15,0
São Pedro,São Pedro,2020-10-25,811,6,15,0
São Pedro,São Pedro,2020-10-26,811,0,15,0
São Pedro,São Pedro,2020-10-27,818,7,15,0
São Pedro,São Pedro,2020-10-28,830,12,15,0
São Pedro,São Pedro,2020-10-29,834,4,15,0
São Pedro,São Pedro,2020-10-30,836,2,15,0
São Pedro,São Pedro,2020-10-31,849,13,15,0
São Pedro,São Pedro,2020-11-01,849,0,15,0
São Pedro,São Pedro,2020-11-02,849,0,15,0
São Pedro,São Pedro,2020-11-03,849,0,15,0
São Pedro,São Pedro,2020-11-04,855,6,15,0
São Pedro,São Pedro,2020-11-05,860,5,15,0
São Pedro,São Pedro,2020-11-06,860,0,15,0
São Pedro,São Pedro,2020-11-07,860,0,15,0
São Pedro,São Pedro,2020-11-08,860,0,15,0
São Pedro,São Pedro,2020-11-09,860,0,15,0
São Pedro,São Pedro,2020-11-10,868,8,15,0
São Pedro,São Pedro,2020-11-11,891,23,15,0
São Pedro,São Pedro,2020-11-12,891,0,15,0
São Pedro,São Pedro,2020-11-13,895,4,15,0
São Pedro,São Pedro,2020-11-14,895,0,15,0
São Pedro,São Pedro,2020-11-15,894,-1,15,0
São Pedro,São Pedro,2020-11-16,894,0,15,0
São Pedro,São Pedro,2020-11-17,920,26,14,-1
São Pedro,São Pedro,2020-11-18,917,-3,14,0
São Pedro,São Pedro,2020-11-19,926,9,14,0
São Pedro,São Pedro,2020-11-20,932,6,14,0
São Pedro,São Pedro,2020-11-21,935,3,14,0
São Pedro,São Pedro,2020-11-22,935,0,14,0
São Pedro,São Pedro,2020-11-23,935,0,14,0
São Pedro,São Pedro,2020-11-24,940,5,14,0
São Pedro,São Pedro,2020-11-25,945,5,14,0
São Pedro,São Pedro,2020-11-26,949,4,14,0
São Pedro,São Pedro,2020-11-27,952,3,14,0
São Pedro,São Pedro,2020-11-28,953,1,14,0
São Pedro,São Pedro,2020-11-29,956,3,14,0
São Pedro,São Pedro,2020-11-30,956,0,14,0
São Pedro,São Pedro,2020-12-01,968,12,15,1
São Pedro,São Pedro,2020-12-02,974,6,15,0
São Pedro,São Pedro,2020-12-03,978,4,16,1
São Pedro,São Pedro,2020-12-04,978,0,16,0
São Pedro,São Pedro,2020-12-05,981,3,16,0
São Pedro,São Pedro,2020-12-06,988,7,16,0
São Pedro,São Pedro,2020-12-07,988,0,16,0
São Pedro,São Pedro,2020-12-08,989,1,16,0
São Pedro,São Pedro,2020-12-09,1013,24,16,0
São Pedro,São Pedro,2020-12-10,1027,14,16,0
São Pedro,São Pedro,2020-12-11,1044,17,16,0
São Pedro,São Pedro,2020-12-12,1052,8,16,0
São Pedro,São Pedro,2020-12-13,1052,0,16,0
São Pedro,São Pedro,2020-12-14,1052,0,16,0
São Pedro,São Pedro,2020-12-15,1072,20,16,0
São Pedro,São Pedro,2020-12-16,1073,1,16,0
São Pedro,São Pedro,2020-12-17,1089,16,17,1
São Pedro,São Pedro,2020-12-18,1088,-1,17,0
São Pedro,São Pedro,2020-12-19,1116,28,17,0
São Pedro,São Pedro,2020-12-20,1116,0,17,0
São Pedro,São Pedro,2020-12-21,1116,0,17,0
São Pedro,São Pedro,2020-12-22,1140,24,17,0
São Pedro,São Pedro,2020-12-23,1152,12,17,0
São Pedro,São Pedro,2020-12-24,1161,9,17,0
São Pedro,São Pedro,2020-12-25,1167,6,17,0
São Pedro,São Pedro,2020-12-26,1167,0,17,0
São Pedro,São Pedro,2020-12-27,1166,-1,17,0
São Pedro,São Pedro,2020-12-28,1167,1,17,0
São Pedro,São Pedro,2020-12-29,1179,12,17,0
São Pedro,São Pedro,2020-12-30,1190,11,18,1
São Pedro,São Pedro,2020-12-31,1201,11,18,0
São Pedro,São Pedro,2021-01-01,1201,0,18,0
São Pedro,São Pedro,2021-01-02,1201,0,18,0
São Pedro,São Pedro,2021-01-03,1201,0,18,0
São Pedro,São Pedro,2021-01-04,1201,0,18,0
São Pedro,São Pedro,2021-01-05,1230,29,18,0
São Pedro,São Pedro,2021-01-06,1245,15,18,0
São Pedro,São Pedro,2021-01-07,1262,17,18,0
São Pedro,São Pedro,2021-01-08,1270,8,18,0
São Pedro,São Pedro,2021-01-09,1275,5,19,1
São Pedro,São Pedro,2021-01-10,1275,0,19,0
São Pedro,São Pedro,2021-01-11,1277,2,19,0
São Pedro,São Pedro,2021-01-12,1300,23,19,0
São Pedro,São Pedro,2021-01-13,1315,15,19,0
São Pedro,São Pedro,2021-01-14,1318,3,19,0
São Pedro,São Pedro,2021-01-15,1387,69,20,1
São Pedro,São Pedro,2021-01-16,1420,33,20,0
São Pedro,São Pedro,2021-01-17,1419,-1,20,0
São Pedro,São Pedro,2021-01-18,1420,1,20,0
São Pedro,São Pedro,2021-01-19,1428,8,21,1
São Pedro,São Pedro,2021-01-20,1493,65,21,0
São Pedro,São Pedro,2021-01-21,1560,67,23,2
São Pedro,São Pedro,2021-01-22,1562,2,24,1
São Pedro,São Pedro,2021-01-23,1607,45,24,0
São Pedro,São Pedro,2021-01-24,1609,2,24,0
São Pedro,São Pedro,2021-01-25,1610,1,24,0
São Pedro,São Pedro,2021-01-26,1669,59,24,0
São Pedro,São Pedro,2021-01-27,1699,30,25,1
São Pedro,São Pedro,2021-01-28,1716,17,25,0
São Pedro,São Pedro,2021-01-29,1728,12,25,0
São Pedro,São Pedro,2021-01-30,1761,33,26,1
São Pedro,São Pedro,2021-01-31,1766,5,26,0
São Pedro,São Pedro,2021-02-01,1766,0,26,0
São Pedro,São Pedro,2021-02-02,1815,49,26,0
São Pedro,São Pedro,2021-02-03,1840,25,27,1
São Pedro,São Pedro,2021-02-04,1859,19,27,0
São Pedro,São Pedro,2021-02-05,1875,16,31,4
São Pedro,São Pedro,2021-02-06,1889,14,31,0
São Pedro,São Pedro,2021-02-07,1891,2,31,0
São Pedro,São Pedro,2021-02-08,1892,1,31,0
