city,city,date,cases,daily cases,deaths,daily deaths
São Sebastião,São Sebastião,2020-03-27,0,0,0,0
São Sebastião,São Sebastião,2020-03-28,2,2,0,0
São Sebastião,São Sebastião,2020-03-29,2,0,0,0
São Sebastião,São Sebastião,2020-03-30,2,0,0,0
São Sebastião,São Sebastião,2020-03-31,2,0,0,0
São Sebastião,São Sebastião,2020-04-01,3,1,1,1
São Sebastião,São Sebastião,2020-04-02,3,0,0,-1
São Sebastião,São Sebastião,2020-04-03,3,0,1,1
São Sebastião,São Sebastião,2020-04-04,3,0,1,0
São Sebastião,São Sebastião,2020-04-05,3,0,1,0
São Sebastião,São Sebastião,2020-04-06,3,0,1,0
São Sebastião,São Sebastião,2020-04-07,3,0,1,0
São Sebastião,São Sebastião,2020-04-08,3,0,1,0
São Sebastião,São Sebastião,2020-04-09,4,1,1,0
São Sebastião,São Sebastião,2020-04-10,4,0,1,0
São Sebastião,São Sebastião,2020-04-11,4,0,1,0
São Sebastião,São Sebastião,2020-04-12,4,0,1,0
São Sebastião,São Sebastião,2020-04-13,4,0,1,0
São Sebastião,São Sebastião,2020-04-14,4,0,1,0
São Sebastião,São Sebastião,2020-04-15,4,0,1,0
São Sebastião,São Sebastião,2020-04-16,5,1,2,1
São Sebastião,São Sebastião,2020-04-17,6,1,2,0
São Sebastião,São Sebastião,2020-04-18,6,0,2,0
São Sebastião,São Sebastião,2020-04-19,6,0,2,0
São Sebastião,São Sebastião,2020-04-20,6,0,2,0
São Sebastião,São Sebastião,2020-04-21,6,0,2,0
São Sebastião,São Sebastião,2020-04-22,14,8,2,0
São Sebastião,São Sebastião,2020-04-23,14,0,2,0
São Sebastião,São Sebastião,2020-04-24,14,0,2,0
São Sebastião,São Sebastião,2020-04-25,16,2,2,0
São Sebastião,São Sebastião,2020-04-26,27,11,2,0
São Sebastião,São Sebastião,2020-04-27,30,3,2,0
São Sebastião,São Sebastião,2020-04-28,32,2,2,0
São Sebastião,São Sebastião,2020-04-29,33,1,2,0
São Sebastião,São Sebastião,2020-04-30,35,2,2,0
São Sebastião,São Sebastião,2020-05-01,46,11,2,0
São Sebastião,São Sebastião,2020-05-02,86,40,2,0
São Sebastião,São Sebastião,2020-05-03,86,0,2,0
São Sebastião,São Sebastião,2020-05-04,86,0,2,0
São Sebastião,São Sebastião,2020-05-05,89,3,2,0
São Sebastião,São Sebastião,2020-05-06,91,2,2,0
São Sebastião,São Sebastião,2020-05-07,90,-1,2,0
São Sebastião,São Sebastião,2020-05-08,92,2,2,0
São Sebastião,São Sebastião,2020-05-09,143,51,2,0
São Sebastião,São Sebastião,2020-05-10,143,0,2,0
São Sebastião,São Sebastião,2020-05-11,143,0,2,0
São Sebastião,São Sebastião,2020-05-12,168,25,2,0
São Sebastião,São Sebastião,2020-05-13,174,6,2,0
São Sebastião,São Sebastião,2020-05-14,225,51,2,0
São Sebastião,São Sebastião,2020-05-15,234,9,2,0
São Sebastião,São Sebastião,2020-05-16,248,14,2,0
São Sebastião,São Sebastião,2020-05-17,248,0,2,0
São Sebastião,São Sebastião,2020-05-18,254,6,2,0
São Sebastião,São Sebastião,2020-05-19,266,12,2,0
São Sebastião,São Sebastião,2020-05-20,315,49,2,0
São Sebastião,São Sebastião,2020-05-21,333,18,2,0
São Sebastião,São Sebastião,2020-05-22,365,32,2,0
São Sebastião,São Sebastião,2020-05-23,374,9,2,0
São Sebastião,São Sebastião,2020-05-24,384,10,3,1
São Sebastião,São Sebastião,2020-05-25,388,4,3,0
São Sebastião,São Sebastião,2020-05-26,388,0,3,0
São Sebastião,São Sebastião,2020-05-27,419,31,4,1
São Sebastião,São Sebastião,2020-05-28,457,38,4,0
São Sebastião,São Sebastião,2020-05-29,469,12,3,-1
São Sebastião,São Sebastião,2020-05-30,470,1,3,0
São Sebastião,São Sebastião,2020-05-31,471,1,3,0
São Sebastião,São Sebastião,2020-06-01,472,1,3,0
São Sebastião,São Sebastião,2020-06-02,494,22,3,0
São Sebastião,São Sebastião,2020-06-03,495,1,3,0
São Sebastião,São Sebastião,2020-06-04,520,25,4,1
São Sebastião,São Sebastião,2020-06-05,530,10,4,0
São Sebastião,São Sebastião,2020-06-06,552,22,4,0
São Sebastião,São Sebastião,2020-06-07,597,45,4,0
São Sebastião,São Sebastião,2020-06-08,598,1,4,0
São Sebastião,São Sebastião,2020-06-09,602,4,4,0
São Sebastião,São Sebastião,2020-06-10,608,6,4,0
São Sebastião,São Sebastião,2020-06-11,645,37,4,0
São Sebastião,São Sebastião,2020-06-12,647,2,4,0
São Sebastião,São Sebastião,2020-06-13,650,3,4,0
São Sebastião,São Sebastião,2020-06-14,651,1,4,0
São Sebastião,São Sebastião,2020-06-15,660,9,4,0
São Sebastião,São Sebastião,2020-06-16,664,4,4,0
São Sebastião,São Sebastião,2020-06-17,703,39,5,1
São Sebastião,São Sebastião,2020-06-18,705,2,6,1
São Sebastião,São Sebastião,2020-06-19,737,32,6,0
São Sebastião,São Sebastião,2020-06-20,753,16,6,0
São Sebastião,São Sebastião,2020-06-21,753,0,6,0
São Sebastião,São Sebastião,2020-06-22,772,19,6,0
São Sebastião,São Sebastião,2020-06-23,777,5,6,0
São Sebastião,São Sebastião,2020-06-24,780,3,6,0
São Sebastião,São Sebastião,2020-06-25,821,41,6,0
São Sebastião,São Sebastião,2020-06-26,827,6,6,0
São Sebastião,São Sebastião,2020-06-27,872,45,6,0
São Sebastião,São Sebastião,2020-06-28,874,2,6,0
São Sebastião,São Sebastião,2020-06-29,874,0,7,1
São Sebastião,São Sebastião,2020-06-30,875,1,8,1
São Sebastião,São Sebastião,2020-07-01,881,6,8,0
São Sebastião,São Sebastião,2020-07-02,910,29,8,0
São Sebastião,São Sebastião,2020-07-03,951,41,8,0
São Sebastião,São Sebastião,2020-07-04,951,0,8,0
São Sebastião,São Sebastião,2020-07-05,952,1,8,0
São Sebastião,São Sebastião,2020-07-06,955,3,8,0
São Sebastião,São Sebastião,2020-07-07,963,8,9,1
São Sebastião,São Sebastião,2020-07-08,995,32,10,1
São Sebastião,São Sebastião,2020-07-09,1002,7,10,0
São Sebastião,São Sebastião,2020-07-10,1016,14,11,1
São Sebastião,São Sebastião,2020-07-11,1017,1,12,1
São Sebastião,São Sebastião,2020-07-12,1043,26,12,0
São Sebastião,São Sebastião,2020-07-13,1053,10,12,0
São Sebastião,São Sebastião,2020-07-14,1079,26,13,1
São Sebastião,São Sebastião,2020-07-15,1092,13,13,0
São Sebastião,São Sebastião,2020-07-16,1141,49,14,1
São Sebastião,São Sebastião,2020-07-17,1149,8,14,0
São Sebastião,São Sebastião,2020-07-18,1149,0,14,0
São Sebastião,São Sebastião,2020-07-19,1156,7,15,1
São Sebastião,São Sebastião,2020-07-20,1156,0,15,0
São Sebastião,São Sebastião,2020-07-21,1208,52,15,0
São Sebastião,São Sebastião,2020-07-22,1214,6,15,0
São Sebastião,São Sebastião,2020-07-23,1226,12,16,1
São Sebastião,São Sebastião,2020-07-24,1263,37,20,4
São Sebastião,São Sebastião,2020-07-25,1337,74,23,3
São Sebastião,São Sebastião,2020-07-26,1344,7,23,0
São Sebastião,São Sebastião,2020-07-27,1363,19,23,0
São Sebastião,São Sebastião,2020-07-28,1367,4,23,0
São Sebastião,São Sebastião,2020-07-29,1481,114,23,0
São Sebastião,São Sebastião,2020-07-30,1509,28,23,0
São Sebastião,São Sebastião,2020-07-31,1531,22,24,1
São Sebastião,São Sebastião,2020-08-01,1551,20,24,0
São Sebastião,São Sebastião,2020-08-02,1561,10,24,0
São Sebastião,São Sebastião,2020-08-03,1565,4,24,0
São Sebastião,São Sebastião,2020-08-04,1625,60,24,0
São Sebastião,São Sebastião,2020-08-05,1652,27,25,1
São Sebastião,São Sebastião,2020-08-06,1711,59,25,0
São Sebastião,São Sebastião,2020-08-07,1729,18,27,2
São Sebastião,São Sebastião,2020-08-08,1765,36,29,2
São Sebastião,São Sebastião,2020-08-09,1782,17,29,0
São Sebastião,São Sebastião,2020-08-10,1781,-1,29,0
São Sebastião,São Sebastião,2020-08-11,1813,32,32,3
São Sebastião,São Sebastião,2020-08-12,1839,26,33,1
São Sebastião,São Sebastião,2020-08-13,1867,28,33,0
São Sebastião,São Sebastião,2020-08-14,1898,31,34,1
São Sebastião,São Sebastião,2020-08-15,1905,7,34,0
São Sebastião,São Sebastião,2020-08-16,1911,6,35,1
São Sebastião,São Sebastião,2020-08-17,1914,3,35,0
São Sebastião,São Sebastião,2020-08-18,1931,17,39,4
São Sebastião,São Sebastião,2020-08-19,1937,6,39,0
São Sebastião,São Sebastião,2020-08-20,1937,0,39,0
São Sebastião,São Sebastião,2020-08-21,1944,7,39,0
São Sebastião,São Sebastião,2020-08-22,1978,34,39,0
São Sebastião,São Sebastião,2020-08-23,1992,14,39,0
São Sebastião,São Sebastião,2020-08-24,2018,26,39,0
São Sebastião,São Sebastião,2020-08-25,2026,8,39,0
São Sebastião,São Sebastião,2020-08-26,2028,2,39,0
São Sebastião,São Sebastião,2020-08-27,2034,6,40,1
São Sebastião,São Sebastião,2020-08-28,2050,16,41,1
São Sebastião,São Sebastião,2020-08-29,2055,5,41,0
São Sebastião,São Sebastião,2020-08-30,2065,10,41,0
São Sebastião,São Sebastião,2020-08-31,2065,0,41,0
São Sebastião,São Sebastião,2020-09-01,2070,5,42,1
São Sebastião,São Sebastião,2020-09-02,2119,49,42,0
São Sebastião,São Sebastião,2020-09-03,2127,8,43,1
São Sebastião,São Sebastião,2020-09-04,2130,3,43,0
São Sebastião,São Sebastião,2020-09-05,2136,6,44,1
São Sebastião,São Sebastião,2020-09-06,2142,6,44,0
São Sebastião,São Sebastião,2020-09-07,2143,1,44,0
São Sebastião,São Sebastião,2020-09-08,2154,11,44,0
São Sebastião,São Sebastião,2020-09-09,2161,7,44,0
São Sebastião,São Sebastião,2020-09-10,2167,6,45,1
São Sebastião,São Sebastião,2020-09-11,2199,32,45,0
São Sebastião,São Sebastião,2020-09-12,2213,14,46,1
São Sebastião,São Sebastião,2020-09-13,2213,0,46,0
São Sebastião,São Sebastião,2020-09-14,2214,1,46,0
São Sebastião,São Sebastião,2020-09-15,2230,16,46,0
São Sebastião,São Sebastião,2020-09-16,2240,10,46,0
São Sebastião,São Sebastião,2020-09-17,2243,3,47,1
São Sebastião,São Sebastião,2020-09-18,2247,4,47,0
São Sebastião,São Sebastião,2020-09-19,2284,37,47,0
São Sebastião,São Sebastião,2020-09-20,2292,8,47,0
São Sebastião,São Sebastião,2020-09-21,2292,0,47,0
São Sebastião,São Sebastião,2020-09-22,2300,8,50,3
São Sebastião,São Sebastião,2020-09-23,2313,13,50,0
São Sebastião,São Sebastião,2020-09-24,2338,25,50,0
São Sebastião,São Sebastião,2020-09-25,2369,31,52,2
São Sebastião,São Sebastião,2020-09-26,2369,0,52,0
São Sebastião,São Sebastião,2020-09-27,2371,2,52,0
São Sebastião,São Sebastião,2020-09-28,2372,1,52,0
São Sebastião,São Sebastião,2020-09-29,2381,9,53,1
São Sebastião,São Sebastião,2020-09-30,2384,3,53,0
São Sebastião,São Sebastião,2020-10-01,2388,4,53,0
São Sebastião,São Sebastião,2020-10-02,2391,3,55,2
São Sebastião,São Sebastião,2020-10-03,2395,4,55,0
São Sebastião,São Sebastião,2020-10-04,2395,0,55,0
São Sebastião,São Sebastião,2020-10-05,2396,1,55,0
São Sebastião,São Sebastião,2020-10-06,2406,10,55,0
São Sebastião,São Sebastião,2020-10-07,2411,5,55,0
São Sebastião,São Sebastião,2020-10-08,2415,4,55,0
São Sebastião,São Sebastião,2020-10-09,2421,6,55,0
São Sebastião,São Sebastião,2020-10-10,2424,3,55,0
São Sebastião,São Sebastião,2020-10-11,2426,2,55,0
São Sebastião,São Sebastião,2020-10-12,2426,0,55,0
São Sebastião,São Sebastião,2020-10-13,2431,5,55,0
São Sebastião,São Sebastião,2020-10-14,2450,19,56,1
São Sebastião,São Sebastião,2020-10-15,2451,1,56,0
São Sebastião,São Sebastião,2020-10-16,2455,4,56,0
São Sebastião,São Sebastião,2020-10-17,2484,29,56,0
São Sebastião,São Sebastião,2020-10-18,2484,0,56,0
São Sebastião,São Sebastião,2020-10-19,2489,5,57,1
São Sebastião,São Sebastião,2020-10-20,2490,1,57,0
São Sebastião,São Sebastião,2020-10-21,2538,48,57,0
São Sebastião,São Sebastião,2020-10-22,2571,33,57,0
São Sebastião,São Sebastião,2020-10-23,2593,22,57,0
São Sebastião,São Sebastião,2020-10-24,2633,40,57,0
São Sebastião,São Sebastião,2020-10-25,2641,8,57,0
São Sebastião,São Sebastião,2020-10-26,2642,1,57,0
São Sebastião,São Sebastião,2020-10-27,2670,28,57,0
São Sebastião,São Sebastião,2020-10-28,2672,2,57,0
São Sebastião,São Sebastião,2020-10-29,2703,31,57,0
São Sebastião,São Sebastião,2020-10-30,2706,3,57,0
São Sebastião,São Sebastião,2020-10-31,2707,1,57,0
São Sebastião,São Sebastião,2020-11-01,2707,0,57,0
São Sebastião,São Sebastião,2020-11-02,2708,1,57,0
São Sebastião,São Sebastião,2020-11-03,2708,0,57,0
São Sebastião,São Sebastião,2020-11-04,2719,11,57,0
São Sebastião,São Sebastião,2020-11-05,2720,1,57,0
São Sebastião,São Sebastião,2020-11-06,2720,0,57,0
São Sebastião,São Sebastião,2020-11-07,2720,0,57,0
São Sebastião,São Sebastião,2020-11-08,2720,0,57,0
São Sebastião,São Sebastião,2020-11-09,2720,0,57,0
São Sebastião,São Sebastião,2020-11-10,2720,0,57,0
São Sebastião,São Sebastião,2020-11-11,2770,50,57,0
São Sebastião,São Sebastião,2020-11-12,2776,6,57,0
São Sebastião,São Sebastião,2020-11-13,2784,8,57,0
São Sebastião,São Sebastião,2020-11-14,2825,41,58,1
São Sebastião,São Sebastião,2020-11-15,2825,0,58,0
São Sebastião,São Sebastião,2020-11-16,2825,0,58,0
São Sebastião,São Sebastião,2020-11-17,2841,16,57,-1
São Sebastião,São Sebastião,2020-11-18,2848,7,57,0
São Sebastião,São Sebastião,2020-11-19,2853,5,57,0
São Sebastião,São Sebastião,2020-11-20,2857,4,57,0
São Sebastião,São Sebastião,2020-11-21,2858,1,57,0
São Sebastião,São Sebastião,2020-11-22,2881,23,57,0
São Sebastião,São Sebastião,2020-11-23,2884,3,58,1
São Sebastião,São Sebastião,2020-11-24,2890,6,58,0
São Sebastião,São Sebastião,2020-11-25,2895,5,58,0
São Sebastião,São Sebastião,2020-11-26,2912,17,60,2
São Sebastião,São Sebastião,2020-11-27,2912,0,60,0
São Sebastião,São Sebastião,2020-11-28,2914,2,60,0
São Sebastião,São Sebastião,2020-11-29,2914,0,60,0
São Sebastião,São Sebastião,2020-11-30,2915,1,60,0
São Sebastião,São Sebastião,2020-12-01,2948,33,60,0
São Sebastião,São Sebastião,2020-12-02,2986,38,60,0
São Sebastião,São Sebastião,2020-12-03,2995,9,60,0
São Sebastião,São Sebastião,2020-12-04,3002,7,60,0
São Sebastião,São Sebastião,2020-12-05,3008,6,60,0
São Sebastião,São Sebastião,2020-12-06,3008,0,60,0
São Sebastião,São Sebastião,2020-12-07,3008,0,60,0
São Sebastião,São Sebastião,2020-12-08,3025,17,60,0
São Sebastião,São Sebastião,2020-12-09,3081,56,60,0
São Sebastião,São Sebastião,2020-12-10,3088,7,60,0
São Sebastião,São Sebastião,2020-12-11,3094,6,61,1
São Sebastião,São Sebastião,2020-12-12,3096,2,61,0
São Sebastião,São Sebastião,2020-12-13,3096,0,61,0
São Sebastião,São Sebastião,2020-12-14,3096,0,61,0
São Sebastião,São Sebastião,2020-12-15,3101,5,61,0
São Sebastião,São Sebastião,2020-12-16,3101,0,61,0
São Sebastião,São Sebastião,2020-12-17,3220,119,62,1
São Sebastião,São Sebastião,2020-12-18,3228,8,62,0
São Sebastião,São Sebastião,2020-12-19,3241,13,62,0
São Sebastião,São Sebastião,2020-12-20,3242,1,62,0
São Sebastião,São Sebastião,2020-12-21,3250,8,62,0
São Sebastião,São Sebastião,2020-12-22,3259,9,63,1
São Sebastião,São Sebastião,2020-12-23,3264,5,64,1
São Sebastião,São Sebastião,2020-12-24,3268,4,64,0
São Sebastião,São Sebastião,2020-12-25,3270,2,64,0
São Sebastião,São Sebastião,2020-12-26,3271,1,64,0
São Sebastião,São Sebastião,2020-12-27,3276,5,64,0
São Sebastião,São Sebastião,2020-12-28,3276,0,64,0
São Sebastião,São Sebastião,2020-12-29,3313,37,64,0
São Sebastião,São Sebastião,2020-12-30,3324,11,65,1
São Sebastião,São Sebastião,2020-12-31,3373,49,65,0
São Sebastião,São Sebastião,2021-01-01,3378,5,65,0
São Sebastião,São Sebastião,2021-01-02,3379,1,65,0
São Sebastião,São Sebastião,2021-01-03,3381,2,65,0
São Sebastião,São Sebastião,2021-01-04,3381,0,65,0
São Sebastião,São Sebastião,2021-01-05,3394,13,65,0
São Sebastião,São Sebastião,2021-01-06,3403,9,65,0
São Sebastião,São Sebastião,2021-01-07,3407,4,65,0
São Sebastião,São Sebastião,2021-01-08,3418,11,65,0
São Sebastião,São Sebastião,2021-01-09,3425,7,65,0
São Sebastião,São Sebastião,2021-01-10,3428,3,65,0
São Sebastião,São Sebastião,2021-01-11,3431,3,65,0
São Sebastião,São Sebastião,2021-01-12,3439,8,65,0
São Sebastião,São Sebastião,2021-01-13,3442,3,71,6
São Sebastião,São Sebastião,2021-01-14,3457,15,73,2
São Sebastião,São Sebastião,2021-01-15,3477,20,73,0
São Sebastião,São Sebastião,2021-01-16,3485,8,73,0
São Sebastião,São Sebastião,2021-01-17,3491,6,73,0
São Sebastião,São Sebastião,2021-01-18,3496,5,73,0
São Sebastião,São Sebastião,2021-01-19,3513,17,75,2
São Sebastião,São Sebastião,2021-01-20,3516,3,75,0
São Sebastião,São Sebastião,2021-01-21,3529,13,75,0
São Sebastião,São Sebastião,2021-01-22,3541,12,75,0
São Sebastião,São Sebastião,2021-01-23,3547,6,75,0
São Sebastião,São Sebastião,2021-01-24,3550,3,75,0
São Sebastião,São Sebastião,2021-01-25,3556,6,76,1
São Sebastião,São Sebastião,2021-01-26,3569,13,77,1
São Sebastião,São Sebastião,2021-01-27,3648,79,79,2
São Sebastião,São Sebastião,2021-01-28,3706,58,79,0
São Sebastião,São Sebastião,2021-01-29,3826,120,79,0
São Sebastião,São Sebastião,2021-01-30,3833,7,79,0
São Sebastião,São Sebastião,2021-01-31,3838,5,79,0
São Sebastião,São Sebastião,2021-02-01,3848,10,79,0
São Sebastião,São Sebastião,2021-02-02,3858,10,80,1
São Sebastião,São Sebastião,2021-02-03,3956,98,81,1
São Sebastião,São Sebastião,2021-02-04,4003,47,81,0
São Sebastião,São Sebastião,2021-02-05,4020,17,82,1
São Sebastião,São Sebastião,2021-02-06,4044,24,82,0
São Sebastião,São Sebastião,2021-02-07,4048,4,83,1
São Sebastião,São Sebastião,2021-02-08,4057,9,83,0
