city,city,date,cases,daily cases,deaths,daily deaths
Tabuleiro do Norte,Tabuleiro do Norte,2020-03-27,0,0,0,0
Tabuleiro do Norte,Tabuleiro do Norte,2020-03-28,0,0,0,0
Tabuleiro do Norte,Tabuleiro do Norte,2020-03-29,0,0,0,0
Tabuleiro do Norte,Tabuleiro do Norte,2020-03-30,0,0,0,0
Tabuleiro do Norte,Tabuleiro do Norte,2020-03-31,0,0,0,0
Tabuleiro do Norte,Tabuleiro do Norte,2020-04-01,0,0,0,0
Tabuleiro do Norte,Tabuleiro do Norte,2020-04-02,0,0,0,0
Tabuleiro do Norte,Tabuleiro do Norte,2020-04-03,0,0,0,0
Tabuleiro do Norte,Tabuleiro do Norte,2020-04-04,0,0,0,0
Tabuleiro do Norte,Tabuleiro do Norte,2020-04-05,0,0,0,0
Tabuleiro do Norte,Tabuleiro do Norte,2020-04-06,0,0,0,0
Tabuleiro do Norte,Tabuleiro do Norte,2020-04-07,0,0,0,0
Tabuleiro do Norte,Tabuleiro do Norte,2020-04-08,0,0,0,0
Tabuleiro do Norte,Tabuleiro do Norte,2020-04-09,0,0,0,0
Tabuleiro do Norte,Tabuleiro do Norte,2020-04-10,1,1,0,0
Tabuleiro do Norte,Tabuleiro do Norte,2020-04-11,1,0,0,0
Tabuleiro do Norte,Tabuleiro do Norte,2020-04-12,1,0,0,0
Tabuleiro do Norte,Tabuleiro do Norte,2020-04-13,1,0,0,0
Tabuleiro do Norte,Tabuleiro do Norte,2020-04-14,1,0,0,0
Tabuleiro do Norte,Tabuleiro do Norte,2020-04-15,2,1,0,0
Tabuleiro do Norte,Tabuleiro do Norte,2020-04-16,4,2,0,0
Tabuleiro do Norte,Tabuleiro do Norte,2020-04-17,4,0,0,0
Tabuleiro do Norte,Tabuleiro do Norte,2020-04-18,4,0,0,0
Tabuleiro do Norte,Tabuleiro do Norte,2020-04-19,4,0,0,0
Tabuleiro do Norte,Tabuleiro do Norte,2020-04-20,4,0,0,0
Tabuleiro do Norte,Tabuleiro do Norte,2020-04-21,4,0,0,0
Tabuleiro do Norte,Tabuleiro do Norte,2020-04-22,4,0,0,0
Tabuleiro do Norte,Tabuleiro do Norte,2020-04-23,4,0,0,0
Tabuleiro do Norte,Tabuleiro do Norte,2020-04-24,4,0,0,0
Tabuleiro do Norte,Tabuleiro do Norte,2020-04-25,4,0,0,0
Tabuleiro do Norte,Tabuleiro do Norte,2020-04-26,4,0,0,0
Tabuleiro do Norte,Tabuleiro do Norte,2020-04-27,5,1,0,0
Tabuleiro do Norte,Tabuleiro do Norte,2020-04-28,5,0,0,0
Tabuleiro do Norte,Tabuleiro do Norte,2020-04-29,6,1,0,0
Tabuleiro do Norte,Tabuleiro do Norte,2020-04-30,6,0,0,0
Tabuleiro do Norte,Tabuleiro do Norte,2020-05-01,6,0,0,0
Tabuleiro do Norte,Tabuleiro do Norte,2020-05-02,6,0,0,0
Tabuleiro do Norte,Tabuleiro do Norte,2020-05-03,6,0,0,0
Tabuleiro do Norte,Tabuleiro do Norte,2020-05-04,7,1,0,0
Tabuleiro do Norte,Tabuleiro do Norte,2020-05-05,7,0,1,1
Tabuleiro do Norte,Tabuleiro do Norte,2020-05-06,7,0,1,0
Tabuleiro do Norte,Tabuleiro do Norte,2020-05-07,7,0,1,0
Tabuleiro do Norte,Tabuleiro do Norte,2020-05-08,7,0,1,0
Tabuleiro do Norte,Tabuleiro do Norte,2020-05-09,7,0,1,0
Tabuleiro do Norte,Tabuleiro do Norte,2020-05-10,8,1,1,0
Tabuleiro do Norte,Tabuleiro do Norte,2020-05-11,8,0,1,0
Tabuleiro do Norte,Tabuleiro do Norte,2020-05-12,16,8,1,0
Tabuleiro do Norte,Tabuleiro do Norte,2020-05-13,17,1,1,0
Tabuleiro do Norte,Tabuleiro do Norte,2020-05-14,20,3,1,0
Tabuleiro do Norte,Tabuleiro do Norte,2020-05-15,24,4,1,0
Tabuleiro do Norte,Tabuleiro do Norte,2020-05-16,24,0,1,0
Tabuleiro do Norte,Tabuleiro do Norte,2020-05-17,24,0,1,0
Tabuleiro do Norte,Tabuleiro do Norte,2020-05-18,36,12,1,0
Tabuleiro do Norte,Tabuleiro do Norte,2020-05-19,36,0,1,0
Tabuleiro do Norte,Tabuleiro do Norte,2020-05-20,54,18,1,0
Tabuleiro do Norte,Tabuleiro do Norte,2020-05-21,54,0,1,0
Tabuleiro do Norte,Tabuleiro do Norte,2020-05-22,55,1,2,1
Tabuleiro do Norte,Tabuleiro do Norte,2020-05-23,58,3,2,0
Tabuleiro do Norte,Tabuleiro do Norte,2020-05-24,59,1,2,0
Tabuleiro do Norte,Tabuleiro do Norte,2020-05-25,59,0,2,0
Tabuleiro do Norte,Tabuleiro do Norte,2020-05-26,59,0,2,0
Tabuleiro do Norte,Tabuleiro do Norte,2020-05-27,59,0,2,0
Tabuleiro do Norte,Tabuleiro do Norte,2020-05-28,59,0,2,0
Tabuleiro do Norte,Tabuleiro do Norte,2020-05-29,59,0,2,0
Tabuleiro do Norte,Tabuleiro do Norte,2020-05-30,122,63,3,1
Tabuleiro do Norte,Tabuleiro do Norte,2020-05-31,123,1,3,0
Tabuleiro do Norte,Tabuleiro do Norte,2020-06-01,124,1,3,0
Tabuleiro do Norte,Tabuleiro do Norte,2020-06-02,129,5,3,0
Tabuleiro do Norte,Tabuleiro do Norte,2020-06-03,130,1,3,0
Tabuleiro do Norte,Tabuleiro do Norte,2020-06-04,178,48,3,0
Tabuleiro do Norte,Tabuleiro do Norte,2020-06-05,205,27,3,0
Tabuleiro do Norte,Tabuleiro do Norte,2020-06-06,248,43,3,0
Tabuleiro do Norte,Tabuleiro do Norte,2020-06-07,249,1,3,0
Tabuleiro do Norte,Tabuleiro do Norte,2020-06-08,249,0,3,0
Tabuleiro do Norte,Tabuleiro do Norte,2020-06-09,252,3,4,1
Tabuleiro do Norte,Tabuleiro do Norte,2020-06-10,256,4,4,0
Tabuleiro do Norte,Tabuleiro do Norte,2020-06-11,288,32,4,0
Tabuleiro do Norte,Tabuleiro do Norte,2020-06-12,288,0,4,0
Tabuleiro do Norte,Tabuleiro do Norte,2020-06-13,289,1,4,0
Tabuleiro do Norte,Tabuleiro do Norte,2020-06-14,289,0,4,0
Tabuleiro do Norte,Tabuleiro do Norte,2020-06-15,326,37,5,1
Tabuleiro do Norte,Tabuleiro do Norte,2020-06-16,354,28,5,0
Tabuleiro do Norte,Tabuleiro do Norte,2020-06-17,372,18,5,0
Tabuleiro do Norte,Tabuleiro do Norte,2020-06-18,383,11,6,1
Tabuleiro do Norte,Tabuleiro do Norte,2020-06-19,384,1,6,0
Tabuleiro do Norte,Tabuleiro do Norte,2020-06-20,424,40,7,1
Tabuleiro do Norte,Tabuleiro do Norte,2020-06-21,425,1,7,0
Tabuleiro do Norte,Tabuleiro do Norte,2020-06-22,424,-1,8,1
Tabuleiro do Norte,Tabuleiro do Norte,2020-06-23,442,18,8,0
Tabuleiro do Norte,Tabuleiro do Norte,2020-06-24,444,2,8,0
Tabuleiro do Norte,Tabuleiro do Norte,2020-06-25,454,10,8,0
Tabuleiro do Norte,Tabuleiro do Norte,2020-06-26,454,0,9,1
Tabuleiro do Norte,Tabuleiro do Norte,2020-06-27,460,6,9,0
Tabuleiro do Norte,Tabuleiro do Norte,2020-06-28,459,-1,9,0
Tabuleiro do Norte,Tabuleiro do Norte,2020-06-29,462,3,10,1
Tabuleiro do Norte,Tabuleiro do Norte,2020-06-30,468,6,10,0
Tabuleiro do Norte,Tabuleiro do Norte,2020-07-01,469,1,10,0
Tabuleiro do Norte,Tabuleiro do Norte,2020-07-02,495,26,10,0
Tabuleiro do Norte,Tabuleiro do Norte,2020-07-03,497,2,10,0
Tabuleiro do Norte,Tabuleiro do Norte,2020-07-04,507,10,10,0
Tabuleiro do Norte,Tabuleiro do Norte,2020-07-05,507,0,10,0
Tabuleiro do Norte,Tabuleiro do Norte,2020-07-06,508,1,11,1
Tabuleiro do Norte,Tabuleiro do Norte,2020-07-07,509,1,12,1
Tabuleiro do Norte,Tabuleiro do Norte,2020-07-08,509,0,12,0
Tabuleiro do Norte,Tabuleiro do Norte,2020-07-09,512,3,12,0
Tabuleiro do Norte,Tabuleiro do Norte,2020-07-10,512,0,12,0
Tabuleiro do Norte,Tabuleiro do Norte,2020-07-11,516,4,12,0
Tabuleiro do Norte,Tabuleiro do Norte,2020-07-12,519,3,12,0
Tabuleiro do Norte,Tabuleiro do Norte,2020-07-13,519,0,12,0
Tabuleiro do Norte,Tabuleiro do Norte,2020-07-14,519,0,12,0
Tabuleiro do Norte,Tabuleiro do Norte,2020-07-15,525,6,12,0
Tabuleiro do Norte,Tabuleiro do Norte,2020-07-16,531,6,12,0
Tabuleiro do Norte,Tabuleiro do Norte,2020-07-17,532,1,12,0
Tabuleiro do Norte,Tabuleiro do Norte,2020-07-18,533,1,12,0
Tabuleiro do Norte,Tabuleiro do Norte,2020-07-19,533,0,12,0
Tabuleiro do Norte,Tabuleiro do Norte,2020-07-20,533,0,12,0
Tabuleiro do Norte,Tabuleiro do Norte,2020-07-21,542,9,12,0
Tabuleiro do Norte,Tabuleiro do Norte,2020-07-22,563,21,12,0
Tabuleiro do Norte,Tabuleiro do Norte,2020-07-23,575,12,12,0
Tabuleiro do Norte,Tabuleiro do Norte,2020-07-24,583,8,12,0
Tabuleiro do Norte,Tabuleiro do Norte,2020-07-25,613,30,12,0
Tabuleiro do Norte,Tabuleiro do Norte,2020-07-26,614,1,12,0
Tabuleiro do Norte,Tabuleiro do Norte,2020-07-27,614,0,12,0
Tabuleiro do Norte,Tabuleiro do Norte,2020-07-28,648,34,12,0
Tabuleiro do Norte,Tabuleiro do Norte,2020-07-29,654,6,12,0
Tabuleiro do Norte,Tabuleiro do Norte,2020-07-30,655,1,13,1
Tabuleiro do Norte,Tabuleiro do Norte,2020-07-31,664,9,13,0
Tabuleiro do Norte,Tabuleiro do Norte,2020-08-01,693,29,13,0
Tabuleiro do Norte,Tabuleiro do Norte,2020-08-02,699,6,13,0
Tabuleiro do Norte,Tabuleiro do Norte,2020-08-03,699,0,14,1
Tabuleiro do Norte,Tabuleiro do Norte,2020-08-04,716,17,14,0
Tabuleiro do Norte,Tabuleiro do Norte,2020-08-05,719,3,14,0
Tabuleiro do Norte,Tabuleiro do Norte,2020-08-06,721,2,14,0
Tabuleiro do Norte,Tabuleiro do Norte,2020-08-07,721,0,14,0
Tabuleiro do Norte,Tabuleiro do Norte,2020-08-08,723,2,14,0
Tabuleiro do Norte,Tabuleiro do Norte,2020-08-09,724,1,14,0
Tabuleiro do Norte,Tabuleiro do Norte,2020-08-10,724,0,14,0
Tabuleiro do Norte,Tabuleiro do Norte,2020-08-11,767,43,14,0
Tabuleiro do Norte,Tabuleiro do Norte,2020-08-12,776,9,15,1
Tabuleiro do Norte,Tabuleiro do Norte,2020-08-13,779,3,15,0
Tabuleiro do Norte,Tabuleiro do Norte,2020-08-14,784,5,15,0
Tabuleiro do Norte,Tabuleiro do Norte,2020-08-15,795,11,15,0
Tabuleiro do Norte,Tabuleiro do Norte,2020-08-16,795,0,15,0
Tabuleiro do Norte,Tabuleiro do Norte,2020-08-17,795,0,15,0
Tabuleiro do Norte,Tabuleiro do Norte,2020-08-18,795,0,15,0
Tabuleiro do Norte,Tabuleiro do Norte,2020-08-19,802,7,15,0
Tabuleiro do Norte,Tabuleiro do Norte,2020-08-20,802,0,15,0
Tabuleiro do Norte,Tabuleiro do Norte,2020-08-21,804,2,16,1
Tabuleiro do Norte,Tabuleiro do Norte,2020-08-22,810,6,16,0
Tabuleiro do Norte,Tabuleiro do Norte,2020-08-23,814,4,16,0
Tabuleiro do Norte,Tabuleiro do Norte,2020-08-24,818,4,16,0
Tabuleiro do Norte,Tabuleiro do Norte,2020-08-25,823,5,16,0
Tabuleiro do Norte,Tabuleiro do Norte,2020-08-26,824,1,16,0
Tabuleiro do Norte,Tabuleiro do Norte,2020-08-27,829,5,16,0
Tabuleiro do Norte,Tabuleiro do Norte,2020-08-28,851,22,16,0
Tabuleiro do Norte,Tabuleiro do Norte,2020-08-29,852,1,16,0
Tabuleiro do Norte,Tabuleiro do Norte,2020-08-30,852,0,16,0
Tabuleiro do Norte,Tabuleiro do Norte,2020-08-31,857,5,16,0
Tabuleiro do Norte,Tabuleiro do Norte,2020-09-01,875,18,16,0
Tabuleiro do Norte,Tabuleiro do Norte,2020-09-02,876,1,16,0
Tabuleiro do Norte,Tabuleiro do Norte,2020-09-03,876,0,16,0
Tabuleiro do Norte,Tabuleiro do Norte,2020-09-04,912,36,16,0
Tabuleiro do Norte,Tabuleiro do Norte,2020-09-05,911,-1,16,0
Tabuleiro do Norte,Tabuleiro do Norte,2020-09-06,915,4,16,0
Tabuleiro do Norte,Tabuleiro do Norte,2020-09-07,916,1,16,0
Tabuleiro do Norte,Tabuleiro do Norte,2020-09-08,916,0,16,0
Tabuleiro do Norte,Tabuleiro do Norte,2020-09-09,920,4,16,0
Tabuleiro do Norte,Tabuleiro do Norte,2020-09-10,928,8,16,0
Tabuleiro do Norte,Tabuleiro do Norte,2020-09-11,935,7,16,0
Tabuleiro do Norte,Tabuleiro do Norte,2020-09-12,946,11,16,0
Tabuleiro do Norte,Tabuleiro do Norte,2020-09-13,946,0,16,0
Tabuleiro do Norte,Tabuleiro do Norte,2020-09-14,946,0,16,0
Tabuleiro do Norte,Tabuleiro do Norte,2020-09-15,996,50,17,1
Tabuleiro do Norte,Tabuleiro do Norte,2020-09-16,1022,26,17,0
Tabuleiro do Norte,Tabuleiro do Norte,2020-09-17,1030,8,17,0
Tabuleiro do Norte,Tabuleiro do Norte,2020-09-18,1057,27,17,0
Tabuleiro do Norte,Tabuleiro do Norte,2020-09-19,1068,11,17,0
Tabuleiro do Norte,Tabuleiro do Norte,2020-09-20,1070,2,17,0
Tabuleiro do Norte,Tabuleiro do Norte,2020-09-21,1070,0,17,0
Tabuleiro do Norte,Tabuleiro do Norte,2020-09-22,1083,13,17,0
Tabuleiro do Norte,Tabuleiro do Norte,2020-09-23,1089,6,17,0
Tabuleiro do Norte,Tabuleiro do Norte,2020-09-24,1094,5,17,0
Tabuleiro do Norte,Tabuleiro do Norte,2020-09-25,1094,0,17,0
Tabuleiro do Norte,Tabuleiro do Norte,2020-09-26,1099,5,18,1
Tabuleiro do Norte,Tabuleiro do Norte,2020-09-27,1099,0,18,0
Tabuleiro do Norte,Tabuleiro do Norte,2020-09-28,1100,1,18,0
Tabuleiro do Norte,Tabuleiro do Norte,2020-09-29,1101,1,18,0
Tabuleiro do Norte,Tabuleiro do Norte,2020-09-30,1112,11,18,0
Tabuleiro do Norte,Tabuleiro do Norte,2020-10-01,1129,17,18,0
Tabuleiro do Norte,Tabuleiro do Norte,2020-10-02,1129,0,18,0
Tabuleiro do Norte,Tabuleiro do Norte,2020-10-03,1129,0,18,0
Tabuleiro do Norte,Tabuleiro do Norte,2020-10-04,1129,0,18,0
Tabuleiro do Norte,Tabuleiro do Norte,2020-10-05,1129,0,18,0
Tabuleiro do Norte,Tabuleiro do Norte,2020-10-06,1162,33,18,0
Tabuleiro do Norte,Tabuleiro do Norte,2020-10-07,1165,3,18,0
Tabuleiro do Norte,Tabuleiro do Norte,2020-10-08,1167,2,18,0
Tabuleiro do Norte,Tabuleiro do Norte,2020-10-09,1174,7,18,0
Tabuleiro do Norte,Tabuleiro do Norte,2020-10-10,1191,17,18,0
Tabuleiro do Norte,Tabuleiro do Norte,2020-10-11,1191,0,18,0
Tabuleiro do Norte,Tabuleiro do Norte,2020-10-12,1191,0,18,0
Tabuleiro do Norte,Tabuleiro do Norte,2020-10-13,1191,0,18,0
Tabuleiro do Norte,Tabuleiro do Norte,2020-10-14,1197,6,18,0
Tabuleiro do Norte,Tabuleiro do Norte,2020-10-15,1205,8,18,0
Tabuleiro do Norte,Tabuleiro do Norte,2020-10-16,1205,0,18,0
Tabuleiro do Norte,Tabuleiro do Norte,2020-10-17,1205,0,18,0
Tabuleiro do Norte,Tabuleiro do Norte,2020-10-18,1210,5,18,0
Tabuleiro do Norte,Tabuleiro do Norte,2020-10-19,1210,0,18,0
Tabuleiro do Norte,Tabuleiro do Norte,2020-10-20,1218,8,18,0
Tabuleiro do Norte,Tabuleiro do Norte,2020-10-21,1218,0,18,0
Tabuleiro do Norte,Tabuleiro do Norte,2020-10-22,1222,4,18,0
Tabuleiro do Norte,Tabuleiro do Norte,2020-10-23,1226,4,18,0
Tabuleiro do Norte,Tabuleiro do Norte,2020-10-24,1226,0,18,0
Tabuleiro do Norte,Tabuleiro do Norte,2020-10-25,1235,9,18,0
Tabuleiro do Norte,Tabuleiro do Norte,2020-10-26,1235,0,18,0
Tabuleiro do Norte,Tabuleiro do Norte,2020-10-27,1235,0,18,0
Tabuleiro do Norte,Tabuleiro do Norte,2020-10-28,1240,5,18,0
Tabuleiro do Norte,Tabuleiro do Norte,2020-10-29,1240,0,18,0
Tabuleiro do Norte,Tabuleiro do Norte,2020-10-30,1247,7,18,0
Tabuleiro do Norte,Tabuleiro do Norte,2020-10-31,1247,0,18,0
Tabuleiro do Norte,Tabuleiro do Norte,2020-11-01,1247,0,18,0
Tabuleiro do Norte,Tabuleiro do Norte,2020-11-02,1247,0,18,0
Tabuleiro do Norte,Tabuleiro do Norte,2020-11-03,1251,4,18,0
Tabuleiro do Norte,Tabuleiro do Norte,2020-11-04,1258,7,18,0
Tabuleiro do Norte,Tabuleiro do Norte,2020-11-05,1264,6,18,0
Tabuleiro do Norte,Tabuleiro do Norte,2020-11-06,1277,13,18,0
Tabuleiro do Norte,Tabuleiro do Norte,2020-11-07,1279,2,18,0
Tabuleiro do Norte,Tabuleiro do Norte,2020-11-08,1279,0,18,0
Tabuleiro do Norte,Tabuleiro do Norte,2020-11-09,1279,0,18,0
Tabuleiro do Norte,Tabuleiro do Norte,2020-11-10,1290,11,18,0
Tabuleiro do Norte,Tabuleiro do Norte,2020-11-11,1294,4,18,0
Tabuleiro do Norte,Tabuleiro do Norte,2020-11-12,1298,4,18,0
Tabuleiro do Norte,Tabuleiro do Norte,2020-11-13,1298,0,18,0
Tabuleiro do Norte,Tabuleiro do Norte,2020-11-14,1298,0,18,0
Tabuleiro do Norte,Tabuleiro do Norte,2020-11-15,1298,0,18,0
Tabuleiro do Norte,Tabuleiro do Norte,2020-11-16,1300,2,18,0
Tabuleiro do Norte,Tabuleiro do Norte,2020-11-17,1305,5,18,0
Tabuleiro do Norte,Tabuleiro do Norte,2020-11-18,1312,7,18,0
Tabuleiro do Norte,Tabuleiro do Norte,2020-11-19,1313,1,18,0
Tabuleiro do Norte,Tabuleiro do Norte,2020-11-20,1319,6,18,0
Tabuleiro do Norte,Tabuleiro do Norte,2020-11-21,1319,0,18,0
Tabuleiro do Norte,Tabuleiro do Norte,2020-11-22,1322,3,18,0
Tabuleiro do Norte,Tabuleiro do Norte,2020-11-23,1322,0,18,0
Tabuleiro do Norte,Tabuleiro do Norte,2020-11-24,1322,0,18,0
Tabuleiro do Norte,Tabuleiro do Norte,2020-11-25,1336,14,18,0
Tabuleiro do Norte,Tabuleiro do Norte,2020-11-26,1343,7,18,0
Tabuleiro do Norte,Tabuleiro do Norte,2020-11-27,1345,2,18,0
Tabuleiro do Norte,Tabuleiro do Norte,2020-11-28,1354,9,18,0
Tabuleiro do Norte,Tabuleiro do Norte,2020-11-29,1357,3,18,0
Tabuleiro do Norte,Tabuleiro do Norte,2020-11-30,1358,1,18,0
Tabuleiro do Norte,Tabuleiro do Norte,2020-12-01,1362,4,18,0
Tabuleiro do Norte,Tabuleiro do Norte,2020-12-02,1363,1,18,0
Tabuleiro do Norte,Tabuleiro do Norte,2020-12-03,1364,1,18,0
Tabuleiro do Norte,Tabuleiro do Norte,2020-12-04,1364,0,18,0
Tabuleiro do Norte,Tabuleiro do Norte,2020-12-05,1365,1,18,0
Tabuleiro do Norte,Tabuleiro do Norte,2020-12-06,1365,0,18,0
Tabuleiro do Norte,Tabuleiro do Norte,2020-12-07,1366,1,18,0
Tabuleiro do Norte,Tabuleiro do Norte,2020-12-08,1379,13,19,1
Tabuleiro do Norte,Tabuleiro do Norte,2020-12-09,1379,0,19,0
Tabuleiro do Norte,Tabuleiro do Norte,2020-12-10,1391,12,19,0
Tabuleiro do Norte,Tabuleiro do Norte,2020-12-11,1405,14,19,0
Tabuleiro do Norte,Tabuleiro do Norte,2020-12-12,1405,0,19,0
Tabuleiro do Norte,Tabuleiro do Norte,2020-12-13,1412,7,19,0
Tabuleiro do Norte,Tabuleiro do Norte,2020-12-14,1414,2,19,0
Tabuleiro do Norte,Tabuleiro do Norte,2020-12-15,1425,11,19,0
Tabuleiro do Norte,Tabuleiro do Norte,2020-12-16,1465,40,19,0
Tabuleiro do Norte,Tabuleiro do Norte,2020-12-17,1467,2,20,1
Tabuleiro do Norte,Tabuleiro do Norte,2020-12-18,1494,27,20,0
Tabuleiro do Norte,Tabuleiro do Norte,2020-12-19,1509,15,20,0
Tabuleiro do Norte,Tabuleiro do Norte,2020-12-20,1509,0,20,0
Tabuleiro do Norte,Tabuleiro do Norte,2020-12-21,1509,0,20,0
Tabuleiro do Norte,Tabuleiro do Norte,2020-12-22,1524,15,20,0
Tabuleiro do Norte,Tabuleiro do Norte,2020-12-23,1554,30,20,0
Tabuleiro do Norte,Tabuleiro do Norte,2020-12-24,1554,0,20,0
Tabuleiro do Norte,Tabuleiro do Norte,2020-12-25,1554,0,20,0
Tabuleiro do Norte,Tabuleiro do Norte,2020-12-26,1553,-1,20,0
Tabuleiro do Norte,Tabuleiro do Norte,2020-12-27,1553,0,20,0
Tabuleiro do Norte,Tabuleiro do Norte,2020-12-28,1553,0,20,0
Tabuleiro do Norte,Tabuleiro do Norte,2020-12-29,1557,4,20,0
Tabuleiro do Norte,Tabuleiro do Norte,2020-12-30,1569,12,20,0
Tabuleiro do Norte,Tabuleiro do Norte,2020-12-31,1593,24,20,0
Tabuleiro do Norte,Tabuleiro do Norte,2021-01-01,1593,0,20,0
Tabuleiro do Norte,Tabuleiro do Norte,2021-01-02,1593,0,20,0
Tabuleiro do Norte,Tabuleiro do Norte,2021-01-03,1594,1,20,0
Tabuleiro do Norte,Tabuleiro do Norte,2021-01-04,1594,0,20,0
Tabuleiro do Norte,Tabuleiro do Norte,2021-01-05,1602,8,20,0
Tabuleiro do Norte,Tabuleiro do Norte,2021-01-06,1616,14,20,0
Tabuleiro do Norte,Tabuleiro do Norte,2021-01-07,1625,9,20,0
Tabuleiro do Norte,Tabuleiro do Norte,2021-01-08,1649,24,20,0
Tabuleiro do Norte,Tabuleiro do Norte,2021-01-09,1684,35,20,0
Tabuleiro do Norte,Tabuleiro do Norte,2021-01-10,1684,0,20,0
Tabuleiro do Norte,Tabuleiro do Norte,2021-01-11,1684,0,20,0
Tabuleiro do Norte,Tabuleiro do Norte,2021-01-12,1685,1,20,0
Tabuleiro do Norte,Tabuleiro do Norte,2021-01-13,1750,65,20,0
Tabuleiro do Norte,Tabuleiro do Norte,2021-01-14,1780,30,20,0
Tabuleiro do Norte,Tabuleiro do Norte,2021-01-15,1815,35,20,0
Tabuleiro do Norte,Tabuleiro do Norte,2021-01-16,1815,0,20,0
Tabuleiro do Norte,Tabuleiro do Norte,2021-01-17,1815,0,20,0
Tabuleiro do Norte,Tabuleiro do Norte,2021-01-18,1831,16,20,0
Tabuleiro do Norte,Tabuleiro do Norte,2021-01-19,1846,15,20,0
Tabuleiro do Norte,Tabuleiro do Norte,2021-01-20,1846,0,20,0
Tabuleiro do Norte,Tabuleiro do Norte,2021-01-21,1852,6,20,0
Tabuleiro do Norte,Tabuleiro do Norte,2021-01-22,1873,21,20,0
Tabuleiro do Norte,Tabuleiro do Norte,2021-01-23,1873,0,20,0
Tabuleiro do Norte,Tabuleiro do Norte,2021-01-24,1890,17,20,0
Tabuleiro do Norte,Tabuleiro do Norte,2021-01-25,1899,9,20,0
Tabuleiro do Norte,Tabuleiro do Norte,2021-01-26,1925,26,21,1
Tabuleiro do Norte,Tabuleiro do Norte,2021-01-27,1940,15,21,0
Tabuleiro do Norte,Tabuleiro do Norte,2021-01-28,1953,13,21,0
Tabuleiro do Norte,Tabuleiro do Norte,2021-01-29,1971,18,22,1
Tabuleiro do Norte,Tabuleiro do Norte,2021-01-30,1973,2,22,0
Tabuleiro do Norte,Tabuleiro do Norte,2021-01-31,2014,41,22,0
Tabuleiro do Norte,Tabuleiro do Norte,2021-02-01,2015,1,22,0
Tabuleiro do Norte,Tabuleiro do Norte,2021-02-02,2015,0,22,0
Tabuleiro do Norte,Tabuleiro do Norte,2021-02-03,2018,3,22,0
Tabuleiro do Norte,Tabuleiro do Norte,2021-02-04,2018,0,22,0
Tabuleiro do Norte,Tabuleiro do Norte,2021-02-05,2040,22,22,0
Tabuleiro do Norte,Tabuleiro do Norte,2021-02-06,2040,0,22,0
Tabuleiro do Norte,Tabuleiro do Norte,2021-02-07,2039,-1,22,0
Tabuleiro do Norte,Tabuleiro do Norte,2021-02-08,2046,7,22,0
