city,city,date,cases,daily cases,deaths,daily deaths
Tanabi,Tanabi,2020-03-27,0,0,0,0
Tanabi,Tanabi,2020-03-28,0,0,0,0
Tanabi,Tanabi,2020-03-29,0,0,0,0
Tanabi,Tanabi,2020-03-30,0,0,0,0
Tanabi,Tanabi,2020-03-31,0,0,0,0
Tanabi,Tanabi,2020-04-01,0,0,0,0
Tanabi,Tanabi,2020-04-02,0,0,0,0
Tanabi,Tanabi,2020-04-03,0,0,0,0
Tanabi,Tanabi,2020-04-04,0,0,0,0
Tanabi,Tanabi,2020-04-05,0,0,0,0
Tanabi,Tanabi,2020-04-06,0,0,0,0
Tanabi,Tanabi,2020-04-07,0,0,0,0
Tanabi,Tanabi,2020-04-08,1,1,0,0
Tanabi,Tanabi,2020-04-09,1,0,0,0
Tanabi,Tanabi,2020-04-10,1,0,0,0
Tanabi,Tanabi,2020-04-11,1,0,0,0
Tanabi,Tanabi,2020-04-12,1,0,0,0
Tanabi,Tanabi,2020-04-13,1,0,0,0
Tanabi,Tanabi,2020-04-14,1,0,0,0
Tanabi,Tanabi,2020-04-15,1,0,0,0
Tanabi,Tanabi,2020-04-16,1,0,0,0
Tanabi,Tanabi,2020-04-17,1,0,0,0
Tanabi,Tanabi,2020-04-18,3,2,0,0
Tanabi,Tanabi,2020-04-19,3,0,0,0
Tanabi,Tanabi,2020-04-20,3,0,0,0
Tanabi,Tanabi,2020-04-21,3,0,0,0
Tanabi,Tanabi,2020-04-22,3,0,0,0
Tanabi,Tanabi,2020-04-23,3,0,0,0
Tanabi,Tanabi,2020-04-24,1,-2,0,0
Tanabi,Tanabi,2020-04-25,1,0,0,0
Tanabi,Tanabi,2020-04-26,1,0,0,0
Tanabi,Tanabi,2020-04-27,1,0,0,0
Tanabi,Tanabi,2020-04-28,1,0,0,0
Tanabi,Tanabi,2020-04-29,1,0,0,0
Tanabi,Tanabi,2020-04-30,1,0,0,0
Tanabi,Tanabi,2020-05-01,1,0,0,0
Tanabi,Tanabi,2020-05-02,1,0,0,0
Tanabi,Tanabi,2020-05-03,1,0,0,0
Tanabi,Tanabi,2020-05-04,1,0,0,0
Tanabi,Tanabi,2020-05-05,1,0,0,0
Tanabi,Tanabi,2020-05-06,2,1,0,0
Tanabi,Tanabi,2020-05-07,2,0,0,0
Tanabi,Tanabi,2020-05-08,2,0,0,0
Tanabi,Tanabi,2020-05-09,2,0,0,0
Tanabi,Tanabi,2020-05-10,2,0,0,0
Tanabi,Tanabi,2020-05-11,2,0,0,0
Tanabi,Tanabi,2020-05-12,2,0,0,0
Tanabi,Tanabi,2020-05-13,2,0,0,0
Tanabi,Tanabi,2020-05-14,3,1,0,0
Tanabi,Tanabi,2020-05-15,4,1,0,0
Tanabi,Tanabi,2020-05-16,5,1,0,0
Tanabi,Tanabi,2020-05-17,5,0,0,0
Tanabi,Tanabi,2020-05-18,5,0,0,0
Tanabi,Tanabi,2020-05-19,5,0,0,0
Tanabi,Tanabi,2020-05-20,6,1,0,0
Tanabi,Tanabi,2020-05-21,6,0,0,0
Tanabi,Tanabi,2020-05-22,6,0,0,0
Tanabi,Tanabi,2020-05-23,7,1,0,0
Tanabi,Tanabi,2020-05-24,8,1,0,0
Tanabi,Tanabi,2020-05-25,7,-1,0,0
Tanabi,Tanabi,2020-05-26,7,0,0,0
Tanabi,Tanabi,2020-05-27,9,2,0,0
Tanabi,Tanabi,2020-05-28,9,0,0,0
Tanabi,Tanabi,2020-05-29,9,0,0,0
Tanabi,Tanabi,2020-05-30,10,1,0,0
Tanabi,Tanabi,2020-05-31,10,0,0,0
Tanabi,Tanabi,2020-06-01,10,0,0,0
Tanabi,Tanabi,2020-06-02,13,3,0,0
Tanabi,Tanabi,2020-06-03,13,0,0,0
Tanabi,Tanabi,2020-06-04,13,0,0,0
Tanabi,Tanabi,2020-06-05,15,2,0,0
Tanabi,Tanabi,2020-06-06,17,2,0,0
Tanabi,Tanabi,2020-06-07,17,0,0,0
Tanabi,Tanabi,2020-06-08,17,0,0,0
Tanabi,Tanabi,2020-06-09,17,0,0,0
Tanabi,Tanabi,2020-06-10,21,4,0,0
Tanabi,Tanabi,2020-06-11,23,2,0,0
Tanabi,Tanabi,2020-06-12,24,1,0,0
Tanabi,Tanabi,2020-06-13,25,1,0,0
Tanabi,Tanabi,2020-06-14,27,2,0,0
Tanabi,Tanabi,2020-06-15,31,4,0,0
Tanabi,Tanabi,2020-06-16,36,5,0,0
Tanabi,Tanabi,2020-06-17,37,1,0,0
Tanabi,Tanabi,2020-06-18,37,0,0,0
Tanabi,Tanabi,2020-06-19,53,16,1,1
Tanabi,Tanabi,2020-06-20,53,0,2,1
Tanabi,Tanabi,2020-06-21,63,10,3,1
Tanabi,Tanabi,2020-06-22,65,2,3,0
Tanabi,Tanabi,2020-06-23,69,4,3,0
Tanabi,Tanabi,2020-06-24,74,5,3,0
Tanabi,Tanabi,2020-06-25,75,1,3,0
Tanabi,Tanabi,2020-06-26,83,8,3,0
Tanabi,Tanabi,2020-06-27,89,6,3,0
Tanabi,Tanabi,2020-06-28,98,9,3,0
Tanabi,Tanabi,2020-06-29,99,1,3,0
Tanabi,Tanabi,2020-06-30,99,0,3,0
Tanabi,Tanabi,2020-07-01,104,5,3,0
Tanabi,Tanabi,2020-07-02,108,4,3,0
Tanabi,Tanabi,2020-07-03,121,13,3,0
Tanabi,Tanabi,2020-07-04,121,0,3,0
Tanabi,Tanabi,2020-07-05,145,24,3,0
Tanabi,Tanabi,2020-07-06,145,0,3,0
Tanabi,Tanabi,2020-07-07,152,7,3,0
Tanabi,Tanabi,2020-07-08,168,16,3,0
Tanabi,Tanabi,2020-07-09,186,18,3,0
Tanabi,Tanabi,2020-07-10,192,6,4,1
Tanabi,Tanabi,2020-07-11,204,12,5,1
Tanabi,Tanabi,2020-07-12,228,24,5,0
Tanabi,Tanabi,2020-07-13,229,1,5,0
Tanabi,Tanabi,2020-07-14,270,41,7,2
Tanabi,Tanabi,2020-07-15,275,5,6,-1
Tanabi,Tanabi,2020-07-16,287,12,7,1
Tanabi,Tanabi,2020-07-17,292,5,9,2
Tanabi,Tanabi,2020-07-18,293,1,9,0
Tanabi,Tanabi,2020-07-19,295,2,9,0
Tanabi,Tanabi,2020-07-20,297,2,9,0
Tanabi,Tanabi,2020-07-21,300,3,10,1
Tanabi,Tanabi,2020-07-22,326,26,12,2
Tanabi,Tanabi,2020-07-23,345,19,12,0
Tanabi,Tanabi,2020-07-24,357,12,12,0
Tanabi,Tanabi,2020-07-25,453,96,12,0
Tanabi,Tanabi,2020-07-26,464,11,12,0
Tanabi,Tanabi,2020-07-27,469,5,13,1
Tanabi,Tanabi,2020-07-28,469,0,13,0
Tanabi,Tanabi,2020-07-29,531,62,13,0
Tanabi,Tanabi,2020-07-30,538,7,13,0
Tanabi,Tanabi,2020-07-31,553,15,16,3
Tanabi,Tanabi,2020-08-01,567,14,16,0
Tanabi,Tanabi,2020-08-02,603,36,16,0
Tanabi,Tanabi,2020-08-03,606,3,16,0
Tanabi,Tanabi,2020-08-04,651,45,16,0
Tanabi,Tanabi,2020-08-05,653,2,16,0
Tanabi,Tanabi,2020-08-06,691,38,16,0
Tanabi,Tanabi,2020-08-07,701,10,16,0
Tanabi,Tanabi,2020-08-08,723,22,16,0
Tanabi,Tanabi,2020-08-09,740,17,16,0
Tanabi,Tanabi,2020-08-10,740,0,16,0
Tanabi,Tanabi,2020-08-11,743,3,16,0
Tanabi,Tanabi,2020-08-12,746,3,16,0
Tanabi,Tanabi,2020-08-13,777,31,16,0
Tanabi,Tanabi,2020-08-14,791,14,16,0
Tanabi,Tanabi,2020-08-15,802,11,16,0
Tanabi,Tanabi,2020-08-16,804,2,16,0
Tanabi,Tanabi,2020-08-17,815,11,16,0
Tanabi,Tanabi,2020-08-18,820,5,17,1
Tanabi,Tanabi,2020-08-19,853,33,17,0
Tanabi,Tanabi,2020-08-20,863,10,17,0
Tanabi,Tanabi,2020-08-21,894,31,18,1
Tanabi,Tanabi,2020-08-22,912,18,18,0
Tanabi,Tanabi,2020-08-23,931,19,19,1
Tanabi,Tanabi,2020-08-24,953,22,19,0
Tanabi,Tanabi,2020-08-25,954,1,19,0
Tanabi,Tanabi,2020-08-26,966,12,19,0
Tanabi,Tanabi,2020-08-27,970,4,19,0
Tanabi,Tanabi,2020-08-28,990,20,19,0
Tanabi,Tanabi,2020-08-29,998,8,19,0
Tanabi,Tanabi,2020-08-30,999,1,19,0
Tanabi,Tanabi,2020-08-31,1000,1,20,1
Tanabi,Tanabi,2020-09-01,1010,10,21,1
Tanabi,Tanabi,2020-09-02,1037,27,21,0
Tanabi,Tanabi,2020-09-03,1045,8,21,0
Tanabi,Tanabi,2020-09-04,1048,3,21,0
Tanabi,Tanabi,2020-09-05,1054,6,21,0
Tanabi,Tanabi,2020-09-06,1060,6,21,0
Tanabi,Tanabi,2020-09-07,1072,12,21,0
Tanabi,Tanabi,2020-09-08,1073,1,21,0
Tanabi,Tanabi,2020-09-09,1074,1,21,0
Tanabi,Tanabi,2020-09-10,1077,3,21,0
Tanabi,Tanabi,2020-09-11,1085,8,21,0
Tanabi,Tanabi,2020-09-12,1087,2,21,0
Tanabi,Tanabi,2020-09-13,1089,2,21,0
Tanabi,Tanabi,2020-09-14,1093,4,21,0
Tanabi,Tanabi,2020-09-15,1102,9,21,0
Tanabi,Tanabi,2020-09-16,1117,15,21,0
Tanabi,Tanabi,2020-09-17,1129,12,21,0
Tanabi,Tanabi,2020-09-18,1131,2,21,0
Tanabi,Tanabi,2020-09-19,1138,7,21,0
Tanabi,Tanabi,2020-09-20,1148,10,21,0
Tanabi,Tanabi,2020-09-21,1158,10,21,0
Tanabi,Tanabi,2020-09-22,1168,10,21,0
Tanabi,Tanabi,2020-09-23,1177,9,21,0
Tanabi,Tanabi,2020-09-24,1176,-1,22,1
Tanabi,Tanabi,2020-09-25,1181,5,24,2
Tanabi,Tanabi,2020-09-26,1187,6,24,0
Tanabi,Tanabi,2020-09-27,1187,0,24,0
Tanabi,Tanabi,2020-09-28,1187,0,24,0
Tanabi,Tanabi,2020-09-29,1190,3,24,0
Tanabi,Tanabi,2020-09-30,1195,5,24,0
Tanabi,Tanabi,2020-10-01,1202,7,24,0
Tanabi,Tanabi,2020-10-02,1204,2,25,1
Tanabi,Tanabi,2020-10-03,1206,2,25,0
Tanabi,Tanabi,2020-10-04,1207,1,25,0
Tanabi,Tanabi,2020-10-05,1207,0,25,0
Tanabi,Tanabi,2020-10-06,1214,7,25,0
Tanabi,Tanabi,2020-10-07,1215,1,25,0
Tanabi,Tanabi,2020-10-08,1220,5,25,0
Tanabi,Tanabi,2020-10-09,1231,11,25,0
Tanabi,Tanabi,2020-10-10,1240,9,25,0
Tanabi,Tanabi,2020-10-11,1242,2,25,0
Tanabi,Tanabi,2020-10-12,1242,0,25,0
Tanabi,Tanabi,2020-10-13,1242,0,25,0
Tanabi,Tanabi,2020-10-14,1257,15,26,1
Tanabi,Tanabi,2020-10-15,1261,4,26,0
Tanabi,Tanabi,2020-10-16,1269,8,26,0
Tanabi,Tanabi,2020-10-17,1280,11,26,0
Tanabi,Tanabi,2020-10-18,1281,1,26,0
Tanabi,Tanabi,2020-10-19,1279,-2,26,0
Tanabi,Tanabi,2020-10-20,1293,14,26,0
Tanabi,Tanabi,2020-10-21,1303,10,26,0
Tanabi,Tanabi,2020-10-22,1322,19,26,0
Tanabi,Tanabi,2020-10-23,1328,6,26,0
Tanabi,Tanabi,2020-10-24,1331,3,26,0
Tanabi,Tanabi,2020-10-25,1334,3,27,1
Tanabi,Tanabi,2020-10-26,1336,2,27,0
Tanabi,Tanabi,2020-10-27,1339,3,27,0
Tanabi,Tanabi,2020-10-28,1343,4,27,0
Tanabi,Tanabi,2020-10-29,1355,12,28,1
Tanabi,Tanabi,2020-10-30,1359,4,28,0
Tanabi,Tanabi,2020-10-31,1360,1,28,0
Tanabi,Tanabi,2020-11-01,1362,2,28,0
Tanabi,Tanabi,2020-11-02,1362,0,28,0
Tanabi,Tanabi,2020-11-03,1362,0,28,0
Tanabi,Tanabi,2020-11-04,1364,2,28,0
Tanabi,Tanabi,2020-11-05,1365,1,28,0
Tanabi,Tanabi,2020-11-06,1365,0,28,0
Tanabi,Tanabi,2020-11-07,1365,0,28,0
Tanabi,Tanabi,2020-11-08,1365,0,28,0
Tanabi,Tanabi,2020-11-09,1365,0,28,0
Tanabi,Tanabi,2020-11-10,1365,0,28,0
Tanabi,Tanabi,2020-11-11,1390,25,28,0
Tanabi,Tanabi,2020-11-12,1393,3,29,1
Tanabi,Tanabi,2020-11-13,1394,1,29,0
Tanabi,Tanabi,2020-11-14,1401,7,29,0
Tanabi,Tanabi,2020-11-15,1402,1,29,0
Tanabi,Tanabi,2020-11-16,1402,0,29,0
Tanabi,Tanabi,2020-11-17,1404,2,29,0
Tanabi,Tanabi,2020-11-18,1412,8,29,0
Tanabi,Tanabi,2020-11-19,1418,6,29,0
Tanabi,Tanabi,2020-11-20,1421,3,29,0
Tanabi,Tanabi,2020-11-21,1421,0,29,0
Tanabi,Tanabi,2020-11-22,1421,0,29,0
Tanabi,Tanabi,2020-11-23,1422,1,29,0
Tanabi,Tanabi,2020-11-24,1424,2,29,0
Tanabi,Tanabi,2020-11-25,1432,8,29,0
Tanabi,Tanabi,2020-11-26,1437,5,29,0
Tanabi,Tanabi,2020-11-27,1439,2,29,0
Tanabi,Tanabi,2020-11-28,1441,2,29,0
Tanabi,Tanabi,2020-11-29,1442,1,30,1
Tanabi,Tanabi,2020-11-30,1446,4,30,0
Tanabi,Tanabi,2020-12-01,1451,5,30,0
Tanabi,Tanabi,2020-12-02,1464,13,30,0
Tanabi,Tanabi,2020-12-03,1467,3,30,0
Tanabi,Tanabi,2020-12-04,1468,1,30,0
Tanabi,Tanabi,2020-12-05,1486,18,30,0
Tanabi,Tanabi,2020-12-06,1488,2,30,0
Tanabi,Tanabi,2020-12-07,1491,3,30,0
Tanabi,Tanabi,2020-12-08,1502,11,30,0
Tanabi,Tanabi,2020-12-09,1505,3,30,0
Tanabi,Tanabi,2020-12-10,1508,3,30,0
Tanabi,Tanabi,2020-12-11,1518,10,30,0
Tanabi,Tanabi,2020-12-12,1521,3,30,0
Tanabi,Tanabi,2020-12-13,1522,1,30,0
Tanabi,Tanabi,2020-12-14,1525,3,30,0
Tanabi,Tanabi,2020-12-15,1525,0,30,0
Tanabi,Tanabi,2020-12-16,1525,0,30,0
Tanabi,Tanabi,2020-12-17,1531,6,31,1
Tanabi,Tanabi,2020-12-18,1534,3,31,0
Tanabi,Tanabi,2020-12-19,1538,4,31,0
Tanabi,Tanabi,2020-12-20,1538,0,31,0
Tanabi,Tanabi,2020-12-21,1538,0,31,0
Tanabi,Tanabi,2020-12-22,1541,3,31,0
Tanabi,Tanabi,2020-12-23,1551,10,31,0
Tanabi,Tanabi,2020-12-24,1563,12,31,0
Tanabi,Tanabi,2020-12-25,1565,2,31,0
Tanabi,Tanabi,2020-12-26,1566,1,31,0
Tanabi,Tanabi,2020-12-27,1574,8,31,0
Tanabi,Tanabi,2020-12-28,1576,2,31,0
Tanabi,Tanabi,2020-12-29,1597,21,31,0
Tanabi,Tanabi,2020-12-30,1599,2,31,0
Tanabi,Tanabi,2020-12-31,1605,6,31,0
Tanabi,Tanabi,2021-01-01,1607,2,31,0
Tanabi,Tanabi,2021-01-02,1609,2,31,0
Tanabi,Tanabi,2021-01-03,1611,2,31,0
Tanabi,Tanabi,2021-01-04,1615,4,31,0
Tanabi,Tanabi,2021-01-05,1634,19,31,0
Tanabi,Tanabi,2021-01-06,1652,18,31,0
Tanabi,Tanabi,2021-01-07,1664,12,31,0
Tanabi,Tanabi,2021-01-08,1672,8,32,1
Tanabi,Tanabi,2021-01-09,1686,14,32,0
Tanabi,Tanabi,2021-01-10,1690,4,32,0
Tanabi,Tanabi,2021-01-11,1689,-1,32,0
Tanabi,Tanabi,2021-01-12,1703,14,33,1
Tanabi,Tanabi,2021-01-13,1720,17,33,0
Tanabi,Tanabi,2021-01-14,1726,6,33,0
Tanabi,Tanabi,2021-01-15,1753,27,33,0
Tanabi,Tanabi,2021-01-16,1759,6,33,0
Tanabi,Tanabi,2021-01-17,1761,2,33,0
Tanabi,Tanabi,2021-01-18,1762,1,33,0
Tanabi,Tanabi,2021-01-19,1778,16,33,0
Tanabi,Tanabi,2021-01-20,1791,13,33,0
Tanabi,Tanabi,2021-01-21,1799,8,33,0
Tanabi,Tanabi,2021-01-22,1802,3,33,0
Tanabi,Tanabi,2021-01-23,1813,11,33,0
Tanabi,Tanabi,2021-01-24,1815,2,34,1
Tanabi,Tanabi,2021-01-25,1817,2,34,0
Tanabi,Tanabi,2021-01-26,1828,11,34,0
Tanabi,Tanabi,2021-01-27,1847,19,34,0
Tanabi,Tanabi,2021-01-28,1863,16,34,0
Tanabi,Tanabi,2021-01-29,1869,6,35,1
Tanabi,Tanabi,2021-01-30,1883,14,35,0
Tanabi,Tanabi,2021-01-31,1887,4,35,0
Tanabi,Tanabi,2021-02-01,1889,2,35,0
Tanabi,Tanabi,2021-02-02,1904,15,36,1
Tanabi,Tanabi,2021-02-03,1927,23,36,0
Tanabi,Tanabi,2021-02-04,1930,3,36,0
Tanabi,Tanabi,2021-02-05,1945,15,36,0
Tanabi,Tanabi,2021-02-06,1951,6,36,0
Tanabi,Tanabi,2021-02-07,1958,7,36,0
Tanabi,Tanabi,2021-02-08,1959,1,36,0
