city,city,date,cases,daily cases,deaths,daily deaths
Tanquinho,Tanquinho,2020-03-27,0,0,0,0
Tanquinho,Tanquinho,2020-03-28,0,0,0,0
Tanquinho,Tanquinho,2020-03-29,0,0,0,0
Tanquinho,Tanquinho,2020-03-30,0,0,0,0
Tanquinho,Tanquinho,2020-03-31,0,0,0,0
Tanquinho,Tanquinho,2020-04-01,0,0,0,0
Tanquinho,Tanquinho,2020-04-02,0,0,0,0
Tanquinho,Tanquinho,2020-04-03,0,0,0,0
Tanquinho,Tanquinho,2020-04-04,0,0,0,0
Tanquinho,Tanquinho,2020-04-05,0,0,0,0
Tanquinho,Tanquinho,2020-04-06,0,0,0,0
Tanquinho,Tanquinho,2020-04-07,0,0,0,0
Tanquinho,Tanquinho,2020-04-08,0,0,0,0
Tanquinho,Tanquinho,2020-04-09,0,0,0,0
Tanquinho,Tanquinho,2020-04-10,0,0,0,0
Tanquinho,Tanquinho,2020-04-11,0,0,0,0
Tanquinho,Tanquinho,2020-04-12,0,0,0,0
Tanquinho,Tanquinho,2020-04-13,0,0,0,0
Tanquinho,Tanquinho,2020-04-14,0,0,0,0
Tanquinho,Tanquinho,2020-04-15,0,0,0,0
Tanquinho,Tanquinho,2020-04-16,0,0,0,0
Tanquinho,Tanquinho,2020-04-17,0,0,0,0
Tanquinho,Tanquinho,2020-04-18,0,0,0,0
Tanquinho,Tanquinho,2020-04-19,0,0,0,0
Tanquinho,Tanquinho,2020-04-20,0,0,0,0
Tanquinho,Tanquinho,2020-04-21,0,0,0,0
Tanquinho,Tanquinho,2020-04-22,0,0,0,0
Tanquinho,Tanquinho,2020-04-23,0,0,0,0
Tanquinho,Tanquinho,2020-04-24,0,0,0,0
Tanquinho,Tanquinho,2020-04-25,0,0,0,0
Tanquinho,Tanquinho,2020-04-26,0,0,0,0
Tanquinho,Tanquinho,2020-04-27,0,0,0,0
Tanquinho,Tanquinho,2020-04-28,0,0,0,0
Tanquinho,Tanquinho,2020-04-29,0,0,0,0
Tanquinho,Tanquinho,2020-04-30,0,0,0,0
Tanquinho,Tanquinho,2020-05-01,0,0,0,0
Tanquinho,Tanquinho,2020-05-02,0,0,0,0
Tanquinho,Tanquinho,2020-05-03,0,0,0,0
Tanquinho,Tanquinho,2020-05-04,0,0,0,0
Tanquinho,Tanquinho,2020-05-05,0,0,0,0
Tanquinho,Tanquinho,2020-05-06,0,0,0,0
Tanquinho,Tanquinho,2020-05-07,0,0,0,0
Tanquinho,Tanquinho,2020-05-08,0,0,0,0
Tanquinho,Tanquinho,2020-05-09,0,0,0,0
Tanquinho,Tanquinho,2020-05-10,0,0,0,0
Tanquinho,Tanquinho,2020-05-11,0,0,0,0
Tanquinho,Tanquinho,2020-05-12,0,0,0,0
Tanquinho,Tanquinho,2020-05-13,0,0,0,0
Tanquinho,Tanquinho,2020-05-14,0,0,0,0
Tanquinho,Tanquinho,2020-05-15,0,0,0,0
Tanquinho,Tanquinho,2020-05-16,0,0,0,0
Tanquinho,Tanquinho,2020-05-17,0,0,0,0
Tanquinho,Tanquinho,2020-05-18,0,0,0,0
Tanquinho,Tanquinho,2020-05-19,0,0,0,0
Tanquinho,Tanquinho,2020-05-20,0,0,0,0
Tanquinho,Tanquinho,2020-05-21,0,0,0,0
Tanquinho,Tanquinho,2020-05-22,0,0,0,0
Tanquinho,Tanquinho,2020-05-23,0,0,0,0
Tanquinho,Tanquinho,2020-05-24,0,0,0,0
Tanquinho,Tanquinho,2020-05-25,0,0,0,0
Tanquinho,Tanquinho,2020-05-26,0,0,0,0
Tanquinho,Tanquinho,2020-05-27,0,0,0,0
Tanquinho,Tanquinho,2020-05-28,0,0,0,0
Tanquinho,Tanquinho,2020-05-29,1,1,0,0
Tanquinho,Tanquinho,2020-05-30,1,0,0,0
Tanquinho,Tanquinho,2020-05-31,1,0,0,0
Tanquinho,Tanquinho,2020-06-01,1,0,0,0
Tanquinho,Tanquinho,2020-06-02,1,0,0,0
Tanquinho,Tanquinho,2020-06-03,1,0,0,0
Tanquinho,Tanquinho,2020-06-04,1,0,0,0
Tanquinho,Tanquinho,2020-06-05,1,0,0,0
Tanquinho,Tanquinho,2020-06-06,1,0,0,0
Tanquinho,Tanquinho,2020-06-07,1,0,0,0
Tanquinho,Tanquinho,2020-06-08,2,1,0,0
Tanquinho,Tanquinho,2020-06-09,2,0,0,0
Tanquinho,Tanquinho,2020-06-10,3,1,0,0
Tanquinho,Tanquinho,2020-06-11,4,1,0,0
Tanquinho,Tanquinho,2020-06-12,7,3,0,0
Tanquinho,Tanquinho,2020-06-13,8,1,0,0
Tanquinho,Tanquinho,2020-06-14,8,0,0,0
Tanquinho,Tanquinho,2020-06-15,10,2,0,0
Tanquinho,Tanquinho,2020-06-16,10,0,0,0
Tanquinho,Tanquinho,2020-06-17,10,0,1,1
Tanquinho,Tanquinho,2020-06-18,10,0,1,0
Tanquinho,Tanquinho,2020-06-19,12,2,1,0
Tanquinho,Tanquinho,2020-06-20,12,0,1,0
Tanquinho,Tanquinho,2020-06-21,14,2,1,0
Tanquinho,Tanquinho,2020-06-22,14,0,1,0
Tanquinho,Tanquinho,2020-06-23,14,0,1,0
Tanquinho,Tanquinho,2020-06-24,14,0,1,0
Tanquinho,Tanquinho,2020-06-25,14,0,1,0
Tanquinho,Tanquinho,2020-06-26,16,2,1,0
Tanquinho,Tanquinho,2020-06-27,25,9,1,0
Tanquinho,Tanquinho,2020-06-28,27,2,1,0
Tanquinho,Tanquinho,2020-06-29,29,2,1,0
Tanquinho,Tanquinho,2020-06-30,29,0,1,0
Tanquinho,Tanquinho,2020-07-01,36,7,1,0
Tanquinho,Tanquinho,2020-07-02,36,0,1,0
Tanquinho,Tanquinho,2020-07-03,36,0,1,0
Tanquinho,Tanquinho,2020-07-04,36,0,1,0
Tanquinho,Tanquinho,2020-07-05,36,0,1,0
Tanquinho,Tanquinho,2020-07-06,36,0,1,0
Tanquinho,Tanquinho,2020-07-07,39,3,1,0
Tanquinho,Tanquinho,2020-07-08,40,1,1,0
Tanquinho,Tanquinho,2020-07-09,40,0,1,0
Tanquinho,Tanquinho,2020-07-10,40,0,1,0
Tanquinho,Tanquinho,2020-07-11,54,14,1,0
Tanquinho,Tanquinho,2020-07-12,62,8,1,0
Tanquinho,Tanquinho,2020-07-13,62,0,1,0
Tanquinho,Tanquinho,2020-07-14,74,12,1,0
Tanquinho,Tanquinho,2020-07-15,75,1,2,1
Tanquinho,Tanquinho,2020-07-16,80,5,2,0
Tanquinho,Tanquinho,2020-07-17,89,9,2,0
Tanquinho,Tanquinho,2020-07-18,92,3,2,0
Tanquinho,Tanquinho,2020-07-19,92,0,2,0
Tanquinho,Tanquinho,2020-07-20,92,0,2,0
Tanquinho,Tanquinho,2020-07-21,101,9,2,0
Tanquinho,Tanquinho,2020-07-22,153,52,2,0
Tanquinho,Tanquinho,2020-07-23,165,12,2,0
Tanquinho,Tanquinho,2020-07-24,167,2,2,0
Tanquinho,Tanquinho,2020-07-25,169,2,2,0
Tanquinho,Tanquinho,2020-07-26,170,1,2,0
Tanquinho,Tanquinho,2020-07-27,170,0,2,0
Tanquinho,Tanquinho,2020-07-28,188,18,2,0
Tanquinho,Tanquinho,2020-07-29,191,3,2,0
Tanquinho,Tanquinho,2020-07-30,196,5,2,0
Tanquinho,Tanquinho,2020-07-31,210,14,2,0
Tanquinho,Tanquinho,2020-08-01,225,15,2,0
Tanquinho,Tanquinho,2020-08-02,231,6,2,0
Tanquinho,Tanquinho,2020-08-03,231,0,2,0
Tanquinho,Tanquinho,2020-08-04,241,10,2,0
Tanquinho,Tanquinho,2020-08-05,243,2,2,0
Tanquinho,Tanquinho,2020-08-06,248,5,2,0
Tanquinho,Tanquinho,2020-08-07,252,4,2,0
Tanquinho,Tanquinho,2020-08-08,258,6,2,0
Tanquinho,Tanquinho,2020-08-09,259,1,2,0
Tanquinho,Tanquinho,2020-08-10,259,0,2,0
Tanquinho,Tanquinho,2020-08-11,260,1,2,0
Tanquinho,Tanquinho,2020-08-12,266,6,2,0
Tanquinho,Tanquinho,2020-08-13,267,1,2,0
Tanquinho,Tanquinho,2020-08-14,270,3,2,0
Tanquinho,Tanquinho,2020-08-15,270,0,2,0
Tanquinho,Tanquinho,2020-08-16,270,0,2,0
Tanquinho,Tanquinho,2020-08-17,270,0,2,0
Tanquinho,Tanquinho,2020-08-18,270,0,2,0
Tanquinho,Tanquinho,2020-08-19,275,5,2,0
Tanquinho,Tanquinho,2020-08-20,283,8,2,0
Tanquinho,Tanquinho,2020-08-21,286,3,2,0
Tanquinho,Tanquinho,2020-08-22,293,7,2,0
Tanquinho,Tanquinho,2020-08-23,294,1,2,0
Tanquinho,Tanquinho,2020-08-24,307,13,3,1
Tanquinho,Tanquinho,2020-08-25,307,0,3,0
Tanquinho,Tanquinho,2020-08-26,308,1,4,1
Tanquinho,Tanquinho,2020-08-27,314,6,4,0
Tanquinho,Tanquinho,2020-08-28,320,6,4,0
Tanquinho,Tanquinho,2020-08-29,321,1,4,0
Tanquinho,Tanquinho,2020-08-30,321,0,4,0
Tanquinho,Tanquinho,2020-08-31,321,0,4,0
Tanquinho,Tanquinho,2020-09-01,321,0,4,0
Tanquinho,Tanquinho,2020-09-02,321,0,4,0
Tanquinho,Tanquinho,2020-09-03,322,1,4,0
Tanquinho,Tanquinho,2020-09-04,322,0,4,0
Tanquinho,Tanquinho,2020-09-05,322,0,4,0
Tanquinho,Tanquinho,2020-09-06,322,0,4,0
Tanquinho,Tanquinho,2020-09-07,322,0,4,0
Tanquinho,Tanquinho,2020-09-08,323,1,4,0
Tanquinho,Tanquinho,2020-09-09,323,0,4,0
Tanquinho,Tanquinho,2020-09-10,324,1,4,0
Tanquinho,Tanquinho,2020-09-11,324,0,4,0
Tanquinho,Tanquinho,2020-09-12,325,1,4,0
Tanquinho,Tanquinho,2020-09-13,325,0,4,0
Tanquinho,Tanquinho,2020-09-14,325,0,4,0
Tanquinho,Tanquinho,2020-09-15,325,0,4,0
Tanquinho,Tanquinho,2020-09-16,325,0,4,0
Tanquinho,Tanquinho,2020-09-17,327,2,4,0
Tanquinho,Tanquinho,2020-09-18,327,0,4,0
Tanquinho,Tanquinho,2020-09-19,327,0,4,0
Tanquinho,Tanquinho,2020-09-20,329,2,4,0
Tanquinho,Tanquinho,2020-09-21,329,0,4,0
Tanquinho,Tanquinho,2020-09-22,329,0,4,0
Tanquinho,Tanquinho,2020-09-23,329,0,4,0
Tanquinho,Tanquinho,2020-09-24,330,1,4,0
Tanquinho,Tanquinho,2020-09-25,332,2,4,0
Tanquinho,Tanquinho,2020-09-26,333,1,4,0
Tanquinho,Tanquinho,2020-09-27,333,0,4,0
Tanquinho,Tanquinho,2020-09-28,333,0,4,0
Tanquinho,Tanquinho,2020-09-29,333,0,4,0
Tanquinho,Tanquinho,2020-09-30,333,0,4,0
Tanquinho,Tanquinho,2020-10-01,333,0,4,0
Tanquinho,Tanquinho,2020-10-02,333,0,4,0
Tanquinho,Tanquinho,2020-10-03,335,2,4,0
Tanquinho,Tanquinho,2020-10-04,335,0,4,0
Tanquinho,Tanquinho,2020-10-05,335,0,4,0
Tanquinho,Tanquinho,2020-10-06,335,0,4,0
Tanquinho,Tanquinho,2020-10-07,335,0,4,0
Tanquinho,Tanquinho,2020-10-08,335,0,4,0
Tanquinho,Tanquinho,2020-10-09,335,0,4,0
Tanquinho,Tanquinho,2020-10-10,336,1,4,0
Tanquinho,Tanquinho,2020-10-11,336,0,4,0
Tanquinho,Tanquinho,2020-10-12,336,0,4,0
Tanquinho,Tanquinho,2020-10-13,336,0,4,0
Tanquinho,Tanquinho,2020-10-14,336,0,4,0
Tanquinho,Tanquinho,2020-10-15,337,1,4,0
Tanquinho,Tanquinho,2020-10-16,337,0,4,0
Tanquinho,Tanquinho,2020-10-17,337,0,4,0
Tanquinho,Tanquinho,2020-10-18,339,2,4,0
Tanquinho,Tanquinho,2020-10-19,339,0,4,0
Tanquinho,Tanquinho,2020-10-20,339,0,4,0
Tanquinho,Tanquinho,2020-10-21,339,0,4,0
Tanquinho,Tanquinho,2020-10-22,339,0,5,1
Tanquinho,Tanquinho,2020-10-23,345,6,5,0
Tanquinho,Tanquinho,2020-10-24,348,3,5,0
Tanquinho,Tanquinho,2020-10-25,348,0,5,0
Tanquinho,Tanquinho,2020-10-26,349,1,5,0
Tanquinho,Tanquinho,2020-10-27,351,2,5,0
Tanquinho,Tanquinho,2020-10-28,355,4,5,0
Tanquinho,Tanquinho,2020-10-29,355,0,5,0
Tanquinho,Tanquinho,2020-10-30,355,0,5,0
Tanquinho,Tanquinho,2020-10-31,356,1,6,1
Tanquinho,Tanquinho,2020-11-01,356,0,6,0
Tanquinho,Tanquinho,2020-11-02,363,7,6,0
Tanquinho,Tanquinho,2020-11-03,363,0,6,0
Tanquinho,Tanquinho,2020-11-04,363,0,6,0
Tanquinho,Tanquinho,2020-11-05,363,0,6,0
Tanquinho,Tanquinho,2020-11-06,364,1,6,0
Tanquinho,Tanquinho,2020-11-07,364,0,6,0
Tanquinho,Tanquinho,2020-11-08,364,0,6,0
Tanquinho,Tanquinho,2020-11-09,365,1,6,0
Tanquinho,Tanquinho,2020-11-10,365,0,6,0
Tanquinho,Tanquinho,2020-11-11,367,2,6,0
Tanquinho,Tanquinho,2020-11-12,367,0,6,0
Tanquinho,Tanquinho,2020-11-13,368,1,6,0
Tanquinho,Tanquinho,2020-11-14,370,2,6,0
Tanquinho,Tanquinho,2020-11-15,370,0,6,0
Tanquinho,Tanquinho,2020-11-16,370,0,6,0
Tanquinho,Tanquinho,2020-11-17,370,0,6,0
Tanquinho,Tanquinho,2020-11-18,370,0,6,0
Tanquinho,Tanquinho,2020-11-19,370,0,6,0
Tanquinho,Tanquinho,2020-11-20,370,0,6,0
Tanquinho,Tanquinho,2020-11-21,370,0,7,1
Tanquinho,Tanquinho,2020-11-22,370,0,7,0
Tanquinho,Tanquinho,2020-11-23,370,0,7,0
Tanquinho,Tanquinho,2020-11-24,370,0,7,0
Tanquinho,Tanquinho,2020-11-25,378,8,7,0
Tanquinho,Tanquinho,2020-11-26,378,0,7,0
Tanquinho,Tanquinho,2020-11-27,378,0,7,0
Tanquinho,Tanquinho,2020-11-28,378,0,7,0
Tanquinho,Tanquinho,2020-11-29,378,0,7,0
Tanquinho,Tanquinho,2020-11-30,379,1,7,0
Tanquinho,Tanquinho,2020-12-01,382,3,7,0
Tanquinho,Tanquinho,2020-12-02,383,1,7,0
Tanquinho,Tanquinho,2020-12-03,383,0,7,0
Tanquinho,Tanquinho,2020-12-04,385,2,7,0
Tanquinho,Tanquinho,2020-12-05,385,0,7,0
Tanquinho,Tanquinho,2020-12-06,389,4,7,0
Tanquinho,Tanquinho,2020-12-07,389,0,7,0
Tanquinho,Tanquinho,2020-12-08,395,6,7,0
Tanquinho,Tanquinho,2020-12-09,395,0,7,0
Tanquinho,Tanquinho,2020-12-10,398,3,7,0
Tanquinho,Tanquinho,2020-12-11,402,4,7,0
Tanquinho,Tanquinho,2020-12-12,402,0,7,0
Tanquinho,Tanquinho,2020-12-13,402,0,7,0
Tanquinho,Tanquinho,2020-12-14,413,11,7,0
Tanquinho,Tanquinho,2020-12-15,419,6,7,0
Tanquinho,Tanquinho,2020-12-16,419,0,7,0
Tanquinho,Tanquinho,2020-12-17,421,2,7,0
Tanquinho,Tanquinho,2020-12-18,422,1,7,0
Tanquinho,Tanquinho,2020-12-19,424,2,7,0
Tanquinho,Tanquinho,2020-12-20,424,0,7,0
Tanquinho,Tanquinho,2020-12-21,424,0,7,0
Tanquinho,Tanquinho,2020-12-22,424,0,7,0
Tanquinho,Tanquinho,2020-12-23,429,5,7,0
Tanquinho,Tanquinho,2020-12-24,434,5,7,0
Tanquinho,Tanquinho,2020-12-25,434,0,7,0
Tanquinho,Tanquinho,2020-12-26,434,0,7,0
Tanquinho,Tanquinho,2020-12-27,435,1,7,0
Tanquinho,Tanquinho,2020-12-28,435,0,7,0
Tanquinho,Tanquinho,2020-12-29,438,3,7,0
Tanquinho,Tanquinho,2020-12-30,438,0,7,0
Tanquinho,Tanquinho,2020-12-31,438,0,7,0
Tanquinho,Tanquinho,2021-01-01,443,5,7,0
Tanquinho,Tanquinho,2021-01-02,443,0,7,0
Tanquinho,Tanquinho,2021-01-03,443,0,7,0
Tanquinho,Tanquinho,2021-01-04,443,0,7,0
Tanquinho,Tanquinho,2021-01-05,443,0,7,0
Tanquinho,Tanquinho,2021-01-06,443,0,7,0
Tanquinho,Tanquinho,2021-01-07,443,0,7,0
Tanquinho,Tanquinho,2021-01-08,443,0,7,0
Tanquinho,Tanquinho,2021-01-09,443,0,7,0
Tanquinho,Tanquinho,2021-01-10,443,0,7,0
Tanquinho,Tanquinho,2021-01-11,443,0,7,0
Tanquinho,Tanquinho,2021-01-12,443,0,7,0
Tanquinho,Tanquinho,2021-01-13,443,0,7,0
Tanquinho,Tanquinho,2021-01-14,444,1,7,0
Tanquinho,Tanquinho,2021-01-15,450,6,7,0
Tanquinho,Tanquinho,2021-01-16,456,6,7,0
Tanquinho,Tanquinho,2021-01-17,463,7,7,0
Tanquinho,Tanquinho,2021-01-18,473,10,7,0
Tanquinho,Tanquinho,2021-01-19,476,3,7,0
Tanquinho,Tanquinho,2021-01-20,477,1,7,0
Tanquinho,Tanquinho,2021-01-21,486,9,7,0
Tanquinho,Tanquinho,2021-01-22,488,2,7,0
Tanquinho,Tanquinho,2021-01-23,488,0,7,0
Tanquinho,Tanquinho,2021-01-24,488,0,7,0
Tanquinho,Tanquinho,2021-01-25,489,1,7,0
Tanquinho,Tanquinho,2021-01-26,495,6,7,0
Tanquinho,Tanquinho,2021-01-27,495,0,7,0
Tanquinho,Tanquinho,2021-01-28,495,0,7,0
Tanquinho,Tanquinho,2021-01-29,497,2,7,0
Tanquinho,Tanquinho,2021-01-30,497,0,7,0
Tanquinho,Tanquinho,2021-01-31,497,0,7,0
Tanquinho,Tanquinho,2021-02-01,497,0,7,0
Tanquinho,Tanquinho,2021-02-02,497,0,7,0
Tanquinho,Tanquinho,2021-02-03,497,0,7,0
Tanquinho,Tanquinho,2021-02-04,498,1,7,0
Tanquinho,Tanquinho,2021-02-05,498,0,7,0
Tanquinho,Tanquinho,2021-02-06,498,0,7,0
Tanquinho,Tanquinho,2021-02-07,499,1,7,0
Tanquinho,Tanquinho,2021-02-08,499,0,7,0
