city,city,date,cases,daily cases,deaths,daily deaths
Tapurah,Tapurah,2020-03-27,0,0,0,0
Tapurah,Tapurah,2020-03-28,0,0,0,0
Tapurah,Tapurah,2020-03-29,0,0,0,0
Tapurah,Tapurah,2020-03-30,0,0,0,0
Tapurah,Tapurah,2020-03-31,0,0,0,0
Tapurah,Tapurah,2020-04-01,0,0,0,0
Tapurah,Tapurah,2020-04-02,0,0,0,0
Tapurah,Tapurah,2020-04-03,0,0,0,0
Tapurah,Tapurah,2020-04-04,0,0,0,0
Tapurah,Tapurah,2020-04-05,0,0,0,0
Tapurah,Tapurah,2020-04-06,0,0,0,0
Tapurah,Tapurah,2020-04-07,0,0,0,0
Tapurah,Tapurah,2020-04-08,0,0,0,0
Tapurah,Tapurah,2020-04-09,0,0,0,0
Tapurah,Tapurah,2020-04-10,0,0,0,0
Tapurah,Tapurah,2020-04-11,0,0,0,0
Tapurah,Tapurah,2020-04-12,0,0,0,0
Tapurah,Tapurah,2020-04-13,0,0,0,0
Tapurah,Tapurah,2020-04-14,0,0,0,0
Tapurah,Tapurah,2020-04-15,0,0,0,0
Tapurah,Tapurah,2020-04-16,0,0,0,0
Tapurah,Tapurah,2020-04-17,0,0,0,0
Tapurah,Tapurah,2020-04-18,0,0,0,0
Tapurah,Tapurah,2020-04-19,0,0,0,0
Tapurah,Tapurah,2020-04-20,0,0,0,0
Tapurah,Tapurah,2020-04-21,0,0,0,0
Tapurah,Tapurah,2020-04-22,0,0,0,0
Tapurah,Tapurah,2020-04-23,0,0,0,0
Tapurah,Tapurah,2020-04-24,0,0,0,0
Tapurah,Tapurah,2020-04-25,0,0,0,0
Tapurah,Tapurah,2020-04-26,0,0,0,0
Tapurah,Tapurah,2020-04-27,0,0,0,0
Tapurah,Tapurah,2020-04-28,0,0,0,0
Tapurah,Tapurah,2020-04-29,0,0,0,0
Tapurah,Tapurah,2020-04-30,0,0,0,0
Tapurah,Tapurah,2020-05-01,0,0,0,0
Tapurah,Tapurah,2020-05-02,0,0,0,0
Tapurah,Tapurah,2020-05-03,0,0,0,0
Tapurah,Tapurah,2020-05-04,0,0,0,0
Tapurah,Tapurah,2020-05-05,0,0,0,0
Tapurah,Tapurah,2020-05-06,0,0,0,0
Tapurah,Tapurah,2020-05-07,0,0,0,0
Tapurah,Tapurah,2020-05-08,0,0,0,0
Tapurah,Tapurah,2020-05-09,0,0,0,0
Tapurah,Tapurah,2020-05-10,0,0,0,0
Tapurah,Tapurah,2020-05-11,3,3,0,0
Tapurah,Tapurah,2020-05-12,3,0,0,0
Tapurah,Tapurah,2020-05-13,3,0,0,0
Tapurah,Tapurah,2020-05-14,7,4,0,0
Tapurah,Tapurah,2020-05-15,7,0,0,0
Tapurah,Tapurah,2020-05-16,7,0,0,0
Tapurah,Tapurah,2020-05-17,7,0,0,0
Tapurah,Tapurah,2020-05-18,9,2,0,0
Tapurah,Tapurah,2020-05-19,9,0,0,0
Tapurah,Tapurah,2020-05-20,9,0,0,0
Tapurah,Tapurah,2020-05-21,9,0,0,0
Tapurah,Tapurah,2020-05-22,9,0,0,0
Tapurah,Tapurah,2020-05-23,9,0,0,0
Tapurah,Tapurah,2020-05-24,9,0,0,0
Tapurah,Tapurah,2020-05-25,9,0,0,0
Tapurah,Tapurah,2020-05-26,10,1,0,0
Tapurah,Tapurah,2020-05-27,11,1,0,0
Tapurah,Tapurah,2020-05-28,11,0,0,0
Tapurah,Tapurah,2020-05-29,11,0,0,0
Tapurah,Tapurah,2020-05-30,12,1,0,0
Tapurah,Tapurah,2020-05-31,12,0,0,0
Tapurah,Tapurah,2020-06-01,15,3,0,0
Tapurah,Tapurah,2020-06-02,16,1,0,0
Tapurah,Tapurah,2020-06-03,16,0,0,0
Tapurah,Tapurah,2020-06-04,30,14,0,0
Tapurah,Tapurah,2020-06-05,31,1,0,0
Tapurah,Tapurah,2020-06-06,31,0,0,0
Tapurah,Tapurah,2020-06-07,31,0,0,0
Tapurah,Tapurah,2020-06-08,36,5,0,0
Tapurah,Tapurah,2020-06-09,36,0,0,0
Tapurah,Tapurah,2020-06-10,39,3,0,0
Tapurah,Tapurah,2020-06-11,39,0,0,0
Tapurah,Tapurah,2020-06-12,39,0,0,0
Tapurah,Tapurah,2020-06-13,43,4,0,0
Tapurah,Tapurah,2020-06-14,43,0,0,0
Tapurah,Tapurah,2020-06-15,44,1,0,0
Tapurah,Tapurah,2020-06-16,44,0,0,0
Tapurah,Tapurah,2020-06-17,46,2,0,0
Tapurah,Tapurah,2020-06-18,56,10,0,0
Tapurah,Tapurah,2020-06-19,56,0,0,0
Tapurah,Tapurah,2020-06-20,70,14,0,0
Tapurah,Tapurah,2020-06-21,70,0,0,0
Tapurah,Tapurah,2020-06-22,70,0,0,0
Tapurah,Tapurah,2020-06-23,73,3,0,0
Tapurah,Tapurah,2020-06-24,73,0,0,0
Tapurah,Tapurah,2020-06-25,84,11,0,0
Tapurah,Tapurah,2020-06-26,84,0,0,0
Tapurah,Tapurah,2020-06-27,85,1,0,0
Tapurah,Tapurah,2020-06-28,85,0,0,0
Tapurah,Tapurah,2020-06-29,85,0,0,0
Tapurah,Tapurah,2020-06-30,87,2,0,0
Tapurah,Tapurah,2020-07-01,93,6,0,0
Tapurah,Tapurah,2020-07-02,98,5,0,0
Tapurah,Tapurah,2020-07-03,100,2,0,0
Tapurah,Tapurah,2020-07-04,106,6,0,0
Tapurah,Tapurah,2020-07-05,108,2,10,10
Tapurah,Tapurah,2020-07-06,108,0,0,-10
Tapurah,Tapurah,2020-07-07,116,8,0,0
Tapurah,Tapurah,2020-07-08,125,9,0,0
Tapurah,Tapurah,2020-07-09,143,18,0,0
Tapurah,Tapurah,2020-07-10,162,19,0,0
Tapurah,Tapurah,2020-07-11,169,7,0,0
Tapurah,Tapurah,2020-07-12,175,6,0,0
Tapurah,Tapurah,2020-07-13,175,0,0,0
Tapurah,Tapurah,2020-07-14,175,0,0,0
Tapurah,Tapurah,2020-07-15,193,18,0,0
Tapurah,Tapurah,2020-07-16,204,11,0,0
Tapurah,Tapurah,2020-07-17,205,1,0,0
Tapurah,Tapurah,2020-07-18,199,-6,0,0
Tapurah,Tapurah,2020-07-19,209,10,2,2
Tapurah,Tapurah,2020-07-20,210,1,2,0
Tapurah,Tapurah,2020-07-21,223,13,2,0
Tapurah,Tapurah,2020-07-22,224,1,2,0
Tapurah,Tapurah,2020-07-23,225,1,2,0
Tapurah,Tapurah,2020-07-24,238,13,2,0
Tapurah,Tapurah,2020-07-25,245,7,2,0
Tapurah,Tapurah,2020-07-26,245,0,2,0
Tapurah,Tapurah,2020-07-27,248,3,2,0
Tapurah,Tapurah,2020-07-28,253,5,2,0
Tapurah,Tapurah,2020-07-29,271,18,2,0
Tapurah,Tapurah,2020-07-30,294,23,4,2
Tapurah,Tapurah,2020-07-31,298,4,5,1
Tapurah,Tapurah,2020-08-01,299,1,5,0
Tapurah,Tapurah,2020-08-02,299,0,5,0
Tapurah,Tapurah,2020-08-03,310,11,5,0
Tapurah,Tapurah,2020-08-04,313,3,5,0
Tapurah,Tapurah,2020-08-05,330,17,5,0
Tapurah,Tapurah,2020-08-06,356,26,5,0
Tapurah,Tapurah,2020-08-07,401,45,6,1
Tapurah,Tapurah,2020-08-08,371,-30,6,0
Tapurah,Tapurah,2020-08-09,372,1,7,1
Tapurah,Tapurah,2020-08-10,376,4,7,0
Tapurah,Tapurah,2020-08-11,397,21,7,0
Tapurah,Tapurah,2020-08-12,406,9,8,1
Tapurah,Tapurah,2020-08-13,406,0,9,1
Tapurah,Tapurah,2020-08-14,410,4,9,0
Tapurah,Tapurah,2020-08-15,411,1,9,0
Tapurah,Tapurah,2020-08-16,411,0,9,0
Tapurah,Tapurah,2020-08-17,424,13,9,0
Tapurah,Tapurah,2020-08-18,435,11,9,0
Tapurah,Tapurah,2020-08-19,447,12,9,0
Tapurah,Tapurah,2020-08-20,448,1,9,0
Tapurah,Tapurah,2020-08-21,459,11,9,0
Tapurah,Tapurah,2020-08-22,467,8,9,0
Tapurah,Tapurah,2020-08-23,467,0,9,0
Tapurah,Tapurah,2020-08-24,470,3,9,0
Tapurah,Tapurah,2020-08-25,479,9,9,0
Tapurah,Tapurah,2020-08-26,489,10,9,0
Tapurah,Tapurah,2020-08-27,491,2,9,0
Tapurah,Tapurah,2020-08-28,499,8,9,0
Tapurah,Tapurah,2020-08-29,504,5,9,0
Tapurah,Tapurah,2020-08-30,504,0,9,0
Tapurah,Tapurah,2020-08-31,511,7,9,0
Tapurah,Tapurah,2020-09-01,519,8,9,0
Tapurah,Tapurah,2020-09-02,521,2,9,0
Tapurah,Tapurah,2020-09-03,523,2,9,0
Tapurah,Tapurah,2020-09-04,535,12,9,0
Tapurah,Tapurah,2020-09-05,535,0,9,0
Tapurah,Tapurah,2020-09-06,535,0,9,0
Tapurah,Tapurah,2020-09-07,535,0,9,0
Tapurah,Tapurah,2020-09-08,547,12,9,0
Tapurah,Tapurah,2020-09-09,556,9,9,0
Tapurah,Tapurah,2020-09-10,571,15,9,0
Tapurah,Tapurah,2020-09-11,585,14,9,0
Tapurah,Tapurah,2020-09-12,586,1,9,0
Tapurah,Tapurah,2020-09-13,586,0,9,0
Tapurah,Tapurah,2020-09-14,603,17,9,0
Tapurah,Tapurah,2020-09-15,611,8,9,0
Tapurah,Tapurah,2020-09-16,624,13,9,0
Tapurah,Tapurah,2020-09-17,629,5,10,1
Tapurah,Tapurah,2020-09-18,629,0,10,0
Tapurah,Tapurah,2020-09-19,629,0,10,0
Tapurah,Tapurah,2020-09-20,629,0,10,0
Tapurah,Tapurah,2020-09-21,629,0,10,0
Tapurah,Tapurah,2020-09-22,629,0,10,0
Tapurah,Tapurah,2020-09-23,643,14,10,0
Tapurah,Tapurah,2020-09-24,659,16,10,0
Tapurah,Tapurah,2020-09-25,660,1,10,0
Tapurah,Tapurah,2020-09-26,662,2,10,0
Tapurah,Tapurah,2020-09-27,662,0,10,0
Tapurah,Tapurah,2020-09-28,667,5,10,0
Tapurah,Tapurah,2020-09-29,672,5,10,0
Tapurah,Tapurah,2020-09-30,676,4,10,0
Tapurah,Tapurah,2020-10-01,680,4,10,0
Tapurah,Tapurah,2020-10-02,680,0,10,0
Tapurah,Tapurah,2020-10-03,684,4,10,0
Tapurah,Tapurah,2020-10-04,684,0,10,0
Tapurah,Tapurah,2020-10-05,685,1,10,0
Tapurah,Tapurah,2020-10-06,690,5,10,0
Tapurah,Tapurah,2020-10-07,691,1,10,0
Tapurah,Tapurah,2020-10-08,691,0,10,0
Tapurah,Tapurah,2020-10-09,692,1,10,0
Tapurah,Tapurah,2020-10-10,693,1,10,0
Tapurah,Tapurah,2020-10-11,693,0,10,0
Tapurah,Tapurah,2020-10-12,693,0,10,0
Tapurah,Tapurah,2020-10-13,693,0,10,0
Tapurah,Tapurah,2020-10-14,696,3,10,0
Tapurah,Tapurah,2020-10-15,696,0,10,0
Tapurah,Tapurah,2020-10-16,697,1,10,0
Tapurah,Tapurah,2020-10-17,697,0,10,0
Tapurah,Tapurah,2020-10-18,697,0,10,0
Tapurah,Tapurah,2020-10-19,698,1,10,0
Tapurah,Tapurah,2020-10-20,700,2,10,0
Tapurah,Tapurah,2020-10-21,700,0,10,0
Tapurah,Tapurah,2020-10-22,701,1,10,0
Tapurah,Tapurah,2020-10-23,701,0,10,0
Tapurah,Tapurah,2020-10-24,702,1,10,0
Tapurah,Tapurah,2020-10-25,702,0,10,0
Tapurah,Tapurah,2020-10-26,702,0,10,0
Tapurah,Tapurah,2020-10-27,702,0,10,0
Tapurah,Tapurah,2020-10-28,704,2,10,0
Tapurah,Tapurah,2020-10-29,707,3,10,0
Tapurah,Tapurah,2020-10-30,710,3,10,0
Tapurah,Tapurah,2020-10-31,710,0,10,0
Tapurah,Tapurah,2020-11-01,710,0,10,0
Tapurah,Tapurah,2020-11-02,710,0,10,0
Tapurah,Tapurah,2020-11-03,711,1,10,0
Tapurah,Tapurah,2020-11-04,711,0,10,0
Tapurah,Tapurah,2020-11-05,713,2,10,0
Tapurah,Tapurah,2020-11-06,713,0,10,0
Tapurah,Tapurah,2020-11-07,713,0,10,0
Tapurah,Tapurah,2020-11-08,713,0,10,0
Tapurah,Tapurah,2020-11-09,716,3,10,0
Tapurah,Tapurah,2020-11-10,716,0,10,0
Tapurah,Tapurah,2020-11-11,718,2,10,0
Tapurah,Tapurah,2020-11-12,724,6,10,0
Tapurah,Tapurah,2020-11-13,727,3,10,0
Tapurah,Tapurah,2020-11-14,727,0,10,0
Tapurah,Tapurah,2020-11-15,727,0,10,0
Tapurah,Tapurah,2020-11-16,735,8,10,0
Tapurah,Tapurah,2020-11-17,736,1,10,0
Tapurah,Tapurah,2020-11-18,740,4,10,0
Tapurah,Tapurah,2020-11-19,741,1,10,0
Tapurah,Tapurah,2020-11-20,743,2,10,0
Tapurah,Tapurah,2020-11-21,743,0,10,0
Tapurah,Tapurah,2020-11-22,743,0,10,0
Tapurah,Tapurah,2020-11-23,743,0,10,0
Tapurah,Tapurah,2020-11-24,745,2,10,0
Tapurah,Tapurah,2020-11-25,747,2,10,0
Tapurah,Tapurah,2020-11-26,747,0,10,0
Tapurah,Tapurah,2020-11-27,748,1,10,0
Tapurah,Tapurah,2020-11-28,748,0,10,0
Tapurah,Tapurah,2020-11-29,748,0,10,0
Tapurah,Tapurah,2020-11-30,749,1,10,0
Tapurah,Tapurah,2020-12-01,749,0,10,0
Tapurah,Tapurah,2020-12-02,749,0,10,0
Tapurah,Tapurah,2020-12-03,767,18,10,0
Tapurah,Tapurah,2020-12-04,794,27,10,0
Tapurah,Tapurah,2020-12-05,819,25,10,0
Tapurah,Tapurah,2020-12-06,819,0,10,0
Tapurah,Tapurah,2020-12-07,824,5,10,0
Tapurah,Tapurah,2020-12-08,826,2,10,0
Tapurah,Tapurah,2020-12-09,863,37,10,0
Tapurah,Tapurah,2020-12-10,871,8,10,0
Tapurah,Tapurah,2020-12-11,895,24,10,0
Tapurah,Tapurah,2020-12-12,896,1,10,0
Tapurah,Tapurah,2020-12-13,896,0,10,0
Tapurah,Tapurah,2020-12-14,900,4,10,0
Tapurah,Tapurah,2020-12-15,918,18,10,0
Tapurah,Tapurah,2020-12-16,930,12,10,0
Tapurah,Tapurah,2020-12-17,936,6,10,0
Tapurah,Tapurah,2020-12-18,955,19,10,0
Tapurah,Tapurah,2020-12-19,963,8,10,0
Tapurah,Tapurah,2020-12-20,963,0,10,0
Tapurah,Tapurah,2020-12-21,975,12,10,0
Tapurah,Tapurah,2020-12-22,978,3,10,0
Tapurah,Tapurah,2020-12-23,995,17,10,0
Tapurah,Tapurah,2020-12-24,996,1,10,0
Tapurah,Tapurah,2020-12-25,996,0,10,0
Tapurah,Tapurah,2020-12-26,996,0,10,0
Tapurah,Tapurah,2020-12-27,996,0,10,0
Tapurah,Tapurah,2020-12-28,996,0,10,0
Tapurah,Tapurah,2020-12-29,996,0,10,0
Tapurah,Tapurah,2020-12-30,996,0,10,0
Tapurah,Tapurah,2020-12-31,996,0,10,0
Tapurah,Tapurah,2021-01-01,996,0,10,0
Tapurah,Tapurah,2021-01-02,997,1,11,1
Tapurah,Tapurah,2021-01-03,998,1,12,1
Tapurah,Tapurah,2021-01-04,999,1,12,0
Tapurah,Tapurah,2021-01-05,1009,10,12,0
Tapurah,Tapurah,2021-01-06,1018,9,12,0
Tapurah,Tapurah,2021-01-07,1036,18,12,0
Tapurah,Tapurah,2021-01-08,1039,3,13,1
Tapurah,Tapurah,2021-01-09,1039,0,13,0
Tapurah,Tapurah,2021-01-10,1039,0,13,0
Tapurah,Tapurah,2021-01-11,1039,0,13,0
Tapurah,Tapurah,2021-01-12,1046,7,13,0
Tapurah,Tapurah,2021-01-13,1054,8,13,0
Tapurah,Tapurah,2021-01-14,1077,23,14,1
Tapurah,Tapurah,2021-01-15,1088,11,14,0
Tapurah,Tapurah,2021-01-16,1091,3,14,0
Tapurah,Tapurah,2021-01-17,1092,1,14,0
Tapurah,Tapurah,2021-01-18,1093,1,15,1
Tapurah,Tapurah,2021-01-19,1105,12,15,0
Tapurah,Tapurah,2021-01-20,1114,9,15,0
Tapurah,Tapurah,2021-01-21,1130,16,15,0
Tapurah,Tapurah,2021-01-22,1135,5,15,0
Tapurah,Tapurah,2021-01-23,1135,0,15,0
Tapurah,Tapurah,2021-01-24,1135,0,15,0
Tapurah,Tapurah,2021-01-25,1145,10,15,0
Tapurah,Tapurah,2021-01-26,1145,0,15,0
Tapurah,Tapurah,2021-01-27,1145,0,15,0
Tapurah,Tapurah,2021-01-28,1150,5,15,0
Tapurah,Tapurah,2021-01-29,1155,5,15,0
Tapurah,Tapurah,2021-01-30,1156,1,15,0
Tapurah,Tapurah,2021-01-31,1156,0,15,0
Tapurah,Tapurah,2021-02-01,1156,0,15,0
Tapurah,Tapurah,2021-02-02,1166,10,15,0
Tapurah,Tapurah,2021-02-03,1167,1,15,0
Tapurah,Tapurah,2021-02-04,1172,5,15,0
Tapurah,Tapurah,2021-02-05,1172,0,15,0
Tapurah,Tapurah,2021-02-06,1172,0,15,0
Tapurah,Tapurah,2021-02-07,1172,0,15,0
Tapurah,Tapurah,2021-02-08,1181,9,15,0
