city,city,date,cases,daily cases,deaths,daily deaths
Tejuçuoca,Tejuçuoca,2020-03-27,0,0,0,0
Tejuçuoca,Tejuçuoca,2020-03-28,0,0,0,0
Tejuçuoca,Tejuçuoca,2020-03-29,0,0,0,0
Tejuçuoca,Tejuçuoca,2020-03-30,0,0,0,0
Tejuçuoca,Tejuçuoca,2020-03-31,0,0,0,0
Tejuçuoca,Tejuçuoca,2020-04-01,0,0,0,0
Tejuçuoca,Tejuçuoca,2020-04-02,0,0,0,0
Tejuçuoca,Tejuçuoca,2020-04-03,0,0,0,0
Tejuçuoca,Tejuçuoca,2020-04-04,0,0,0,0
Tejuçuoca,Tejuçuoca,2020-04-05,0,0,0,0
Tejuçuoca,Tejuçuoca,2020-04-06,0,0,0,0
Tejuçuoca,Tejuçuoca,2020-04-07,0,0,0,0
Tejuçuoca,Tejuçuoca,2020-04-08,0,0,0,0
Tejuçuoca,Tejuçuoca,2020-04-09,0,0,0,0
Tejuçuoca,Tejuçuoca,2020-04-10,0,0,0,0
Tejuçuoca,Tejuçuoca,2020-04-11,0,0,0,0
Tejuçuoca,Tejuçuoca,2020-04-12,0,0,0,0
Tejuçuoca,Tejuçuoca,2020-04-13,0,0,0,0
Tejuçuoca,Tejuçuoca,2020-04-14,0,0,0,0
Tejuçuoca,Tejuçuoca,2020-04-15,0,0,0,0
Tejuçuoca,Tejuçuoca,2020-04-16,0,0,0,0
Tejuçuoca,Tejuçuoca,2020-04-17,0,0,0,0
Tejuçuoca,Tejuçuoca,2020-04-18,0,0,0,0
Tejuçuoca,Tejuçuoca,2020-04-19,0,0,0,0
Tejuçuoca,Tejuçuoca,2020-04-20,0,0,0,0
Tejuçuoca,Tejuçuoca,2020-04-21,0,0,0,0
Tejuçuoca,Tejuçuoca,2020-04-22,0,0,0,0
Tejuçuoca,Tejuçuoca,2020-04-23,0,0,0,0
Tejuçuoca,Tejuçuoca,2020-04-24,0,0,0,0
Tejuçuoca,Tejuçuoca,2020-04-25,0,0,0,0
Tejuçuoca,Tejuçuoca,2020-04-26,0,0,0,0
Tejuçuoca,Tejuçuoca,2020-04-27,0,0,0,0
Tejuçuoca,Tejuçuoca,2020-04-28,0,0,0,0
Tejuçuoca,Tejuçuoca,2020-04-29,0,0,0,0
Tejuçuoca,Tejuçuoca,2020-04-30,0,0,0,0
Tejuçuoca,Tejuçuoca,2020-05-01,0,0,0,0
Tejuçuoca,Tejuçuoca,2020-05-02,0,0,0,0
Tejuçuoca,Tejuçuoca,2020-05-03,0,0,0,0
Tejuçuoca,Tejuçuoca,2020-05-04,1,1,0,0
Tejuçuoca,Tejuçuoca,2020-05-05,1,0,0,0
Tejuçuoca,Tejuçuoca,2020-05-06,3,2,0,0
Tejuçuoca,Tejuçuoca,2020-05-07,15,12,0,0
Tejuçuoca,Tejuçuoca,2020-05-08,15,0,0,0
Tejuçuoca,Tejuçuoca,2020-05-09,15,0,0,0
Tejuçuoca,Tejuçuoca,2020-05-10,15,0,0,0
Tejuçuoca,Tejuçuoca,2020-05-11,13,-2,0,0
Tejuçuoca,Tejuçuoca,2020-05-12,20,7,0,0
Tejuçuoca,Tejuçuoca,2020-05-13,20,0,0,0
Tejuçuoca,Tejuçuoca,2020-05-14,28,8,0,0
Tejuçuoca,Tejuçuoca,2020-05-15,31,3,0,0
Tejuçuoca,Tejuçuoca,2020-05-16,31,0,0,0
Tejuçuoca,Tejuçuoca,2020-05-17,31,0,0,0
Tejuçuoca,Tejuçuoca,2020-05-18,31,0,1,1
Tejuçuoca,Tejuçuoca,2020-05-19,40,9,1,0
Tejuçuoca,Tejuçuoca,2020-05-20,50,10,1,0
Tejuçuoca,Tejuçuoca,2020-05-21,49,-1,2,1
Tejuçuoca,Tejuçuoca,2020-05-22,59,10,2,0
Tejuçuoca,Tejuçuoca,2020-05-23,60,1,2,0
Tejuçuoca,Tejuçuoca,2020-05-24,60,0,2,0
Tejuçuoca,Tejuçuoca,2020-05-25,64,4,2,0
Tejuçuoca,Tejuçuoca,2020-05-26,65,1,2,0
Tejuçuoca,Tejuçuoca,2020-05-27,65,0,2,0
Tejuçuoca,Tejuçuoca,2020-05-28,68,3,2,0
Tejuçuoca,Tejuçuoca,2020-05-29,67,-1,2,0
Tejuçuoca,Tejuçuoca,2020-05-30,95,28,2,0
Tejuçuoca,Tejuçuoca,2020-05-31,95,0,2,0
Tejuçuoca,Tejuçuoca,2020-06-01,103,8,2,0
Tejuçuoca,Tejuçuoca,2020-06-02,108,5,2,0
Tejuçuoca,Tejuçuoca,2020-06-03,113,5,2,0
Tejuçuoca,Tejuçuoca,2020-06-04,119,6,3,1
Tejuçuoca,Tejuçuoca,2020-06-05,122,3,3,0
Tejuçuoca,Tejuçuoca,2020-06-06,130,8,3,0
Tejuçuoca,Tejuçuoca,2020-06-07,130,0,3,0
Tejuçuoca,Tejuçuoca,2020-06-08,135,5,3,0
Tejuçuoca,Tejuçuoca,2020-06-09,139,4,3,0
Tejuçuoca,Tejuçuoca,2020-06-10,148,9,3,0
Tejuçuoca,Tejuçuoca,2020-06-11,156,8,6,3
Tejuçuoca,Tejuçuoca,2020-06-12,158,2,8,2
Tejuçuoca,Tejuçuoca,2020-06-13,160,2,8,0
Tejuçuoca,Tejuçuoca,2020-06-14,160,0,8,0
Tejuçuoca,Tejuçuoca,2020-06-15,184,24,8,0
Tejuçuoca,Tejuçuoca,2020-06-16,185,1,8,0
Tejuçuoca,Tejuçuoca,2020-06-17,192,7,8,0
Tejuçuoca,Tejuçuoca,2020-06-18,203,11,8,0
Tejuçuoca,Tejuçuoca,2020-06-19,203,0,8,0
Tejuçuoca,Tejuçuoca,2020-06-20,206,3,8,0
Tejuçuoca,Tejuçuoca,2020-06-21,207,1,8,0
Tejuçuoca,Tejuçuoca,2020-06-22,212,5,8,0
Tejuçuoca,Tejuçuoca,2020-06-23,250,38,9,1
Tejuçuoca,Tejuçuoca,2020-06-24,256,6,9,0
Tejuçuoca,Tejuçuoca,2020-06-25,268,12,9,0
Tejuçuoca,Tejuçuoca,2020-06-26,286,18,9,0
Tejuçuoca,Tejuçuoca,2020-06-27,293,7,9,0
Tejuçuoca,Tejuçuoca,2020-06-28,298,5,9,0
Tejuçuoca,Tejuçuoca,2020-06-29,298,0,9,0
Tejuçuoca,Tejuçuoca,2020-06-30,298,0,9,0
Tejuçuoca,Tejuçuoca,2020-07-01,299,1,9,0
Tejuçuoca,Tejuçuoca,2020-07-02,302,3,9,0
Tejuçuoca,Tejuçuoca,2020-07-03,312,10,9,0
Tejuçuoca,Tejuçuoca,2020-07-04,312,0,9,0
Tejuçuoca,Tejuçuoca,2020-07-05,313,1,9,0
Tejuçuoca,Tejuçuoca,2020-07-06,313,0,9,0
Tejuçuoca,Tejuçuoca,2020-07-07,317,4,9,0
Tejuçuoca,Tejuçuoca,2020-07-08,335,18,9,0
Tejuçuoca,Tejuçuoca,2020-07-09,350,15,9,0
Tejuçuoca,Tejuçuoca,2020-07-10,352,2,9,0
Tejuçuoca,Tejuçuoca,2020-07-11,353,1,9,0
Tejuçuoca,Tejuçuoca,2020-07-12,353,0,9,0
Tejuçuoca,Tejuçuoca,2020-07-13,353,0,9,0
Tejuçuoca,Tejuçuoca,2020-07-14,357,4,9,0
Tejuçuoca,Tejuçuoca,2020-07-15,371,14,9,0
Tejuçuoca,Tejuçuoca,2020-07-16,373,2,9,0
Tejuçuoca,Tejuçuoca,2020-07-17,373,0,9,0
Tejuçuoca,Tejuçuoca,2020-07-18,373,0,9,0
Tejuçuoca,Tejuçuoca,2020-07-19,373,0,9,0
Tejuçuoca,Tejuçuoca,2020-07-20,373,0,9,0
Tejuçuoca,Tejuçuoca,2020-07-21,373,0,9,0
Tejuçuoca,Tejuçuoca,2020-07-22,376,3,9,0
Tejuçuoca,Tejuçuoca,2020-07-23,382,6,9,0
Tejuçuoca,Tejuçuoca,2020-07-24,383,1,9,0
Tejuçuoca,Tejuçuoca,2020-07-25,384,1,9,0
Tejuçuoca,Tejuçuoca,2020-07-26,385,1,9,0
Tejuçuoca,Tejuçuoca,2020-07-27,385,0,9,0
Tejuçuoca,Tejuçuoca,2020-07-28,394,9,9,0
Tejuçuoca,Tejuçuoca,2020-07-29,394,0,10,1
Tejuçuoca,Tejuçuoca,2020-07-30,395,1,10,0
Tejuçuoca,Tejuçuoca,2020-07-31,399,4,10,0
Tejuçuoca,Tejuçuoca,2020-08-01,398,-1,10,0
Tejuçuoca,Tejuçuoca,2020-08-02,398,0,10,0
Tejuçuoca,Tejuçuoca,2020-08-03,398,0,11,1
Tejuçuoca,Tejuçuoca,2020-08-04,403,5,12,1
Tejuçuoca,Tejuçuoca,2020-08-05,403,0,11,-1
Tejuçuoca,Tejuçuoca,2020-08-06,405,2,11,0
Tejuçuoca,Tejuçuoca,2020-08-07,406,1,11,0
Tejuçuoca,Tejuçuoca,2020-08-08,407,1,11,0
Tejuçuoca,Tejuçuoca,2020-08-09,407,0,11,0
Tejuçuoca,Tejuçuoca,2020-08-10,407,0,11,0
Tejuçuoca,Tejuçuoca,2020-08-11,408,1,11,0
Tejuçuoca,Tejuçuoca,2020-08-12,414,6,11,0
Tejuçuoca,Tejuçuoca,2020-08-13,415,1,11,0
Tejuçuoca,Tejuçuoca,2020-08-14,415,0,11,0
Tejuçuoca,Tejuçuoca,2020-08-15,415,0,11,0
Tejuçuoca,Tejuçuoca,2020-08-16,415,0,11,0
Tejuçuoca,Tejuçuoca,2020-08-17,415,0,11,0
Tejuçuoca,Tejuçuoca,2020-08-18,415,0,11,0
Tejuçuoca,Tejuçuoca,2020-08-19,415,0,11,0
Tejuçuoca,Tejuçuoca,2020-08-20,417,2,11,0
Tejuçuoca,Tejuçuoca,2020-08-21,418,1,11,0
Tejuçuoca,Tejuçuoca,2020-08-22,422,4,11,0
Tejuçuoca,Tejuçuoca,2020-08-23,422,0,11,0
Tejuçuoca,Tejuçuoca,2020-08-24,422,0,11,0
Tejuçuoca,Tejuçuoca,2020-08-25,425,3,11,0
Tejuçuoca,Tejuçuoca,2020-08-26,425,0,11,0
Tejuçuoca,Tejuçuoca,2020-08-27,426,1,11,0
Tejuçuoca,Tejuçuoca,2020-08-28,440,14,11,0
Tejuçuoca,Tejuçuoca,2020-08-29,440,0,11,0
Tejuçuoca,Tejuçuoca,2020-08-30,440,0,11,0
Tejuçuoca,Tejuçuoca,2020-08-31,440,0,11,0
Tejuçuoca,Tejuçuoca,2020-09-01,442,2,11,0
Tejuçuoca,Tejuçuoca,2020-09-02,447,5,12,1
Tejuçuoca,Tejuçuoca,2020-09-03,449,2,12,0
Tejuçuoca,Tejuçuoca,2020-09-04,455,6,12,0
Tejuçuoca,Tejuçuoca,2020-09-05,448,-7,12,0
Tejuçuoca,Tejuçuoca,2020-09-06,449,1,12,0
Tejuçuoca,Tejuçuoca,2020-09-07,449,0,12,0
Tejuçuoca,Tejuçuoca,2020-09-08,449,0,12,0
Tejuçuoca,Tejuçuoca,2020-09-09,469,20,11,-1
Tejuçuoca,Tejuçuoca,2020-09-10,486,17,11,0
Tejuçuoca,Tejuçuoca,2020-09-11,486,0,11,0
Tejuçuoca,Tejuçuoca,2020-09-12,486,0,11,0
Tejuçuoca,Tejuçuoca,2020-09-13,488,2,11,0
Tejuçuoca,Tejuçuoca,2020-09-14,487,-1,11,0
Tejuçuoca,Tejuçuoca,2020-09-15,490,3,11,0
Tejuçuoca,Tejuçuoca,2020-09-16,497,7,12,1
Tejuçuoca,Tejuçuoca,2020-09-17,503,6,12,0
Tejuçuoca,Tejuçuoca,2020-09-18,503,0,12,0
Tejuçuoca,Tejuçuoca,2020-09-19,503,0,12,0
Tejuçuoca,Tejuçuoca,2020-09-20,505,2,12,0
Tejuçuoca,Tejuçuoca,2020-09-21,505,0,12,0
Tejuçuoca,Tejuçuoca,2020-09-22,506,1,12,0
Tejuçuoca,Tejuçuoca,2020-09-23,505,-1,12,0
Tejuçuoca,Tejuçuoca,2020-09-24,505,0,12,0
Tejuçuoca,Tejuçuoca,2020-09-25,505,0,12,0
Tejuçuoca,Tejuçuoca,2020-09-26,509,4,12,0
Tejuçuoca,Tejuçuoca,2020-09-27,509,0,12,0
Tejuçuoca,Tejuçuoca,2020-09-28,509,0,12,0
Tejuçuoca,Tejuçuoca,2020-09-29,509,0,12,0
Tejuçuoca,Tejuçuoca,2020-09-30,509,0,12,0
Tejuçuoca,Tejuçuoca,2020-10-01,509,0,12,0
Tejuçuoca,Tejuçuoca,2020-10-02,510,1,12,0
Tejuçuoca,Tejuçuoca,2020-10-03,509,-1,12,0
Tejuçuoca,Tejuçuoca,2020-10-04,510,1,12,0
Tejuçuoca,Tejuçuoca,2020-10-05,509,-1,12,0
Tejuçuoca,Tejuçuoca,2020-10-06,516,7,12,0
Tejuçuoca,Tejuçuoca,2020-10-07,517,1,12,0
Tejuçuoca,Tejuçuoca,2020-10-08,519,2,12,0
Tejuçuoca,Tejuçuoca,2020-10-09,519,0,12,0
Tejuçuoca,Tejuçuoca,2020-10-10,519,0,12,0
Tejuçuoca,Tejuçuoca,2020-10-11,519,0,12,0
Tejuçuoca,Tejuçuoca,2020-10-12,519,0,12,0
Tejuçuoca,Tejuçuoca,2020-10-13,519,0,12,0
Tejuçuoca,Tejuçuoca,2020-10-14,521,2,13,1
Tejuçuoca,Tejuçuoca,2020-10-15,520,-1,13,0
Tejuçuoca,Tejuçuoca,2020-10-16,520,0,13,0
Tejuçuoca,Tejuçuoca,2020-10-17,520,0,13,0
Tejuçuoca,Tejuçuoca,2020-10-18,520,0,13,0
Tejuçuoca,Tejuçuoca,2020-10-19,520,0,13,0
Tejuçuoca,Tejuçuoca,2020-10-20,519,-1,13,0
Tejuçuoca,Tejuçuoca,2020-10-21,519,0,13,0
Tejuçuoca,Tejuçuoca,2020-10-22,519,0,13,0
Tejuçuoca,Tejuçuoca,2020-10-23,519,0,13,0
Tejuçuoca,Tejuçuoca,2020-10-24,519,0,13,0
Tejuçuoca,Tejuçuoca,2020-10-25,520,1,13,0
Tejuçuoca,Tejuçuoca,2020-10-26,520,0,13,0
Tejuçuoca,Tejuçuoca,2020-10-27,520,0,13,0
Tejuçuoca,Tejuçuoca,2020-10-28,521,1,13,0
Tejuçuoca,Tejuçuoca,2020-10-29,521,0,13,0
Tejuçuoca,Tejuçuoca,2020-10-30,521,0,13,0
Tejuçuoca,Tejuçuoca,2020-10-31,521,0,13,0
Tejuçuoca,Tejuçuoca,2020-11-01,521,0,13,0
Tejuçuoca,Tejuçuoca,2020-11-02,521,0,13,0
Tejuçuoca,Tejuçuoca,2020-11-03,521,0,13,0
Tejuçuoca,Tejuçuoca,2020-11-04,521,0,13,0
Tejuçuoca,Tejuçuoca,2020-11-05,521,0,13,0
Tejuçuoca,Tejuçuoca,2020-11-06,523,2,13,0
Tejuçuoca,Tejuçuoca,2020-11-07,523,0,13,0
Tejuçuoca,Tejuçuoca,2020-11-08,523,0,13,0
Tejuçuoca,Tejuçuoca,2020-11-09,523,0,13,0
Tejuçuoca,Tejuçuoca,2020-11-10,523,0,13,0
Tejuçuoca,Tejuçuoca,2020-11-11,525,2,13,0
Tejuçuoca,Tejuçuoca,2020-11-12,525,0,13,0
Tejuçuoca,Tejuçuoca,2020-11-13,525,0,13,0
Tejuçuoca,Tejuçuoca,2020-11-14,526,1,13,0
Tejuçuoca,Tejuçuoca,2020-11-15,526,0,13,0
Tejuçuoca,Tejuçuoca,2020-11-16,526,0,13,0
Tejuçuoca,Tejuçuoca,2020-11-17,526,0,13,0
Tejuçuoca,Tejuçuoca,2020-11-18,527,1,13,0
Tejuçuoca,Tejuçuoca,2020-11-19,527,0,13,0
Tejuçuoca,Tejuçuoca,2020-11-20,527,0,13,0
Tejuçuoca,Tejuçuoca,2020-11-21,527,0,13,0
Tejuçuoca,Tejuçuoca,2020-11-22,528,1,13,0
Tejuçuoca,Tejuçuoca,2020-11-23,529,1,13,0
Tejuçuoca,Tejuçuoca,2020-11-24,529,0,13,0
Tejuçuoca,Tejuçuoca,2020-11-25,535,6,13,0
Tejuçuoca,Tejuçuoca,2020-11-26,540,5,13,0
Tejuçuoca,Tejuçuoca,2020-11-27,539,-1,13,0
Tejuçuoca,Tejuçuoca,2020-11-28,545,6,13,0
Tejuçuoca,Tejuçuoca,2020-11-29,545,0,13,0
Tejuçuoca,Tejuçuoca,2020-11-30,545,0,13,0
Tejuçuoca,Tejuçuoca,2020-12-01,545,0,13,0
Tejuçuoca,Tejuçuoca,2020-12-02,545,0,13,0
Tejuçuoca,Tejuçuoca,2020-12-03,548,3,13,0
Tejuçuoca,Tejuçuoca,2020-12-04,548,0,13,0
Tejuçuoca,Tejuçuoca,2020-12-05,548,0,13,0
Tejuçuoca,Tejuçuoca,2020-12-06,548,0,13,0
Tejuçuoca,Tejuçuoca,2020-12-07,548,0,13,0
Tejuçuoca,Tejuçuoca,2020-12-08,558,10,13,0
Tejuçuoca,Tejuçuoca,2020-12-09,560,2,13,0
Tejuçuoca,Tejuçuoca,2020-12-10,561,1,13,0
Tejuçuoca,Tejuçuoca,2020-12-11,561,0,13,0
Tejuçuoca,Tejuçuoca,2020-12-12,561,0,13,0
Tejuçuoca,Tejuçuoca,2020-12-13,562,1,13,0
Tejuçuoca,Tejuçuoca,2020-12-14,562,0,13,0
Tejuçuoca,Tejuçuoca,2020-12-15,562,0,13,0
Tejuçuoca,Tejuçuoca,2020-12-16,570,8,13,0
Tejuçuoca,Tejuçuoca,2020-12-17,571,1,13,0
Tejuçuoca,Tejuçuoca,2020-12-18,573,2,13,0
Tejuçuoca,Tejuçuoca,2020-12-19,573,0,13,0
Tejuçuoca,Tejuçuoca,2020-12-20,574,1,13,0
Tejuçuoca,Tejuçuoca,2020-12-21,574,0,13,0
Tejuçuoca,Tejuçuoca,2020-12-22,577,3,13,0
Tejuçuoca,Tejuçuoca,2020-12-23,577,0,13,0
Tejuçuoca,Tejuçuoca,2020-12-24,578,1,13,0
Tejuçuoca,Tejuçuoca,2020-12-25,578,0,13,0
Tejuçuoca,Tejuçuoca,2020-12-26,590,12,13,0
Tejuçuoca,Tejuçuoca,2020-12-27,590,0,13,0
Tejuçuoca,Tejuçuoca,2020-12-28,590,0,13,0
Tejuçuoca,Tejuçuoca,2020-12-29,590,0,13,0
Tejuçuoca,Tejuçuoca,2020-12-30,591,1,13,0
Tejuçuoca,Tejuçuoca,2020-12-31,620,29,13,0
Tejuçuoca,Tejuçuoca,2021-01-01,620,0,13,0
Tejuçuoca,Tejuçuoca,2021-01-02,619,-1,13,0
Tejuçuoca,Tejuçuoca,2021-01-03,619,0,13,0
Tejuçuoca,Tejuçuoca,2021-01-04,619,0,13,0
Tejuçuoca,Tejuçuoca,2021-01-05,620,1,13,0
Tejuçuoca,Tejuçuoca,2021-01-06,623,3,13,0
Tejuçuoca,Tejuçuoca,2021-01-07,626,3,13,0
Tejuçuoca,Tejuçuoca,2021-01-08,626,0,13,0
Tejuçuoca,Tejuçuoca,2021-01-09,628,2,13,0
Tejuçuoca,Tejuçuoca,2021-01-10,630,2,13,0
Tejuçuoca,Tejuçuoca,2021-01-11,630,0,13,0
Tejuçuoca,Tejuçuoca,2021-01-12,630,0,13,0
Tejuçuoca,Tejuçuoca,2021-01-13,636,6,14,1
Tejuçuoca,Tejuçuoca,2021-01-14,637,1,14,0
Tejuçuoca,Tejuçuoca,2021-01-15,637,0,14,0
Tejuçuoca,Tejuçuoca,2021-01-16,637,0,14,0
Tejuçuoca,Tejuçuoca,2021-01-17,643,6,14,0
Tejuçuoca,Tejuçuoca,2021-01-18,643,0,14,0
Tejuçuoca,Tejuçuoca,2021-01-19,644,1,14,0
Tejuçuoca,Tejuçuoca,2021-01-20,644,0,14,0
Tejuçuoca,Tejuçuoca,2021-01-21,644,0,14,0
Tejuçuoca,Tejuçuoca,2021-01-22,644,0,14,0
Tejuçuoca,Tejuçuoca,2021-01-23,655,11,14,0
Tejuçuoca,Tejuçuoca,2021-01-24,656,1,14,0
Tejuçuoca,Tejuçuoca,2021-01-25,655,-1,14,0
Tejuçuoca,Tejuçuoca,2021-01-26,655,0,14,0
Tejuçuoca,Tejuçuoca,2021-01-27,656,1,14,0
Tejuçuoca,Tejuçuoca,2021-01-28,656,0,14,0
Tejuçuoca,Tejuçuoca,2021-01-29,657,1,14,0
Tejuçuoca,Tejuçuoca,2021-01-30,657,0,14,0
Tejuçuoca,Tejuçuoca,2021-01-31,661,4,14,0
Tejuçuoca,Tejuçuoca,2021-02-01,666,5,14,0
Tejuçuoca,Tejuçuoca,2021-02-02,666,0,14,0
Tejuçuoca,Tejuçuoca,2021-02-03,666,0,14,0
Tejuçuoca,Tejuçuoca,2021-02-04,666,0,14,0
Tejuçuoca,Tejuçuoca,2021-02-05,671,5,14,0
Tejuçuoca,Tejuçuoca,2021-02-06,674,3,14,0
Tejuçuoca,Tejuçuoca,2021-02-07,674,0,14,0
Tejuçuoca,Tejuçuoca,2021-02-08,676,2,14,0
