city,city,date,cases,daily cases,deaths,daily deaths
Terra Nova,Terra Nova,2020-03-27,0,0,0,0
Terra Nova,Terra Nova,2020-03-28,0,0,0,0
Terra Nova,Terra Nova,2020-03-29,0,0,0,0
Terra Nova,Terra Nova,2020-03-30,0,0,0,0
Terra Nova,Terra Nova,2020-03-31,0,0,0,0
Terra Nova,Terra Nova,2020-04-01,0,0,0,0
Terra Nova,Terra Nova,2020-04-02,0,0,0,0
Terra Nova,Terra Nova,2020-04-03,0,0,0,0
Terra Nova,Terra Nova,2020-04-04,0,0,0,0
Terra Nova,Terra Nova,2020-04-05,0,0,0,0
Terra Nova,Terra Nova,2020-04-06,0,0,0,0
Terra Nova,Terra Nova,2020-04-07,0,0,0,0
Terra Nova,Terra Nova,2020-04-08,0,0,0,0
Terra Nova,Terra Nova,2020-04-09,0,0,0,0
Terra Nova,Terra Nova,2020-04-10,0,0,0,0
Terra Nova,Terra Nova,2020-04-11,0,0,0,0
Terra Nova,Terra Nova,2020-04-12,0,0,0,0
Terra Nova,Terra Nova,2020-04-13,0,0,0,0
Terra Nova,Terra Nova,2020-04-14,0,0,0,0
Terra Nova,Terra Nova,2020-04-15,0,0,0,0
Terra Nova,Terra Nova,2020-04-16,0,0,0,0
Terra Nova,Terra Nova,2020-04-17,0,0,0,0
Terra Nova,Terra Nova,2020-04-18,0,0,0,0
Terra Nova,Terra Nova,2020-04-19,0,0,0,0
Terra Nova,Terra Nova,2020-04-20,0,0,0,0
Terra Nova,Terra Nova,2020-04-21,0,0,0,0
Terra Nova,Terra Nova,2020-04-22,0,0,0,0
Terra Nova,Terra Nova,2020-04-23,0,0,0,0
Terra Nova,Terra Nova,2020-04-24,0,0,0,0
Terra Nova,Terra Nova,2020-04-25,0,0,0,0
Terra Nova,Terra Nova,2020-04-26,1,1,1,1
Terra Nova,Terra Nova,2020-04-27,1,0,1,0
Terra Nova,Terra Nova,2020-04-28,1,0,1,0
Terra Nova,Terra Nova,2020-04-29,1,0,1,0
Terra Nova,Terra Nova,2020-04-30,1,0,1,0
Terra Nova,Terra Nova,2020-05-01,1,0,1,0
Terra Nova,Terra Nova,2020-05-02,1,0,1,0
Terra Nova,Terra Nova,2020-05-03,1,0,1,0
Terra Nova,Terra Nova,2020-05-04,1,0,1,0
Terra Nova,Terra Nova,2020-05-05,1,0,1,0
Terra Nova,Terra Nova,2020-05-06,1,0,1,0
Terra Nova,Terra Nova,2020-05-07,1,0,1,0
Terra Nova,Terra Nova,2020-05-08,1,0,1,0
Terra Nova,Terra Nova,2020-05-09,12,11,1,0
Terra Nova,Terra Nova,2020-05-10,1,-11,1,0
Terra Nova,Terra Nova,2020-05-11,1,0,1,0
Terra Nova,Terra Nova,2020-05-12,1,0,1,0
Terra Nova,Terra Nova,2020-05-13,1,0,1,0
Terra Nova,Terra Nova,2020-05-14,1,0,1,0
Terra Nova,Terra Nova,2020-05-15,1,0,1,0
Terra Nova,Terra Nova,2020-05-16,1,0,1,0
Terra Nova,Terra Nova,2020-05-17,1,0,1,0
Terra Nova,Terra Nova,2020-05-18,1,0,1,0
Terra Nova,Terra Nova,2020-05-19,1,0,1,0
Terra Nova,Terra Nova,2020-05-20,1,0,1,0
Terra Nova,Terra Nova,2020-05-21,1,0,1,0
Terra Nova,Terra Nova,2020-05-22,1,0,1,0
Terra Nova,Terra Nova,2020-05-23,1,0,1,0
Terra Nova,Terra Nova,2020-05-24,1,0,1,0
Terra Nova,Terra Nova,2020-05-25,1,0,1,0
Terra Nova,Terra Nova,2020-05-26,2,1,1,0
Terra Nova,Terra Nova,2020-05-27,3,1,1,0
Terra Nova,Terra Nova,2020-05-28,4,1,1,0
Terra Nova,Terra Nova,2020-05-29,4,0,1,0
Terra Nova,Terra Nova,2020-05-30,4,0,1,0
Terra Nova,Terra Nova,2020-05-31,4,0,1,0
Terra Nova,Terra Nova,2020-06-01,6,2,1,0
Terra Nova,Terra Nova,2020-06-02,6,0,1,0
Terra Nova,Terra Nova,2020-06-03,6,0,1,0
Terra Nova,Terra Nova,2020-06-04,6,0,1,0
Terra Nova,Terra Nova,2020-06-05,6,0,1,0
Terra Nova,Terra Nova,2020-06-06,5,-1,1,0
Terra Nova,Terra Nova,2020-06-07,6,1,1,0
Terra Nova,Terra Nova,2020-06-08,6,0,1,0
Terra Nova,Terra Nova,2020-06-09,8,2,1,0
Terra Nova,Terra Nova,2020-06-10,11,3,1,0
Terra Nova,Terra Nova,2020-06-11,11,0,1,0
Terra Nova,Terra Nova,2020-06-12,13,2,1,0
Terra Nova,Terra Nova,2020-06-13,14,1,1,0
Terra Nova,Terra Nova,2020-06-14,14,0,1,0
Terra Nova,Terra Nova,2020-06-15,15,1,1,0
Terra Nova,Terra Nova,2020-06-16,15,0,1,0
Terra Nova,Terra Nova,2020-06-17,17,2,1,0
Terra Nova,Terra Nova,2020-06-18,18,1,2,1
Terra Nova,Terra Nova,2020-06-19,18,0,2,0
Terra Nova,Terra Nova,2020-06-20,27,9,2,0
Terra Nova,Terra Nova,2020-06-21,27,0,2,0
Terra Nova,Terra Nova,2020-06-22,27,0,2,0
Terra Nova,Terra Nova,2020-06-23,35,8,2,0
Terra Nova,Terra Nova,2020-06-24,38,3,2,0
Terra Nova,Terra Nova,2020-06-25,53,15,2,0
Terra Nova,Terra Nova,2020-06-26,56,3,2,0
Terra Nova,Terra Nova,2020-06-27,61,5,2,0
Terra Nova,Terra Nova,2020-06-28,62,1,2,0
Terra Nova,Terra Nova,2020-06-29,65,3,2,0
Terra Nova,Terra Nova,2020-06-30,68,3,2,0
Terra Nova,Terra Nova,2020-07-01,71,3,2,0
Terra Nova,Terra Nova,2020-07-02,74,3,2,0
Terra Nova,Terra Nova,2020-07-03,75,1,2,0
Terra Nova,Terra Nova,2020-07-04,76,1,2,0
Terra Nova,Terra Nova,2020-07-05,78,2,2,0
Terra Nova,Terra Nova,2020-07-06,79,1,2,0
Terra Nova,Terra Nova,2020-07-07,79,0,2,0
Terra Nova,Terra Nova,2020-07-08,89,10,2,0
Terra Nova,Terra Nova,2020-07-09,92,3,2,0
Terra Nova,Terra Nova,2020-07-10,94,2,2,0
Terra Nova,Terra Nova,2020-07-11,94,0,2,0
Terra Nova,Terra Nova,2020-07-12,94,0,2,0
Terra Nova,Terra Nova,2020-07-13,94,0,2,0
Terra Nova,Terra Nova,2020-07-14,95,1,2,0
Terra Nova,Terra Nova,2020-07-15,97,2,2,0
Terra Nova,Terra Nova,2020-07-16,98,1,2,0
Terra Nova,Terra Nova,2020-07-17,101,3,2,0
Terra Nova,Terra Nova,2020-07-18,107,6,2,0
Terra Nova,Terra Nova,2020-07-19,107,0,2,0
Terra Nova,Terra Nova,2020-07-20,107,0,2,0
Terra Nova,Terra Nova,2020-07-21,107,0,2,0
Terra Nova,Terra Nova,2020-07-22,110,3,2,0
Terra Nova,Terra Nova,2020-07-23,113,3,2,0
Terra Nova,Terra Nova,2020-07-24,116,3,2,0
Terra Nova,Terra Nova,2020-07-25,121,5,2,0
Terra Nova,Terra Nova,2020-07-26,121,0,2,0
Terra Nova,Terra Nova,2020-07-27,121,0,2,0
Terra Nova,Terra Nova,2020-07-28,124,3,2,0
Terra Nova,Terra Nova,2020-07-29,133,9,2,0
Terra Nova,Terra Nova,2020-07-30,140,7,2,0
Terra Nova,Terra Nova,2020-07-31,146,6,2,0
Terra Nova,Terra Nova,2020-08-01,148,2,2,0
Terra Nova,Terra Nova,2020-08-02,148,0,2,0
Terra Nova,Terra Nova,2020-08-03,148,0,2,0
Terra Nova,Terra Nova,2020-08-04,151,3,3,1
Terra Nova,Terra Nova,2020-08-05,151,0,3,0
Terra Nova,Terra Nova,2020-08-06,158,7,3,0
Terra Nova,Terra Nova,2020-08-07,166,8,3,0
Terra Nova,Terra Nova,2020-08-08,171,5,3,0
Terra Nova,Terra Nova,2020-08-09,178,7,3,0
Terra Nova,Terra Nova,2020-08-10,180,2,3,0
Terra Nova,Terra Nova,2020-08-11,183,3,4,1
Terra Nova,Terra Nova,2020-08-12,183,0,4,0
Terra Nova,Terra Nova,2020-08-13,184,1,4,0
Terra Nova,Terra Nova,2020-08-14,187,3,4,0
Terra Nova,Terra Nova,2020-08-15,195,8,4,0
Terra Nova,Terra Nova,2020-08-16,195,0,4,0
Terra Nova,Terra Nova,2020-08-17,197,2,4,0
Terra Nova,Terra Nova,2020-08-18,205,8,4,0
Terra Nova,Terra Nova,2020-08-19,206,1,4,0
Terra Nova,Terra Nova,2020-08-20,208,2,4,0
Terra Nova,Terra Nova,2020-08-21,214,6,4,0
Terra Nova,Terra Nova,2020-08-22,217,3,4,0
Terra Nova,Terra Nova,2020-08-23,218,1,4,0
Terra Nova,Terra Nova,2020-08-24,218,0,4,0
Terra Nova,Terra Nova,2020-08-25,220,2,4,0
Terra Nova,Terra Nova,2020-08-26,229,9,4,0
Terra Nova,Terra Nova,2020-08-27,232,3,4,0
Terra Nova,Terra Nova,2020-08-28,234,2,4,0
Terra Nova,Terra Nova,2020-08-29,237,3,4,0
Terra Nova,Terra Nova,2020-08-30,237,0,4,0
Terra Nova,Terra Nova,2020-08-31,239,2,4,0
Terra Nova,Terra Nova,2020-09-01,236,-3,5,1
Terra Nova,Terra Nova,2020-09-02,240,4,5,0
Terra Nova,Terra Nova,2020-09-03,242,2,5,0
Terra Nova,Terra Nova,2020-09-04,243,1,5,0
Terra Nova,Terra Nova,2020-09-05,243,0,5,0
Terra Nova,Terra Nova,2020-09-06,243,0,5,0
Terra Nova,Terra Nova,2020-09-07,243,0,5,0
Terra Nova,Terra Nova,2020-09-08,247,4,5,0
Terra Nova,Terra Nova,2020-09-09,251,4,5,0
Terra Nova,Terra Nova,2020-09-10,253,2,5,0
Terra Nova,Terra Nova,2020-09-11,253,0,5,0
Terra Nova,Terra Nova,2020-09-12,256,3,6,1
Terra Nova,Terra Nova,2020-09-13,256,0,7,1
Terra Nova,Terra Nova,2020-09-14,256,0,7,0
Terra Nova,Terra Nova,2020-09-15,256,0,7,0
Terra Nova,Terra Nova,2020-09-16,257,1,7,0
Terra Nova,Terra Nova,2020-09-17,258,1,7,0
Terra Nova,Terra Nova,2020-09-18,259,1,7,0
Terra Nova,Terra Nova,2020-09-19,266,7,7,0
Terra Nova,Terra Nova,2020-09-20,266,0,7,0
Terra Nova,Terra Nova,2020-09-21,266,0,7,0
Terra Nova,Terra Nova,2020-09-22,269,3,7,0
Terra Nova,Terra Nova,2020-09-23,273,4,8,1
Terra Nova,Terra Nova,2020-09-24,273,0,8,0
Terra Nova,Terra Nova,2020-09-25,274,1,8,0
Terra Nova,Terra Nova,2020-09-26,278,4,8,0
Terra Nova,Terra Nova,2020-09-27,278,0,8,0
Terra Nova,Terra Nova,2020-09-28,278,0,8,0
Terra Nova,Terra Nova,2020-09-29,280,2,9,1
Terra Nova,Terra Nova,2020-09-30,281,1,9,0
Terra Nova,Terra Nova,2020-10-01,283,2,9,0
Terra Nova,Terra Nova,2020-10-02,289,6,9,0
Terra Nova,Terra Nova,2020-10-03,293,4,9,0
Terra Nova,Terra Nova,2020-10-04,293,0,9,0
Terra Nova,Terra Nova,2020-10-05,300,7,9,0
Terra Nova,Terra Nova,2020-10-06,300,0,9,0
Terra Nova,Terra Nova,2020-10-07,302,2,9,0
Terra Nova,Terra Nova,2020-10-08,305,3,9,0
Terra Nova,Terra Nova,2020-10-09,309,4,9,0
Terra Nova,Terra Nova,2020-10-10,310,1,9,0
Terra Nova,Terra Nova,2020-10-11,310,0,9,0
Terra Nova,Terra Nova,2020-10-12,310,0,9,0
Terra Nova,Terra Nova,2020-10-13,312,2,9,0
Terra Nova,Terra Nova,2020-10-14,315,3,9,0
Terra Nova,Terra Nova,2020-10-15,319,4,9,0
Terra Nova,Terra Nova,2020-10-16,319,0,9,0
Terra Nova,Terra Nova,2020-10-17,326,7,9,0
Terra Nova,Terra Nova,2020-10-18,326,0,9,0
Terra Nova,Terra Nova,2020-10-19,326,0,9,0
Terra Nova,Terra Nova,2020-10-20,328,2,9,0
Terra Nova,Terra Nova,2020-10-21,328,0,9,0
Terra Nova,Terra Nova,2020-10-22,328,0,9,0
Terra Nova,Terra Nova,2020-10-23,329,1,9,0
Terra Nova,Terra Nova,2020-10-24,329,0,9,0
Terra Nova,Terra Nova,2020-10-25,329,0,9,0
Terra Nova,Terra Nova,2020-10-26,329,0,9,0
Terra Nova,Terra Nova,2020-10-27,331,2,9,0
Terra Nova,Terra Nova,2020-10-28,331,0,9,0
Terra Nova,Terra Nova,2020-10-29,331,0,9,0
Terra Nova,Terra Nova,2020-10-30,332,1,9,0
Terra Nova,Terra Nova,2020-10-31,332,0,9,0
Terra Nova,Terra Nova,2020-11-01,332,0,9,0
Terra Nova,Terra Nova,2020-11-02,332,0,9,0
Terra Nova,Terra Nova,2020-11-03,333,1,9,0
Terra Nova,Terra Nova,2020-11-04,334,1,9,0
Terra Nova,Terra Nova,2020-11-05,334,0,9,0
Terra Nova,Terra Nova,2020-11-06,340,6,9,0
Terra Nova,Terra Nova,2020-11-07,340,0,9,0
Terra Nova,Terra Nova,2020-11-08,341,1,9,0
Terra Nova,Terra Nova,2020-11-09,341,0,9,0
Terra Nova,Terra Nova,2020-11-10,343,2,9,0
Terra Nova,Terra Nova,2020-11-11,343,0,9,0
Terra Nova,Terra Nova,2020-11-12,347,4,9,0
Terra Nova,Terra Nova,2020-11-13,349,2,9,0
Terra Nova,Terra Nova,2020-11-14,349,0,9,0
Terra Nova,Terra Nova,2020-11-15,349,0,9,0
Terra Nova,Terra Nova,2020-11-16,349,0,9,0
Terra Nova,Terra Nova,2020-11-17,350,1,9,0
Terra Nova,Terra Nova,2020-11-18,352,2,9,0
Terra Nova,Terra Nova,2020-11-19,360,8,9,0
Terra Nova,Terra Nova,2020-11-20,360,0,9,0
Terra Nova,Terra Nova,2020-11-21,369,9,9,0
Terra Nova,Terra Nova,2020-11-22,370,1,9,0
Terra Nova,Terra Nova,2020-11-23,370,0,9,0
Terra Nova,Terra Nova,2020-11-24,371,1,9,0
Terra Nova,Terra Nova,2020-11-25,379,8,9,0
Terra Nova,Terra Nova,2020-11-26,387,8,9,0
Terra Nova,Terra Nova,2020-11-27,390,3,9,0
Terra Nova,Terra Nova,2020-11-28,390,0,9,0
Terra Nova,Terra Nova,2020-11-29,390,0,9,0
Terra Nova,Terra Nova,2020-11-30,390,0,9,0
Terra Nova,Terra Nova,2020-12-01,403,13,9,0
Terra Nova,Terra Nova,2020-12-02,405,2,10,1
Terra Nova,Terra Nova,2020-12-03,405,0,10,0
Terra Nova,Terra Nova,2020-12-04,403,-2,10,0
Terra Nova,Terra Nova,2020-12-05,413,10,10,0
Terra Nova,Terra Nova,2020-12-06,414,1,11,1
Terra Nova,Terra Nova,2020-12-07,421,7,11,0
Terra Nova,Terra Nova,2020-12-08,425,4,12,1
Terra Nova,Terra Nova,2020-12-09,435,10,12,0
Terra Nova,Terra Nova,2020-12-10,444,9,12,0
Terra Nova,Terra Nova,2020-12-11,454,10,12,0
Terra Nova,Terra Nova,2020-12-12,461,7,12,0
Terra Nova,Terra Nova,2020-12-13,464,3,13,1
Terra Nova,Terra Nova,2020-12-14,464,0,13,0
Terra Nova,Terra Nova,2020-12-15,464,0,13,0
Terra Nova,Terra Nova,2020-12-16,474,10,13,0
Terra Nova,Terra Nova,2020-12-17,479,5,13,0
Terra Nova,Terra Nova,2020-12-18,499,20,14,1
Terra Nova,Terra Nova,2020-12-19,514,15,14,0
Terra Nova,Terra Nova,2020-12-20,516,2,14,0
Terra Nova,Terra Nova,2020-12-21,517,1,14,0
Terra Nova,Terra Nova,2020-12-22,527,10,14,0
Terra Nova,Terra Nova,2020-12-23,539,12,14,0
Terra Nova,Terra Nova,2020-12-24,559,20,14,0
Terra Nova,Terra Nova,2020-12-25,560,1,14,0
Terra Nova,Terra Nova,2020-12-26,562,2,14,0
Terra Nova,Terra Nova,2020-12-27,562,0,14,0
Terra Nova,Terra Nova,2020-12-28,562,0,14,0
Terra Nova,Terra Nova,2020-12-29,579,17,14,0
Terra Nova,Terra Nova,2020-12-30,590,11,14,0
Terra Nova,Terra Nova,2020-12-31,593,3,14,0
Terra Nova,Terra Nova,2021-01-01,593,0,14,0
Terra Nova,Terra Nova,2021-01-02,593,0,14,0
Terra Nova,Terra Nova,2021-01-03,593,0,15,1
Terra Nova,Terra Nova,2021-01-04,593,0,15,0
Terra Nova,Terra Nova,2021-01-05,599,6,15,0
Terra Nova,Terra Nova,2021-01-06,602,3,15,0
Terra Nova,Terra Nova,2021-01-07,602,0,15,0
Terra Nova,Terra Nova,2021-01-08,617,15,15,0
Terra Nova,Terra Nova,2021-01-09,629,12,16,1
Terra Nova,Terra Nova,2021-01-10,629,0,16,0
Terra Nova,Terra Nova,2021-01-11,629,0,16,0
Terra Nova,Terra Nova,2021-01-12,630,1,16,0
Terra Nova,Terra Nova,2021-01-13,650,20,16,0
Terra Nova,Terra Nova,2021-01-14,651,1,16,0
Terra Nova,Terra Nova,2021-01-15,666,15,16,0
Terra Nova,Terra Nova,2021-01-16,671,5,16,0
Terra Nova,Terra Nova,2021-01-17,674,3,16,0
Terra Nova,Terra Nova,2021-01-18,675,1,16,0
Terra Nova,Terra Nova,2021-01-19,712,37,16,0
Terra Nova,Terra Nova,2021-01-20,717,5,17,1
Terra Nova,Terra Nova,2021-01-21,718,1,17,0
Terra Nova,Terra Nova,2021-01-22,755,37,17,0
Terra Nova,Terra Nova,2021-01-23,756,1,17,0
Terra Nova,Terra Nova,2021-01-24,766,10,17,0
Terra Nova,Terra Nova,2021-01-25,766,0,17,0
Terra Nova,Terra Nova,2021-01-26,780,14,17,0
Terra Nova,Terra Nova,2021-01-27,780,0,17,0
Terra Nova,Terra Nova,2021-01-28,816,36,17,0
Terra Nova,Terra Nova,2021-01-29,819,3,18,1
Terra Nova,Terra Nova,2021-01-30,838,19,19,1
Terra Nova,Terra Nova,2021-01-31,838,0,19,0
Terra Nova,Terra Nova,2021-02-01,838,0,19,0
Terra Nova,Terra Nova,2021-02-02,860,22,20,1
Terra Nova,Terra Nova,2021-02-03,862,2,20,0
Terra Nova,Terra Nova,2021-02-04,866,4,20,0
Terra Nova,Terra Nova,2021-02-05,866,0,20,0
Terra Nova,Terra Nova,2021-02-06,884,18,20,0
Terra Nova,Terra Nova,2021-02-07,891,7,20,0
Terra Nova,Terra Nova,2021-02-08,893,2,21,1
