city,city,date,cases,daily cases,deaths,daily deaths
Toritama,Toritama,2020-03-27,0,0,0,0
Toritama,Toritama,2020-03-28,0,0,0,0
Toritama,Toritama,2020-03-29,0,0,0,0
Toritama,Toritama,2020-03-30,0,0,0,0
Toritama,Toritama,2020-03-31,0,0,0,0
Toritama,Toritama,2020-04-01,0,0,0,0
Toritama,Toritama,2020-04-02,0,0,0,0
Toritama,Toritama,2020-04-03,0,0,0,0
Toritama,Toritama,2020-04-04,0,0,0,0
Toritama,Toritama,2020-04-05,0,0,0,0
Toritama,Toritama,2020-04-06,0,0,0,0
Toritama,Toritama,2020-04-07,0,0,0,0
Toritama,Toritama,2020-04-08,0,0,0,0
Toritama,Toritama,2020-04-09,0,0,0,0
Toritama,Toritama,2020-04-10,0,0,0,0
Toritama,Toritama,2020-04-11,1,1,0,0
Toritama,Toritama,2020-04-12,1,0,0,0
Toritama,Toritama,2020-04-13,1,0,0,0
Toritama,Toritama,2020-04-14,1,0,0,0
Toritama,Toritama,2020-04-15,1,0,0,0
Toritama,Toritama,2020-04-16,1,0,0,0
Toritama,Toritama,2020-04-17,1,0,0,0
Toritama,Toritama,2020-04-18,1,0,0,0
Toritama,Toritama,2020-04-19,1,0,0,0
Toritama,Toritama,2020-04-20,1,0,0,0
Toritama,Toritama,2020-04-21,1,0,0,0
Toritama,Toritama,2020-04-22,1,0,0,0
Toritama,Toritama,2020-04-23,1,0,0,0
Toritama,Toritama,2020-04-24,1,0,0,0
Toritama,Toritama,2020-04-25,1,0,0,0
Toritama,Toritama,2020-04-26,1,0,0,0
Toritama,Toritama,2020-04-27,1,0,0,0
Toritama,Toritama,2020-04-28,1,0,0,0
Toritama,Toritama,2020-04-29,1,0,0,0
Toritama,Toritama,2020-04-30,1,0,0,0
Toritama,Toritama,2020-05-01,1,0,0,0
Toritama,Toritama,2020-05-02,1,0,0,0
Toritama,Toritama,2020-05-03,1,0,0,0
Toritama,Toritama,2020-05-04,1,0,0,0
Toritama,Toritama,2020-05-05,1,0,0,0
Toritama,Toritama,2020-05-06,1,0,0,0
Toritama,Toritama,2020-05-07,1,0,0,0
Toritama,Toritama,2020-05-08,1,0,0,0
Toritama,Toritama,2020-05-09,1,0,0,0
Toritama,Toritama,2020-05-10,2,1,0,0
Toritama,Toritama,2020-05-11,2,0,0,0
Toritama,Toritama,2020-05-12,2,0,0,0
Toritama,Toritama,2020-05-13,2,0,0,0
Toritama,Toritama,2020-05-14,2,0,0,0
Toritama,Toritama,2020-05-15,2,0,0,0
Toritama,Toritama,2020-05-16,2,0,0,0
Toritama,Toritama,2020-05-17,2,0,0,0
Toritama,Toritama,2020-05-18,2,0,0,0
Toritama,Toritama,2020-05-19,2,0,0,0
Toritama,Toritama,2020-05-20,5,3,0,0
Toritama,Toritama,2020-05-21,6,1,0,0
Toritama,Toritama,2020-05-22,6,0,0,0
Toritama,Toritama,2020-05-23,8,2,2,2
Toritama,Toritama,2020-05-24,8,0,2,0
Toritama,Toritama,2020-05-25,8,0,2,0
Toritama,Toritama,2020-05-26,8,0,2,0
Toritama,Toritama,2020-05-27,8,0,2,0
Toritama,Toritama,2020-05-28,10,2,4,2
Toritama,Toritama,2020-05-29,11,1,3,-1
Toritama,Toritama,2020-05-30,14,3,3,0
Toritama,Toritama,2020-05-31,14,0,3,0
Toritama,Toritama,2020-06-01,14,0,3,0
Toritama,Toritama,2020-06-02,14,0,3,0
Toritama,Toritama,2020-06-03,16,2,3,0
Toritama,Toritama,2020-06-04,17,1,3,0
Toritama,Toritama,2020-06-05,23,6,3,0
Toritama,Toritama,2020-06-06,25,2,3,0
Toritama,Toritama,2020-06-07,26,1,3,0
Toritama,Toritama,2020-06-08,26,0,3,0
Toritama,Toritama,2020-06-09,27,1,3,0
Toritama,Toritama,2020-06-10,29,2,3,0
Toritama,Toritama,2020-06-11,31,2,3,0
Toritama,Toritama,2020-06-12,38,7,3,0
Toritama,Toritama,2020-06-13,39,1,3,0
Toritama,Toritama,2020-06-14,39,0,3,0
Toritama,Toritama,2020-06-15,40,1,3,0
Toritama,Toritama,2020-06-16,40,0,3,0
Toritama,Toritama,2020-06-17,42,2,3,0
Toritama,Toritama,2020-06-18,42,0,3,0
Toritama,Toritama,2020-06-19,42,0,3,0
Toritama,Toritama,2020-06-20,50,8,3,0
Toritama,Toritama,2020-06-21,52,2,3,0
Toritama,Toritama,2020-06-22,53,1,3,0
Toritama,Toritama,2020-06-23,54,1,3,0
Toritama,Toritama,2020-06-24,55,1,3,0
Toritama,Toritama,2020-06-25,64,9,3,0
Toritama,Toritama,2020-06-26,121,57,3,0
Toritama,Toritama,2020-06-27,145,24,4,1
Toritama,Toritama,2020-06-28,147,2,4,0
Toritama,Toritama,2020-06-29,147,0,4,0
Toritama,Toritama,2020-06-30,147,0,4,0
Toritama,Toritama,2020-07-01,162,15,4,0
Toritama,Toritama,2020-07-02,171,9,4,0
Toritama,Toritama,2020-07-03,201,30,4,0
Toritama,Toritama,2020-07-04,213,12,4,0
Toritama,Toritama,2020-07-05,222,9,4,0
Toritama,Toritama,2020-07-06,230,8,4,0
Toritama,Toritama,2020-07-07,233,3,4,0
Toritama,Toritama,2020-07-08,236,3,4,0
Toritama,Toritama,2020-07-09,237,1,4,0
Toritama,Toritama,2020-07-10,251,14,4,0
Toritama,Toritama,2020-07-11,259,8,5,1
Toritama,Toritama,2020-07-12,263,4,5,0
Toritama,Toritama,2020-07-13,264,1,6,1
Toritama,Toritama,2020-07-14,267,3,6,0
Toritama,Toritama,2020-07-15,276,9,6,0
Toritama,Toritama,2020-07-16,285,9,6,0
Toritama,Toritama,2020-07-17,288,3,6,0
Toritama,Toritama,2020-07-18,295,7,6,0
Toritama,Toritama,2020-07-19,297,2,6,0
Toritama,Toritama,2020-07-20,299,2,6,0
Toritama,Toritama,2020-07-21,302,3,7,1
Toritama,Toritama,2020-07-22,304,2,7,0
Toritama,Toritama,2020-07-23,314,10,7,0
Toritama,Toritama,2020-07-24,316,2,7,0
Toritama,Toritama,2020-07-25,317,1,7,0
Toritama,Toritama,2020-07-26,322,5,7,0
Toritama,Toritama,2020-07-27,324,2,7,0
Toritama,Toritama,2020-07-28,324,0,7,0
Toritama,Toritama,2020-07-29,330,6,8,1
Toritama,Toritama,2020-07-30,334,4,8,0
Toritama,Toritama,2020-07-31,337,3,8,0
Toritama,Toritama,2020-08-01,338,1,8,0
Toritama,Toritama,2020-08-02,344,6,8,0
Toritama,Toritama,2020-08-03,352,8,9,1
Toritama,Toritama,2020-08-04,353,1,10,1
Toritama,Toritama,2020-08-05,356,3,10,0
Toritama,Toritama,2020-08-06,357,1,10,0
Toritama,Toritama,2020-08-07,358,1,10,0
Toritama,Toritama,2020-08-08,369,11,10,0
Toritama,Toritama,2020-08-09,369,0,10,0
Toritama,Toritama,2020-08-10,371,2,10,0
Toritama,Toritama,2020-08-11,381,10,10,0
Toritama,Toritama,2020-08-12,383,2,11,1
Toritama,Toritama,2020-08-13,385,2,11,0
Toritama,Toritama,2020-08-14,385,0,11,0
Toritama,Toritama,2020-08-15,407,22,15,4
Toritama,Toritama,2020-08-16,411,4,15,0
Toritama,Toritama,2020-08-17,412,1,15,0
Toritama,Toritama,2020-08-18,415,3,15,0
Toritama,Toritama,2020-08-19,422,7,15,0
Toritama,Toritama,2020-08-20,427,5,15,0
Toritama,Toritama,2020-08-21,434,7,15,0
Toritama,Toritama,2020-08-22,434,0,15,0
Toritama,Toritama,2020-08-23,438,4,15,0
Toritama,Toritama,2020-08-24,446,8,15,0
Toritama,Toritama,2020-08-25,447,1,15,0
Toritama,Toritama,2020-08-26,456,9,15,0
Toritama,Toritama,2020-08-27,458,2,15,0
Toritama,Toritama,2020-08-28,469,11,15,0
Toritama,Toritama,2020-08-29,470,1,15,0
Toritama,Toritama,2020-08-30,474,4,15,0
Toritama,Toritama,2020-08-31,477,3,15,0
Toritama,Toritama,2020-09-01,488,11,15,0
Toritama,Toritama,2020-09-02,495,7,15,0
Toritama,Toritama,2020-09-03,499,4,15,0
Toritama,Toritama,2020-09-04,499,0,15,0
Toritama,Toritama,2020-09-05,499,0,15,0
Toritama,Toritama,2020-09-06,499,0,16,1
Toritama,Toritama,2020-09-07,500,1,16,0
Toritama,Toritama,2020-09-08,500,0,16,0
Toritama,Toritama,2020-09-09,501,1,16,0
Toritama,Toritama,2020-09-10,507,6,16,0
Toritama,Toritama,2020-09-11,513,6,17,1
Toritama,Toritama,2020-09-12,518,5,17,0
Toritama,Toritama,2020-09-13,519,1,17,0
Toritama,Toritama,2020-09-14,519,0,17,0
Toritama,Toritama,2020-09-15,534,15,17,0
Toritama,Toritama,2020-09-16,535,1,17,0
Toritama,Toritama,2020-09-17,538,3,17,0
Toritama,Toritama,2020-09-18,544,6,17,0
Toritama,Toritama,2020-09-19,548,4,17,0
Toritama,Toritama,2020-09-20,548,0,17,0
Toritama,Toritama,2020-09-21,548,0,17,0
Toritama,Toritama,2020-09-22,555,7,17,0
Toritama,Toritama,2020-09-23,555,0,17,0
Toritama,Toritama,2020-09-24,557,2,17,0
Toritama,Toritama,2020-09-25,557,0,17,0
Toritama,Toritama,2020-09-26,558,1,17,0
Toritama,Toritama,2020-09-27,558,0,18,1
Toritama,Toritama,2020-09-28,559,1,19,1
Toritama,Toritama,2020-09-29,564,5,19,0
Toritama,Toritama,2020-09-30,570,6,19,0
Toritama,Toritama,2020-10-01,572,2,19,0
Toritama,Toritama,2020-10-02,575,3,19,0
Toritama,Toritama,2020-10-03,582,7,19,0
Toritama,Toritama,2020-10-04,582,0,19,0
Toritama,Toritama,2020-10-05,582,0,19,0
Toritama,Toritama,2020-10-06,586,4,19,0
Toritama,Toritama,2020-10-07,598,12,19,0
Toritama,Toritama,2020-10-08,598,0,19,0
Toritama,Toritama,2020-10-09,599,1,19,0
Toritama,Toritama,2020-10-10,599,0,20,1
Toritama,Toritama,2020-10-11,599,0,20,0
Toritama,Toritama,2020-10-12,600,1,20,0
Toritama,Toritama,2020-10-13,600,0,20,0
Toritama,Toritama,2020-10-14,599,-1,20,0
Toritama,Toritama,2020-10-15,599,0,20,0
Toritama,Toritama,2020-10-16,599,0,20,0
Toritama,Toritama,2020-10-17,601,2,20,0
Toritama,Toritama,2020-10-18,601,0,20,0
Toritama,Toritama,2020-10-19,601,0,20,0
Toritama,Toritama,2020-10-20,602,1,20,0
Toritama,Toritama,2020-10-21,604,2,20,0
Toritama,Toritama,2020-10-22,604,0,20,0
Toritama,Toritama,2020-10-23,605,1,20,0
Toritama,Toritama,2020-10-24,605,0,20,0
Toritama,Toritama,2020-10-25,605,0,20,0
Toritama,Toritama,2020-10-26,605,0,20,0
Toritama,Toritama,2020-10-27,609,4,20,0
Toritama,Toritama,2020-10-28,614,5,20,0
Toritama,Toritama,2020-10-29,617,3,20,0
Toritama,Toritama,2020-10-30,617,0,20,0
Toritama,Toritama,2020-10-31,617,0,20,0
Toritama,Toritama,2020-11-01,617,0,20,0
Toritama,Toritama,2020-11-02,617,0,20,0
Toritama,Toritama,2020-11-03,617,0,20,0
Toritama,Toritama,2020-11-04,626,9,20,0
Toritama,Toritama,2020-11-05,628,2,20,0
Toritama,Toritama,2020-11-06,630,2,20,0
Toritama,Toritama,2020-11-07,633,3,20,0
Toritama,Toritama,2020-11-08,639,6,20,0
Toritama,Toritama,2020-11-09,644,5,20,0
Toritama,Toritama,2020-11-10,644,0,20,0
Toritama,Toritama,2020-11-11,647,3,20,0
Toritama,Toritama,2020-11-12,647,0,20,0
Toritama,Toritama,2020-11-13,647,0,20,0
Toritama,Toritama,2020-11-14,647,0,20,0
Toritama,Toritama,2020-11-15,648,1,20,0
Toritama,Toritama,2020-11-16,648,0,20,0
Toritama,Toritama,2020-11-17,648,0,20,0
Toritama,Toritama,2020-11-18,648,0,20,0
Toritama,Toritama,2020-11-19,652,4,20,0
Toritama,Toritama,2020-11-20,652,0,20,0
Toritama,Toritama,2020-11-21,655,3,20,0
Toritama,Toritama,2020-11-22,656,1,20,0
Toritama,Toritama,2020-11-23,656,0,20,0
Toritama,Toritama,2020-11-24,661,5,20,0
Toritama,Toritama,2020-11-25,672,11,20,0
Toritama,Toritama,2020-11-26,672,0,20,0
Toritama,Toritama,2020-11-27,672,0,20,0
Toritama,Toritama,2020-11-28,677,5,20,0
Toritama,Toritama,2020-11-29,677,0,20,0
Toritama,Toritama,2020-11-30,677,0,20,0
Toritama,Toritama,2020-12-01,698,21,20,0
Toritama,Toritama,2020-12-02,701,3,20,0
Toritama,Toritama,2020-12-03,704,3,20,0
Toritama,Toritama,2020-12-04,704,0,20,0
Toritama,Toritama,2020-12-05,705,1,20,0
Toritama,Toritama,2020-12-06,707,2,20,0
Toritama,Toritama,2020-12-07,707,0,20,0
Toritama,Toritama,2020-12-08,713,6,20,0
Toritama,Toritama,2020-12-09,713,0,20,0
Toritama,Toritama,2020-12-10,716,3,20,0
Toritama,Toritama,2020-12-11,717,1,20,0
Toritama,Toritama,2020-12-12,720,3,20,0
Toritama,Toritama,2020-12-13,720,0,20,0
Toritama,Toritama,2020-12-14,721,1,21,1
Toritama,Toritama,2020-12-15,721,0,21,0
Toritama,Toritama,2020-12-16,729,8,21,0
Toritama,Toritama,2020-12-17,729,0,21,0
Toritama,Toritama,2020-12-18,729,0,21,0
Toritama,Toritama,2020-12-19,739,10,21,0
Toritama,Toritama,2020-12-20,739,0,21,0
Toritama,Toritama,2020-12-21,739,0,21,0
Toritama,Toritama,2020-12-22,739,0,21,0
Toritama,Toritama,2020-12-23,767,28,21,0
Toritama,Toritama,2020-12-24,774,7,21,0
Toritama,Toritama,2020-12-25,778,4,21,0
Toritama,Toritama,2020-12-26,778,0,21,0
Toritama,Toritama,2020-12-27,778,0,21,0
Toritama,Toritama,2020-12-28,778,0,21,0
Toritama,Toritama,2020-12-29,778,0,21,0
Toritama,Toritama,2020-12-30,779,1,21,0
Toritama,Toritama,2020-12-31,779,0,21,0
Toritama,Toritama,2021-01-01,779,0,21,0
Toritama,Toritama,2021-01-02,780,1,21,0
Toritama,Toritama,2021-01-03,780,0,21,0
Toritama,Toritama,2021-01-04,780,0,21,0
Toritama,Toritama,2021-01-05,780,0,21,0
Toritama,Toritama,2021-01-06,788,8,21,0
Toritama,Toritama,2021-01-07,792,4,22,1
Toritama,Toritama,2021-01-08,792,0,22,0
Toritama,Toritama,2021-01-09,792,0,22,0
Toritama,Toritama,2021-01-10,792,0,22,0
Toritama,Toritama,2021-01-11,792,0,22,0
Toritama,Toritama,2021-01-12,797,5,22,0
Toritama,Toritama,2021-01-13,797,0,22,0
Toritama,Toritama,2021-01-14,802,5,22,0
Toritama,Toritama,2021-01-15,830,28,22,0
Toritama,Toritama,2021-01-16,832,2,22,0
Toritama,Toritama,2021-01-17,832,0,22,0
Toritama,Toritama,2021-01-18,832,0,22,0
Toritama,Toritama,2021-01-19,836,4,22,0
Toritama,Toritama,2021-01-20,838,2,22,0
Toritama,Toritama,2021-01-21,839,1,22,0
Toritama,Toritama,2021-01-22,839,0,22,0
Toritama,Toritama,2021-01-23,841,2,22,0
Toritama,Toritama,2021-01-24,841,0,22,0
Toritama,Toritama,2021-01-25,843,2,22,0
Toritama,Toritama,2021-01-26,844,1,22,0
Toritama,Toritama,2021-01-27,849,5,22,0
Toritama,Toritama,2021-01-28,849,0,22,0
Toritama,Toritama,2021-01-29,851,2,23,1
Toritama,Toritama,2021-01-30,852,1,23,0
Toritama,Toritama,2021-01-31,852,0,23,0
Toritama,Toritama,2021-02-01,852,0,23,0
Toritama,Toritama,2021-02-02,852,0,23,0
Toritama,Toritama,2021-02-03,853,1,23,0
Toritama,Toritama,2021-02-04,853,0,23,0
Toritama,Toritama,2021-02-05,853,0,23,0
Toritama,Toritama,2021-02-06,853,0,23,0
Toritama,Toritama,2021-02-07,856,3,23,0
Toritama,Toritama,2021-02-08,856,0,23,0
