city,city,date,cases,daily cases,deaths,daily deaths
Três Passos,Três Passos,2020-03-27,0,0,0,0
Três Passos,Três Passos,2020-03-28,0,0,0,0
Três Passos,Três Passos,2020-03-29,0,0,0,0
Três Passos,Três Passos,2020-03-30,0,0,0,0
Três Passos,Três Passos,2020-03-31,0,0,0,0
Três Passos,Três Passos,2020-04-01,0,0,0,0
Três Passos,Três Passos,2020-04-02,0,0,0,0
Três Passos,Três Passos,2020-04-03,0,0,0,0
Três Passos,Três Passos,2020-04-04,0,0,0,0
Três Passos,Três Passos,2020-04-05,0,0,0,0
Três Passos,Três Passos,2020-04-06,0,0,0,0
Três Passos,Três Passos,2020-04-07,0,0,0,0
Três Passos,Três Passos,2020-04-08,0,0,0,0
Três Passos,Três Passos,2020-04-09,0,0,0,0
Três Passos,Três Passos,2020-04-10,0,0,0,0
Três Passos,Três Passos,2020-04-11,0,0,0,0
Três Passos,Três Passos,2020-04-12,0,0,0,0
Três Passos,Três Passos,2020-04-13,0,0,0,0
Três Passos,Três Passos,2020-04-14,0,0,0,0
Três Passos,Três Passos,2020-04-15,0,0,0,0
Três Passos,Três Passos,2020-04-16,0,0,0,0
Três Passos,Três Passos,2020-04-17,0,0,0,0
Três Passos,Três Passos,2020-04-18,0,0,0,0
Três Passos,Três Passos,2020-04-19,0,0,0,0
Três Passos,Três Passos,2020-04-20,0,0,0,0
Três Passos,Três Passos,2020-04-21,0,0,0,0
Três Passos,Três Passos,2020-04-22,0,0,0,0
Três Passos,Três Passos,2020-04-23,0,0,0,0
Três Passos,Três Passos,2020-04-24,0,0,0,0
Três Passos,Três Passos,2020-04-25,0,0,0,0
Três Passos,Três Passos,2020-04-26,0,0,0,0
Três Passos,Três Passos,2020-04-27,0,0,0,0
Três Passos,Três Passos,2020-04-28,0,0,0,0
Três Passos,Três Passos,2020-04-29,0,0,0,0
Três Passos,Três Passos,2020-04-30,0,0,0,0
Três Passos,Três Passos,2020-05-01,0,0,0,0
Três Passos,Três Passos,2020-05-02,0,0,0,0
Três Passos,Três Passos,2020-05-03,0,0,0,0
Três Passos,Três Passos,2020-05-04,0,0,0,0
Três Passos,Três Passos,2020-05-05,0,0,0,0
Três Passos,Três Passos,2020-05-06,11,11,0,0
Três Passos,Três Passos,2020-05-07,11,0,0,0
Três Passos,Três Passos,2020-05-08,30,19,0,0
Três Passos,Três Passos,2020-05-09,30,0,0,0
Três Passos,Três Passos,2020-05-10,30,0,0,0
Três Passos,Três Passos,2020-05-11,30,0,0,0
Três Passos,Três Passos,2020-05-12,33,3,0,0
Três Passos,Três Passos,2020-05-13,33,0,0,0
Três Passos,Três Passos,2020-05-14,33,0,0,0
Três Passos,Três Passos,2020-05-15,38,5,0,0
Três Passos,Três Passos,2020-05-16,38,0,0,0
Três Passos,Três Passos,2020-05-17,38,0,0,0
Três Passos,Três Passos,2020-05-18,38,0,0,0
Três Passos,Três Passos,2020-05-19,38,0,0,0
Três Passos,Três Passos,2020-05-20,46,8,0,0
Três Passos,Três Passos,2020-05-21,47,1,0,0
Três Passos,Três Passos,2020-05-22,54,7,0,0
Três Passos,Três Passos,2020-05-23,58,4,0,0
Três Passos,Três Passos,2020-05-24,58,0,0,0
Três Passos,Três Passos,2020-05-25,59,1,0,0
Três Passos,Três Passos,2020-05-26,61,2,0,0
Três Passos,Três Passos,2020-05-27,62,1,0,0
Três Passos,Três Passos,2020-05-28,72,10,0,0
Três Passos,Três Passos,2020-05-29,75,3,0,0
Três Passos,Três Passos,2020-05-30,76,1,0,0
Três Passos,Três Passos,2020-05-31,77,1,0,0
Três Passos,Três Passos,2020-06-01,77,0,0,0
Três Passos,Três Passos,2020-06-02,80,3,0,0
Três Passos,Três Passos,2020-06-03,83,3,0,0
Três Passos,Três Passos,2020-06-04,86,3,0,0
Três Passos,Três Passos,2020-06-05,91,5,0,0
Três Passos,Três Passos,2020-06-06,94,3,0,0
Três Passos,Três Passos,2020-06-07,94,0,0,0
Três Passos,Três Passos,2020-06-08,94,0,0,0
Três Passos,Três Passos,2020-06-09,98,4,0,0
Três Passos,Três Passos,2020-06-10,98,0,0,0
Três Passos,Três Passos,2020-06-11,98,0,0,0
Três Passos,Três Passos,2020-06-12,103,5,0,0
Três Passos,Três Passos,2020-06-13,103,0,0,0
Três Passos,Três Passos,2020-06-14,104,1,0,0
Três Passos,Três Passos,2020-06-15,114,10,0,0
Três Passos,Três Passos,2020-06-16,119,5,1,1
Três Passos,Três Passos,2020-06-17,126,7,1,0
Três Passos,Três Passos,2020-06-18,137,11,1,0
Três Passos,Três Passos,2020-06-19,148,11,1,0
Três Passos,Três Passos,2020-06-20,161,13,1,0
Três Passos,Três Passos,2020-06-21,161,0,1,0
Três Passos,Três Passos,2020-06-22,188,27,1,0
Três Passos,Três Passos,2020-06-23,188,0,2,1
Três Passos,Três Passos,2020-06-24,188,0,2,0
Três Passos,Três Passos,2020-06-25,254,66,2,0
Três Passos,Três Passos,2020-06-26,281,27,2,0
Três Passos,Três Passos,2020-06-27,297,16,2,0
Três Passos,Três Passos,2020-06-28,315,18,2,0
Três Passos,Três Passos,2020-06-29,328,13,2,0
Três Passos,Três Passos,2020-06-30,343,15,3,1
Três Passos,Três Passos,2020-07-01,361,18,3,0
Três Passos,Três Passos,2020-07-02,373,12,3,0
Três Passos,Três Passos,2020-07-03,381,8,3,0
Três Passos,Três Passos,2020-07-04,396,15,3,0
Três Passos,Três Passos,2020-07-05,406,10,3,0
Três Passos,Três Passos,2020-07-06,412,6,4,1
Três Passos,Três Passos,2020-07-07,416,4,4,0
Três Passos,Três Passos,2020-07-08,428,12,4,0
Três Passos,Três Passos,2020-07-09,435,7,4,0
Três Passos,Três Passos,2020-07-10,436,1,5,1
Três Passos,Três Passos,2020-07-11,443,7,5,0
Três Passos,Três Passos,2020-07-12,444,1,5,0
Três Passos,Três Passos,2020-07-13,452,8,5,0
Três Passos,Três Passos,2020-07-14,456,4,5,0
Três Passos,Três Passos,2020-07-15,566,110,5,0
Três Passos,Três Passos,2020-07-16,576,10,5,0
Três Passos,Três Passos,2020-07-17,608,32,7,2
Três Passos,Três Passos,2020-07-18,609,1,7,0
Três Passos,Três Passos,2020-07-19,609,0,7,0
Três Passos,Três Passos,2020-07-20,609,0,7,0
Três Passos,Três Passos,2020-07-21,615,6,7,0
Três Passos,Três Passos,2020-07-22,663,48,7,0
Três Passos,Três Passos,2020-07-23,674,11,7,0
Três Passos,Três Passos,2020-07-24,684,10,7,0
Três Passos,Três Passos,2020-07-25,704,20,7,0
Três Passos,Três Passos,2020-07-26,704,0,7,0
Três Passos,Três Passos,2020-07-27,704,0,7,0
Três Passos,Três Passos,2020-07-28,717,13,7,0
Três Passos,Três Passos,2020-07-29,721,4,7,0
Três Passos,Três Passos,2020-07-30,751,30,7,0
Três Passos,Três Passos,2020-07-31,752,1,7,0
Três Passos,Três Passos,2020-08-01,770,18,8,1
Três Passos,Três Passos,2020-08-02,770,0,9,1
Três Passos,Três Passos,2020-08-03,779,9,9,0
Três Passos,Três Passos,2020-08-04,782,3,9,0
Três Passos,Três Passos,2020-08-05,798,16,9,0
Três Passos,Três Passos,2020-08-06,800,2,9,0
Três Passos,Três Passos,2020-08-07,802,2,9,0
Três Passos,Três Passos,2020-08-08,809,7,10,1
Três Passos,Três Passos,2020-08-09,812,3,10,0
Três Passos,Três Passos,2020-08-10,812,0,10,0
Três Passos,Três Passos,2020-08-11,816,4,10,0
Três Passos,Três Passos,2020-08-12,820,4,10,0
Três Passos,Três Passos,2020-08-13,825,5,10,0
Três Passos,Três Passos,2020-08-14,836,11,10,0
Três Passos,Três Passos,2020-08-15,840,4,10,0
Três Passos,Três Passos,2020-08-16,840,0,10,0
Três Passos,Três Passos,2020-08-17,839,-1,10,0
Três Passos,Três Passos,2020-08-18,850,11,11,1
Três Passos,Três Passos,2020-08-19,857,7,11,0
Três Passos,Três Passos,2020-08-20,859,2,11,0
Três Passos,Três Passos,2020-08-21,859,0,11,0
Três Passos,Três Passos,2020-08-22,876,17,11,0
Três Passos,Três Passos,2020-08-23,883,7,11,0
Três Passos,Três Passos,2020-08-24,884,1,11,0
Três Passos,Três Passos,2020-08-25,900,16,11,0
Três Passos,Três Passos,2020-08-26,903,3,11,0
Três Passos,Três Passos,2020-08-27,909,6,11,0
Três Passos,Três Passos,2020-08-28,918,9,11,0
Três Passos,Três Passos,2020-08-29,922,4,12,1
Três Passos,Três Passos,2020-08-30,923,1,12,0
Três Passos,Três Passos,2020-08-31,931,8,12,0
Três Passos,Três Passos,2020-09-01,931,0,12,0
Três Passos,Três Passos,2020-09-02,932,1,12,0
Três Passos,Três Passos,2020-09-03,934,2,14,2
Três Passos,Três Passos,2020-09-04,940,6,14,0
Três Passos,Três Passos,2020-09-05,941,1,14,0
Três Passos,Três Passos,2020-09-06,941,0,14,0
Três Passos,Três Passos,2020-09-07,941,0,14,0
Três Passos,Três Passos,2020-09-08,944,3,14,0
Três Passos,Três Passos,2020-09-09,948,4,14,0
Três Passos,Três Passos,2020-09-10,952,4,14,0
Três Passos,Três Passos,2020-09-11,956,4,15,1
Três Passos,Três Passos,2020-09-12,968,12,15,0
Três Passos,Três Passos,2020-09-13,968,0,15,0
Três Passos,Três Passos,2020-09-14,968,0,15,0
Três Passos,Três Passos,2020-09-15,970,2,15,0
Três Passos,Três Passos,2020-09-16,971,1,15,0
Três Passos,Três Passos,2020-09-17,980,9,15,0
Três Passos,Três Passos,2020-09-18,1005,25,18,3
Três Passos,Três Passos,2020-09-19,1007,2,18,0
Três Passos,Três Passos,2020-09-20,1007,0,18,0
Três Passos,Três Passos,2020-09-21,1007,0,19,1
Três Passos,Três Passos,2020-09-22,1007,0,19,0
Três Passos,Três Passos,2020-09-23,1007,0,19,0
Três Passos,Três Passos,2020-09-24,1009,2,19,0
Três Passos,Três Passos,2020-09-25,1012,3,19,0
Três Passos,Três Passos,2020-09-26,1014,2,20,1
Três Passos,Três Passos,2020-09-27,1014,0,20,0
Três Passos,Três Passos,2020-09-28,1014,0,20,0
Três Passos,Três Passos,2020-09-29,1015,1,21,1
Três Passos,Três Passos,2020-09-30,1018,3,21,0
Três Passos,Três Passos,2020-10-01,1020,2,21,0
Três Passos,Três Passos,2020-10-02,1021,1,21,0
Três Passos,Três Passos,2020-10-03,1021,0,21,0
Três Passos,Três Passos,2020-10-04,1021,0,21,0
Três Passos,Três Passos,2020-10-05,1021,0,21,0
Três Passos,Três Passos,2020-10-06,1024,3,21,0
Três Passos,Três Passos,2020-10-07,1024,0,21,0
Três Passos,Três Passos,2020-10-08,1024,0,21,0
Três Passos,Três Passos,2020-10-09,1025,1,21,0
Três Passos,Três Passos,2020-10-10,1028,3,21,0
Três Passos,Três Passos,2020-10-11,1028,0,21,0
Três Passos,Três Passos,2020-10-12,1028,0,21,0
Três Passos,Três Passos,2020-10-13,1028,0,21,0
Três Passos,Três Passos,2020-10-14,1029,1,21,0
Três Passos,Três Passos,2020-10-15,1029,0,21,0
Três Passos,Três Passos,2020-10-16,1029,0,21,0
Três Passos,Três Passos,2020-10-17,1032,3,21,0
Três Passos,Três Passos,2020-10-18,1032,0,21,0
Três Passos,Três Passos,2020-10-19,1032,0,21,0
Três Passos,Três Passos,2020-10-20,1034,2,21,0
Três Passos,Três Passos,2020-10-21,1035,1,21,0
Três Passos,Três Passos,2020-10-22,1035,0,21,0
Três Passos,Três Passos,2020-10-23,1039,4,21,0
Três Passos,Três Passos,2020-10-24,1041,2,21,0
Três Passos,Três Passos,2020-10-25,1041,0,21,0
Três Passos,Três Passos,2020-10-26,1042,1,21,0
Três Passos,Três Passos,2020-10-27,1046,4,21,0
Três Passos,Três Passos,2020-10-28,1046,0,22,1
Três Passos,Três Passos,2020-10-29,1051,5,22,0
Três Passos,Três Passos,2020-10-30,1051,0,22,0
Três Passos,Três Passos,2020-10-31,1055,4,22,0
Três Passos,Três Passos,2020-11-01,1055,0,22,0
Três Passos,Três Passos,2020-11-02,1055,0,22,0
Três Passos,Três Passos,2020-11-03,1055,0,22,0
Três Passos,Três Passos,2020-11-04,1061,6,22,0
Três Passos,Três Passos,2020-11-05,1061,0,22,0
Três Passos,Três Passos,2020-11-06,1063,2,22,0
Três Passos,Três Passos,2020-11-07,1069,6,22,0
Três Passos,Três Passos,2020-11-08,1069,0,22,0
Três Passos,Três Passos,2020-11-09,1070,1,22,0
Três Passos,Três Passos,2020-11-10,1070,0,22,0
Três Passos,Três Passos,2020-11-11,1073,3,22,0
Três Passos,Três Passos,2020-11-12,1079,6,22,0
Três Passos,Três Passos,2020-11-13,1084,5,22,0
Três Passos,Três Passos,2020-11-14,1084,0,22,0
Três Passos,Três Passos,2020-11-15,1084,0,22,0
Três Passos,Três Passos,2020-11-16,1084,0,22,0
Três Passos,Três Passos,2020-11-17,1089,5,22,0
Três Passos,Três Passos,2020-11-18,1091,2,22,0
Três Passos,Três Passos,2020-11-19,1094,3,22,0
Três Passos,Três Passos,2020-11-20,1101,7,22,0
Três Passos,Três Passos,2020-11-21,1104,3,22,0
Três Passos,Três Passos,2020-11-22,1104,0,22,0
Três Passos,Três Passos,2020-11-23,1104,0,22,0
Três Passos,Três Passos,2020-11-24,1111,7,22,0
Três Passos,Três Passos,2020-11-25,1112,1,22,0
Três Passos,Três Passos,2020-11-26,1114,2,22,0
Três Passos,Três Passos,2020-11-27,1121,7,22,0
Três Passos,Três Passos,2020-11-28,1127,6,22,0
Três Passos,Três Passos,2020-11-29,1133,6,22,0
Três Passos,Três Passos,2020-11-30,1133,0,23,1
Três Passos,Três Passos,2020-12-01,1135,2,23,0
Três Passos,Três Passos,2020-12-02,1144,9,23,0
Três Passos,Três Passos,2020-12-03,1144,0,23,0
Três Passos,Três Passos,2020-12-04,1148,4,23,0
Três Passos,Três Passos,2020-12-05,1149,1,23,0
Três Passos,Três Passos,2020-12-06,1149,0,23,0
Três Passos,Três Passos,2020-12-07,1149,0,23,0
Três Passos,Três Passos,2020-12-08,1155,6,23,0
Três Passos,Três Passos,2020-12-09,1155,0,23,0
Três Passos,Três Passos,2020-12-10,1158,3,23,0
Três Passos,Três Passos,2020-12-11,1160,2,23,0
Três Passos,Três Passos,2020-12-12,1166,6,23,0
Três Passos,Três Passos,2020-12-13,1167,1,23,0
Três Passos,Três Passos,2020-12-14,1168,1,23,0
Três Passos,Três Passos,2020-12-15,1169,1,23,0
Três Passos,Três Passos,2020-12-16,1172,3,23,0
Três Passos,Três Passos,2020-12-17,1176,4,23,0
Três Passos,Três Passos,2020-12-18,1179,3,23,0
Três Passos,Três Passos,2020-12-19,1181,2,23,0
Três Passos,Três Passos,2020-12-20,1181,0,23,0
Três Passos,Três Passos,2020-12-21,1181,0,23,0
Três Passos,Três Passos,2020-12-22,1186,5,23,0
Três Passos,Três Passos,2020-12-23,1186,0,23,0
Três Passos,Três Passos,2020-12-24,1195,9,23,0
Três Passos,Três Passos,2020-12-25,1200,5,23,0
Três Passos,Três Passos,2020-12-26,1200,0,23,0
Três Passos,Três Passos,2020-12-27,1200,0,23,0
Três Passos,Três Passos,2020-12-28,1200,0,23,0
Três Passos,Três Passos,2020-12-29,1200,0,23,0
Três Passos,Três Passos,2020-12-30,1204,4,23,0
Três Passos,Três Passos,2020-12-31,1206,2,23,0
Três Passos,Três Passos,2021-01-01,1206,0,23,0
Três Passos,Três Passos,2021-01-02,1206,0,23,0
Três Passos,Três Passos,2021-01-03,1206,0,23,0
Três Passos,Três Passos,2021-01-04,1205,-1,23,0
Três Passos,Três Passos,2021-01-05,1209,4,23,0
Três Passos,Três Passos,2021-01-06,1219,10,23,0
Três Passos,Três Passos,2021-01-07,1232,13,23,0
Três Passos,Três Passos,2021-01-08,1236,4,23,0
Três Passos,Três Passos,2021-01-09,1240,4,23,0
Três Passos,Três Passos,2021-01-10,1240,0,23,0
Três Passos,Três Passos,2021-01-11,1241,1,23,0
Três Passos,Três Passos,2021-01-12,1244,3,23,0
Três Passos,Três Passos,2021-01-13,1252,8,23,0
Três Passos,Três Passos,2021-01-14,1262,10,23,0
Três Passos,Três Passos,2021-01-15,1263,1,23,0
Três Passos,Três Passos,2021-01-16,1263,0,23,0
Três Passos,Três Passos,2021-01-17,1263,0,23,0
Três Passos,Três Passos,2021-01-18,1278,15,23,0
Três Passos,Três Passos,2021-01-19,1284,6,23,0
Três Passos,Três Passos,2021-01-20,1284,0,23,0
Três Passos,Três Passos,2021-01-21,1292,8,23,0
Três Passos,Três Passos,2021-01-22,1295,3,23,0
Três Passos,Três Passos,2021-01-23,1295,0,23,0
Três Passos,Três Passos,2021-01-24,1295,0,23,0
Três Passos,Três Passos,2021-01-25,1309,14,23,0
Três Passos,Três Passos,2021-01-26,1313,4,23,0
Três Passos,Três Passos,2021-01-27,1316,3,23,0
Três Passos,Três Passos,2021-01-28,1329,13,24,1
Três Passos,Três Passos,2021-01-29,1337,8,24,0
Três Passos,Três Passos,2021-01-30,1343,6,25,1
Três Passos,Três Passos,2021-01-31,1344,1,25,0
Três Passos,Três Passos,2021-02-01,1344,0,25,0
Três Passos,Três Passos,2021-02-02,1346,2,25,0
Três Passos,Três Passos,2021-02-03,1346,0,25,0
Três Passos,Três Passos,2021-02-04,1359,13,25,0
Três Passos,Três Passos,2021-02-05,1389,30,25,0
Três Passos,Três Passos,2021-02-06,1389,0,25,0
Três Passos,Três Passos,2021-02-07,1396,7,25,0
Três Passos,Três Passos,2021-02-08,1396,0,25,0
