city,city,date,cases,daily cases,deaths,daily deaths
Tuntum,Tuntum,2020-03-27,0,0,0,0
Tuntum,Tuntum,2020-03-28,0,0,0,0
Tuntum,Tuntum,2020-03-29,0,0,0,0
Tuntum,Tuntum,2020-03-30,0,0,0,0
Tuntum,Tuntum,2020-03-31,0,0,0,0
Tuntum,Tuntum,2020-04-01,0,0,0,0
Tuntum,Tuntum,2020-04-02,0,0,0,0
Tuntum,Tuntum,2020-04-03,0,0,0,0
Tuntum,Tuntum,2020-04-04,0,0,0,0
Tuntum,Tuntum,2020-04-05,0,0,0,0
Tuntum,Tuntum,2020-04-06,0,0,0,0
Tuntum,Tuntum,2020-04-07,0,0,0,0
Tuntum,Tuntum,2020-04-08,0,0,0,0
Tuntum,Tuntum,2020-04-09,0,0,0,0
Tuntum,Tuntum,2020-04-10,0,0,0,0
Tuntum,Tuntum,2020-04-11,0,0,0,0
Tuntum,Tuntum,2020-04-12,0,0,0,0
Tuntum,Tuntum,2020-04-13,0,0,0,0
Tuntum,Tuntum,2020-04-14,0,0,0,0
Tuntum,Tuntum,2020-04-15,0,0,0,0
Tuntum,Tuntum,2020-04-16,0,0,0,0
Tuntum,Tuntum,2020-04-17,0,0,0,0
Tuntum,Tuntum,2020-04-18,1,1,0,0
Tuntum,Tuntum,2020-04-19,1,0,0,0
Tuntum,Tuntum,2020-04-20,1,0,0,0
Tuntum,Tuntum,2020-04-21,1,0,0,0
Tuntum,Tuntum,2020-04-22,1,0,0,0
Tuntum,Tuntum,2020-04-23,1,0,0,0
Tuntum,Tuntum,2020-04-24,1,0,0,0
Tuntum,Tuntum,2020-04-25,1,0,0,0
Tuntum,Tuntum,2020-04-26,2,1,0,0
Tuntum,Tuntum,2020-04-27,2,0,0,0
Tuntum,Tuntum,2020-04-28,2,0,0,0
Tuntum,Tuntum,2020-04-29,2,0,0,0
Tuntum,Tuntum,2020-04-30,2,0,0,0
Tuntum,Tuntum,2020-05-01,2,0,0,0
Tuntum,Tuntum,2020-05-02,2,0,0,0
Tuntum,Tuntum,2020-05-03,2,0,0,0
Tuntum,Tuntum,2020-05-04,2,0,0,0
Tuntum,Tuntum,2020-05-05,2,0,0,0
Tuntum,Tuntum,2020-05-06,2,0,0,0
Tuntum,Tuntum,2020-05-07,2,0,0,0
Tuntum,Tuntum,2020-05-08,3,1,0,0
Tuntum,Tuntum,2020-05-09,6,3,0,0
Tuntum,Tuntum,2020-05-10,6,0,0,0
Tuntum,Tuntum,2020-05-11,6,0,0,0
Tuntum,Tuntum,2020-05-12,9,3,0,0
Tuntum,Tuntum,2020-05-13,11,2,0,0
Tuntum,Tuntum,2020-05-14,23,12,0,0
Tuntum,Tuntum,2020-05-15,35,12,0,0
Tuntum,Tuntum,2020-05-16,35,0,0,0
Tuntum,Tuntum,2020-05-17,35,0,0,0
Tuntum,Tuntum,2020-05-18,35,0,0,0
Tuntum,Tuntum,2020-05-19,35,0,0,0
Tuntum,Tuntum,2020-05-20,35,0,0,0
Tuntum,Tuntum,2020-05-21,35,0,0,0
Tuntum,Tuntum,2020-05-22,53,18,0,0
Tuntum,Tuntum,2020-05-23,53,0,0,0
Tuntum,Tuntum,2020-05-24,53,0,0,0
Tuntum,Tuntum,2020-05-25,53,0,0,0
Tuntum,Tuntum,2020-05-26,53,0,0,0
Tuntum,Tuntum,2020-05-27,53,0,0,0
Tuntum,Tuntum,2020-05-28,53,0,0,0
Tuntum,Tuntum,2020-05-29,71,18,0,0
Tuntum,Tuntum,2020-05-30,96,25,0,0
Tuntum,Tuntum,2020-05-31,97,1,0,0
Tuntum,Tuntum,2020-06-01,97,0,0,0
Tuntum,Tuntum,2020-06-02,103,6,0,0
Tuntum,Tuntum,2020-06-03,118,15,0,0
Tuntum,Tuntum,2020-06-04,140,22,0,0
Tuntum,Tuntum,2020-06-05,159,19,1,1
Tuntum,Tuntum,2020-06-06,176,17,1,0
Tuntum,Tuntum,2020-06-07,176,0,1,0
Tuntum,Tuntum,2020-06-08,188,12,1,0
Tuntum,Tuntum,2020-06-09,184,-4,1,0
Tuntum,Tuntum,2020-06-10,187,3,1,0
Tuntum,Tuntum,2020-06-11,213,26,1,0
Tuntum,Tuntum,2020-06-12,228,15,1,0
Tuntum,Tuntum,2020-06-13,244,16,1,0
Tuntum,Tuntum,2020-06-14,272,28,1,0
Tuntum,Tuntum,2020-06-15,275,3,1,0
Tuntum,Tuntum,2020-06-16,290,15,1,0
Tuntum,Tuntum,2020-06-17,329,39,1,0
Tuntum,Tuntum,2020-06-18,330,1,2,1
Tuntum,Tuntum,2020-06-19,375,45,2,0
Tuntum,Tuntum,2020-06-20,392,17,2,0
Tuntum,Tuntum,2020-06-21,392,0,2,0
Tuntum,Tuntum,2020-06-22,392,0,2,0
Tuntum,Tuntum,2020-06-23,426,34,2,0
Tuntum,Tuntum,2020-06-24,454,28,2,0
Tuntum,Tuntum,2020-06-25,479,25,2,0
Tuntum,Tuntum,2020-06-26,502,23,2,0
Tuntum,Tuntum,2020-06-27,516,14,2,0
Tuntum,Tuntum,2020-06-28,516,0,2,0
Tuntum,Tuntum,2020-06-29,519,3,2,0
Tuntum,Tuntum,2020-06-30,519,0,2,0
Tuntum,Tuntum,2020-07-01,521,2,2,0
Tuntum,Tuntum,2020-07-02,566,45,2,0
Tuntum,Tuntum,2020-07-03,573,7,2,0
Tuntum,Tuntum,2020-07-04,593,20,2,0
Tuntum,Tuntum,2020-07-05,593,0,2,0
Tuntum,Tuntum,2020-07-06,593,0,2,0
Tuntum,Tuntum,2020-07-07,608,15,2,0
Tuntum,Tuntum,2020-07-08,608,0,2,0
Tuntum,Tuntum,2020-07-09,625,17,2,0
Tuntum,Tuntum,2020-07-10,653,28,2,0
Tuntum,Tuntum,2020-07-11,660,7,3,1
Tuntum,Tuntum,2020-07-12,660,0,3,0
Tuntum,Tuntum,2020-07-13,661,1,3,0
Tuntum,Tuntum,2020-07-14,675,14,3,0
Tuntum,Tuntum,2020-07-15,704,29,3,0
Tuntum,Tuntum,2020-07-16,740,36,3,0
Tuntum,Tuntum,2020-07-17,741,1,4,1
Tuntum,Tuntum,2020-07-18,741,0,4,0
Tuntum,Tuntum,2020-07-19,742,1,5,1
Tuntum,Tuntum,2020-07-20,742,0,5,0
Tuntum,Tuntum,2020-07-21,742,0,6,1
Tuntum,Tuntum,2020-07-22,808,66,6,0
Tuntum,Tuntum,2020-07-23,844,36,6,0
Tuntum,Tuntum,2020-07-24,865,21,6,0
Tuntum,Tuntum,2020-07-25,882,17,6,0
Tuntum,Tuntum,2020-07-26,882,0,6,0
Tuntum,Tuntum,2020-07-27,882,0,6,0
Tuntum,Tuntum,2020-07-28,895,13,6,0
Tuntum,Tuntum,2020-07-29,906,11,6,0
Tuntum,Tuntum,2020-07-30,935,29,6,0
Tuntum,Tuntum,2020-07-31,956,21,6,0
Tuntum,Tuntum,2020-08-01,972,16,6,0
Tuntum,Tuntum,2020-08-02,972,0,6,0
Tuntum,Tuntum,2020-08-03,972,0,6,0
Tuntum,Tuntum,2020-08-04,981,9,6,0
Tuntum,Tuntum,2020-08-05,995,14,6,0
Tuntum,Tuntum,2020-08-06,1022,27,6,0
Tuntum,Tuntum,2020-08-07,1050,28,6,0
Tuntum,Tuntum,2020-08-08,1058,8,6,0
Tuntum,Tuntum,2020-08-09,1059,1,6,0
Tuntum,Tuntum,2020-08-10,1059,0,6,0
Tuntum,Tuntum,2020-08-11,1072,13,6,0
Tuntum,Tuntum,2020-08-12,1089,17,6,0
Tuntum,Tuntum,2020-08-13,1093,4,6,0
Tuntum,Tuntum,2020-08-14,1098,5,6,0
Tuntum,Tuntum,2020-08-15,1119,21,6,0
Tuntum,Tuntum,2020-08-16,1122,3,6,0
Tuntum,Tuntum,2020-08-17,1129,7,6,0
Tuntum,Tuntum,2020-08-18,1139,10,6,0
Tuntum,Tuntum,2020-08-19,1148,9,6,0
Tuntum,Tuntum,2020-08-20,1166,18,6,0
Tuntum,Tuntum,2020-08-21,1174,8,6,0
Tuntum,Tuntum,2020-08-22,1175,1,6,0
Tuntum,Tuntum,2020-08-23,1175,0,6,0
Tuntum,Tuntum,2020-08-24,1175,0,6,0
Tuntum,Tuntum,2020-08-25,1177,2,6,0
Tuntum,Tuntum,2020-08-26,1214,37,6,0
Tuntum,Tuntum,2020-08-27,1230,16,6,0
Tuntum,Tuntum,2020-08-28,1251,21,6,0
Tuntum,Tuntum,2020-08-29,1251,0,6,0
Tuntum,Tuntum,2020-08-30,1252,1,6,0
Tuntum,Tuntum,2020-08-31,1252,0,6,0
Tuntum,Tuntum,2020-09-01,1260,8,6,0
Tuntum,Tuntum,2020-09-02,1260,0,6,0
Tuntum,Tuntum,2020-09-03,1276,16,6,0
Tuntum,Tuntum,2020-09-04,1294,18,6,0
Tuntum,Tuntum,2020-09-05,1302,8,6,0
Tuntum,Tuntum,2020-09-06,1302,0,6,0
Tuntum,Tuntum,2020-09-07,1306,4,6,0
Tuntum,Tuntum,2020-09-08,1311,5,6,0
Tuntum,Tuntum,2020-09-09,1323,12,6,0
Tuntum,Tuntum,2020-09-10,1335,12,6,0
Tuntum,Tuntum,2020-09-11,1338,3,6,0
Tuntum,Tuntum,2020-09-12,1338,0,6,0
Tuntum,Tuntum,2020-09-13,1338,0,6,0
Tuntum,Tuntum,2020-09-14,1344,6,6,0
Tuntum,Tuntum,2020-09-15,1355,11,6,0
Tuntum,Tuntum,2020-09-16,1360,5,6,0
Tuntum,Tuntum,2020-09-17,1365,5,6,0
Tuntum,Tuntum,2020-09-18,1367,2,6,0
Tuntum,Tuntum,2020-09-19,1368,1,6,0
Tuntum,Tuntum,2020-09-20,1370,2,6,0
Tuntum,Tuntum,2020-09-21,1372,2,6,0
Tuntum,Tuntum,2020-09-22,1377,5,6,0
Tuntum,Tuntum,2020-09-23,1381,4,6,0
Tuntum,Tuntum,2020-09-24,1381,0,6,0
Tuntum,Tuntum,2020-09-25,1386,5,6,0
Tuntum,Tuntum,2020-09-26,1386,0,6,0
Tuntum,Tuntum,2020-09-27,1386,0,6,0
Tuntum,Tuntum,2020-09-28,1386,0,6,0
Tuntum,Tuntum,2020-09-29,1386,0,6,0
Tuntum,Tuntum,2020-09-30,1398,12,6,0
Tuntum,Tuntum,2020-10-01,1401,3,6,0
Tuntum,Tuntum,2020-10-02,1402,1,6,0
Tuntum,Tuntum,2020-10-03,1408,6,6,0
Tuntum,Tuntum,2020-10-04,1408,0,6,0
Tuntum,Tuntum,2020-10-05,1408,0,6,0
Tuntum,Tuntum,2020-10-06,1408,0,6,0
Tuntum,Tuntum,2020-10-07,1414,6,6,0
Tuntum,Tuntum,2020-10-08,1414,0,6,0
Tuntum,Tuntum,2020-10-09,1414,0,6,0
Tuntum,Tuntum,2020-10-10,1414,0,6,0
Tuntum,Tuntum,2020-10-11,1414,0,6,0
Tuntum,Tuntum,2020-10-12,1414,0,6,0
Tuntum,Tuntum,2020-10-13,1414,0,6,0
Tuntum,Tuntum,2020-10-14,1416,2,6,0
Tuntum,Tuntum,2020-10-15,1418,2,6,0
Tuntum,Tuntum,2020-10-16,1421,3,6,0
Tuntum,Tuntum,2020-10-17,1421,0,6,0
Tuntum,Tuntum,2020-10-18,1421,0,6,0
Tuntum,Tuntum,2020-10-19,1421,0,6,0
Tuntum,Tuntum,2020-10-20,1421,0,6,0
Tuntum,Tuntum,2020-10-21,1421,0,6,0
Tuntum,Tuntum,2020-10-22,1425,4,6,0
Tuntum,Tuntum,2020-10-23,1426,1,6,0
Tuntum,Tuntum,2020-10-24,1426,0,6,0
Tuntum,Tuntum,2020-10-25,1426,0,6,0
Tuntum,Tuntum,2020-10-26,1426,0,6,0
Tuntum,Tuntum,2020-10-27,1427,1,6,0
Tuntum,Tuntum,2020-10-28,1428,1,6,0
Tuntum,Tuntum,2020-10-29,1428,0,6,0
Tuntum,Tuntum,2020-10-30,1428,0,6,0
Tuntum,Tuntum,2020-10-31,1428,0,6,0
Tuntum,Tuntum,2020-11-01,1428,0,6,0
Tuntum,Tuntum,2020-11-02,1428,0,6,0
Tuntum,Tuntum,2020-11-03,1428,0,6,0
Tuntum,Tuntum,2020-11-04,1428,0,6,0
Tuntum,Tuntum,2020-11-05,1428,0,6,0
Tuntum,Tuntum,2020-11-06,1429,1,6,0
Tuntum,Tuntum,2020-11-07,1429,0,6,0
Tuntum,Tuntum,2020-11-08,1429,0,6,0
Tuntum,Tuntum,2020-11-09,1429,0,6,0
Tuntum,Tuntum,2020-11-10,1429,0,6,0
Tuntum,Tuntum,2020-11-11,1430,1,6,0
Tuntum,Tuntum,2020-11-12,1430,0,6,0
Tuntum,Tuntum,2020-11-13,1430,0,6,0
Tuntum,Tuntum,2020-11-14,1430,0,6,0
Tuntum,Tuntum,2020-11-15,1430,0,6,0
Tuntum,Tuntum,2020-11-16,1430,0,6,0
Tuntum,Tuntum,2020-11-17,1430,0,6,0
Tuntum,Tuntum,2020-11-18,1430,0,6,0
Tuntum,Tuntum,2020-11-19,1430,0,6,0
Tuntum,Tuntum,2020-11-20,1430,0,6,0
Tuntum,Tuntum,2020-11-21,1430,0,6,0
Tuntum,Tuntum,2020-11-22,1430,0,6,0
Tuntum,Tuntum,2020-11-23,1430,0,6,0
Tuntum,Tuntum,2020-11-24,1430,0,6,0
Tuntum,Tuntum,2020-11-25,1432,2,6,0
Tuntum,Tuntum,2020-11-26,1432,0,6,0
Tuntum,Tuntum,2020-11-27,1432,0,6,0
Tuntum,Tuntum,2020-11-28,1432,0,6,0
Tuntum,Tuntum,2020-11-29,1432,0,6,0
Tuntum,Tuntum,2020-11-30,1432,0,6,0
Tuntum,Tuntum,2020-12-01,1432,0,6,0
Tuntum,Tuntum,2020-12-02,1432,0,6,0
Tuntum,Tuntum,2020-12-03,1432,0,6,0
Tuntum,Tuntum,2020-12-04,1432,0,6,0
Tuntum,Tuntum,2020-12-05,1432,0,6,0
Tuntum,Tuntum,2020-12-06,1432,0,6,0
Tuntum,Tuntum,2020-12-07,1432,0,6,0
Tuntum,Tuntum,2020-12-08,1432,0,6,0
Tuntum,Tuntum,2020-12-09,1432,0,6,0
Tuntum,Tuntum,2020-12-10,1432,0,6,0
Tuntum,Tuntum,2020-12-11,1432,0,6,0
Tuntum,Tuntum,2020-12-12,1432,0,6,0
Tuntum,Tuntum,2020-12-13,1432,0,6,0
Tuntum,Tuntum,2020-12-14,1432,0,6,0
Tuntum,Tuntum,2020-12-15,1432,0,6,0
Tuntum,Tuntum,2020-12-16,1432,0,6,0
Tuntum,Tuntum,2020-12-17,1432,0,6,0
Tuntum,Tuntum,2020-12-18,1432,0,6,0
Tuntum,Tuntum,2020-12-19,1432,0,6,0
Tuntum,Tuntum,2020-12-20,1432,0,6,0
Tuntum,Tuntum,2020-12-21,1432,0,6,0
Tuntum,Tuntum,2020-12-22,1432,0,6,0
Tuntum,Tuntum,2020-12-23,1432,0,6,0
Tuntum,Tuntum,2020-12-24,1432,0,6,0
Tuntum,Tuntum,2020-12-25,1432,0,6,0
Tuntum,Tuntum,2020-12-26,1432,0,6,0
Tuntum,Tuntum,2020-12-27,1432,0,6,0
Tuntum,Tuntum,2020-12-28,1432,0,6,0
Tuntum,Tuntum,2020-12-29,1432,0,6,0
Tuntum,Tuntum,2020-12-30,1432,0,6,0
Tuntum,Tuntum,2020-12-31,1432,0,6,0
Tuntum,Tuntum,2021-01-01,1432,0,6,0
Tuntum,Tuntum,2021-01-02,1432,0,6,0
Tuntum,Tuntum,2021-01-03,1432,0,6,0
Tuntum,Tuntum,2021-01-04,1432,0,6,0
Tuntum,Tuntum,2021-01-05,1432,0,6,0
Tuntum,Tuntum,2021-01-06,1432,0,6,0
Tuntum,Tuntum,2021-01-07,1432,0,6,0
Tuntum,Tuntum,2021-01-08,1432,0,6,0
Tuntum,Tuntum,2021-01-09,1432,0,6,0
Tuntum,Tuntum,2021-01-10,1432,0,6,0
Tuntum,Tuntum,2021-01-11,1432,0,6,0
Tuntum,Tuntum,2021-01-12,1432,0,6,0
Tuntum,Tuntum,2021-01-13,1432,0,6,0
Tuntum,Tuntum,2021-01-14,1432,0,6,0
Tuntum,Tuntum,2021-01-15,1432,0,6,0
Tuntum,Tuntum,2021-01-16,1432,0,6,0
Tuntum,Tuntum,2021-01-17,1432,0,6,0
Tuntum,Tuntum,2021-01-18,1432,0,6,0
Tuntum,Tuntum,2021-01-19,1432,0,6,0
Tuntum,Tuntum,2021-01-20,1432,0,6,0
Tuntum,Tuntum,2021-01-21,1432,0,6,0
Tuntum,Tuntum,2021-01-22,1432,0,6,0
Tuntum,Tuntum,2021-01-23,1432,0,6,0
Tuntum,Tuntum,2021-01-24,1432,0,6,0
Tuntum,Tuntum,2021-01-25,1432,0,6,0
Tuntum,Tuntum,2021-01-26,1433,1,6,0
Tuntum,Tuntum,2021-01-27,1433,0,6,0
Tuntum,Tuntum,2021-01-28,1435,2,6,0
Tuntum,Tuntum,2021-01-29,1435,0,6,0
Tuntum,Tuntum,2021-01-30,1437,2,6,0
Tuntum,Tuntum,2021-01-31,1437,0,6,0
Tuntum,Tuntum,2021-02-01,1437,0,6,0
Tuntum,Tuntum,2021-02-02,1439,2,6,0
Tuntum,Tuntum,2021-02-03,1452,13,6,0
Tuntum,Tuntum,2021-02-04,1453,1,6,0
Tuntum,Tuntum,2021-02-05,1453,0,6,0
Tuntum,Tuntum,2021-02-06,1454,1,7,1
Tuntum,Tuntum,2021-02-07,1454,0,7,0
Tuntum,Tuntum,2021-02-08,1454,0,7,0
