city,city,date,cases,daily cases,deaths,daily deaths
Turilândia,Turilândia,2020-03-27,0,0,0,0
Turilândia,Turilândia,2020-03-28,0,0,0,0
Turilândia,Turilândia,2020-03-29,0,0,0,0
Turilândia,Turilândia,2020-03-30,0,0,0,0
Turilândia,Turilândia,2020-03-31,0,0,0,0
Turilândia,Turilândia,2020-04-01,0,0,0,0
Turilândia,Turilândia,2020-04-02,0,0,0,0
Turilândia,Turilândia,2020-04-03,0,0,0,0
Turilândia,Turilândia,2020-04-04,0,0,0,0
Turilândia,Turilândia,2020-04-05,0,0,0,0
Turilândia,Turilândia,2020-04-06,0,0,0,0
Turilândia,Turilândia,2020-04-07,0,0,0,0
Turilândia,Turilândia,2020-04-08,0,0,0,0
Turilândia,Turilândia,2020-04-09,0,0,0,0
Turilândia,Turilândia,2020-04-10,0,0,0,0
Turilândia,Turilândia,2020-04-11,0,0,0,0
Turilândia,Turilândia,2020-04-12,0,0,0,0
Turilândia,Turilândia,2020-04-13,0,0,0,0
Turilândia,Turilândia,2020-04-14,0,0,0,0
Turilândia,Turilândia,2020-04-15,0,0,0,0
Turilândia,Turilândia,2020-04-16,0,0,0,0
Turilândia,Turilândia,2020-04-17,0,0,0,0
Turilândia,Turilândia,2020-04-18,0,0,0,0
Turilândia,Turilândia,2020-04-19,0,0,0,0
Turilândia,Turilândia,2020-04-20,0,0,0,0
Turilândia,Turilândia,2020-04-21,0,0,0,0
Turilândia,Turilândia,2020-04-22,0,0,0,0
Turilândia,Turilândia,2020-04-23,0,0,0,0
Turilândia,Turilândia,2020-04-24,0,0,0,0
Turilândia,Turilândia,2020-04-25,0,0,0,0
Turilândia,Turilândia,2020-04-26,0,0,0,0
Turilândia,Turilândia,2020-04-27,0,0,0,0
Turilândia,Turilândia,2020-04-28,0,0,0,0
Turilândia,Turilândia,2020-04-29,0,0,0,0
Turilândia,Turilândia,2020-04-30,0,0,0,0
Turilândia,Turilândia,2020-05-01,0,0,0,0
Turilândia,Turilândia,2020-05-02,0,0,0,0
Turilândia,Turilândia,2020-05-03,0,0,0,0
Turilândia,Turilândia,2020-05-04,0,0,0,0
Turilândia,Turilândia,2020-05-05,0,0,0,0
Turilândia,Turilândia,2020-05-06,0,0,0,0
Turilândia,Turilândia,2020-05-07,0,0,0,0
Turilândia,Turilândia,2020-05-08,16,16,0,0
Turilândia,Turilândia,2020-05-09,16,0,0,0
Turilândia,Turilândia,2020-05-10,36,20,0,0
Turilândia,Turilândia,2020-05-11,36,0,0,0
Turilândia,Turilândia,2020-05-12,37,1,0,0
Turilândia,Turilândia,2020-05-13,37,0,0,0
Turilândia,Turilândia,2020-05-14,40,3,0,0
Turilândia,Turilândia,2020-05-15,40,0,0,0
Turilândia,Turilândia,2020-05-16,40,0,0,0
Turilândia,Turilândia,2020-05-17,40,0,0,0
Turilândia,Turilândia,2020-05-18,74,34,0,0
Turilândia,Turilândia,2020-05-19,75,1,0,0
Turilândia,Turilândia,2020-05-20,75,0,0,0
Turilândia,Turilândia,2020-05-21,75,0,0,0
Turilândia,Turilândia,2020-05-22,92,17,0,0
Turilândia,Turilândia,2020-05-23,93,1,0,0
Turilândia,Turilândia,2020-05-24,93,0,0,0
Turilândia,Turilândia,2020-05-25,93,0,0,0
Turilândia,Turilândia,2020-05-26,103,10,0,0
Turilândia,Turilândia,2020-05-27,103,0,0,0
Turilândia,Turilândia,2020-05-28,103,0,1,1
Turilândia,Turilândia,2020-05-29,104,1,1,0
Turilândia,Turilândia,2020-05-30,104,0,1,0
Turilândia,Turilândia,2020-05-31,104,0,1,0
Turilândia,Turilândia,2020-06-01,104,0,1,0
Turilândia,Turilândia,2020-06-02,178,74,1,0
Turilândia,Turilândia,2020-06-03,187,9,1,0
Turilândia,Turilândia,2020-06-04,189,2,1,0
Turilândia,Turilândia,2020-06-05,190,1,1,0
Turilândia,Turilândia,2020-06-06,190,0,1,0
Turilândia,Turilândia,2020-06-07,190,0,1,0
Turilândia,Turilândia,2020-06-08,191,1,1,0
Turilândia,Turilândia,2020-06-09,191,0,1,0
Turilândia,Turilândia,2020-06-10,193,2,1,0
Turilândia,Turilândia,2020-06-11,193,0,1,0
Turilândia,Turilândia,2020-06-12,193,0,1,0
Turilândia,Turilândia,2020-06-13,193,0,1,0
Turilândia,Turilândia,2020-06-14,206,13,1,0
Turilândia,Turilândia,2020-06-15,208,2,1,0
Turilândia,Turilândia,2020-06-16,215,7,1,0
Turilândia,Turilândia,2020-06-17,218,3,1,0
Turilândia,Turilândia,2020-06-18,221,3,1,0
Turilândia,Turilândia,2020-06-19,222,1,1,0
Turilândia,Turilândia,2020-06-20,222,0,1,0
Turilândia,Turilândia,2020-06-21,222,0,1,0
Turilândia,Turilândia,2020-06-22,222,0,1,0
Turilândia,Turilândia,2020-06-23,227,5,2,1
Turilândia,Turilândia,2020-06-24,239,12,2,0
Turilândia,Turilândia,2020-06-25,241,2,2,0
Turilândia,Turilândia,2020-06-26,243,2,2,0
Turilândia,Turilândia,2020-06-27,243,0,2,0
Turilândia,Turilândia,2020-06-28,243,0,2,0
Turilândia,Turilândia,2020-06-29,243,0,2,0
Turilândia,Turilândia,2020-06-30,249,6,2,0
Turilândia,Turilândia,2020-07-01,250,1,2,0
Turilândia,Turilândia,2020-07-02,254,4,2,0
Turilândia,Turilândia,2020-07-03,257,3,3,1
Turilândia,Turilândia,2020-07-04,257,0,3,0
Turilândia,Turilândia,2020-07-05,257,0,3,0
Turilândia,Turilândia,2020-07-06,257,0,3,0
Turilândia,Turilândia,2020-07-07,259,2,3,0
Turilândia,Turilândia,2020-07-08,259,0,3,0
Turilândia,Turilândia,2020-07-09,266,7,3,0
Turilândia,Turilândia,2020-07-10,267,1,3,0
Turilândia,Turilândia,2020-07-11,267,0,3,0
Turilândia,Turilândia,2020-07-12,267,0,3,0
Turilândia,Turilândia,2020-07-13,267,0,3,0
Turilândia,Turilândia,2020-07-14,270,3,3,0
Turilândia,Turilândia,2020-07-15,272,2,3,0
Turilândia,Turilândia,2020-07-16,275,3,3,0
Turilândia,Turilândia,2020-07-17,282,7,4,1
Turilândia,Turilândia,2020-07-18,282,0,4,0
Turilândia,Turilândia,2020-07-19,282,0,4,0
Turilândia,Turilândia,2020-07-20,282,0,4,0
Turilândia,Turilândia,2020-07-21,286,4,4,0
Turilândia,Turilândia,2020-07-22,287,1,4,0
Turilândia,Turilândia,2020-07-23,292,5,4,0
Turilândia,Turilândia,2020-07-24,292,0,4,0
Turilândia,Turilândia,2020-07-25,292,0,4,0
Turilândia,Turilândia,2020-07-26,292,0,4,0
Turilândia,Turilândia,2020-07-27,294,2,4,0
Turilândia,Turilândia,2020-07-28,297,3,4,0
Turilândia,Turilândia,2020-07-29,297,0,4,0
Turilândia,Turilândia,2020-07-30,299,2,4,0
Turilândia,Turilândia,2020-07-31,300,1,4,0
Turilândia,Turilândia,2020-08-01,300,0,4,0
Turilândia,Turilândia,2020-08-02,300,0,4,0
Turilândia,Turilândia,2020-08-03,300,0,4,0
Turilândia,Turilândia,2020-08-04,300,0,4,0
Turilândia,Turilândia,2020-08-05,300,0,4,0
Turilândia,Turilândia,2020-08-06,301,1,4,0
Turilândia,Turilândia,2020-08-07,301,0,4,0
Turilândia,Turilândia,2020-08-08,301,0,4,0
Turilândia,Turilândia,2020-08-09,301,0,4,0
Turilândia,Turilândia,2020-08-10,301,0,4,0
Turilândia,Turilândia,2020-08-11,301,0,4,0
Turilândia,Turilândia,2020-08-12,301,0,4,0
Turilândia,Turilândia,2020-08-13,301,0,4,0
Turilândia,Turilândia,2020-08-14,301,0,4,0
Turilândia,Turilândia,2020-08-15,301,0,4,0
Turilândia,Turilândia,2020-08-16,301,0,4,0
Turilândia,Turilândia,2020-08-17,301,0,4,0
Turilândia,Turilândia,2020-08-18,302,1,4,0
Turilândia,Turilândia,2020-08-19,304,2,4,0
Turilândia,Turilândia,2020-08-20,304,0,4,0
Turilândia,Turilândia,2020-08-21,304,0,4,0
Turilândia,Turilândia,2020-08-22,304,0,4,0
Turilândia,Turilândia,2020-08-23,305,1,4,0
Turilândia,Turilândia,2020-08-24,305,0,4,0
Turilândia,Turilândia,2020-08-25,305,0,4,0
Turilândia,Turilândia,2020-08-26,307,2,4,0
Turilândia,Turilândia,2020-08-27,308,1,4,0
Turilândia,Turilândia,2020-08-28,308,0,4,0
Turilândia,Turilândia,2020-08-29,308,0,4,0
Turilândia,Turilândia,2020-08-30,309,1,5,1
Turilândia,Turilândia,2020-08-31,309,0,5,0
Turilândia,Turilândia,2020-09-01,309,0,5,0
Turilândia,Turilândia,2020-09-02,310,1,5,0
Turilândia,Turilândia,2020-09-03,310,0,5,0
Turilândia,Turilândia,2020-09-04,311,1,5,0
Turilândia,Turilândia,2020-09-05,311,0,5,0
Turilândia,Turilândia,2020-09-06,311,0,5,0
Turilândia,Turilândia,2020-09-07,312,1,5,0
Turilândia,Turilândia,2020-09-08,314,2,5,0
Turilândia,Turilândia,2020-09-09,314,0,5,0
Turilândia,Turilândia,2020-09-10,314,0,5,0
Turilândia,Turilândia,2020-09-11,314,0,5,0
Turilândia,Turilândia,2020-09-12,314,0,5,0
Turilândia,Turilândia,2020-09-13,314,0,5,0
Turilândia,Turilândia,2020-09-14,314,0,5,0
Turilândia,Turilândia,2020-09-15,314,0,5,0
Turilândia,Turilândia,2020-09-16,314,0,5,0
Turilândia,Turilândia,2020-09-17,316,2,5,0
Turilândia,Turilândia,2020-09-18,316,0,5,0
Turilândia,Turilândia,2020-09-19,316,0,5,0
Turilândia,Turilândia,2020-09-20,316,0,5,0
Turilândia,Turilândia,2020-09-21,316,0,5,0
Turilândia,Turilândia,2020-09-22,316,0,5,0
Turilândia,Turilândia,2020-09-23,319,3,5,0
Turilândia,Turilândia,2020-09-24,319,0,5,0
Turilândia,Turilândia,2020-09-25,319,0,5,0
Turilândia,Turilândia,2020-09-26,319,0,5,0
Turilândia,Turilândia,2020-09-27,319,0,5,0
Turilândia,Turilândia,2020-09-28,319,0,5,0
Turilândia,Turilândia,2020-09-29,319,0,5,0
Turilândia,Turilândia,2020-09-30,319,0,5,0
Turilândia,Turilândia,2020-10-01,321,2,5,0
Turilândia,Turilândia,2020-10-02,321,0,5,0
Turilândia,Turilândia,2020-10-03,321,0,5,0
Turilândia,Turilândia,2020-10-04,321,0,5,0
Turilândia,Turilândia,2020-10-05,321,0,5,0
Turilândia,Turilândia,2020-10-06,321,0,5,0
Turilândia,Turilândia,2020-10-07,322,1,5,0
Turilândia,Turilândia,2020-10-08,323,1,5,0
Turilândia,Turilândia,2020-10-09,323,0,5,0
Turilândia,Turilândia,2020-10-10,323,0,5,0
Turilândia,Turilândia,2020-10-11,322,-1,5,0
Turilândia,Turilândia,2020-10-12,322,0,5,0
Turilândia,Turilândia,2020-10-13,322,0,5,0
Turilândia,Turilândia,2020-10-14,322,0,5,0
Turilândia,Turilândia,2020-10-15,322,0,5,0
Turilândia,Turilândia,2020-10-16,322,0,5,0
Turilândia,Turilândia,2020-10-17,322,0,5,0
Turilândia,Turilândia,2020-10-18,322,0,5,0
Turilândia,Turilândia,2020-10-19,322,0,5,0
Turilândia,Turilândia,2020-10-20,322,0,5,0
Turilândia,Turilândia,2020-10-21,322,0,5,0
Turilândia,Turilândia,2020-10-22,322,0,5,0
Turilândia,Turilândia,2020-10-23,322,0,5,0
Turilândia,Turilândia,2020-10-24,322,0,5,0
Turilândia,Turilândia,2020-10-25,322,0,5,0
Turilândia,Turilândia,2020-10-26,323,1,5,0
Turilândia,Turilândia,2020-10-27,323,0,5,0
Turilândia,Turilândia,2020-10-28,323,0,5,0
Turilândia,Turilândia,2020-10-29,323,0,5,0
Turilândia,Turilândia,2020-10-30,323,0,5,0
Turilândia,Turilândia,2020-10-31,323,0,5,0
Turilândia,Turilândia,2020-11-01,323,0,5,0
Turilândia,Turilândia,2020-11-02,323,0,5,0
Turilândia,Turilândia,2020-11-03,323,0,5,0
Turilândia,Turilândia,2020-11-04,323,0,5,0
Turilândia,Turilândia,2020-11-05,323,0,5,0
Turilândia,Turilândia,2020-11-06,323,0,5,0
Turilândia,Turilândia,2020-11-07,323,0,5,0
Turilândia,Turilândia,2020-11-08,323,0,5,0
Turilândia,Turilândia,2020-11-09,323,0,5,0
Turilândia,Turilândia,2020-11-10,323,0,5,0
Turilândia,Turilândia,2020-11-11,323,0,5,0
Turilândia,Turilândia,2020-11-12,323,0,5,0
Turilândia,Turilândia,2020-11-13,323,0,5,0
Turilândia,Turilândia,2020-11-14,323,0,5,0
Turilândia,Turilândia,2020-11-15,323,0,5,0
Turilândia,Turilândia,2020-11-16,323,0,5,0
Turilândia,Turilândia,2020-11-17,323,0,5,0
Turilândia,Turilândia,2020-11-18,323,0,5,0
Turilândia,Turilândia,2020-11-19,323,0,5,0
Turilândia,Turilândia,2020-11-20,323,0,5,0
Turilândia,Turilândia,2020-11-21,323,0,5,0
Turilândia,Turilândia,2020-11-22,323,0,5,0
Turilândia,Turilândia,2020-11-23,323,0,5,0
Turilândia,Turilândia,2020-11-24,323,0,5,0
Turilândia,Turilândia,2020-11-25,323,0,5,0
Turilândia,Turilândia,2020-11-26,323,0,5,0
Turilândia,Turilândia,2020-11-27,323,0,5,0
Turilândia,Turilândia,2020-11-28,323,0,5,0
Turilândia,Turilândia,2020-11-29,323,0,5,0
Turilândia,Turilândia,2020-11-30,323,0,5,0
Turilândia,Turilândia,2020-12-01,323,0,5,0
Turilândia,Turilândia,2020-12-02,323,0,5,0
Turilândia,Turilândia,2020-12-03,323,0,5,0
Turilândia,Turilândia,2020-12-04,323,0,5,0
Turilândia,Turilândia,2020-12-05,323,0,5,0
Turilândia,Turilândia,2020-12-06,323,0,5,0
Turilândia,Turilândia,2020-12-07,323,0,5,0
Turilândia,Turilândia,2020-12-08,323,0,5,0
Turilândia,Turilândia,2020-12-09,323,0,5,0
Turilândia,Turilândia,2020-12-10,323,0,5,0
Turilândia,Turilândia,2020-12-11,323,0,5,0
Turilândia,Turilândia,2020-12-12,323,0,5,0
Turilândia,Turilândia,2020-12-13,323,0,5,0
Turilândia,Turilândia,2020-12-14,323,0,5,0
Turilândia,Turilândia,2020-12-15,323,0,5,0
Turilândia,Turilândia,2020-12-16,324,1,5,0
Turilândia,Turilândia,2020-12-17,324,0,5,0
Turilândia,Turilândia,2020-12-18,324,0,5,0
Turilândia,Turilândia,2020-12-19,324,0,5,0
Turilândia,Turilândia,2020-12-20,324,0,5,0
Turilândia,Turilândia,2020-12-21,324,0,5,0
Turilândia,Turilândia,2020-12-22,324,0,5,0
Turilândia,Turilândia,2020-12-23,324,0,5,0
Turilândia,Turilândia,2020-12-24,324,0,5,0
Turilândia,Turilândia,2020-12-25,324,0,5,0
Turilândia,Turilândia,2020-12-26,324,0,5,0
Turilândia,Turilândia,2020-12-27,324,0,5,0
Turilândia,Turilândia,2020-12-28,324,0,5,0
Turilândia,Turilândia,2020-12-29,324,0,5,0
Turilândia,Turilândia,2020-12-30,324,0,5,0
Turilândia,Turilândia,2020-12-31,324,0,5,0
Turilândia,Turilândia,2021-01-01,325,1,6,1
Turilândia,Turilândia,2021-01-02,325,0,6,0
Turilândia,Turilândia,2021-01-03,325,0,6,0
Turilândia,Turilândia,2021-01-04,325,0,6,0
Turilândia,Turilândia,2021-01-05,325,0,6,0
Turilândia,Turilândia,2021-01-06,325,0,6,0
Turilândia,Turilândia,2021-01-07,325,0,6,0
Turilândia,Turilândia,2021-01-08,325,0,6,0
Turilândia,Turilândia,2021-01-09,325,0,6,0
Turilândia,Turilândia,2021-01-10,325,0,6,0
Turilândia,Turilândia,2021-01-11,325,0,6,0
Turilândia,Turilândia,2021-01-12,325,0,6,0
Turilândia,Turilândia,2021-01-13,325,0,6,0
Turilândia,Turilândia,2021-01-14,325,0,6,0
Turilândia,Turilândia,2021-01-15,325,0,6,0
Turilândia,Turilândia,2021-01-16,325,0,6,0
Turilândia,Turilândia,2021-01-17,325,0,6,0
Turilândia,Turilândia,2021-01-18,325,0,6,0
Turilândia,Turilândia,2021-01-19,325,0,6,0
Turilândia,Turilândia,2021-01-20,325,0,6,0
Turilândia,Turilândia,2021-01-21,325,0,6,0
Turilândia,Turilândia,2021-01-22,325,0,6,0
Turilândia,Turilândia,2021-01-23,325,0,6,0
Turilândia,Turilândia,2021-01-24,325,0,6,0
Turilândia,Turilândia,2021-01-25,325,0,6,0
Turilândia,Turilândia,2021-01-26,325,0,6,0
Turilândia,Turilândia,2021-01-27,325,0,6,0
Turilândia,Turilândia,2021-01-28,325,0,6,0
Turilândia,Turilândia,2021-01-29,325,0,6,0
Turilândia,Turilândia,2021-01-30,325,0,6,0
Turilândia,Turilândia,2021-01-31,325,0,6,0
Turilândia,Turilândia,2021-02-01,325,0,6,0
Turilândia,Turilândia,2021-02-02,325,0,6,0
Turilândia,Turilândia,2021-02-03,325,0,6,0
Turilândia,Turilândia,2021-02-04,325,0,6,0
Turilândia,Turilândia,2021-02-05,332,7,6,0
Turilândia,Turilândia,2021-02-06,345,13,6,0
Turilândia,Turilândia,2021-02-07,346,1,6,0
Turilândia,Turilândia,2021-02-08,346,0,6,0
