city,city,date,cases,daily cases,deaths,daily deaths
Ubá,Ubá,2020-03-27,0,0,0,0
Ubá,Ubá,2020-03-28,0,0,0,0
Ubá,Ubá,2020-03-29,0,0,0,0
Ubá,Ubá,2020-03-30,0,0,0,0
Ubá,Ubá,2020-03-31,0,0,0,0
Ubá,Ubá,2020-04-01,0,0,0,0
Ubá,Ubá,2020-04-02,0,0,0,0
Ubá,Ubá,2020-04-03,0,0,0,0
Ubá,Ubá,2020-04-04,0,0,0,0
Ubá,Ubá,2020-04-05,0,0,0,0
Ubá,Ubá,2020-04-06,1,1,0,0
Ubá,Ubá,2020-04-07,1,0,0,0
Ubá,Ubá,2020-04-08,1,0,0,0
Ubá,Ubá,2020-04-09,1,0,0,0
Ubá,Ubá,2020-04-10,1,0,0,0
Ubá,Ubá,2020-04-11,1,0,0,0
Ubá,Ubá,2020-04-12,4,3,0,0
Ubá,Ubá,2020-04-13,4,0,0,0
Ubá,Ubá,2020-04-14,3,-1,0,0
Ubá,Ubá,2020-04-15,3,0,0,0
Ubá,Ubá,2020-04-16,4,1,0,0
Ubá,Ubá,2020-04-17,4,0,0,0
Ubá,Ubá,2020-04-18,4,0,0,0
Ubá,Ubá,2020-04-19,4,0,0,0
Ubá,Ubá,2020-04-20,4,0,0,0
Ubá,Ubá,2020-04-21,4,0,0,0
Ubá,Ubá,2020-04-22,4,0,0,0
Ubá,Ubá,2020-04-23,4,0,0,0
Ubá,Ubá,2020-04-24,4,0,0,0
Ubá,Ubá,2020-04-25,4,0,0,0
Ubá,Ubá,2020-04-26,4,0,0,0
Ubá,Ubá,2020-04-27,4,0,0,0
Ubá,Ubá,2020-04-28,4,0,0,0
Ubá,Ubá,2020-04-29,4,0,0,0
Ubá,Ubá,2020-04-30,5,1,0,0
Ubá,Ubá,2020-05-01,5,0,0,0
Ubá,Ubá,2020-05-02,5,0,0,0
Ubá,Ubá,2020-05-03,5,0,0,0
Ubá,Ubá,2020-05-04,5,0,0,0
Ubá,Ubá,2020-05-05,5,0,0,0
Ubá,Ubá,2020-05-06,8,3,0,0
Ubá,Ubá,2020-05-07,9,1,0,0
Ubá,Ubá,2020-05-08,9,0,0,0
Ubá,Ubá,2020-05-09,9,0,0,0
Ubá,Ubá,2020-05-10,9,0,0,0
Ubá,Ubá,2020-05-11,9,0,0,0
Ubá,Ubá,2020-05-12,10,1,0,0
Ubá,Ubá,2020-05-13,10,0,0,0
Ubá,Ubá,2020-05-14,11,1,0,0
Ubá,Ubá,2020-05-15,12,1,0,0
Ubá,Ubá,2020-05-16,13,1,0,0
Ubá,Ubá,2020-05-17,15,2,0,0
Ubá,Ubá,2020-05-18,15,0,0,0
Ubá,Ubá,2020-05-19,15,0,0,0
Ubá,Ubá,2020-05-20,16,1,0,0
Ubá,Ubá,2020-05-21,44,28,0,0
Ubá,Ubá,2020-05-22,45,1,0,0
Ubá,Ubá,2020-05-23,45,0,0,0
Ubá,Ubá,2020-05-24,45,0,0,0
Ubá,Ubá,2020-05-25,45,0,0,0
Ubá,Ubá,2020-05-26,45,0,0,0
Ubá,Ubá,2020-05-27,46,1,0,0
Ubá,Ubá,2020-05-28,50,4,0,0
Ubá,Ubá,2020-05-29,51,1,0,0
Ubá,Ubá,2020-05-30,55,4,0,0
Ubá,Ubá,2020-05-31,56,1,0,0
Ubá,Ubá,2020-06-01,56,0,0,0
Ubá,Ubá,2020-06-02,59,3,0,0
Ubá,Ubá,2020-06-03,58,-1,0,0
Ubá,Ubá,2020-06-04,58,0,0,0
Ubá,Ubá,2020-06-05,62,4,1,1
Ubá,Ubá,2020-06-06,69,7,1,0
Ubá,Ubá,2020-06-07,70,1,1,0
Ubá,Ubá,2020-06-08,71,1,1,0
Ubá,Ubá,2020-06-09,73,2,1,0
Ubá,Ubá,2020-06-10,74,1,1,0
Ubá,Ubá,2020-06-11,80,6,1,0
Ubá,Ubá,2020-06-12,80,0,1,0
Ubá,Ubá,2020-06-13,86,6,1,0
Ubá,Ubá,2020-06-14,86,0,2,1
Ubá,Ubá,2020-06-15,86,0,2,0
Ubá,Ubá,2020-06-16,86,0,2,0
Ubá,Ubá,2020-06-17,88,2,2,0
Ubá,Ubá,2020-06-18,89,1,3,1
Ubá,Ubá,2020-06-19,92,3,3,0
Ubá,Ubá,2020-06-20,105,13,3,0
Ubá,Ubá,2020-06-21,107,2,3,0
Ubá,Ubá,2020-06-22,107,0,3,0
Ubá,Ubá,2020-06-23,108,1,3,0
Ubá,Ubá,2020-06-24,109,1,3,0
Ubá,Ubá,2020-06-25,112,3,3,0
Ubá,Ubá,2020-06-26,125,13,3,0
Ubá,Ubá,2020-06-27,126,1,3,0
Ubá,Ubá,2020-06-28,126,0,3,0
Ubá,Ubá,2020-06-29,131,5,3,0
Ubá,Ubá,2020-06-30,141,10,3,0
Ubá,Ubá,2020-07-01,145,4,3,0
Ubá,Ubá,2020-07-02,151,6,3,0
Ubá,Ubá,2020-07-03,151,0,3,0
Ubá,Ubá,2020-07-04,151,0,3,0
Ubá,Ubá,2020-07-05,155,4,3,0
Ubá,Ubá,2020-07-06,161,6,3,0
Ubá,Ubá,2020-07-07,161,0,3,0
Ubá,Ubá,2020-07-08,171,10,3,0
Ubá,Ubá,2020-07-09,177,6,3,0
Ubá,Ubá,2020-07-10,183,6,3,0
Ubá,Ubá,2020-07-11,186,3,3,0
Ubá,Ubá,2020-07-12,194,8,3,0
Ubá,Ubá,2020-07-13,199,5,3,0
Ubá,Ubá,2020-07-14,200,1,3,0
Ubá,Ubá,2020-07-15,211,11,5,2
Ubá,Ubá,2020-07-16,237,26,5,0
Ubá,Ubá,2020-07-17,245,8,5,0
Ubá,Ubá,2020-07-18,245,0,5,0
Ubá,Ubá,2020-07-19,245,0,5,0
Ubá,Ubá,2020-07-20,245,0,5,0
Ubá,Ubá,2020-07-21,245,0,5,0
Ubá,Ubá,2020-07-22,295,50,5,0
Ubá,Ubá,2020-07-23,306,11,5,0
Ubá,Ubá,2020-07-24,306,0,7,2
Ubá,Ubá,2020-07-25,334,28,7,0
Ubá,Ubá,2020-07-26,334,0,6,-1
Ubá,Ubá,2020-07-27,334,0,6,0
Ubá,Ubá,2020-07-28,372,38,6,0
Ubá,Ubá,2020-07-29,395,23,6,0
Ubá,Ubá,2020-07-30,409,14,6,0
Ubá,Ubá,2020-07-31,428,19,6,0
Ubá,Ubá,2020-08-01,445,17,6,0
Ubá,Ubá,2020-08-02,461,16,6,0
Ubá,Ubá,2020-08-03,473,12,6,0
Ubá,Ubá,2020-08-04,484,11,6,0
Ubá,Ubá,2020-08-05,498,14,6,0
Ubá,Ubá,2020-08-06,519,21,18,12
Ubá,Ubá,2020-08-07,519,0,19,1
Ubá,Ubá,2020-08-08,527,8,20,1
Ubá,Ubá,2020-08-09,558,31,20,0
Ubá,Ubá,2020-08-10,591,33,21,1
Ubá,Ubá,2020-08-11,601,10,23,2
Ubá,Ubá,2020-08-12,614,13,23,0
Ubá,Ubá,2020-08-13,649,35,22,-1
Ubá,Ubá,2020-08-14,671,22,23,1
Ubá,Ubá,2020-08-15,717,46,23,0
Ubá,Ubá,2020-08-16,717,0,23,0
Ubá,Ubá,2020-08-17,741,24,24,1
Ubá,Ubá,2020-08-18,754,13,24,0
Ubá,Ubá,2020-08-19,781,27,24,0
Ubá,Ubá,2020-08-20,817,36,24,0
Ubá,Ubá,2020-08-21,834,17,27,3
Ubá,Ubá,2020-08-22,834,0,27,0
Ubá,Ubá,2020-08-23,876,42,28,1
Ubá,Ubá,2020-08-24,884,8,28,0
Ubá,Ubá,2020-08-25,898,14,29,1
Ubá,Ubá,2020-08-26,926,28,29,0
Ubá,Ubá,2020-08-27,952,26,29,0
Ubá,Ubá,2020-08-28,973,21,29,0
Ubá,Ubá,2020-08-29,988,15,29,0
Ubá,Ubá,2020-08-30,988,0,29,0
Ubá,Ubá,2020-08-31,1019,31,30,1
Ubá,Ubá,2020-09-01,1024,5,30,0
Ubá,Ubá,2020-09-02,1051,27,30,0
Ubá,Ubá,2020-09-03,1085,34,30,0
Ubá,Ubá,2020-09-04,1118,33,32,2
Ubá,Ubá,2020-09-05,1148,30,32,0
Ubá,Ubá,2020-09-06,1170,22,32,0
Ubá,Ubá,2020-09-07,1170,0,32,0
Ubá,Ubá,2020-09-08,1172,2,32,0
Ubá,Ubá,2020-09-09,1172,0,32,0
Ubá,Ubá,2020-09-10,1222,50,33,1
Ubá,Ubá,2020-09-11,1222,0,34,1
Ubá,Ubá,2020-09-12,1254,32,36,2
Ubá,Ubá,2020-09-13,1306,52,36,0
Ubá,Ubá,2020-09-14,1329,23,36,0
Ubá,Ubá,2020-09-15,1340,11,36,0
Ubá,Ubá,2020-09-16,1345,5,38,2
Ubá,Ubá,2020-09-17,1374,29,38,0
Ubá,Ubá,2020-09-18,1413,39,39,1
Ubá,Ubá,2020-09-19,1492,79,39,0
Ubá,Ubá,2020-09-20,1492,0,39,0
Ubá,Ubá,2020-09-21,1510,18,39,0
Ubá,Ubá,2020-09-22,1527,17,39,0
Ubá,Ubá,2020-09-23,1527,0,39,0
Ubá,Ubá,2020-09-24,1594,67,39,0
Ubá,Ubá,2020-09-25,1617,23,39,0
Ubá,Ubá,2020-09-26,1641,24,43,4
Ubá,Ubá,2020-09-27,1641,0,43,0
Ubá,Ubá,2020-09-28,1641,0,43,0
Ubá,Ubá,2020-09-29,1672,31,43,0
Ubá,Ubá,2020-09-30,1712,40,43,0
Ubá,Ubá,2020-10-01,1728,16,43,0
Ubá,Ubá,2020-10-02,1728,0,44,1
Ubá,Ubá,2020-10-03,1770,42,44,0
Ubá,Ubá,2020-10-04,1770,0,44,0
Ubá,Ubá,2020-10-05,1770,0,44,0
Ubá,Ubá,2020-10-06,1798,28,44,0
Ubá,Ubá,2020-10-07,1821,23,45,1
Ubá,Ubá,2020-10-08,1821,0,45,0
Ubá,Ubá,2020-10-09,1841,20,46,1
Ubá,Ubá,2020-10-10,1875,34,48,2
Ubá,Ubá,2020-10-11,1875,0,51,3
Ubá,Ubá,2020-10-12,1886,11,52,1
Ubá,Ubá,2020-10-13,1886,0,52,0
Ubá,Ubá,2020-10-14,1890,4,52,0
Ubá,Ubá,2020-10-15,1925,35,52,0
Ubá,Ubá,2020-10-16,1925,0,53,1
Ubá,Ubá,2020-10-17,1925,0,54,1
Ubá,Ubá,2020-10-18,1959,34,54,0
Ubá,Ubá,2020-10-19,1959,0,54,0
Ubá,Ubá,2020-10-20,1991,32,54,0
Ubá,Ubá,2020-10-21,2015,24,55,1
Ubá,Ubá,2020-10-22,2015,0,55,0
Ubá,Ubá,2020-10-23,2015,0,56,1
Ubá,Ubá,2020-10-24,2045,30,57,1
Ubá,Ubá,2020-10-25,2053,8,57,0
Ubá,Ubá,2020-10-26,2053,0,57,0
Ubá,Ubá,2020-10-27,2053,0,57,0
Ubá,Ubá,2020-10-28,2066,13,57,0
Ubá,Ubá,2020-10-29,2066,0,58,1
Ubá,Ubá,2020-10-30,2093,27,59,1
Ubá,Ubá,2020-10-31,2093,0,59,0
Ubá,Ubá,2020-11-01,2093,0,59,0
Ubá,Ubá,2020-11-02,2093,0,59,0
Ubá,Ubá,2020-11-03,2093,0,59,0
Ubá,Ubá,2020-11-04,2093,0,60,1
Ubá,Ubá,2020-11-05,2093,0,60,0
Ubá,Ubá,2020-11-06,2093,0,60,0
Ubá,Ubá,2020-11-07,2093,0,60,0
Ubá,Ubá,2020-11-08,2093,0,60,0
Ubá,Ubá,2020-11-09,2093,0,60,0
Ubá,Ubá,2020-11-10,2093,0,60,0
Ubá,Ubá,2020-11-11,2093,0,60,0
Ubá,Ubá,2020-11-12,2093,0,62,2
Ubá,Ubá,2020-11-13,2322,229,63,1
Ubá,Ubá,2020-11-14,2340,18,63,0
Ubá,Ubá,2020-11-15,2340,0,63,0
Ubá,Ubá,2020-11-16,2340,0,63,0
Ubá,Ubá,2020-11-17,2340,0,63,0
Ubá,Ubá,2020-11-18,2340,0,65,2
Ubá,Ubá,2020-11-19,2441,101,66,1
Ubá,Ubá,2020-11-20,2441,0,67,1
Ubá,Ubá,2020-11-21,2497,56,67,0
Ubá,Ubá,2020-11-22,2524,27,68,1
Ubá,Ubá,2020-11-23,2524,0,68,0
Ubá,Ubá,2020-11-24,2524,0,68,0
Ubá,Ubá,2020-11-25,2524,0,69,1
Ubá,Ubá,2020-11-26,2524,0,69,0
Ubá,Ubá,2020-11-27,2524,0,69,0
Ubá,Ubá,2020-11-28,2524,0,69,0
Ubá,Ubá,2020-11-29,2524,0,69,0
Ubá,Ubá,2020-11-30,2524,0,69,0
Ubá,Ubá,2020-12-01,2524,0,69,0
Ubá,Ubá,2020-12-02,2524,0,70,1
Ubá,Ubá,2020-12-03,2885,361,70,0
Ubá,Ubá,2020-12-04,2885,0,70,0
Ubá,Ubá,2020-12-05,2944,59,71,1
Ubá,Ubá,2020-12-06,2944,0,72,1
Ubá,Ubá,2020-12-07,2944,0,72,0
Ubá,Ubá,2020-12-08,2944,0,72,0
Ubá,Ubá,2020-12-09,2944,0,73,1
Ubá,Ubá,2020-12-10,2944,0,74,1
Ubá,Ubá,2020-12-11,3178,234,75,1
Ubá,Ubá,2020-12-12,3178,0,75,0
Ubá,Ubá,2020-12-13,3339,161,75,0
Ubá,Ubá,2020-12-14,3342,3,75,0
Ubá,Ubá,2020-12-15,3342,0,75,0
Ubá,Ubá,2020-12-16,3392,50,76,1
Ubá,Ubá,2020-12-17,3392,0,76,0
Ubá,Ubá,2020-12-18,3392,0,76,0
Ubá,Ubá,2020-12-19,3392,0,76,0
Ubá,Ubá,2020-12-20,3667,275,76,0
Ubá,Ubá,2020-12-21,3667,0,76,0
Ubá,Ubá,2020-12-22,3719,52,76,0
Ubá,Ubá,2020-12-23,3760,41,77,1
Ubá,Ubá,2020-12-24,3760,0,77,0
Ubá,Ubá,2020-12-25,3760,0,77,0
Ubá,Ubá,2020-12-26,3760,0,77,0
Ubá,Ubá,2020-12-27,3760,0,77,0
Ubá,Ubá,2020-12-28,3760,0,77,0
Ubá,Ubá,2020-12-29,3993,233,78,1
Ubá,Ubá,2020-12-30,3993,0,78,0
Ubá,Ubá,2020-12-31,4117,124,79,1
Ubá,Ubá,2021-01-01,4117,0,79,0
Ubá,Ubá,2021-01-02,4158,41,79,0
Ubá,Ubá,2021-01-03,4158,0,80,1
Ubá,Ubá,2021-01-04,4212,54,81,1
Ubá,Ubá,2021-01-05,4212,0,81,0
Ubá,Ubá,2021-01-06,4212,0,81,0
Ubá,Ubá,2021-01-07,4345,133,81,0
Ubá,Ubá,2021-01-08,4484,139,84,3
Ubá,Ubá,2021-01-09,4484,0,85,1
Ubá,Ubá,2021-01-10,4636,152,87,2
Ubá,Ubá,2021-01-11,4636,0,87,0
Ubá,Ubá,2021-01-12,4636,0,87,0
Ubá,Ubá,2021-01-13,4636,0,87,0
Ubá,Ubá,2021-01-14,4771,135,88,1
Ubá,Ubá,2021-01-15,4895,124,90,2
Ubá,Ubá,2021-01-16,4932,37,91,1
Ubá,Ubá,2021-01-17,4932,0,91,0
Ubá,Ubá,2021-01-18,4932,0,91,0
Ubá,Ubá,2021-01-19,4932,0,91,0
Ubá,Ubá,2021-01-20,4932,0,91,0
Ubá,Ubá,2021-01-21,4932,0,91,0
Ubá,Ubá,2021-01-22,5161,229,91,0
Ubá,Ubá,2021-01-23,5244,83,91,0
Ubá,Ubá,2021-01-24,5244,0,91,0
Ubá,Ubá,2021-01-25,5268,24,91,0
Ubá,Ubá,2021-01-26,5268,0,92,1
Ubá,Ubá,2021-01-27,5301,33,93,1
Ubá,Ubá,2021-01-28,5341,40,94,1
Ubá,Ubá,2021-01-29,5389,48,94,0
Ubá,Ubá,2021-01-30,5420,31,95,1
Ubá,Ubá,2021-01-31,5420,0,95,0
Ubá,Ubá,2021-02-01,5472,52,95,0
Ubá,Ubá,2021-02-02,5472,0,97,2
Ubá,Ubá,2021-02-03,5493,21,97,0
Ubá,Ubá,2021-02-04,5530,37,97,0
Ubá,Ubá,2021-02-05,5554,24,97,0
Ubá,Ubá,2021-02-06,5554,0,97,0
Ubá,Ubá,2021-02-07,5607,53,97,0
Ubá,Ubá,2021-02-08,5607,0,98,1
