city,city,date,cases,daily cases,deaths,daily deaths
Uiramutã,Uiramutã,2020-03-27,0,0,0,0
Uiramutã,Uiramutã,2020-03-28,0,0,0,0
Uiramutã,Uiramutã,2020-03-29,0,0,0,0
Uiramutã,Uiramutã,2020-03-30,0,0,0,0
Uiramutã,Uiramutã,2020-03-31,0,0,0,0
Uiramutã,Uiramutã,2020-04-01,0,0,0,0
Uiramutã,Uiramutã,2020-04-02,0,0,0,0
Uiramutã,Uiramutã,2020-04-03,0,0,0,0
Uiramutã,Uiramutã,2020-04-04,0,0,0,0
Uiramutã,Uiramutã,2020-04-05,0,0,0,0
Uiramutã,Uiramutã,2020-04-06,0,0,0,0
Uiramutã,Uiramutã,2020-04-07,0,0,0,0
Uiramutã,Uiramutã,2020-04-08,0,0,0,0
Uiramutã,Uiramutã,2020-04-09,0,0,0,0
Uiramutã,Uiramutã,2020-04-10,0,0,0,0
Uiramutã,Uiramutã,2020-04-11,0,0,0,0
Uiramutã,Uiramutã,2020-04-12,0,0,0,0
Uiramutã,Uiramutã,2020-04-13,0,0,0,0
Uiramutã,Uiramutã,2020-04-14,0,0,0,0
Uiramutã,Uiramutã,2020-04-15,0,0,0,0
Uiramutã,Uiramutã,2020-04-16,0,0,0,0
Uiramutã,Uiramutã,2020-04-17,0,0,0,0
Uiramutã,Uiramutã,2020-04-18,0,0,0,0
Uiramutã,Uiramutã,2020-04-19,0,0,0,0
Uiramutã,Uiramutã,2020-04-20,0,0,0,0
Uiramutã,Uiramutã,2020-04-21,0,0,0,0
Uiramutã,Uiramutã,2020-04-22,0,0,0,0
Uiramutã,Uiramutã,2020-04-23,0,0,0,0
Uiramutã,Uiramutã,2020-04-24,0,0,0,0
Uiramutã,Uiramutã,2020-04-25,0,0,0,0
Uiramutã,Uiramutã,2020-04-26,0,0,0,0
Uiramutã,Uiramutã,2020-04-27,0,0,0,0
Uiramutã,Uiramutã,2020-04-28,0,0,0,0
Uiramutã,Uiramutã,2020-04-29,0,0,0,0
Uiramutã,Uiramutã,2020-04-30,0,0,0,0
Uiramutã,Uiramutã,2020-05-01,0,0,0,0
Uiramutã,Uiramutã,2020-05-02,0,0,0,0
Uiramutã,Uiramutã,2020-05-03,0,0,0,0
Uiramutã,Uiramutã,2020-05-04,0,0,0,0
Uiramutã,Uiramutã,2020-05-05,0,0,0,0
Uiramutã,Uiramutã,2020-05-06,0,0,0,0
Uiramutã,Uiramutã,2020-05-07,0,0,0,0
Uiramutã,Uiramutã,2020-05-08,1,1,0,0
Uiramutã,Uiramutã,2020-05-09,1,0,0,0
Uiramutã,Uiramutã,2020-05-10,1,0,0,0
Uiramutã,Uiramutã,2020-05-11,1,0,0,0
Uiramutã,Uiramutã,2020-05-12,1,0,0,0
Uiramutã,Uiramutã,2020-05-13,1,0,0,0
Uiramutã,Uiramutã,2020-05-14,1,0,0,0
Uiramutã,Uiramutã,2020-05-15,1,0,0,0
Uiramutã,Uiramutã,2020-05-16,1,0,0,0
Uiramutã,Uiramutã,2020-05-17,1,0,0,0
Uiramutã,Uiramutã,2020-05-18,1,0,0,0
Uiramutã,Uiramutã,2020-05-19,1,0,0,0
Uiramutã,Uiramutã,2020-05-20,1,0,0,0
Uiramutã,Uiramutã,2020-05-21,1,0,0,0
Uiramutã,Uiramutã,2020-05-22,1,0,0,0
Uiramutã,Uiramutã,2020-05-23,1,0,0,0
Uiramutã,Uiramutã,2020-05-24,1,0,0,0
Uiramutã,Uiramutã,2020-05-25,1,0,0,0
Uiramutã,Uiramutã,2020-05-26,1,0,0,0
Uiramutã,Uiramutã,2020-05-27,1,0,0,0
Uiramutã,Uiramutã,2020-05-28,4,3,0,0
Uiramutã,Uiramutã,2020-05-29,4,0,0,0
Uiramutã,Uiramutã,2020-05-30,3,-1,0,0
Uiramutã,Uiramutã,2020-05-31,3,0,0,0
Uiramutã,Uiramutã,2020-06-01,3,0,0,0
Uiramutã,Uiramutã,2020-06-02,11,8,1,1
Uiramutã,Uiramutã,2020-06-03,11,0,1,0
Uiramutã,Uiramutã,2020-06-04,12,1,1,0
Uiramutã,Uiramutã,2020-06-05,12,0,1,0
Uiramutã,Uiramutã,2020-06-06,12,0,1,0
Uiramutã,Uiramutã,2020-06-07,13,1,1,0
Uiramutã,Uiramutã,2020-06-08,13,0,1,0
Uiramutã,Uiramutã,2020-06-09,25,12,1,0
Uiramutã,Uiramutã,2020-06-10,25,0,1,0
Uiramutã,Uiramutã,2020-06-11,26,1,1,0
Uiramutã,Uiramutã,2020-06-12,26,0,1,0
Uiramutã,Uiramutã,2020-06-13,26,0,1,0
Uiramutã,Uiramutã,2020-06-14,26,0,1,0
Uiramutã,Uiramutã,2020-06-15,26,0,1,0
Uiramutã,Uiramutã,2020-06-16,27,1,1,0
Uiramutã,Uiramutã,2020-06-17,27,0,1,0
Uiramutã,Uiramutã,2020-06-18,27,0,1,0
Uiramutã,Uiramutã,2020-06-19,32,5,1,0
Uiramutã,Uiramutã,2020-06-20,32,0,1,0
Uiramutã,Uiramutã,2020-06-21,33,1,1,0
Uiramutã,Uiramutã,2020-06-22,33,0,1,0
Uiramutã,Uiramutã,2020-06-23,34,1,1,0
Uiramutã,Uiramutã,2020-06-24,35,1,1,0
Uiramutã,Uiramutã,2020-06-25,36,1,1,0
Uiramutã,Uiramutã,2020-06-26,36,0,1,0
Uiramutã,Uiramutã,2020-06-27,36,0,1,0
Uiramutã,Uiramutã,2020-06-28,39,3,1,0
Uiramutã,Uiramutã,2020-06-29,39,0,1,0
Uiramutã,Uiramutã,2020-06-30,39,0,1,0
Uiramutã,Uiramutã,2020-07-01,39,0,1,0
Uiramutã,Uiramutã,2020-07-02,42,3,1,0
Uiramutã,Uiramutã,2020-07-03,50,8,1,0
Uiramutã,Uiramutã,2020-07-04,51,1,1,0
Uiramutã,Uiramutã,2020-07-05,52,1,1,0
Uiramutã,Uiramutã,2020-07-06,52,0,1,0
Uiramutã,Uiramutã,2020-07-07,84,32,1,0
Uiramutã,Uiramutã,2020-07-08,133,49,1,0
Uiramutã,Uiramutã,2020-07-09,251,118,1,0
Uiramutã,Uiramutã,2020-07-10,291,40,1,0
Uiramutã,Uiramutã,2020-07-11,347,56,1,0
Uiramutã,Uiramutã,2020-07-12,348,1,1,0
Uiramutã,Uiramutã,2020-07-13,356,8,1,0
Uiramutã,Uiramutã,2020-07-14,371,15,1,0
Uiramutã,Uiramutã,2020-07-15,382,11,1,0
Uiramutã,Uiramutã,2020-07-16,388,6,1,0
Uiramutã,Uiramutã,2020-07-17,389,1,1,0
Uiramutã,Uiramutã,2020-07-18,389,0,1,0
Uiramutã,Uiramutã,2020-07-19,389,0,1,0
Uiramutã,Uiramutã,2020-07-20,406,17,1,0
Uiramutã,Uiramutã,2020-07-21,426,20,1,0
Uiramutã,Uiramutã,2020-07-22,426,0,2,1
Uiramutã,Uiramutã,2020-07-23,433,7,2,0
Uiramutã,Uiramutã,2020-07-24,436,3,2,0
Uiramutã,Uiramutã,2020-07-25,439,3,2,0
Uiramutã,Uiramutã,2020-07-26,441,2,2,0
Uiramutã,Uiramutã,2020-07-27,441,0,2,0
Uiramutã,Uiramutã,2020-07-28,448,7,2,0
Uiramutã,Uiramutã,2020-07-29,471,23,2,0
Uiramutã,Uiramutã,2020-07-30,472,1,2,0
Uiramutã,Uiramutã,2020-07-31,496,24,2,0
Uiramutã,Uiramutã,2020-08-01,528,32,2,0
Uiramutã,Uiramutã,2020-08-02,536,8,2,0
Uiramutã,Uiramutã,2020-08-03,536,0,2,0
Uiramutã,Uiramutã,2020-08-04,536,0,2,0
Uiramutã,Uiramutã,2020-08-05,539,3,2,0
Uiramutã,Uiramutã,2020-08-06,539,0,2,0
Uiramutã,Uiramutã,2020-08-07,539,0,2,0
Uiramutã,Uiramutã,2020-08-08,548,9,2,0
Uiramutã,Uiramutã,2020-08-09,548,0,2,0
Uiramutã,Uiramutã,2020-08-10,548,0,2,0
Uiramutã,Uiramutã,2020-08-11,550,2,2,0
Uiramutã,Uiramutã,2020-08-12,552,2,2,0
Uiramutã,Uiramutã,2020-08-13,560,8,2,0
Uiramutã,Uiramutã,2020-08-14,575,15,2,0
Uiramutã,Uiramutã,2020-08-15,594,19,2,0
Uiramutã,Uiramutã,2020-08-16,594,0,2,0
Uiramutã,Uiramutã,2020-08-17,594,0,2,0
Uiramutã,Uiramutã,2020-08-18,596,2,2,0
Uiramutã,Uiramutã,2020-08-19,596,0,2,0
Uiramutã,Uiramutã,2020-08-20,600,4,2,0
Uiramutã,Uiramutã,2020-08-21,614,14,2,0
Uiramutã,Uiramutã,2020-08-22,618,4,2,0
Uiramutã,Uiramutã,2020-08-23,618,0,2,0
Uiramutã,Uiramutã,2020-08-24,618,0,2,0
Uiramutã,Uiramutã,2020-08-25,618,0,2,0
Uiramutã,Uiramutã,2020-08-26,621,3,2,0
Uiramutã,Uiramutã,2020-08-27,646,25,2,0
Uiramutã,Uiramutã,2020-08-28,647,1,2,0
Uiramutã,Uiramutã,2020-08-29,657,10,2,0
Uiramutã,Uiramutã,2020-08-30,658,1,2,0
Uiramutã,Uiramutã,2020-08-31,658,0,2,0
Uiramutã,Uiramutã,2020-09-01,663,5,2,0
Uiramutã,Uiramutã,2020-09-02,674,11,2,0
Uiramutã,Uiramutã,2020-09-03,689,15,2,0
Uiramutã,Uiramutã,2020-09-04,704,15,2,0
Uiramutã,Uiramutã,2020-09-05,710,6,2,0
Uiramutã,Uiramutã,2020-09-06,710,0,2,0
Uiramutã,Uiramutã,2020-09-07,710,0,2,0
Uiramutã,Uiramutã,2020-09-08,710,0,2,0
Uiramutã,Uiramutã,2020-09-09,721,11,2,0
Uiramutã,Uiramutã,2020-09-10,722,1,2,0
Uiramutã,Uiramutã,2020-09-11,727,5,2,0
Uiramutã,Uiramutã,2020-09-12,728,1,2,0
Uiramutã,Uiramutã,2020-09-13,728,0,2,0
Uiramutã,Uiramutã,2020-09-14,728,0,2,0
Uiramutã,Uiramutã,2020-09-15,731,3,2,0
Uiramutã,Uiramutã,2020-09-16,750,19,2,0
Uiramutã,Uiramutã,2020-09-17,755,5,2,0
Uiramutã,Uiramutã,2020-09-18,767,12,2,0
Uiramutã,Uiramutã,2020-09-19,773,6,2,0
Uiramutã,Uiramutã,2020-09-20,773,0,2,0
Uiramutã,Uiramutã,2020-09-21,773,0,2,0
Uiramutã,Uiramutã,2020-09-22,783,10,2,0
Uiramutã,Uiramutã,2020-09-23,795,12,2,0
Uiramutã,Uiramutã,2020-09-24,801,6,3,1
Uiramutã,Uiramutã,2020-09-25,807,6,4,1
Uiramutã,Uiramutã,2020-09-26,809,2,4,0
Uiramutã,Uiramutã,2020-09-27,809,0,4,0
Uiramutã,Uiramutã,2020-09-28,810,1,4,0
Uiramutã,Uiramutã,2020-09-29,813,3,4,0
Uiramutã,Uiramutã,2020-09-30,816,3,4,0
Uiramutã,Uiramutã,2020-10-01,826,10,4,0
Uiramutã,Uiramutã,2020-10-02,836,10,4,0
Uiramutã,Uiramutã,2020-10-03,842,6,4,0
Uiramutã,Uiramutã,2020-10-04,846,4,4,0
Uiramutã,Uiramutã,2020-10-05,846,0,4,0
Uiramutã,Uiramutã,2020-10-06,846,0,4,0
Uiramutã,Uiramutã,2020-10-07,846,0,4,0
Uiramutã,Uiramutã,2020-10-08,883,37,4,0
Uiramutã,Uiramutã,2020-10-09,891,8,5,1
Uiramutã,Uiramutã,2020-10-10,894,3,5,0
Uiramutã,Uiramutã,2020-10-11,894,0,5,0
Uiramutã,Uiramutã,2020-10-12,894,0,5,0
Uiramutã,Uiramutã,2020-10-13,894,0,5,0
Uiramutã,Uiramutã,2020-10-14,896,2,5,0
Uiramutã,Uiramutã,2020-10-15,903,7,5,0
Uiramutã,Uiramutã,2020-10-16,917,14,5,0
Uiramutã,Uiramutã,2020-10-17,921,4,5,0
Uiramutã,Uiramutã,2020-10-18,921,0,5,0
Uiramutã,Uiramutã,2020-10-19,921,0,5,0
Uiramutã,Uiramutã,2020-10-20,937,16,5,0
Uiramutã,Uiramutã,2020-10-21,945,8,5,0
Uiramutã,Uiramutã,2020-10-22,952,7,5,0
Uiramutã,Uiramutã,2020-10-23,958,6,5,0
Uiramutã,Uiramutã,2020-10-24,958,0,5,0
Uiramutã,Uiramutã,2020-10-25,958,0,5,0
Uiramutã,Uiramutã,2020-10-26,958,0,5,0
Uiramutã,Uiramutã,2020-10-27,958,0,5,0
Uiramutã,Uiramutã,2020-10-28,958,0,5,0
Uiramutã,Uiramutã,2020-10-29,958,0,5,0
Uiramutã,Uiramutã,2020-10-30,958,0,5,0
Uiramutã,Uiramutã,2020-10-31,958,0,5,0
Uiramutã,Uiramutã,2020-11-01,958,0,5,0
Uiramutã,Uiramutã,2020-11-02,958,0,5,0
Uiramutã,Uiramutã,2020-11-03,958,0,5,0
Uiramutã,Uiramutã,2020-11-04,958,0,5,0
Uiramutã,Uiramutã,2020-11-05,958,0,5,0
Uiramutã,Uiramutã,2020-11-06,958,0,5,0
Uiramutã,Uiramutã,2020-11-07,958,0,5,0
Uiramutã,Uiramutã,2020-11-08,958,0,5,0
Uiramutã,Uiramutã,2020-11-09,958,0,5,0
Uiramutã,Uiramutã,2020-11-10,958,0,5,0
Uiramutã,Uiramutã,2020-11-11,959,1,5,0
Uiramutã,Uiramutã,2020-11-12,959,0,5,0
Uiramutã,Uiramutã,2020-11-13,959,0,5,0
Uiramutã,Uiramutã,2020-11-14,960,1,5,0
Uiramutã,Uiramutã,2020-11-15,960,0,5,0
Uiramutã,Uiramutã,2020-11-16,960,0,5,0
Uiramutã,Uiramutã,2020-11-17,960,0,5,0
Uiramutã,Uiramutã,2020-11-18,960,0,5,0
Uiramutã,Uiramutã,2020-11-19,960,0,5,0
Uiramutã,Uiramutã,2020-11-20,965,5,5,0
Uiramutã,Uiramutã,2020-11-21,977,12,5,0
Uiramutã,Uiramutã,2020-11-22,977,0,5,0
Uiramutã,Uiramutã,2020-11-23,977,0,5,0
Uiramutã,Uiramutã,2020-11-24,977,0,5,0
Uiramutã,Uiramutã,2020-11-25,977,0,5,0
Uiramutã,Uiramutã,2020-11-26,977,0,5,0
Uiramutã,Uiramutã,2020-11-27,977,0,5,0
Uiramutã,Uiramutã,2020-11-28,979,2,5,0
Uiramutã,Uiramutã,2020-11-29,979,0,5,0
Uiramutã,Uiramutã,2020-11-30,979,0,5,0
Uiramutã,Uiramutã,2020-12-01,980,1,5,0
Uiramutã,Uiramutã,2020-12-02,980,0,5,0
Uiramutã,Uiramutã,2020-12-03,980,0,5,0
Uiramutã,Uiramutã,2020-12-04,980,0,5,0
Uiramutã,Uiramutã,2020-12-05,980,0,5,0
Uiramutã,Uiramutã,2020-12-06,980,0,5,0
Uiramutã,Uiramutã,2020-12-07,980,0,5,0
Uiramutã,Uiramutã,2020-12-08,980,0,5,0
Uiramutã,Uiramutã,2020-12-09,990,10,5,0
Uiramutã,Uiramutã,2020-12-10,995,5,5,0
Uiramutã,Uiramutã,2020-12-11,995,0,5,0
Uiramutã,Uiramutã,2020-12-12,995,0,5,0
Uiramutã,Uiramutã,2020-12-13,996,1,5,0
Uiramutã,Uiramutã,2020-12-14,996,0,5,0
Uiramutã,Uiramutã,2020-12-15,996,0,5,0
Uiramutã,Uiramutã,2020-12-16,996,0,5,0
Uiramutã,Uiramutã,2020-12-17,1003,7,5,0
Uiramutã,Uiramutã,2020-12-18,1003,0,6,1
Uiramutã,Uiramutã,2020-12-19,1003,0,6,0
Uiramutã,Uiramutã,2020-12-20,1003,0,6,0
Uiramutã,Uiramutã,2020-12-21,1003,0,6,0
Uiramutã,Uiramutã,2020-12-22,1003,0,6,0
Uiramutã,Uiramutã,2020-12-23,1004,1,6,0
Uiramutã,Uiramutã,2020-12-24,1004,0,6,0
Uiramutã,Uiramutã,2020-12-25,1004,0,6,0
Uiramutã,Uiramutã,2020-12-26,1004,0,6,0
Uiramutã,Uiramutã,2020-12-27,1004,0,6,0
Uiramutã,Uiramutã,2020-12-28,1004,0,6,0
Uiramutã,Uiramutã,2020-12-29,1004,0,6,0
Uiramutã,Uiramutã,2020-12-30,1004,0,6,0
Uiramutã,Uiramutã,2020-12-31,1004,0,6,0
Uiramutã,Uiramutã,2021-01-01,1004,0,6,0
Uiramutã,Uiramutã,2021-01-02,1004,0,6,0
Uiramutã,Uiramutã,2021-01-03,1004,0,6,0
Uiramutã,Uiramutã,2021-01-04,1004,0,6,0
Uiramutã,Uiramutã,2021-01-05,1011,7,6,0
Uiramutã,Uiramutã,2021-01-06,1017,6,6,0
Uiramutã,Uiramutã,2021-01-07,1017,0,6,0
Uiramutã,Uiramutã,2021-01-08,1017,0,6,0
Uiramutã,Uiramutã,2021-01-09,1017,0,6,0
Uiramutã,Uiramutã,2021-01-10,1017,0,6,0
Uiramutã,Uiramutã,2021-01-11,1017,0,6,0
Uiramutã,Uiramutã,2021-01-12,1017,0,6,0
Uiramutã,Uiramutã,2021-01-13,1017,0,6,0
Uiramutã,Uiramutã,2021-01-14,1022,5,6,0
Uiramutã,Uiramutã,2021-01-15,1022,0,6,0
Uiramutã,Uiramutã,2021-01-16,1034,12,6,0
Uiramutã,Uiramutã,2021-01-17,1034,0,6,0
Uiramutã,Uiramutã,2021-01-18,1034,0,6,0
Uiramutã,Uiramutã,2021-01-19,1034,0,6,0
Uiramutã,Uiramutã,2021-01-20,1035,1,5,-1
Uiramutã,Uiramutã,2021-01-21,1035,0,6,1
Uiramutã,Uiramutã,2021-01-22,1035,0,6,0
Uiramutã,Uiramutã,2021-01-23,1035,0,6,0
Uiramutã,Uiramutã,2021-01-24,1035,0,6,0
Uiramutã,Uiramutã,2021-01-25,1035,0,6,0
Uiramutã,Uiramutã,2021-01-26,1035,0,6,0
Uiramutã,Uiramutã,2021-01-27,1035,0,6,0
Uiramutã,Uiramutã,2021-01-28,1035,0,6,0
Uiramutã,Uiramutã,2021-01-29,1035,0,7,1
Uiramutã,Uiramutã,2021-01-30,1035,0,7,0
Uiramutã,Uiramutã,2021-01-31,1035,0,7,0
Uiramutã,Uiramutã,2021-02-01,1036,1,7,0
Uiramutã,Uiramutã,2021-02-02,1036,0,7,0
Uiramutã,Uiramutã,2021-02-03,1036,0,7,0
Uiramutã,Uiramutã,2021-02-04,1036,0,7,0
Uiramutã,Uiramutã,2021-02-05,1036,0,7,0
Uiramutã,Uiramutã,2021-02-06,1036,0,7,0
Uiramutã,Uiramutã,2021-02-07,1036,0,7,0
Uiramutã,Uiramutã,2021-02-08,1036,0,7,0
