city,city,date,cases,daily cases,deaths,daily deaths
Urucurituba,Urucurituba,2020-03-27,0,0,0,0
Urucurituba,Urucurituba,2020-03-28,0,0,0,0
Urucurituba,Urucurituba,2020-03-29,0,0,0,0
Urucurituba,Urucurituba,2020-03-30,0,0,0,0
Urucurituba,Urucurituba,2020-03-31,0,0,0,0
Urucurituba,Urucurituba,2020-04-01,0,0,0,0
Urucurituba,Urucurituba,2020-04-02,0,0,0,0
Urucurituba,Urucurituba,2020-04-03,0,0,0,0
Urucurituba,Urucurituba,2020-04-04,0,0,0,0
Urucurituba,Urucurituba,2020-04-05,0,0,0,0
Urucurituba,Urucurituba,2020-04-06,0,0,0,0
Urucurituba,Urucurituba,2020-04-07,0,0,0,0
Urucurituba,Urucurituba,2020-04-08,0,0,0,0
Urucurituba,Urucurituba,2020-04-09,0,0,0,0
Urucurituba,Urucurituba,2020-04-10,0,0,0,0
Urucurituba,Urucurituba,2020-04-11,0,0,0,0
Urucurituba,Urucurituba,2020-04-12,0,0,0,0
Urucurituba,Urucurituba,2020-04-13,0,0,0,0
Urucurituba,Urucurituba,2020-04-14,0,0,0,0
Urucurituba,Urucurituba,2020-04-15,0,0,0,0
Urucurituba,Urucurituba,2020-04-16,0,0,0,0
Urucurituba,Urucurituba,2020-04-17,0,0,0,0
Urucurituba,Urucurituba,2020-04-18,0,0,0,0
Urucurituba,Urucurituba,2020-04-19,0,0,0,0
Urucurituba,Urucurituba,2020-04-20,0,0,0,0
Urucurituba,Urucurituba,2020-04-21,0,0,0,0
Urucurituba,Urucurituba,2020-04-22,0,0,0,0
Urucurituba,Urucurituba,2020-04-23,0,0,0,0
Urucurituba,Urucurituba,2020-04-24,0,0,0,0
Urucurituba,Urucurituba,2020-04-25,0,0,0,0
Urucurituba,Urucurituba,2020-04-26,1,1,0,0
Urucurituba,Urucurituba,2020-04-27,2,1,0,0
Urucurituba,Urucurituba,2020-04-28,3,1,0,0
Urucurituba,Urucurituba,2020-04-29,3,0,0,0
Urucurituba,Urucurituba,2020-04-30,3,0,0,0
Urucurituba,Urucurituba,2020-05-01,4,1,0,0
Urucurituba,Urucurituba,2020-05-02,6,2,0,0
Urucurituba,Urucurituba,2020-05-03,6,0,0,0
Urucurituba,Urucurituba,2020-05-04,9,3,0,0
Urucurituba,Urucurituba,2020-05-05,12,3,0,0
Urucurituba,Urucurituba,2020-05-06,14,2,0,0
Urucurituba,Urucurituba,2020-05-07,14,0,0,0
Urucurituba,Urucurituba,2020-05-08,17,3,0,0
Urucurituba,Urucurituba,2020-05-09,20,3,0,0
Urucurituba,Urucurituba,2020-05-10,21,1,0,0
Urucurituba,Urucurituba,2020-05-11,22,1,0,0
Urucurituba,Urucurituba,2020-05-12,23,1,0,0
Urucurituba,Urucurituba,2020-05-13,26,3,1,1
Urucurituba,Urucurituba,2020-05-14,32,6,1,0
Urucurituba,Urucurituba,2020-05-15,34,2,1,0
Urucurituba,Urucurituba,2020-05-16,34,0,1,0
Urucurituba,Urucurituba,2020-05-17,34,0,1,0
Urucurituba,Urucurituba,2020-05-18,34,0,1,0
Urucurituba,Urucurituba,2020-05-19,39,5,1,0
Urucurituba,Urucurituba,2020-05-20,45,6,1,0
Urucurituba,Urucurituba,2020-05-21,48,3,1,0
Urucurituba,Urucurituba,2020-05-22,53,5,1,0
Urucurituba,Urucurituba,2020-05-23,58,5,1,0
Urucurituba,Urucurituba,2020-05-24,61,3,1,0
Urucurituba,Urucurituba,2020-05-25,61,0,1,0
Urucurituba,Urucurituba,2020-05-26,72,11,1,0
Urucurituba,Urucurituba,2020-05-27,89,17,2,1
Urucurituba,Urucurituba,2020-05-28,101,12,2,0
Urucurituba,Urucurituba,2020-05-29,111,10,2,0
Urucurituba,Urucurituba,2020-05-30,135,24,2,0
Urucurituba,Urucurituba,2020-05-31,139,4,2,0
Urucurituba,Urucurituba,2020-06-01,139,0,2,0
Urucurituba,Urucurituba,2020-06-02,155,16,2,0
Urucurituba,Urucurituba,2020-06-03,170,15,2,0
Urucurituba,Urucurituba,2020-06-04,175,5,2,0
Urucurituba,Urucurituba,2020-06-05,186,11,2,0
Urucurituba,Urucurituba,2020-06-06,198,12,2,0
Urucurituba,Urucurituba,2020-06-07,200,2,2,0
Urucurituba,Urucurituba,2020-06-08,200,0,2,0
Urucurituba,Urucurituba,2020-06-09,206,6,2,0
Urucurituba,Urucurituba,2020-06-10,226,20,2,0
Urucurituba,Urucurituba,2020-06-11,235,9,2,0
Urucurituba,Urucurituba,2020-06-12,235,0,2,0
Urucurituba,Urucurituba,2020-06-13,239,4,2,0
Urucurituba,Urucurituba,2020-06-14,245,6,2,0
Urucurituba,Urucurituba,2020-06-15,250,5,2,0
Urucurituba,Urucurituba,2020-06-16,268,18,2,0
Urucurituba,Urucurituba,2020-06-17,284,16,2,0
Urucurituba,Urucurituba,2020-06-18,304,20,2,0
Urucurituba,Urucurituba,2020-06-19,319,15,2,0
Urucurituba,Urucurituba,2020-06-20,330,11,2,0
Urucurituba,Urucurituba,2020-06-21,339,9,2,0
Urucurituba,Urucurituba,2020-06-22,339,0,2,0
Urucurituba,Urucurituba,2020-06-23,350,11,2,0
Urucurituba,Urucurituba,2020-06-24,363,13,2,0
Urucurituba,Urucurituba,2020-06-25,363,0,2,0
Urucurituba,Urucurituba,2020-06-26,386,23,2,0
Urucurituba,Urucurituba,2020-06-27,389,3,2,0
Urucurituba,Urucurituba,2020-06-28,393,4,3,1
Urucurituba,Urucurituba,2020-06-29,394,1,4,1
Urucurituba,Urucurituba,2020-06-30,401,7,4,0
Urucurituba,Urucurituba,2020-07-01,405,4,4,0
Urucurituba,Urucurituba,2020-07-02,419,14,4,0
Urucurituba,Urucurituba,2020-07-03,433,14,4,0
Urucurituba,Urucurituba,2020-07-04,443,10,4,0
Urucurituba,Urucurituba,2020-07-05,443,0,4,0
Urucurituba,Urucurituba,2020-07-06,443,0,4,0
Urucurituba,Urucurituba,2020-07-07,453,10,4,0
Urucurituba,Urucurituba,2020-07-08,463,10,4,0
Urucurituba,Urucurituba,2020-07-09,482,19,4,0
Urucurituba,Urucurituba,2020-07-10,485,3,4,0
Urucurituba,Urucurituba,2020-07-11,490,5,4,0
Urucurituba,Urucurituba,2020-07-12,497,7,4,0
Urucurituba,Urucurituba,2020-07-13,500,3,4,0
Urucurituba,Urucurituba,2020-07-14,506,6,4,0
Urucurituba,Urucurituba,2020-07-15,509,3,4,0
Urucurituba,Urucurituba,2020-07-16,509,0,4,0
Urucurituba,Urucurituba,2020-07-17,512,3,4,0
Urucurituba,Urucurituba,2020-07-18,518,6,4,0
Urucurituba,Urucurituba,2020-07-19,530,12,4,0
Urucurituba,Urucurituba,2020-07-20,530,0,4,0
Urucurituba,Urucurituba,2020-07-21,534,4,4,0
Urucurituba,Urucurituba,2020-07-22,538,4,4,0
Urucurituba,Urucurituba,2020-07-23,560,22,4,0
Urucurituba,Urucurituba,2020-07-24,575,15,4,0
Urucurituba,Urucurituba,2020-07-25,585,10,4,0
Urucurituba,Urucurituba,2020-07-26,585,0,4,0
Urucurituba,Urucurituba,2020-07-27,591,6,4,0
Urucurituba,Urucurituba,2020-07-28,624,33,4,0
Urucurituba,Urucurituba,2020-07-29,624,0,4,0
Urucurituba,Urucurituba,2020-07-30,647,23,4,0
Urucurituba,Urucurituba,2020-07-31,660,13,4,0
Urucurituba,Urucurituba,2020-08-01,669,9,4,0
Urucurituba,Urucurituba,2020-08-02,669,0,4,0
Urucurituba,Urucurituba,2020-08-03,669,0,4,0
Urucurituba,Urucurituba,2020-08-04,687,18,4,0
Urucurituba,Urucurituba,2020-08-05,687,0,4,0
Urucurituba,Urucurituba,2020-08-06,690,3,4,0
Urucurituba,Urucurituba,2020-08-07,691,1,4,0
Urucurituba,Urucurituba,2020-08-08,694,3,4,0
Urucurituba,Urucurituba,2020-08-09,694,0,4,0
Urucurituba,Urucurituba,2020-08-10,695,1,4,0
Urucurituba,Urucurituba,2020-08-11,705,10,4,0
Urucurituba,Urucurituba,2020-08-12,707,2,4,0
Urucurituba,Urucurituba,2020-08-13,721,14,4,0
Urucurituba,Urucurituba,2020-08-14,735,14,4,0
Urucurituba,Urucurituba,2020-08-15,747,12,4,0
Urucurituba,Urucurituba,2020-08-16,747,0,4,0
Urucurituba,Urucurituba,2020-08-17,748,1,4,0
Urucurituba,Urucurituba,2020-08-18,758,10,4,0
Urucurituba,Urucurituba,2020-08-19,762,4,4,0
Urucurituba,Urucurituba,2020-08-20,776,14,4,0
Urucurituba,Urucurituba,2020-08-21,786,10,4,0
Urucurituba,Urucurituba,2020-08-22,801,15,4,0
Urucurituba,Urucurituba,2020-08-23,804,3,4,0
Urucurituba,Urucurituba,2020-08-24,805,1,4,0
Urucurituba,Urucurituba,2020-08-25,824,19,4,0
Urucurituba,Urucurituba,2020-08-26,831,7,4,0
Urucurituba,Urucurituba,2020-08-27,858,27,4,0
Urucurituba,Urucurituba,2020-08-28,863,5,4,0
Urucurituba,Urucurituba,2020-08-29,889,26,4,0
Urucurituba,Urucurituba,2020-08-30,889,0,4,0
Urucurituba,Urucurituba,2020-08-31,889,0,4,0
Urucurituba,Urucurituba,2020-09-01,918,29,4,0
Urucurituba,Urucurituba,2020-09-02,922,4,4,0
Urucurituba,Urucurituba,2020-09-03,941,19,4,0
Urucurituba,Urucurituba,2020-09-04,952,11,4,0
Urucurituba,Urucurituba,2020-09-05,956,4,4,0
Urucurituba,Urucurituba,2020-09-06,956,0,4,0
Urucurituba,Urucurituba,2020-09-07,956,0,4,0
Urucurituba,Urucurituba,2020-09-08,957,1,4,0
Urucurituba,Urucurituba,2020-09-09,961,4,4,0
Urucurituba,Urucurituba,2020-09-10,965,4,4,0
Urucurituba,Urucurituba,2020-09-11,971,6,4,0
Urucurituba,Urucurituba,2020-09-12,972,1,4,0
Urucurituba,Urucurituba,2020-09-13,972,0,4,0
Urucurituba,Urucurituba,2020-09-14,972,0,4,0
Urucurituba,Urucurituba,2020-09-15,984,12,5,1
Urucurituba,Urucurituba,2020-09-16,986,2,5,0
Urucurituba,Urucurituba,2020-09-17,986,0,5,0
Urucurituba,Urucurituba,2020-09-18,998,12,6,1
Urucurituba,Urucurituba,2020-09-19,1001,3,7,1
Urucurituba,Urucurituba,2020-09-20,1001,0,7,0
Urucurituba,Urucurituba,2020-09-21,1001,0,7,0
Urucurituba,Urucurituba,2020-09-22,1005,4,7,0
Urucurituba,Urucurituba,2020-09-23,1010,5,7,0
Urucurituba,Urucurituba,2020-09-24,1014,4,7,0
Urucurituba,Urucurituba,2020-09-25,1021,7,7,0
Urucurituba,Urucurituba,2020-09-26,1023,2,7,0
Urucurituba,Urucurituba,2020-09-27,1023,0,7,0
Urucurituba,Urucurituba,2020-09-28,1023,0,7,0
Urucurituba,Urucurituba,2020-09-29,1027,4,7,0
Urucurituba,Urucurituba,2020-09-30,1028,1,7,0
Urucurituba,Urucurituba,2020-10-01,1034,6,7,0
Urucurituba,Urucurituba,2020-10-02,1034,0,7,0
Urucurituba,Urucurituba,2020-10-03,1039,5,7,0
Urucurituba,Urucurituba,2020-10-04,1039,0,7,0
Urucurituba,Urucurituba,2020-10-05,1039,0,7,0
Urucurituba,Urucurituba,2020-10-06,1053,14,7,0
Urucurituba,Urucurituba,2020-10-07,1094,41,7,0
Urucurituba,Urucurituba,2020-10-08,1128,34,7,0
Urucurituba,Urucurituba,2020-10-09,1140,12,7,0
Urucurituba,Urucurituba,2020-10-10,1140,0,7,0
Urucurituba,Urucurituba,2020-10-11,1140,0,7,0
Urucurituba,Urucurituba,2020-10-12,1140,0,7,0
Urucurituba,Urucurituba,2020-10-13,1147,7,7,0
Urucurituba,Urucurituba,2020-10-14,1151,4,7,0
Urucurituba,Urucurituba,2020-10-15,1155,4,7,0
Urucurituba,Urucurituba,2020-10-16,1170,15,7,0
Urucurituba,Urucurituba,2020-10-17,1172,2,7,0
Urucurituba,Urucurituba,2020-10-18,1172,0,7,0
Urucurituba,Urucurituba,2020-10-19,1172,0,7,0
Urucurituba,Urucurituba,2020-10-20,1180,8,7,0
Urucurituba,Urucurituba,2020-10-21,1180,0,7,0
Urucurituba,Urucurituba,2020-10-22,1187,7,7,0
Urucurituba,Urucurituba,2020-10-23,1188,1,7,0
Urucurituba,Urucurituba,2020-10-24,1192,4,7,0
Urucurituba,Urucurituba,2020-10-25,1192,0,7,0
Urucurituba,Urucurituba,2020-10-26,1193,1,7,0
Urucurituba,Urucurituba,2020-10-27,1194,1,7,0
Urucurituba,Urucurituba,2020-10-28,1195,1,7,0
Urucurituba,Urucurituba,2020-10-29,1287,92,7,0
Urucurituba,Urucurituba,2020-10-30,1287,0,7,0
Urucurituba,Urucurituba,2020-10-31,1287,0,7,0
Urucurituba,Urucurituba,2020-11-01,1287,0,7,0
Urucurituba,Urucurituba,2020-11-02,1287,0,8,1
Urucurituba,Urucurituba,2020-11-03,1287,0,8,0
Urucurituba,Urucurituba,2020-11-04,1287,0,8,0
Urucurituba,Urucurituba,2020-11-05,1287,0,8,0
Urucurituba,Urucurituba,2020-11-06,1287,0,8,0
Urucurituba,Urucurituba,2020-11-07,1287,0,8,0
Urucurituba,Urucurituba,2020-11-08,1287,0,8,0
Urucurituba,Urucurituba,2020-11-09,1287,0,8,0
Urucurituba,Urucurituba,2020-11-10,1287,0,8,0
Urucurituba,Urucurituba,2020-11-11,1287,0,8,0
Urucurituba,Urucurituba,2020-11-12,1287,0,8,0
Urucurituba,Urucurituba,2020-11-13,1287,0,8,0
Urucurituba,Urucurituba,2020-11-14,1287,0,8,0
Urucurituba,Urucurituba,2020-11-15,1287,0,8,0
Urucurituba,Urucurituba,2020-11-16,1287,0,8,0
Urucurituba,Urucurituba,2020-11-17,1287,0,9,1
Urucurituba,Urucurituba,2020-11-18,1287,0,9,0
Urucurituba,Urucurituba,2020-11-19,1287,0,10,1
Urucurituba,Urucurituba,2020-11-20,1321,34,10,0
Urucurituba,Urucurituba,2020-11-21,1321,0,10,0
Urucurituba,Urucurituba,2020-11-22,1321,0,10,0
Urucurituba,Urucurituba,2020-11-23,1324,3,10,0
Urucurituba,Urucurituba,2020-11-24,1326,2,10,0
Urucurituba,Urucurituba,2020-11-25,1327,1,10,0
Urucurituba,Urucurituba,2020-11-26,1329,2,10,0
Urucurituba,Urucurituba,2020-11-27,1334,5,10,0
Urucurituba,Urucurituba,2020-11-28,1337,3,10,0
Urucurituba,Urucurituba,2020-11-29,1337,0,10,0
Urucurituba,Urucurituba,2020-11-30,1340,3,10,0
Urucurituba,Urucurituba,2020-12-01,1344,4,10,0
Urucurituba,Urucurituba,2020-12-02,1347,3,10,0
Urucurituba,Urucurituba,2020-12-03,1348,1,10,0
Urucurituba,Urucurituba,2020-12-04,1349,1,10,0
Urucurituba,Urucurituba,2020-12-05,1349,0,10,0
Urucurituba,Urucurituba,2020-12-06,1349,0,10,0
Urucurituba,Urucurituba,2020-12-07,1349,0,10,0
Urucurituba,Urucurituba,2020-12-08,1351,2,10,0
Urucurituba,Urucurituba,2020-12-09,1355,4,10,0
Urucurituba,Urucurituba,2020-12-10,1358,3,10,0
Urucurituba,Urucurituba,2020-12-11,1363,5,10,0
Urucurituba,Urucurituba,2020-12-12,1363,0,10,0
Urucurituba,Urucurituba,2020-12-13,1363,0,10,0
Urucurituba,Urucurituba,2020-12-14,1364,1,10,0
Urucurituba,Urucurituba,2020-12-15,1389,25,10,0
Urucurituba,Urucurituba,2020-12-16,1393,4,10,0
Urucurituba,Urucurituba,2020-12-17,1400,7,10,0
Urucurituba,Urucurituba,2020-12-18,1410,10,10,0
Urucurituba,Urucurituba,2020-12-19,1410,0,11,1
Urucurituba,Urucurituba,2020-12-20,1410,0,11,0
Urucurituba,Urucurituba,2020-12-21,1415,5,11,0
Urucurituba,Urucurituba,2020-12-22,1439,24,11,0
Urucurituba,Urucurituba,2020-12-23,1439,0,11,0
Urucurituba,Urucurituba,2020-12-24,1439,0,11,0
Urucurituba,Urucurituba,2020-12-25,1439,0,11,0
Urucurituba,Urucurituba,2020-12-26,1439,0,11,0
Urucurituba,Urucurituba,2020-12-27,1439,0,11,0
Urucurituba,Urucurituba,2020-12-28,1439,0,11,0
Urucurituba,Urucurituba,2020-12-29,1439,0,11,0
Urucurituba,Urucurituba,2020-12-30,1439,0,11,0
Urucurituba,Urucurituba,2020-12-31,1439,0,11,0
Urucurituba,Urucurituba,2021-01-01,1439,0,11,0
Urucurituba,Urucurituba,2021-01-02,1439,0,11,0
Urucurituba,Urucurituba,2021-01-03,1439,0,11,0
Urucurituba,Urucurituba,2021-01-04,1439,0,11,0
Urucurituba,Urucurituba,2021-01-05,1518,79,11,0
Urucurituba,Urucurituba,2021-01-06,1518,0,15,4
Urucurituba,Urucurituba,2021-01-07,1531,13,15,0
Urucurituba,Urucurituba,2021-01-08,1531,0,15,0
Urucurituba,Urucurituba,2021-01-09,1531,0,15,0
Urucurituba,Urucurituba,2021-01-10,1531,0,15,0
Urucurituba,Urucurituba,2021-01-11,1565,34,15,0
Urucurituba,Urucurituba,2021-01-12,1580,15,15,0
Urucurituba,Urucurituba,2021-01-13,1592,12,15,0
Urucurituba,Urucurituba,2021-01-14,1622,30,15,0
Urucurituba,Urucurituba,2021-01-15,1630,8,15,0
Urucurituba,Urucurituba,2021-01-16,1630,0,15,0
Urucurituba,Urucurituba,2021-01-17,1630,0,15,0
Urucurituba,Urucurituba,2021-01-18,1690,60,15,0
Urucurituba,Urucurituba,2021-01-19,1692,2,16,1
Urucurituba,Urucurituba,2021-01-20,1704,12,16,0
Urucurituba,Urucurituba,2021-01-21,1745,41,17,1
Urucurituba,Urucurituba,2021-01-22,1751,6,17,0
Urucurituba,Urucurituba,2021-01-23,1770,19,17,0
Urucurituba,Urucurituba,2021-01-24,1770,0,17,0
Urucurituba,Urucurituba,2021-01-25,1802,32,17,0
Urucurituba,Urucurituba,2021-01-26,1807,5,17,0
Urucurituba,Urucurituba,2021-01-27,1823,16,17,0
Urucurituba,Urucurituba,2021-01-28,1860,37,17,0
Urucurituba,Urucurituba,2021-01-29,1871,11,20,3
Urucurituba,Urucurituba,2021-01-30,1885,14,20,0
Urucurituba,Urucurituba,2021-01-31,1885,0,20,0
Urucurituba,Urucurituba,2021-02-01,1897,12,20,0
Urucurituba,Urucurituba,2021-02-02,1933,36,20,0
Urucurituba,Urucurituba,2021-02-03,1943,10,20,0
Urucurituba,Urucurituba,2021-02-04,1962,19,20,0
Urucurituba,Urucurituba,2021-02-05,1976,14,20,0
Urucurituba,Urucurituba,2021-02-06,2001,25,21,1
Urucurituba,Urucurituba,2021-02-07,2001,0,21,0
Urucurituba,Urucurituba,2021-02-08,2006,5,21,0
