city,city,date,cases,daily cases,deaths,daily deaths
Urupês,Urupês,2020-03-27,0,0,0,0
Urupês,Urupês,2020-03-28,0,0,0,0
Urupês,Urupês,2020-03-29,0,0,0,0
Urupês,Urupês,2020-03-30,0,0,0,0
Urupês,Urupês,2020-03-31,0,0,0,0
Urupês,Urupês,2020-04-01,0,0,0,0
Urupês,Urupês,2020-04-02,0,0,0,0
Urupês,Urupês,2020-04-03,0,0,0,0
Urupês,Urupês,2020-04-04,0,0,0,0
Urupês,Urupês,2020-04-05,0,0,0,0
Urupês,Urupês,2020-04-06,0,0,0,0
Urupês,Urupês,2020-04-07,0,0,0,0
Urupês,Urupês,2020-04-08,0,0,0,0
Urupês,Urupês,2020-04-09,0,0,0,0
Urupês,Urupês,2020-04-10,0,0,0,0
Urupês,Urupês,2020-04-11,0,0,0,0
Urupês,Urupês,2020-04-12,0,0,0,0
Urupês,Urupês,2020-04-13,0,0,0,0
Urupês,Urupês,2020-04-14,0,0,0,0
Urupês,Urupês,2020-04-15,0,0,0,0
Urupês,Urupês,2020-04-16,0,0,0,0
Urupês,Urupês,2020-04-17,0,0,0,0
Urupês,Urupês,2020-04-18,0,0,0,0
Urupês,Urupês,2020-04-19,0,0,0,0
Urupês,Urupês,2020-04-20,0,0,0,0
Urupês,Urupês,2020-04-21,0,0,0,0
Urupês,Urupês,2020-04-22,0,0,0,0
Urupês,Urupês,2020-04-23,0,0,0,0
Urupês,Urupês,2020-04-24,0,0,0,0
Urupês,Urupês,2020-04-25,0,0,0,0
Urupês,Urupês,2020-04-26,0,0,0,0
Urupês,Urupês,2020-04-27,0,0,0,0
Urupês,Urupês,2020-04-28,0,0,0,0
Urupês,Urupês,2020-04-29,0,0,0,0
Urupês,Urupês,2020-04-30,0,0,0,0
Urupês,Urupês,2020-05-01,0,0,0,0
Urupês,Urupês,2020-05-02,0,0,0,0
Urupês,Urupês,2020-05-03,0,0,0,0
Urupês,Urupês,2020-05-04,0,0,0,0
Urupês,Urupês,2020-05-05,0,0,0,0
Urupês,Urupês,2020-05-06,0,0,0,0
Urupês,Urupês,2020-05-07,0,0,0,0
Urupês,Urupês,2020-05-08,0,0,0,0
Urupês,Urupês,2020-05-09,0,0,0,0
Urupês,Urupês,2020-05-10,0,0,0,0
Urupês,Urupês,2020-05-11,0,0,0,0
Urupês,Urupês,2020-05-12,0,0,0,0
Urupês,Urupês,2020-05-13,0,0,0,0
Urupês,Urupês,2020-05-14,1,1,0,0
Urupês,Urupês,2020-05-15,3,2,0,0
Urupês,Urupês,2020-05-16,3,0,0,0
Urupês,Urupês,2020-05-17,3,0,0,0
Urupês,Urupês,2020-05-18,3,0,0,0
Urupês,Urupês,2020-05-19,3,0,0,0
Urupês,Urupês,2020-05-20,3,0,0,0
Urupês,Urupês,2020-05-21,3,0,0,0
Urupês,Urupês,2020-05-22,3,0,0,0
Urupês,Urupês,2020-05-23,3,0,0,0
Urupês,Urupês,2020-05-24,3,0,0,0
Urupês,Urupês,2020-05-25,3,0,0,0
Urupês,Urupês,2020-05-26,3,0,0,0
Urupês,Urupês,2020-05-27,3,0,0,0
Urupês,Urupês,2020-05-28,3,0,0,0
Urupês,Urupês,2020-05-29,3,0,0,0
Urupês,Urupês,2020-05-30,3,0,0,0
Urupês,Urupês,2020-05-31,3,0,0,0
Urupês,Urupês,2020-06-01,3,0,0,0
Urupês,Urupês,2020-06-02,3,0,0,0
Urupês,Urupês,2020-06-03,3,0,0,0
Urupês,Urupês,2020-06-04,3,0,0,0
Urupês,Urupês,2020-06-05,3,0,0,0
Urupês,Urupês,2020-06-06,3,0,0,0
Urupês,Urupês,2020-06-07,3,0,0,0
Urupês,Urupês,2020-06-08,3,0,0,0
Urupês,Urupês,2020-06-09,3,0,0,0
Urupês,Urupês,2020-06-10,3,0,0,0
Urupês,Urupês,2020-06-11,3,0,0,0
Urupês,Urupês,2020-06-12,3,0,0,0
Urupês,Urupês,2020-06-13,3,0,0,0
Urupês,Urupês,2020-06-14,3,0,0,0
Urupês,Urupês,2020-06-15,3,0,0,0
Urupês,Urupês,2020-06-16,3,0,0,0
Urupês,Urupês,2020-06-17,3,0,0,0
Urupês,Urupês,2020-06-18,3,0,0,0
Urupês,Urupês,2020-06-19,3,0,0,0
Urupês,Urupês,2020-06-20,4,1,0,0
Urupês,Urupês,2020-06-21,4,0,0,0
Urupês,Urupês,2020-06-22,4,0,0,0
Urupês,Urupês,2020-06-23,5,1,0,0
Urupês,Urupês,2020-06-24,5,0,0,0
Urupês,Urupês,2020-06-25,6,1,0,0
Urupês,Urupês,2020-06-26,8,2,0,0
Urupês,Urupês,2020-06-27,8,0,0,0
Urupês,Urupês,2020-06-28,8,0,0,0
Urupês,Urupês,2020-06-29,8,0,0,0
Urupês,Urupês,2020-06-30,8,0,0,0
Urupês,Urupês,2020-07-01,9,1,0,0
Urupês,Urupês,2020-07-02,12,3,0,0
Urupês,Urupês,2020-07-03,11,-1,1,1
Urupês,Urupês,2020-07-04,11,0,1,0
Urupês,Urupês,2020-07-05,11,0,1,0
Urupês,Urupês,2020-07-06,11,0,1,0
Urupês,Urupês,2020-07-07,13,2,1,0
Urupês,Urupês,2020-07-08,13,0,1,0
Urupês,Urupês,2020-07-09,15,2,1,0
Urupês,Urupês,2020-07-10,16,1,2,1
Urupês,Urupês,2020-07-11,19,3,2,0
Urupês,Urupês,2020-07-12,20,1,2,0
Urupês,Urupês,2020-07-13,20,0,3,1
Urupês,Urupês,2020-07-14,21,1,3,0
Urupês,Urupês,2020-07-15,20,-1,3,0
Urupês,Urupês,2020-07-16,21,1,3,0
Urupês,Urupês,2020-07-17,22,1,3,0
Urupês,Urupês,2020-07-18,23,1,3,0
Urupês,Urupês,2020-07-19,24,1,3,0
Urupês,Urupês,2020-07-20,24,0,3,0
Urupês,Urupês,2020-07-21,25,1,3,0
Urupês,Urupês,2020-07-22,28,3,3,0
Urupês,Urupês,2020-07-23,30,2,3,0
Urupês,Urupês,2020-07-24,32,2,3,0
Urupês,Urupês,2020-07-25,35,3,3,0
Urupês,Urupês,2020-07-26,37,2,3,0
Urupês,Urupês,2020-07-27,39,2,3,0
Urupês,Urupês,2020-07-28,39,0,3,0
Urupês,Urupês,2020-07-29,42,3,4,1
Urupês,Urupês,2020-07-30,42,0,4,0
Urupês,Urupês,2020-07-31,44,2,4,0
Urupês,Urupês,2020-08-01,45,1,4,0
Urupês,Urupês,2020-08-02,47,2,4,0
Urupês,Urupês,2020-08-03,47,0,4,0
Urupês,Urupês,2020-08-04,55,8,4,0
Urupês,Urupês,2020-08-05,57,2,4,0
Urupês,Urupês,2020-08-06,95,38,4,0
Urupês,Urupês,2020-08-07,97,2,4,0
Urupês,Urupês,2020-08-08,101,4,5,1
Urupês,Urupês,2020-08-09,103,2,5,0
Urupês,Urupês,2020-08-10,105,2,5,0
Urupês,Urupês,2020-08-11,109,4,6,1
Urupês,Urupês,2020-08-12,110,1,6,0
Urupês,Urupês,2020-08-13,110,0,6,0
Urupês,Urupês,2020-08-14,112,2,6,0
Urupês,Urupês,2020-08-15,113,1,6,0
Urupês,Urupês,2020-08-16,113,0,6,0
Urupês,Urupês,2020-08-17,113,0,6,0
Urupês,Urupês,2020-08-18,113,0,6,0
Urupês,Urupês,2020-08-19,114,1,6,0
Urupês,Urupês,2020-08-20,115,1,6,0
Urupês,Urupês,2020-08-21,115,0,6,0
Urupês,Urupês,2020-08-22,117,2,6,0
Urupês,Urupês,2020-08-23,117,0,6,0
Urupês,Urupês,2020-08-24,118,1,6,0
Urupês,Urupês,2020-08-25,121,3,7,1
Urupês,Urupês,2020-08-26,122,1,7,0
Urupês,Urupês,2020-08-27,125,3,7,0
Urupês,Urupês,2020-08-28,127,2,7,0
Urupês,Urupês,2020-08-29,127,0,7,0
Urupês,Urupês,2020-08-30,128,1,7,0
Urupês,Urupês,2020-08-31,128,0,7,0
Urupês,Urupês,2020-09-01,128,0,7,0
Urupês,Urupês,2020-09-02,135,7,7,0
Urupês,Urupês,2020-09-03,135,0,7,0
Urupês,Urupês,2020-09-04,137,2,7,0
Urupês,Urupês,2020-09-05,142,5,7,0
Urupês,Urupês,2020-09-06,144,2,7,0
Urupês,Urupês,2020-09-07,146,2,7,0
Urupês,Urupês,2020-09-08,153,7,7,0
Urupês,Urupês,2020-09-09,155,2,7,0
Urupês,Urupês,2020-09-10,157,2,7,0
Urupês,Urupês,2020-09-11,164,7,7,0
Urupês,Urupês,2020-09-12,171,7,7,0
Urupês,Urupês,2020-09-13,171,0,7,0
Urupês,Urupês,2020-09-14,171,0,7,0
Urupês,Urupês,2020-09-15,171,0,7,0
Urupês,Urupês,2020-09-16,184,13,7,0
Urupês,Urupês,2020-09-17,185,1,7,0
Urupês,Urupês,2020-09-18,188,3,7,0
Urupês,Urupês,2020-09-19,189,1,7,0
Urupês,Urupês,2020-09-20,190,1,7,0
Urupês,Urupês,2020-09-21,196,6,7,0
Urupês,Urupês,2020-09-22,203,7,7,0
Urupês,Urupês,2020-09-23,210,7,7,0
Urupês,Urupês,2020-09-24,210,0,7,0
Urupês,Urupês,2020-09-25,215,5,7,0
Urupês,Urupês,2020-09-26,217,2,7,0
Urupês,Urupês,2020-09-27,220,3,7,0
Urupês,Urupês,2020-09-28,220,0,7,0
Urupês,Urupês,2020-09-29,220,0,7,0
Urupês,Urupês,2020-09-30,221,1,8,1
Urupês,Urupês,2020-10-01,221,0,8,0
Urupês,Urupês,2020-10-02,222,1,8,0
Urupês,Urupês,2020-10-03,225,3,9,1
Urupês,Urupês,2020-10-04,226,1,11,2
Urupês,Urupês,2020-10-05,228,2,11,0
Urupês,Urupês,2020-10-06,229,1,11,0
Urupês,Urupês,2020-10-07,231,2,11,0
Urupês,Urupês,2020-10-08,233,2,11,0
Urupês,Urupês,2020-10-09,234,1,11,0
Urupês,Urupês,2020-10-10,237,3,11,0
Urupês,Urupês,2020-10-11,237,0,11,0
Urupês,Urupês,2020-10-12,237,0,11,0
Urupês,Urupês,2020-10-13,237,0,11,0
Urupês,Urupês,2020-10-14,237,0,11,0
Urupês,Urupês,2020-10-15,238,1,11,0
Urupês,Urupês,2020-10-16,239,1,11,0
Urupês,Urupês,2020-10-17,239,0,11,0
Urupês,Urupês,2020-10-18,239,0,11,0
Urupês,Urupês,2020-10-19,239,0,11,0
Urupês,Urupês,2020-10-20,239,0,11,0
Urupês,Urupês,2020-10-21,239,0,11,0
Urupês,Urupês,2020-10-22,240,1,12,1
Urupês,Urupês,2020-10-23,240,0,12,0
Urupês,Urupês,2020-10-24,242,2,12,0
Urupês,Urupês,2020-10-25,242,0,12,0
Urupês,Urupês,2020-10-26,242,0,12,0
Urupês,Urupês,2020-10-27,245,3,12,0
Urupês,Urupês,2020-10-28,245,0,12,0
Urupês,Urupês,2020-10-29,245,0,12,0
Urupês,Urupês,2020-10-30,245,0,12,0
Urupês,Urupês,2020-10-31,245,0,12,0
Urupês,Urupês,2020-11-01,245,0,12,0
Urupês,Urupês,2020-11-02,245,0,12,0
Urupês,Urupês,2020-11-03,245,0,12,0
Urupês,Urupês,2020-11-04,245,0,12,0
Urupês,Urupês,2020-11-05,245,0,12,0
Urupês,Urupês,2020-11-06,245,0,12,0
Urupês,Urupês,2020-11-07,245,0,12,0
Urupês,Urupês,2020-11-08,245,0,12,0
Urupês,Urupês,2020-11-09,245,0,12,0
Urupês,Urupês,2020-11-10,245,0,12,0
Urupês,Urupês,2020-11-11,247,2,13,1
Urupês,Urupês,2020-11-12,249,2,14,1
Urupês,Urupês,2020-11-13,249,0,14,0
Urupês,Urupês,2020-11-14,249,0,14,0
Urupês,Urupês,2020-11-15,249,0,14,0
Urupês,Urupês,2020-11-16,249,0,14,0
Urupês,Urupês,2020-11-17,249,0,14,0
Urupês,Urupês,2020-11-18,250,1,14,0
Urupês,Urupês,2020-11-19,251,1,14,0
Urupês,Urupês,2020-11-20,252,1,14,0
Urupês,Urupês,2020-11-21,252,0,14,0
Urupês,Urupês,2020-11-22,252,0,14,0
Urupês,Urupês,2020-11-23,253,1,14,0
Urupês,Urupês,2020-11-24,255,2,14,0
Urupês,Urupês,2020-11-25,255,0,14,0
Urupês,Urupês,2020-11-26,255,0,14,0
Urupês,Urupês,2020-11-27,255,0,14,0
Urupês,Urupês,2020-11-28,255,0,14,0
Urupês,Urupês,2020-11-29,255,0,14,0
Urupês,Urupês,2020-11-30,255,0,14,0
Urupês,Urupês,2020-12-01,255,0,14,0
Urupês,Urupês,2020-12-02,258,3,14,0
Urupês,Urupês,2020-12-03,258,0,14,0
Urupês,Urupês,2020-12-04,259,1,14,0
Urupês,Urupês,2020-12-05,261,2,14,0
Urupês,Urupês,2020-12-06,261,0,14,0
Urupês,Urupês,2020-12-07,261,0,14,0
Urupês,Urupês,2020-12-08,261,0,14,0
Urupês,Urupês,2020-12-09,261,0,14,0
Urupês,Urupês,2020-12-10,261,0,14,0
Urupês,Urupês,2020-12-11,261,0,14,0
Urupês,Urupês,2020-12-12,261,0,14,0
Urupês,Urupês,2020-12-13,261,0,14,0
Urupês,Urupês,2020-12-14,261,0,14,0
Urupês,Urupês,2020-12-15,261,0,14,0
Urupês,Urupês,2020-12-16,261,0,14,0
Urupês,Urupês,2020-12-17,261,0,14,0
Urupês,Urupês,2020-12-18,262,1,14,0
Urupês,Urupês,2020-12-19,263,1,14,0
Urupês,Urupês,2020-12-20,263,0,14,0
Urupês,Urupês,2020-12-21,263,0,14,0
Urupês,Urupês,2020-12-22,263,0,14,0
Urupês,Urupês,2020-12-23,263,0,14,0
Urupês,Urupês,2020-12-24,264,1,14,0
Urupês,Urupês,2020-12-25,264,0,14,0
Urupês,Urupês,2020-12-26,264,0,14,0
Urupês,Urupês,2020-12-27,264,0,14,0
Urupês,Urupês,2020-12-28,264,0,14,0
Urupês,Urupês,2020-12-29,267,3,14,0
Urupês,Urupês,2020-12-30,268,1,14,0
Urupês,Urupês,2020-12-31,269,1,14,0
Urupês,Urupês,2021-01-01,270,1,14,0
Urupês,Urupês,2021-01-02,270,0,14,0
Urupês,Urupês,2021-01-03,270,0,14,0
Urupês,Urupês,2021-01-04,270,0,14,0
Urupês,Urupês,2021-01-05,270,0,14,0
Urupês,Urupês,2021-01-06,271,1,14,0
Urupês,Urupês,2021-01-07,271,0,14,0
Urupês,Urupês,2021-01-08,272,1,14,0
Urupês,Urupês,2021-01-09,274,2,14,0
Urupês,Urupês,2021-01-10,275,1,14,0
Urupês,Urupês,2021-01-11,275,0,14,0
Urupês,Urupês,2021-01-12,277,2,14,0
Urupês,Urupês,2021-01-13,278,1,14,0
Urupês,Urupês,2021-01-14,278,0,14,0
Urupês,Urupês,2021-01-15,281,3,14,0
Urupês,Urupês,2021-01-16,314,33,14,0
Urupês,Urupês,2021-01-17,318,4,14,0
Urupês,Urupês,2021-01-18,320,2,14,0
Urupês,Urupês,2021-01-19,373,53,14,0
Urupês,Urupês,2021-01-20,374,1,14,0
Urupês,Urupês,2021-01-21,374,0,14,0
Urupês,Urupês,2021-01-22,376,2,14,0
Urupês,Urupês,2021-01-23,392,16,14,0
Urupês,Urupês,2021-01-24,392,0,14,0
Urupês,Urupês,2021-01-25,394,2,14,0
Urupês,Urupês,2021-01-26,397,3,14,0
Urupês,Urupês,2021-01-27,396,-1,14,0
Urupês,Urupês,2021-01-28,396,0,14,0
Urupês,Urupês,2021-01-29,396,0,14,0
Urupês,Urupês,2021-01-30,396,0,14,0
Urupês,Urupês,2021-01-31,397,1,14,0
Urupês,Urupês,2021-02-01,397,0,14,0
Urupês,Urupês,2021-02-02,397,0,14,0
Urupês,Urupês,2021-02-03,398,1,14,0
Urupês,Urupês,2021-02-04,399,1,14,0
Urupês,Urupês,2021-02-05,402,3,14,0
Urupês,Urupês,2021-02-06,405,3,14,0
Urupês,Urupês,2021-02-07,405,0,14,0
Urupês,Urupês,2021-02-08,405,0,14,0
