city,city,date,cases,daily cases,deaths,daily deaths
Urânia,Urânia,2020-03-27,0,0,0,0
Urânia,Urânia,2020-03-28,0,0,0,0
Urânia,Urânia,2020-03-29,0,0,0,0
Urânia,Urânia,2020-03-30,0,0,0,0
Urânia,Urânia,2020-03-31,0,0,0,0
Urânia,Urânia,2020-04-01,0,0,0,0
Urânia,Urânia,2020-04-02,0,0,0,0
Urânia,Urânia,2020-04-03,0,0,0,0
Urânia,Urânia,2020-04-04,0,0,0,0
Urânia,Urânia,2020-04-05,0,0,0,0
Urânia,Urânia,2020-04-06,0,0,0,0
Urânia,Urânia,2020-04-07,0,0,0,0
Urânia,Urânia,2020-04-08,0,0,0,0
Urânia,Urânia,2020-04-09,0,0,0,0
Urânia,Urânia,2020-04-10,0,0,0,0
Urânia,Urânia,2020-04-11,0,0,0,0
Urânia,Urânia,2020-04-12,0,0,0,0
Urânia,Urânia,2020-04-13,0,0,0,0
Urânia,Urânia,2020-04-14,0,0,0,0
Urânia,Urânia,2020-04-15,0,0,0,0
Urânia,Urânia,2020-04-16,0,0,0,0
Urânia,Urânia,2020-04-17,0,0,0,0
Urânia,Urânia,2020-04-18,0,0,0,0
Urânia,Urânia,2020-04-19,0,0,0,0
Urânia,Urânia,2020-04-20,0,0,0,0
Urânia,Urânia,2020-04-21,0,0,0,0
Urânia,Urânia,2020-04-22,0,0,0,0
Urânia,Urânia,2020-04-23,0,0,0,0
Urânia,Urânia,2020-04-24,0,0,0,0
Urânia,Urânia,2020-04-25,0,0,0,0
Urânia,Urânia,2020-04-26,0,0,0,0
Urânia,Urânia,2020-04-27,0,0,0,0
Urânia,Urânia,2020-04-28,0,0,0,0
Urânia,Urânia,2020-04-29,0,0,0,0
Urânia,Urânia,2020-04-30,0,0,0,0
Urânia,Urânia,2020-05-01,0,0,0,0
Urânia,Urânia,2020-05-02,0,0,0,0
Urânia,Urânia,2020-05-03,0,0,0,0
Urânia,Urânia,2020-05-04,0,0,0,0
Urânia,Urânia,2020-05-05,0,0,0,0
Urânia,Urânia,2020-05-06,0,0,0,0
Urânia,Urânia,2020-05-07,0,0,0,0
Urânia,Urânia,2020-05-08,0,0,0,0
Urânia,Urânia,2020-05-09,0,0,0,0
Urânia,Urânia,2020-05-10,0,0,0,0
Urânia,Urânia,2020-05-11,0,0,0,0
Urânia,Urânia,2020-05-12,0,0,0,0
Urânia,Urânia,2020-05-13,0,0,0,0
Urânia,Urânia,2020-05-14,0,0,0,0
Urânia,Urânia,2020-05-15,0,0,0,0
Urânia,Urânia,2020-05-16,0,0,0,0
Urânia,Urânia,2020-05-17,0,0,0,0
Urânia,Urânia,2020-05-18,0,0,0,0
Urânia,Urânia,2020-05-19,0,0,0,0
Urânia,Urânia,2020-05-20,0,0,0,0
Urânia,Urânia,2020-05-21,0,0,0,0
Urânia,Urânia,2020-05-22,0,0,0,0
Urânia,Urânia,2020-05-23,0,0,0,0
Urânia,Urânia,2020-05-24,1,1,0,0
Urânia,Urânia,2020-05-25,1,0,0,0
Urânia,Urânia,2020-05-26,1,0,0,0
Urânia,Urânia,2020-05-27,1,0,0,0
Urânia,Urânia,2020-05-28,1,0,0,0
Urânia,Urânia,2020-05-29,6,5,0,0
Urânia,Urânia,2020-05-30,11,5,0,0
Urânia,Urânia,2020-05-31,11,0,0,0
Urânia,Urânia,2020-06-01,11,0,0,0
Urânia,Urânia,2020-06-02,11,0,0,0
Urânia,Urânia,2020-06-03,11,0,0,0
Urânia,Urânia,2020-06-04,17,6,0,0
Urânia,Urânia,2020-06-05,17,0,0,0
Urânia,Urânia,2020-06-06,21,4,1,1
Urânia,Urânia,2020-06-07,31,10,1,0
Urânia,Urânia,2020-06-08,31,0,1,0
Urânia,Urânia,2020-06-09,31,0,2,1
Urânia,Urânia,2020-06-10,32,1,2,0
Urânia,Urânia,2020-06-11,34,2,2,0
Urânia,Urânia,2020-06-12,37,3,2,0
Urânia,Urânia,2020-06-13,37,0,3,1
Urânia,Urânia,2020-06-14,37,0,4,1
Urânia,Urânia,2020-06-15,39,2,4,0
Urânia,Urânia,2020-06-16,39,0,5,1
Urânia,Urânia,2020-06-17,39,0,5,0
Urânia,Urânia,2020-06-18,39,0,5,0
Urânia,Urânia,2020-06-19,43,4,5,0
Urânia,Urânia,2020-06-20,41,-2,5,0
Urânia,Urânia,2020-06-21,41,0,5,0
Urânia,Urânia,2020-06-22,44,3,5,0
Urânia,Urânia,2020-06-23,44,0,5,0
Urânia,Urânia,2020-06-24,44,0,5,0
Urânia,Urânia,2020-06-25,46,2,5,0
Urânia,Urânia,2020-06-26,52,6,5,0
Urânia,Urânia,2020-06-27,54,2,5,0
Urânia,Urânia,2020-06-28,58,4,5,0
Urânia,Urânia,2020-06-29,58,0,5,0
Urânia,Urânia,2020-06-30,62,4,5,0
Urânia,Urânia,2020-07-01,69,7,5,0
Urânia,Urânia,2020-07-02,74,5,5,0
Urânia,Urânia,2020-07-03,74,0,5,0
Urânia,Urânia,2020-07-04,74,0,5,0
Urânia,Urânia,2020-07-05,78,4,5,0
Urânia,Urânia,2020-07-06,78,0,4,-1
Urânia,Urânia,2020-07-07,79,1,4,0
Urânia,Urânia,2020-07-08,79,0,4,0
Urânia,Urânia,2020-07-09,82,3,4,0
Urânia,Urânia,2020-07-10,87,5,4,0
Urânia,Urânia,2020-07-11,87,0,4,0
Urânia,Urânia,2020-07-12,87,0,4,0
Urânia,Urânia,2020-07-13,89,2,4,0
Urânia,Urânia,2020-07-14,90,1,4,0
Urânia,Urânia,2020-07-15,90,0,4,0
Urânia,Urânia,2020-07-16,98,8,4,0
Urânia,Urânia,2020-07-17,98,0,4,0
Urânia,Urânia,2020-07-18,98,0,4,0
Urânia,Urânia,2020-07-19,103,5,4,0
Urânia,Urânia,2020-07-20,104,1,4,0
Urânia,Urânia,2020-07-21,104,0,6,2
Urânia,Urânia,2020-07-22,106,2,6,0
Urânia,Urânia,2020-07-23,106,0,6,0
Urânia,Urânia,2020-07-24,106,0,6,0
Urânia,Urânia,2020-07-25,122,16,6,0
Urânia,Urânia,2020-07-26,122,0,6,0
Urânia,Urânia,2020-07-27,122,0,6,0
Urânia,Urânia,2020-07-28,122,0,6,0
Urânia,Urânia,2020-07-29,132,10,6,0
Urânia,Urânia,2020-07-30,134,2,6,0
Urânia,Urânia,2020-07-31,134,0,6,0
Urânia,Urânia,2020-08-01,149,15,6,0
Urânia,Urânia,2020-08-02,150,1,7,1
Urânia,Urânia,2020-08-03,150,0,7,0
Urânia,Urânia,2020-08-04,158,8,7,0
Urânia,Urânia,2020-08-05,164,6,7,0
Urânia,Urânia,2020-08-06,164,0,7,0
Urânia,Urânia,2020-08-07,163,-1,7,0
Urânia,Urânia,2020-08-08,174,11,7,0
Urânia,Urânia,2020-08-09,176,2,7,0
Urânia,Urânia,2020-08-10,176,0,7,0
Urânia,Urânia,2020-08-11,191,15,7,0
Urânia,Urânia,2020-08-12,203,12,7,0
Urânia,Urânia,2020-08-13,209,6,7,0
Urânia,Urânia,2020-08-14,209,0,7,0
Urânia,Urânia,2020-08-15,222,13,7,0
Urânia,Urânia,2020-08-16,222,0,7,0
Urânia,Urânia,2020-08-17,223,1,7,0
Urânia,Urânia,2020-08-18,235,12,7,0
Urânia,Urânia,2020-08-19,239,4,7,0
Urânia,Urânia,2020-08-20,240,1,8,1
Urânia,Urânia,2020-08-21,240,0,8,0
Urânia,Urânia,2020-08-22,243,3,8,0
Urânia,Urânia,2020-08-23,243,0,8,0
Urânia,Urânia,2020-08-24,245,2,9,1
Urânia,Urânia,2020-08-25,245,0,9,0
Urânia,Urânia,2020-08-26,248,3,9,0
Urânia,Urânia,2020-08-27,248,0,9,0
Urânia,Urânia,2020-08-28,253,5,9,0
Urânia,Urânia,2020-08-29,253,0,9,0
Urânia,Urânia,2020-08-30,253,0,9,0
Urânia,Urânia,2020-08-31,255,2,10,1
Urânia,Urânia,2020-09-01,259,4,10,0
Urânia,Urânia,2020-09-02,259,0,10,0
Urânia,Urânia,2020-09-03,261,2,10,0
Urânia,Urânia,2020-09-04,264,3,10,0
Urânia,Urânia,2020-09-05,266,2,10,0
Urânia,Urânia,2020-09-06,267,1,10,0
Urânia,Urânia,2020-09-07,274,7,10,0
Urânia,Urânia,2020-09-08,274,0,10,0
Urânia,Urânia,2020-09-09,276,2,10,0
Urânia,Urânia,2020-09-10,276,0,10,0
Urânia,Urânia,2020-09-11,277,1,11,1
Urânia,Urânia,2020-09-12,283,6,11,0
Urânia,Urânia,2020-09-13,285,2,11,0
Urânia,Urânia,2020-09-14,285,0,11,0
Urânia,Urânia,2020-09-15,287,2,11,0
Urânia,Urânia,2020-09-16,290,3,11,0
Urânia,Urânia,2020-09-17,293,3,11,0
Urânia,Urânia,2020-09-18,294,1,11,0
Urânia,Urânia,2020-09-19,294,0,11,0
Urânia,Urânia,2020-09-20,295,1,11,0
Urânia,Urânia,2020-09-21,296,1,11,0
Urânia,Urânia,2020-09-22,296,0,11,0
Urânia,Urânia,2020-09-23,298,2,11,0
Urânia,Urânia,2020-09-24,303,5,11,0
Urânia,Urânia,2020-09-25,303,0,11,0
Urânia,Urânia,2020-09-26,303,0,11,0
Urânia,Urânia,2020-09-27,303,0,12,1
Urânia,Urânia,2020-09-28,303,0,12,0
Urânia,Urânia,2020-09-29,306,3,12,0
Urânia,Urânia,2020-09-30,306,0,12,0
Urânia,Urânia,2020-10-01,307,1,12,0
Urânia,Urânia,2020-10-02,307,0,12,0
Urânia,Urânia,2020-10-03,309,2,12,0
Urânia,Urânia,2020-10-04,309,0,12,0
Urânia,Urânia,2020-10-05,309,0,12,0
Urânia,Urânia,2020-10-06,309,0,12,0
Urânia,Urânia,2020-10-07,311,2,12,0
Urânia,Urânia,2020-10-08,311,0,12,0
Urânia,Urânia,2020-10-09,314,3,12,0
Urânia,Urânia,2020-10-10,316,2,12,0
Urânia,Urânia,2020-10-11,315,-1,12,0
Urânia,Urânia,2020-10-12,315,0,12,0
Urânia,Urânia,2020-10-13,315,0,12,0
Urânia,Urânia,2020-10-14,316,1,12,0
Urânia,Urânia,2020-10-15,317,1,12,0
Urânia,Urânia,2020-10-16,317,0,12,0
Urânia,Urânia,2020-10-17,318,1,12,0
Urânia,Urânia,2020-10-18,318,0,12,0
Urânia,Urânia,2020-10-19,318,0,12,0
Urânia,Urânia,2020-10-20,319,1,12,0
Urânia,Urânia,2020-10-21,320,1,12,0
Urânia,Urânia,2020-10-22,320,0,12,0
Urânia,Urânia,2020-10-23,321,1,13,1
Urânia,Urânia,2020-10-24,321,0,13,0
Urânia,Urânia,2020-10-25,321,0,13,0
Urânia,Urânia,2020-10-26,321,0,13,0
Urânia,Urânia,2020-10-27,321,0,13,0
Urânia,Urânia,2020-10-28,321,0,13,0
Urânia,Urânia,2020-10-29,321,0,13,0
Urânia,Urânia,2020-10-30,321,0,13,0
Urânia,Urânia,2020-10-31,321,0,13,0
Urânia,Urânia,2020-11-01,321,0,13,0
Urânia,Urânia,2020-11-02,321,0,13,0
Urânia,Urânia,2020-11-03,321,0,13,0
Urânia,Urânia,2020-11-04,323,2,13,0
Urânia,Urânia,2020-11-05,323,0,13,0
Urânia,Urânia,2020-11-06,323,0,13,0
Urânia,Urânia,2020-11-07,323,0,13,0
Urânia,Urânia,2020-11-08,323,0,13,0
Urânia,Urânia,2020-11-09,323,0,13,0
Urânia,Urânia,2020-11-10,323,0,13,0
Urânia,Urânia,2020-11-11,326,3,13,0
Urânia,Urânia,2020-11-12,326,0,13,0
Urânia,Urânia,2020-11-13,327,1,13,0
Urânia,Urânia,2020-11-14,328,1,13,0
Urânia,Urânia,2020-11-15,328,0,13,0
Urânia,Urânia,2020-11-16,328,0,13,0
Urânia,Urânia,2020-11-17,334,6,13,0
Urânia,Urânia,2020-11-18,344,10,13,0
Urânia,Urânia,2020-11-19,343,-1,13,0
Urânia,Urânia,2020-11-20,346,3,13,0
Urânia,Urânia,2020-11-21,345,-1,13,0
Urânia,Urânia,2020-11-22,345,0,13,0
Urânia,Urânia,2020-11-23,345,0,13,0
Urânia,Urânia,2020-11-24,343,-2,13,0
Urânia,Urânia,2020-11-25,358,15,13,0
Urânia,Urânia,2020-11-26,358,0,13,0
Urânia,Urânia,2020-11-27,359,1,13,0
Urânia,Urânia,2020-11-28,368,9,13,0
Urânia,Urânia,2020-11-29,368,0,13,0
Urânia,Urânia,2020-11-30,368,0,13,0
Urânia,Urânia,2020-12-01,374,6,14,1
Urânia,Urânia,2020-12-02,379,5,14,0
Urânia,Urânia,2020-12-03,383,4,14,0
Urânia,Urânia,2020-12-04,385,2,14,0
Urânia,Urânia,2020-12-05,394,9,15,1
Urânia,Urânia,2020-12-06,394,0,15,0
Urânia,Urânia,2020-12-07,402,8,15,0
Urânia,Urânia,2020-12-08,401,-1,15,0
Urânia,Urânia,2020-12-09,403,2,15,0
Urânia,Urânia,2020-12-10,410,7,15,0
Urânia,Urânia,2020-12-11,412,2,15,0
Urânia,Urânia,2020-12-12,430,18,15,0
Urânia,Urânia,2020-12-13,430,0,15,0
Urânia,Urânia,2020-12-14,430,0,15,0
Urânia,Urânia,2020-12-15,430,0,15,0
Urânia,Urânia,2020-12-16,430,0,15,0
Urânia,Urânia,2020-12-17,454,24,16,1
Urânia,Urânia,2020-12-18,455,1,16,0
Urânia,Urânia,2020-12-19,473,18,16,0
Urânia,Urânia,2020-12-20,473,0,16,0
Urânia,Urânia,2020-12-21,474,1,16,0
Urânia,Urânia,2020-12-22,477,3,16,0
Urânia,Urânia,2020-12-23,477,0,16,0
Urânia,Urânia,2020-12-24,492,15,16,0
Urânia,Urânia,2020-12-25,493,1,16,0
Urânia,Urânia,2020-12-26,497,4,16,0
Urânia,Urânia,2020-12-27,496,-1,16,0
Urânia,Urânia,2020-12-28,496,0,16,0
Urânia,Urânia,2020-12-29,499,3,17,1
Urânia,Urânia,2020-12-30,507,8,18,1
Urânia,Urânia,2020-12-31,507,0,18,0
Urânia,Urânia,2021-01-01,507,0,18,0
Urânia,Urânia,2021-01-02,511,4,18,0
Urânia,Urânia,2021-01-03,511,0,18,0
Urânia,Urânia,2021-01-04,511,0,18,0
Urânia,Urânia,2021-01-05,511,0,18,0
Urânia,Urânia,2021-01-06,511,0,18,0
Urânia,Urânia,2021-01-07,514,3,18,0
Urânia,Urânia,2021-01-08,515,1,18,0
Urânia,Urânia,2021-01-09,526,11,18,0
Urânia,Urânia,2021-01-10,526,0,18,0
Urânia,Urânia,2021-01-11,526,0,18,0
Urânia,Urânia,2021-01-12,526,0,18,0
Urânia,Urânia,2021-01-13,526,0,18,0
Urânia,Urânia,2021-01-14,530,4,18,0
Urânia,Urânia,2021-01-15,530,0,18,0
Urânia,Urânia,2021-01-16,540,10,18,0
Urânia,Urânia,2021-01-17,540,0,18,0
Urânia,Urânia,2021-01-18,540,0,18,0
Urânia,Urânia,2021-01-19,540,0,18,0
Urânia,Urânia,2021-01-20,541,1,18,0
Urânia,Urânia,2021-01-21,549,8,18,0
Urânia,Urânia,2021-01-22,549,0,18,0
Urânia,Urânia,2021-01-23,550,1,18,0
Urânia,Urânia,2021-01-24,550,0,18,0
Urânia,Urânia,2021-01-25,550,0,18,0
Urânia,Urânia,2021-01-26,550,0,18,0
Urânia,Urânia,2021-01-27,551,1,18,0
Urânia,Urânia,2021-01-28,559,8,19,1
Urânia,Urânia,2021-01-29,559,0,19,0
Urânia,Urânia,2021-01-30,559,0,19,0
Urânia,Urânia,2021-01-31,559,0,19,0
Urânia,Urânia,2021-02-01,559,0,19,0
Urânia,Urânia,2021-02-02,566,7,19,0
Urânia,Urânia,2021-02-03,574,8,19,0
Urânia,Urânia,2021-02-04,574,0,19,0
Urânia,Urânia,2021-02-05,575,1,19,0
Urânia,Urânia,2021-02-06,581,6,19,0
Urânia,Urânia,2021-02-07,581,0,19,0
Urânia,Urânia,2021-02-08,581,0,19,0
