city,city,date,cases,daily cases,deaths,daily deaths
Valença,Valença,2020-03-27,0,0,0,0
Valença,Valença,2020-03-28,1,1,0,0
Valença,Valença,2020-03-29,1,0,0,0
Valença,Valença,2020-03-30,1,0,0,0
Valença,Valença,2020-03-31,1,0,0,0
Valença,Valença,2020-04-01,1,0,0,0
Valença,Valença,2020-04-02,1,0,0,0
Valença,Valença,2020-04-03,1,0,0,0
Valença,Valença,2020-04-04,2,1,0,0
Valença,Valença,2020-04-05,2,0,0,0
Valença,Valença,2020-04-06,2,0,0,0
Valença,Valença,2020-04-07,2,0,0,0
Valença,Valença,2020-04-08,2,0,0,0
Valença,Valença,2020-04-09,2,0,0,0
Valença,Valença,2020-04-10,2,0,0,0
Valença,Valença,2020-04-11,2,0,0,0
Valença,Valença,2020-04-12,2,0,0,0
Valença,Valença,2020-04-13,2,0,0,0
Valença,Valença,2020-04-14,2,0,0,0
Valença,Valença,2020-04-15,2,0,0,0
Valença,Valença,2020-04-16,2,0,0,0
Valença,Valença,2020-04-17,3,1,0,0
Valença,Valença,2020-04-18,4,1,0,0
Valença,Valença,2020-04-19,5,1,0,0
Valença,Valença,2020-04-20,5,0,0,0
Valença,Valença,2020-04-21,5,0,0,0
Valença,Valença,2020-04-22,8,3,0,0
Valença,Valença,2020-04-23,8,0,0,0
Valença,Valença,2020-04-24,8,0,0,0
Valença,Valença,2020-04-25,9,1,0,0
Valença,Valença,2020-04-26,9,0,0,0
Valença,Valença,2020-04-27,9,0,0,0
Valença,Valença,2020-04-28,11,2,0,0
Valença,Valença,2020-04-29,12,1,0,0
Valença,Valença,2020-04-30,11,-1,0,0
Valença,Valença,2020-05-01,12,1,0,0
Valença,Valença,2020-05-02,13,1,0,0
Valença,Valença,2020-05-03,15,2,0,0
Valença,Valença,2020-05-04,15,0,0,0
Valença,Valença,2020-05-05,17,2,1,1
Valença,Valença,2020-05-06,18,1,1,0
Valença,Valença,2020-05-07,23,5,1,0
Valença,Valença,2020-05-08,25,2,1,0
Valença,Valença,2020-05-09,29,4,1,0
Valença,Valença,2020-05-10,30,1,1,0
Valença,Valença,2020-05-11,32,2,1,0
Valença,Valença,2020-05-12,38,6,2,1
Valença,Valença,2020-05-13,38,0,2,0
Valença,Valença,2020-05-14,40,2,2,0
Valença,Valença,2020-05-15,42,2,2,0
Valença,Valença,2020-05-16,42,0,2,0
Valença,Valença,2020-05-17,41,-1,2,0
Valença,Valença,2020-05-18,61,20,2,0
Valença,Valença,2020-05-19,63,2,2,0
Valença,Valença,2020-05-20,66,3,3,1
Valença,Valença,2020-05-21,68,2,3,0
Valença,Valença,2020-05-22,69,1,3,0
Valença,Valença,2020-05-23,70,1,3,0
Valença,Valença,2020-05-24,76,6,4,1
Valença,Valença,2020-05-25,80,4,3,-1
Valença,Valença,2020-05-26,83,3,4,1
Valença,Valença,2020-05-27,90,7,4,0
Valença,Valença,2020-05-28,93,3,4,0
Valença,Valença,2020-05-29,107,14,4,0
Valença,Valença,2020-05-30,118,11,5,1
Valença,Valença,2020-05-31,122,4,6,1
Valença,Valença,2020-06-01,128,6,7,1
Valença,Valença,2020-06-02,140,12,8,1
Valença,Valença,2020-06-03,142,2,8,0
Valença,Valença,2020-06-04,170,28,9,1
Valença,Valença,2020-06-05,192,22,9,0
Valença,Valença,2020-06-06,203,11,9,0
Valença,Valença,2020-06-07,217,14,9,0
Valença,Valença,2020-06-08,225,8,9,0
Valença,Valença,2020-06-09,259,34,9,0
Valença,Valença,2020-06-10,274,15,9,0
Valença,Valença,2020-06-11,279,5,9,0
Valença,Valença,2020-06-12,293,14,10,1
Valença,Valença,2020-06-13,304,11,11,1
Valença,Valença,2020-06-14,328,24,11,0
Valença,Valença,2020-06-15,337,9,11,0
Valença,Valença,2020-06-16,367,30,11,0
Valença,Valença,2020-06-17,386,19,11,0
Valença,Valença,2020-06-18,396,10,11,0
Valença,Valença,2020-06-19,403,7,12,1
Valença,Valença,2020-06-20,423,20,12,0
Valença,Valença,2020-06-21,432,9,13,1
Valença,Valença,2020-06-22,451,19,13,0
Valença,Valença,2020-06-23,474,23,18,5
Valença,Valença,2020-06-24,540,66,19,1
Valença,Valença,2020-06-25,575,35,20,1
Valença,Valença,2020-06-26,606,31,21,1
Valença,Valença,2020-06-27,641,35,21,0
Valença,Valença,2020-06-28,701,60,23,2
Valença,Valença,2020-06-29,719,18,23,0
Valença,Valença,2020-06-30,726,7,23,0
Valença,Valença,2020-07-01,783,57,23,0
Valença,Valença,2020-07-02,805,22,28,5
Valença,Valença,2020-07-03,829,24,28,0
Valença,Valença,2020-07-04,865,36,28,0
Valença,Valença,2020-07-05,871,6,28,0
Valença,Valença,2020-07-06,876,5,28,0
Valença,Valença,2020-07-07,891,15,28,0
Valença,Valença,2020-07-08,904,13,28,0
Valença,Valença,2020-07-09,918,14,28,0
Valença,Valença,2020-07-10,923,5,29,1
Valença,Valença,2020-07-11,925,2,32,3
Valença,Valença,2020-07-12,931,6,33,1
Valença,Valença,2020-07-13,946,15,35,2
Valença,Valença,2020-07-14,956,10,36,1
Valença,Valença,2020-07-15,968,12,36,0
Valença,Valença,2020-07-16,975,7,36,0
Valença,Valença,2020-07-17,1006,31,37,1
Valença,Valença,2020-07-18,1027,21,37,0
Valença,Valença,2020-07-19,1064,37,37,0
Valença,Valença,2020-07-20,1095,31,39,2
Valença,Valença,2020-07-21,1268,173,39,0
Valença,Valença,2020-07-22,1291,23,41,2
Valença,Valença,2020-07-23,1318,27,43,2
Valença,Valença,2020-07-24,1335,17,44,1
Valença,Valença,2020-07-25,1349,14,44,0
Valença,Valença,2020-07-26,1360,11,45,1
Valença,Valença,2020-07-27,1365,5,45,0
Valença,Valença,2020-07-28,1381,16,45,0
Valença,Valença,2020-07-29,1403,22,45,0
Valença,Valença,2020-07-30,1451,48,47,2
Valença,Valença,2020-07-31,1493,42,46,-1
Valença,Valença,2020-08-01,1517,24,47,1
Valença,Valença,2020-08-02,1520,3,48,1
Valença,Valença,2020-08-03,1522,2,48,0
Valença,Valença,2020-08-04,1533,11,48,0
Valença,Valença,2020-08-05,1551,18,48,0
Valença,Valença,2020-08-06,1585,34,48,0
Valença,Valença,2020-08-07,1600,15,48,0
Valença,Valença,2020-08-08,1636,36,49,1
Valença,Valença,2020-08-09,1637,1,49,0
Valença,Valença,2020-08-10,1642,5,39,-10
Valença,Valença,2020-08-11,1652,10,49,10
Valença,Valença,2020-08-12,1674,22,49,0
Valença,Valença,2020-08-13,1686,12,50,1
Valença,Valença,2020-08-14,1703,17,52,2
Valença,Valença,2020-08-15,1708,5,52,0
Valença,Valença,2020-08-16,1723,15,55,3
Valença,Valença,2020-08-17,1726,3,55,0
Valença,Valença,2020-08-18,1748,22,55,0
Valença,Valença,2020-08-19,1774,26,57,2
Valença,Valença,2020-08-20,1792,18,57,0
Valença,Valença,2020-08-21,1797,5,57,0
Valença,Valença,2020-08-22,1817,20,57,0
Valença,Valença,2020-08-23,1819,2,58,1
Valença,Valença,2020-08-24,1826,7,59,1
Valença,Valença,2020-08-25,1838,12,59,0
Valença,Valença,2020-08-26,1847,9,59,0
Valença,Valença,2020-08-27,1860,13,48,-11
Valença,Valença,2020-08-28,1879,19,49,1
Valença,Valença,2020-08-29,1905,26,60,11
Valença,Valença,2020-08-30,1912,7,60,0
Valença,Valença,2020-08-31,1927,15,60,0
Valença,Valença,2020-09-01,1956,29,61,1
Valença,Valença,2020-09-02,1990,34,71,10
Valença,Valença,2020-09-03,2036,46,72,1
Valença,Valença,2020-09-04,2048,12,72,0
Valença,Valença,2020-09-05,2050,2,74,2
Valença,Valença,2020-09-06,2079,29,77,3
Valença,Valença,2020-09-07,2084,5,77,0
Valença,Valença,2020-09-08,2085,1,78,1
Valença,Valença,2020-09-09,2091,6,78,0
Valença,Valença,2020-09-10,2095,4,79,1
Valença,Valença,2020-09-11,2151,56,79,0
Valença,Valença,2020-09-12,2163,12,80,1
Valença,Valença,2020-09-13,2173,10,80,0
Valença,Valença,2020-09-14,2174,1,80,0
Valença,Valença,2020-09-15,2195,21,80,0
Valença,Valença,2020-09-16,2223,28,81,1
Valença,Valença,2020-09-17,2246,23,81,0
Valença,Valença,2020-09-18,2270,24,82,1
Valença,Valença,2020-09-19,2283,13,82,0
Valença,Valença,2020-09-20,2284,1,82,0
Valença,Valença,2020-09-21,2295,11,83,1
Valença,Valença,2020-09-22,2320,25,83,0
Valença,Valença,2020-09-23,2327,7,83,0
Valença,Valença,2020-09-24,2351,24,84,1
Valença,Valença,2020-09-25,2361,10,84,0
Valença,Valença,2020-09-26,2363,2,84,0
Valença,Valença,2020-09-27,2363,0,84,0
Valença,Valença,2020-09-28,2372,9,84,0
Valença,Valença,2020-09-29,2374,2,84,0
Valença,Valença,2020-09-30,2383,9,84,0
Valença,Valença,2020-10-01,2411,28,84,0
Valença,Valença,2020-10-02,2421,10,84,0
Valença,Valença,2020-10-03,2428,7,84,0
Valença,Valença,2020-10-04,2437,9,84,0
Valença,Valença,2020-10-05,2440,3,84,0
Valença,Valença,2020-10-06,2456,16,84,0
Valença,Valença,2020-10-07,2469,13,84,0
Valença,Valença,2020-10-08,2482,13,85,1
Valença,Valença,2020-10-09,2503,21,85,0
Valença,Valença,2020-10-10,2514,11,85,0
Valença,Valença,2020-10-11,2514,0,85,0
Valença,Valença,2020-10-12,2514,0,85,0
Valença,Valença,2020-10-13,2522,8,85,0
Valença,Valença,2020-10-14,2539,17,86,1
Valença,Valença,2020-10-15,2541,2,86,0
Valença,Valença,2020-10-16,2550,9,87,1
Valença,Valença,2020-10-17,2555,5,87,0
Valença,Valença,2020-10-18,2576,21,87,0
Valença,Valença,2020-10-19,2579,3,87,0
Valença,Valença,2020-10-20,2586,7,89,2
Valença,Valença,2020-10-21,2597,11,90,1
Valença,Valença,2020-10-22,2601,4,90,0
Valença,Valença,2020-10-23,2606,5,90,0
Valença,Valença,2020-10-24,2624,18,90,0
Valença,Valença,2020-10-25,2624,0,90,0
Valença,Valença,2020-10-26,2668,44,90,0
Valença,Valença,2020-10-27,2688,20,90,0
Valença,Valença,2020-10-28,2700,12,90,0
Valença,Valença,2020-10-29,2714,14,90,0
Valença,Valença,2020-10-30,2717,3,90,0
Valença,Valença,2020-10-31,2721,4,91,1
Valença,Valença,2020-11-01,2747,26,91,0
Valença,Valença,2020-11-02,2748,1,91,0
Valença,Valença,2020-11-03,2760,12,92,1
Valença,Valença,2020-11-04,2762,2,92,0
Valença,Valença,2020-11-05,2779,17,92,0
Valença,Valença,2020-11-06,2814,35,92,0
Valença,Valença,2020-11-07,2836,22,92,0
Valença,Valença,2020-11-08,2842,6,93,1
Valença,Valença,2020-11-09,2844,2,93,0
Valença,Valença,2020-11-10,2850,6,93,0
Valença,Valença,2020-11-11,2881,31,93,0
Valença,Valença,2020-11-12,2892,11,93,0
Valença,Valença,2020-11-13,2902,10,93,0
Valença,Valença,2020-11-14,2928,26,93,0
Valença,Valença,2020-11-15,2928,0,93,0
Valença,Valença,2020-11-16,2952,24,93,0
Valença,Valença,2020-11-17,2955,3,93,0
Valença,Valença,2020-11-18,2987,32,94,1
Valença,Valença,2020-11-19,2998,11,94,0
Valença,Valença,2020-11-20,3051,53,94,0
Valença,Valença,2020-11-21,3054,3,94,0
Valença,Valença,2020-11-22,3056,2,94,0
Valença,Valença,2020-11-23,3056,0,94,0
Valença,Valença,2020-11-24,3065,9,94,0
Valença,Valença,2020-11-25,3103,38,94,0
Valença,Valença,2020-11-26,3111,8,94,0
Valença,Valença,2020-11-27,3113,2,94,0
Valença,Valença,2020-11-28,3139,26,94,0
Valença,Valença,2020-11-29,3151,12,94,0
Valença,Valença,2020-11-30,3158,7,94,0
Valença,Valença,2020-12-01,3193,35,94,0
Valença,Valença,2020-12-02,3208,15,96,2
Valença,Valença,2020-12-03,3243,35,96,0
Valença,Valença,2020-12-04,3292,49,97,1
Valença,Valença,2020-12-05,3301,9,97,0
Valença,Valença,2020-12-06,3351,50,97,0
Valença,Valença,2020-12-07,3386,35,97,0
Valença,Valença,2020-12-08,3446,60,97,0
Valença,Valença,2020-12-09,3452,6,98,1
Valença,Valença,2020-12-10,3462,10,98,0
Valença,Valença,2020-12-11,3477,15,98,0
Valença,Valença,2020-12-12,3497,20,100,2
Valença,Valença,2020-12-13,3498,1,101,1
Valença,Valença,2020-12-14,3537,39,101,0
Valença,Valença,2020-12-15,3539,2,101,0
Valença,Valença,2020-12-16,3581,42,103,2
Valença,Valença,2020-12-17,3600,19,103,0
Valença,Valença,2020-12-18,3649,49,103,0
Valença,Valença,2020-12-19,3652,3,103,0
Valença,Valença,2020-12-20,3672,20,104,1
Valença,Valença,2020-12-21,3673,1,105,1
Valença,Valença,2020-12-22,3680,7,106,1
Valença,Valença,2020-12-23,3726,46,106,0
Valença,Valença,2020-12-24,3732,6,107,1
Valença,Valença,2020-12-25,3735,3,107,0
Valença,Valença,2020-12-26,3735,0,108,1
Valença,Valença,2020-12-27,3747,12,108,0
Valença,Valença,2020-12-28,3756,9,108,0
Valença,Valença,2020-12-29,3782,26,108,0
Valença,Valença,2020-12-30,3782,0,108,0
Valença,Valença,2020-12-31,3793,11,108,0
Valença,Valença,2021-01-01,3802,9,108,0
Valença,Valença,2021-01-02,3803,1,108,0
Valença,Valença,2021-01-03,3805,2,108,0
Valença,Valença,2021-01-04,3824,19,108,0
Valença,Valença,2021-01-05,3830,6,108,0
Valença,Valença,2021-01-06,3831,1,108,0
Valença,Valença,2021-01-07,3845,14,108,0
Valença,Valença,2021-01-08,3857,12,109,1
Valença,Valença,2021-01-09,3879,22,109,0
Valença,Valença,2021-01-10,3882,3,109,0
Valença,Valença,2021-01-11,3892,10,109,0
Valença,Valença,2021-01-12,3902,10,109,0
Valença,Valença,2021-01-13,3952,50,109,0
Valença,Valença,2021-01-14,4018,66,109,0
Valença,Valença,2021-01-15,4063,45,109,0
Valença,Valença,2021-01-16,4104,41,110,1
Valença,Valença,2021-01-17,4181,77,110,0
Valença,Valença,2021-01-18,4213,32,110,0
Valença,Valença,2021-01-19,4249,36,110,0
Valença,Valença,2021-01-20,4352,103,110,0
Valença,Valença,2021-01-21,4424,72,110,0
Valença,Valença,2021-01-22,4496,72,111,1
Valença,Valença,2021-01-23,4581,85,113,2
Valença,Valença,2021-01-24,4603,22,114,1
Valença,Valença,2021-01-25,4604,1,114,0
Valença,Valença,2021-01-26,4678,74,114,0
Valença,Valença,2021-01-27,4759,81,115,1
Valença,Valença,2021-01-28,4883,124,115,0
Valença,Valença,2021-01-29,5034,151,115,0
Valença,Valença,2021-01-30,5082,48,115,0
Valença,Valença,2021-01-31,5107,25,116,1
Valença,Valença,2021-02-01,5152,45,116,0
Valença,Valença,2021-02-02,5221,69,116,0
Valença,Valença,2021-02-03,5307,86,116,0
Valença,Valença,2021-02-04,5405,98,116,0
Valença,Valença,2021-02-05,5466,61,117,1
Valença,Valença,2021-02-06,5639,173,117,0
Valença,Valença,2021-02-07,5665,26,117,0
Valença,Valença,2021-02-08,5718,53,122,5
