city,city,date,cases,daily cases,deaths,daily deaths
Vila Nova dos Martírios,Vila Nova dos Martírios,2020-03-27,0,0,0,0
Vila Nova dos Martírios,Vila Nova dos Martírios,2020-03-28,0,0,0,0
Vila Nova dos Martírios,Vila Nova dos Martírios,2020-03-29,0,0,0,0
Vila Nova dos Martírios,Vila Nova dos Martírios,2020-03-30,0,0,0,0
Vila Nova dos Martírios,Vila Nova dos Martírios,2020-03-31,0,0,0,0
Vila Nova dos Martírios,Vila Nova dos Martírios,2020-04-01,0,0,0,0
Vila Nova dos Martírios,Vila Nova dos Martírios,2020-04-02,0,0,0,0
Vila Nova dos Martírios,Vila Nova dos Martírios,2020-04-03,0,0,0,0
Vila Nova dos Martírios,Vila Nova dos Martírios,2020-04-04,0,0,0,0
Vila Nova dos Martírios,Vila Nova dos Martírios,2020-04-05,0,0,0,0
Vila Nova dos Martírios,Vila Nova dos Martírios,2020-04-06,0,0,0,0
Vila Nova dos Martírios,Vila Nova dos Martírios,2020-04-07,0,0,0,0
Vila Nova dos Martírios,Vila Nova dos Martírios,2020-04-08,0,0,0,0
Vila Nova dos Martírios,Vila Nova dos Martírios,2020-04-09,0,0,0,0
Vila Nova dos Martírios,Vila Nova dos Martírios,2020-04-10,0,0,0,0
Vila Nova dos Martírios,Vila Nova dos Martírios,2020-04-11,0,0,0,0
Vila Nova dos Martírios,Vila Nova dos Martírios,2020-04-12,0,0,0,0
Vila Nova dos Martírios,Vila Nova dos Martírios,2020-04-13,0,0,0,0
Vila Nova dos Martírios,Vila Nova dos Martírios,2020-04-14,0,0,0,0
Vila Nova dos Martírios,Vila Nova dos Martírios,2020-04-15,0,0,0,0
Vila Nova dos Martírios,Vila Nova dos Martírios,2020-04-16,0,0,0,0
Vila Nova dos Martírios,Vila Nova dos Martírios,2020-04-17,0,0,0,0
Vila Nova dos Martírios,Vila Nova dos Martírios,2020-04-18,0,0,0,0
Vila Nova dos Martírios,Vila Nova dos Martírios,2020-04-19,0,0,0,0
Vila Nova dos Martírios,Vila Nova dos Martírios,2020-04-20,0,0,0,0
Vila Nova dos Martírios,Vila Nova dos Martírios,2020-04-21,0,0,0,0
Vila Nova dos Martírios,Vila Nova dos Martírios,2020-04-22,0,0,0,0
Vila Nova dos Martírios,Vila Nova dos Martírios,2020-04-23,0,0,0,0
Vila Nova dos Martírios,Vila Nova dos Martírios,2020-04-24,0,0,0,0
Vila Nova dos Martírios,Vila Nova dos Martírios,2020-04-25,0,0,0,0
Vila Nova dos Martírios,Vila Nova dos Martírios,2020-04-26,0,0,0,0
Vila Nova dos Martírios,Vila Nova dos Martírios,2020-04-27,0,0,0,0
Vila Nova dos Martírios,Vila Nova dos Martírios,2020-04-28,0,0,0,0
Vila Nova dos Martírios,Vila Nova dos Martírios,2020-04-29,0,0,0,0
Vila Nova dos Martírios,Vila Nova dos Martírios,2020-04-30,0,0,0,0
Vila Nova dos Martírios,Vila Nova dos Martírios,2020-05-01,0,0,0,0
Vila Nova dos Martírios,Vila Nova dos Martírios,2020-05-02,0,0,0,0
Vila Nova dos Martírios,Vila Nova dos Martírios,2020-05-03,0,0,0,0
Vila Nova dos Martírios,Vila Nova dos Martírios,2020-05-04,0,0,0,0
Vila Nova dos Martírios,Vila Nova dos Martírios,2020-05-05,0,0,0,0
Vila Nova dos Martírios,Vila Nova dos Martírios,2020-05-06,0,0,0,0
Vila Nova dos Martírios,Vila Nova dos Martírios,2020-05-07,0,0,0,0
Vila Nova dos Martírios,Vila Nova dos Martírios,2020-05-08,0,0,0,0
Vila Nova dos Martírios,Vila Nova dos Martírios,2020-05-09,0,0,0,0
Vila Nova dos Martírios,Vila Nova dos Martírios,2020-05-10,0,0,0,0
Vila Nova dos Martírios,Vila Nova dos Martírios,2020-05-11,3,3,0,0
Vila Nova dos Martírios,Vila Nova dos Martírios,2020-05-12,3,0,0,0
Vila Nova dos Martírios,Vila Nova dos Martírios,2020-05-13,4,1,0,0
Vila Nova dos Martírios,Vila Nova dos Martírios,2020-05-14,4,0,0,0
Vila Nova dos Martírios,Vila Nova dos Martírios,2020-05-15,9,5,0,0
Vila Nova dos Martírios,Vila Nova dos Martírios,2020-05-16,9,0,0,0
Vila Nova dos Martírios,Vila Nova dos Martírios,2020-05-17,9,0,0,0
Vila Nova dos Martírios,Vila Nova dos Martírios,2020-05-18,9,0,0,0
Vila Nova dos Martírios,Vila Nova dos Martírios,2020-05-19,9,0,0,0
Vila Nova dos Martírios,Vila Nova dos Martírios,2020-05-20,9,0,0,0
Vila Nova dos Martírios,Vila Nova dos Martírios,2020-05-21,9,0,0,0
Vila Nova dos Martírios,Vila Nova dos Martírios,2020-05-22,9,0,0,0
Vila Nova dos Martírios,Vila Nova dos Martírios,2020-05-23,13,4,0,0
Vila Nova dos Martírios,Vila Nova dos Martírios,2020-05-24,18,5,0,0
Vila Nova dos Martírios,Vila Nova dos Martírios,2020-05-25,25,7,0,0
Vila Nova dos Martírios,Vila Nova dos Martírios,2020-05-26,25,0,0,0
Vila Nova dos Martírios,Vila Nova dos Martírios,2020-05-27,26,1,0,0
Vila Nova dos Martírios,Vila Nova dos Martírios,2020-05-28,26,0,0,0
Vila Nova dos Martírios,Vila Nova dos Martírios,2020-05-29,26,0,0,0
Vila Nova dos Martírios,Vila Nova dos Martírios,2020-05-30,36,10,0,0
Vila Nova dos Martírios,Vila Nova dos Martírios,2020-05-31,36,0,0,0
Vila Nova dos Martírios,Vila Nova dos Martírios,2020-06-01,36,0,0,0
Vila Nova dos Martírios,Vila Nova dos Martírios,2020-06-02,36,0,0,0
Vila Nova dos Martírios,Vila Nova dos Martírios,2020-06-03,39,3,0,0
Vila Nova dos Martírios,Vila Nova dos Martírios,2020-06-04,48,9,0,0
Vila Nova dos Martírios,Vila Nova dos Martírios,2020-06-05,51,3,0,0
Vila Nova dos Martírios,Vila Nova dos Martírios,2020-06-06,57,6,0,0
Vila Nova dos Martírios,Vila Nova dos Martírios,2020-06-07,57,0,0,0
Vila Nova dos Martírios,Vila Nova dos Martírios,2020-06-08,56,-1,0,0
Vila Nova dos Martírios,Vila Nova dos Martírios,2020-06-09,61,5,0,0
Vila Nova dos Martírios,Vila Nova dos Martírios,2020-06-10,62,1,0,0
Vila Nova dos Martírios,Vila Nova dos Martírios,2020-06-11,66,4,0,0
Vila Nova dos Martírios,Vila Nova dos Martírios,2020-06-12,68,2,0,0
Vila Nova dos Martírios,Vila Nova dos Martírios,2020-06-13,68,0,0,0
Vila Nova dos Martírios,Vila Nova dos Martírios,2020-06-14,68,0,0,0
Vila Nova dos Martírios,Vila Nova dos Martírios,2020-06-15,67,-1,0,0
Vila Nova dos Martírios,Vila Nova dos Martírios,2020-06-16,73,6,0,0
Vila Nova dos Martírios,Vila Nova dos Martírios,2020-06-17,78,5,0,0
Vila Nova dos Martírios,Vila Nova dos Martírios,2020-06-18,82,4,0,0
Vila Nova dos Martírios,Vila Nova dos Martírios,2020-06-19,82,0,0,0
Vila Nova dos Martírios,Vila Nova dos Martírios,2020-06-20,84,2,0,0
Vila Nova dos Martírios,Vila Nova dos Martírios,2020-06-21,84,0,0,0
Vila Nova dos Martírios,Vila Nova dos Martírios,2020-06-22,84,0,0,0
Vila Nova dos Martírios,Vila Nova dos Martírios,2020-06-23,84,0,0,0
Vila Nova dos Martírios,Vila Nova dos Martírios,2020-06-24,85,1,0,0
Vila Nova dos Martírios,Vila Nova dos Martírios,2020-06-25,85,0,0,0
Vila Nova dos Martírios,Vila Nova dos Martírios,2020-06-26,87,2,0,0
Vila Nova dos Martírios,Vila Nova dos Martírios,2020-06-27,87,0,0,0
Vila Nova dos Martírios,Vila Nova dos Martírios,2020-06-28,87,0,0,0
Vila Nova dos Martírios,Vila Nova dos Martírios,2020-06-29,87,0,0,0
Vila Nova dos Martírios,Vila Nova dos Martírios,2020-06-30,91,4,0,0
Vila Nova dos Martírios,Vila Nova dos Martírios,2020-07-01,99,8,0,0
Vila Nova dos Martírios,Vila Nova dos Martírios,2020-07-02,103,4,0,0
Vila Nova dos Martírios,Vila Nova dos Martírios,2020-07-03,103,0,0,0
Vila Nova dos Martírios,Vila Nova dos Martírios,2020-07-04,104,1,0,0
Vila Nova dos Martírios,Vila Nova dos Martírios,2020-07-05,104,0,0,0
Vila Nova dos Martírios,Vila Nova dos Martírios,2020-07-06,104,0,0,0
Vila Nova dos Martírios,Vila Nova dos Martírios,2020-07-07,106,2,0,0
Vila Nova dos Martírios,Vila Nova dos Martírios,2020-07-08,106,0,0,0
Vila Nova dos Martírios,Vila Nova dos Martírios,2020-07-09,117,11,0,0
Vila Nova dos Martírios,Vila Nova dos Martírios,2020-07-10,119,2,0,0
Vila Nova dos Martírios,Vila Nova dos Martírios,2020-07-11,119,0,0,0
Vila Nova dos Martírios,Vila Nova dos Martírios,2020-07-12,119,0,0,0
Vila Nova dos Martírios,Vila Nova dos Martírios,2020-07-13,119,0,0,0
Vila Nova dos Martírios,Vila Nova dos Martírios,2020-07-14,122,3,0,0
Vila Nova dos Martírios,Vila Nova dos Martírios,2020-07-15,124,2,0,0
Vila Nova dos Martírios,Vila Nova dos Martírios,2020-07-16,124,0,0,0
Vila Nova dos Martírios,Vila Nova dos Martírios,2020-07-17,124,0,0,0
Vila Nova dos Martírios,Vila Nova dos Martírios,2020-07-18,128,4,0,0
Vila Nova dos Martírios,Vila Nova dos Martírios,2020-07-19,128,0,0,0
Vila Nova dos Martírios,Vila Nova dos Martírios,2020-07-20,129,1,0,0
Vila Nova dos Martírios,Vila Nova dos Martírios,2020-07-21,129,0,0,0
Vila Nova dos Martírios,Vila Nova dos Martírios,2020-07-22,131,2,0,0
Vila Nova dos Martírios,Vila Nova dos Martírios,2020-07-23,132,1,0,0
Vila Nova dos Martírios,Vila Nova dos Martírios,2020-07-24,132,0,0,0
Vila Nova dos Martírios,Vila Nova dos Martírios,2020-07-25,136,4,0,0
Vila Nova dos Martírios,Vila Nova dos Martírios,2020-07-26,136,0,0,0
Vila Nova dos Martírios,Vila Nova dos Martírios,2020-07-27,136,0,0,0
Vila Nova dos Martírios,Vila Nova dos Martírios,2020-07-28,144,8,0,0
Vila Nova dos Martírios,Vila Nova dos Martírios,2020-07-29,146,2,0,0
Vila Nova dos Martírios,Vila Nova dos Martírios,2020-07-30,147,1,0,0
Vila Nova dos Martírios,Vila Nova dos Martírios,2020-07-31,152,5,0,0
Vila Nova dos Martírios,Vila Nova dos Martírios,2020-08-01,152,0,0,0
Vila Nova dos Martírios,Vila Nova dos Martírios,2020-08-02,152,0,0,0
Vila Nova dos Martírios,Vila Nova dos Martírios,2020-08-03,153,1,0,0
Vila Nova dos Martírios,Vila Nova dos Martírios,2020-08-04,161,8,0,0
Vila Nova dos Martírios,Vila Nova dos Martírios,2020-08-05,162,1,0,0
Vila Nova dos Martírios,Vila Nova dos Martírios,2020-08-06,167,5,0,0
Vila Nova dos Martírios,Vila Nova dos Martírios,2020-08-07,169,2,0,0
Vila Nova dos Martírios,Vila Nova dos Martírios,2020-08-08,172,3,0,0
Vila Nova dos Martírios,Vila Nova dos Martírios,2020-08-09,172,0,0,0
Vila Nova dos Martírios,Vila Nova dos Martírios,2020-08-10,172,0,0,0
Vila Nova dos Martírios,Vila Nova dos Martírios,2020-08-11,175,3,0,0
Vila Nova dos Martírios,Vila Nova dos Martírios,2020-08-12,186,11,0,0
Vila Nova dos Martírios,Vila Nova dos Martírios,2020-08-13,190,4,0,0
Vila Nova dos Martírios,Vila Nova dos Martírios,2020-08-14,195,5,0,0
Vila Nova dos Martírios,Vila Nova dos Martírios,2020-08-15,209,14,0,0
Vila Nova dos Martírios,Vila Nova dos Martírios,2020-08-16,209,0,0,0
Vila Nova dos Martírios,Vila Nova dos Martírios,2020-08-17,209,0,0,0
Vila Nova dos Martírios,Vila Nova dos Martírios,2020-08-18,226,17,0,0
Vila Nova dos Martírios,Vila Nova dos Martírios,2020-08-19,230,4,0,0
Vila Nova dos Martírios,Vila Nova dos Martírios,2020-08-20,230,0,0,0
Vila Nova dos Martírios,Vila Nova dos Martírios,2020-08-21,235,5,0,0
Vila Nova dos Martírios,Vila Nova dos Martírios,2020-08-22,241,6,0,0
Vila Nova dos Martírios,Vila Nova dos Martírios,2020-08-23,241,0,0,0
Vila Nova dos Martírios,Vila Nova dos Martírios,2020-08-24,241,0,0,0
Vila Nova dos Martírios,Vila Nova dos Martírios,2020-08-25,258,17,0,0
Vila Nova dos Martírios,Vila Nova dos Martírios,2020-08-26,266,8,0,0
Vila Nova dos Martírios,Vila Nova dos Martírios,2020-08-27,269,3,0,0
Vila Nova dos Martírios,Vila Nova dos Martírios,2020-08-28,271,2,0,0
Vila Nova dos Martírios,Vila Nova dos Martírios,2020-08-29,274,3,0,0
Vila Nova dos Martírios,Vila Nova dos Martírios,2020-08-30,274,0,0,0
Vila Nova dos Martírios,Vila Nova dos Martírios,2020-08-31,274,0,0,0
Vila Nova dos Martírios,Vila Nova dos Martírios,2020-09-01,280,6,0,0
Vila Nova dos Martírios,Vila Nova dos Martírios,2020-09-02,280,0,0,0
Vila Nova dos Martírios,Vila Nova dos Martírios,2020-09-03,282,2,0,0
Vila Nova dos Martírios,Vila Nova dos Martírios,2020-09-04,283,1,0,0
Vila Nova dos Martírios,Vila Nova dos Martírios,2020-09-05,285,2,0,0
Vila Nova dos Martírios,Vila Nova dos Martírios,2020-09-06,285,0,0,0
Vila Nova dos Martírios,Vila Nova dos Martírios,2020-09-07,286,1,0,0
Vila Nova dos Martírios,Vila Nova dos Martírios,2020-09-08,288,2,0,0
Vila Nova dos Martírios,Vila Nova dos Martírios,2020-09-09,289,1,0,0
Vila Nova dos Martírios,Vila Nova dos Martírios,2020-09-10,294,5,0,0
Vila Nova dos Martírios,Vila Nova dos Martírios,2020-09-11,297,3,0,0
Vila Nova dos Martírios,Vila Nova dos Martírios,2020-09-12,297,0,0,0
Vila Nova dos Martírios,Vila Nova dos Martírios,2020-09-13,297,0,0,0
Vila Nova dos Martírios,Vila Nova dos Martírios,2020-09-14,297,0,0,0
Vila Nova dos Martírios,Vila Nova dos Martírios,2020-09-15,299,2,0,0
Vila Nova dos Martírios,Vila Nova dos Martírios,2020-09-16,299,0,0,0
Vila Nova dos Martírios,Vila Nova dos Martírios,2020-09-17,301,2,0,0
Vila Nova dos Martírios,Vila Nova dos Martírios,2020-09-18,302,1,0,0
Vila Nova dos Martírios,Vila Nova dos Martírios,2020-09-19,302,0,0,0
Vila Nova dos Martírios,Vila Nova dos Martírios,2020-09-20,302,0,0,0
Vila Nova dos Martírios,Vila Nova dos Martírios,2020-09-21,302,0,0,0
Vila Nova dos Martírios,Vila Nova dos Martírios,2020-09-22,302,0,0,0
Vila Nova dos Martírios,Vila Nova dos Martírios,2020-09-23,302,0,0,0
Vila Nova dos Martírios,Vila Nova dos Martírios,2020-09-24,302,0,0,0
Vila Nova dos Martírios,Vila Nova dos Martírios,2020-09-25,303,1,0,0
Vila Nova dos Martírios,Vila Nova dos Martírios,2020-09-26,305,2,0,0
Vila Nova dos Martírios,Vila Nova dos Martírios,2020-09-27,305,0,0,0
Vila Nova dos Martírios,Vila Nova dos Martírios,2020-09-28,305,0,0,0
Vila Nova dos Martírios,Vila Nova dos Martírios,2020-09-29,306,1,0,0
Vila Nova dos Martírios,Vila Nova dos Martírios,2020-09-30,306,0,0,0
Vila Nova dos Martírios,Vila Nova dos Martírios,2020-10-01,306,0,0,0
Vila Nova dos Martírios,Vila Nova dos Martírios,2020-10-02,306,0,0,0
Vila Nova dos Martírios,Vila Nova dos Martírios,2020-10-03,306,0,0,0
Vila Nova dos Martírios,Vila Nova dos Martírios,2020-10-04,306,0,0,0
Vila Nova dos Martírios,Vila Nova dos Martírios,2020-10-05,307,1,0,0
Vila Nova dos Martírios,Vila Nova dos Martírios,2020-10-06,307,0,0,0
Vila Nova dos Martírios,Vila Nova dos Martírios,2020-10-07,307,0,0,0
Vila Nova dos Martírios,Vila Nova dos Martírios,2020-10-08,308,1,0,0
Vila Nova dos Martírios,Vila Nova dos Martírios,2020-10-09,308,0,0,0
Vila Nova dos Martírios,Vila Nova dos Martírios,2020-10-10,308,0,0,0
Vila Nova dos Martírios,Vila Nova dos Martírios,2020-10-11,308,0,0,0
Vila Nova dos Martírios,Vila Nova dos Martírios,2020-10-12,308,0,0,0
Vila Nova dos Martírios,Vila Nova dos Martírios,2020-10-13,311,3,0,0
Vila Nova dos Martírios,Vila Nova dos Martírios,2020-10-14,311,0,0,0
Vila Nova dos Martírios,Vila Nova dos Martírios,2020-10-15,314,3,0,0
Vila Nova dos Martírios,Vila Nova dos Martírios,2020-10-16,314,0,0,0
Vila Nova dos Martírios,Vila Nova dos Martírios,2020-10-17,314,0,0,0
Vila Nova dos Martírios,Vila Nova dos Martírios,2020-10-18,314,0,0,0
Vila Nova dos Martírios,Vila Nova dos Martírios,2020-10-19,314,0,0,0
Vila Nova dos Martírios,Vila Nova dos Martírios,2020-10-20,314,0,0,0
Vila Nova dos Martírios,Vila Nova dos Martírios,2020-10-21,314,0,0,0
Vila Nova dos Martírios,Vila Nova dos Martírios,2020-10-22,314,0,0,0
Vila Nova dos Martírios,Vila Nova dos Martírios,2020-10-23,314,0,0,0
Vila Nova dos Martírios,Vila Nova dos Martírios,2020-10-24,314,0,0,0
Vila Nova dos Martírios,Vila Nova dos Martírios,2020-10-25,314,0,0,0
Vila Nova dos Martírios,Vila Nova dos Martírios,2020-10-26,314,0,0,0
Vila Nova dos Martírios,Vila Nova dos Martírios,2020-10-27,314,0,0,0
Vila Nova dos Martírios,Vila Nova dos Martírios,2020-10-28,314,0,0,0
Vila Nova dos Martírios,Vila Nova dos Martírios,2020-10-29,314,0,0,0
Vila Nova dos Martírios,Vila Nova dos Martírios,2020-10-30,314,0,0,0
Vila Nova dos Martírios,Vila Nova dos Martírios,2020-10-31,314,0,0,0
Vila Nova dos Martírios,Vila Nova dos Martírios,2020-11-01,314,0,0,0
Vila Nova dos Martírios,Vila Nova dos Martírios,2020-11-02,314,0,0,0
Vila Nova dos Martírios,Vila Nova dos Martírios,2020-11-03,314,0,0,0
Vila Nova dos Martírios,Vila Nova dos Martírios,2020-11-04,314,0,0,0
Vila Nova dos Martírios,Vila Nova dos Martírios,2020-11-05,314,0,0,0
Vila Nova dos Martírios,Vila Nova dos Martírios,2020-11-06,314,0,0,0
Vila Nova dos Martírios,Vila Nova dos Martírios,2020-11-07,314,0,0,0
Vila Nova dos Martírios,Vila Nova dos Martírios,2020-11-08,314,0,0,0
Vila Nova dos Martírios,Vila Nova dos Martírios,2020-11-09,314,0,0,0
Vila Nova dos Martírios,Vila Nova dos Martírios,2020-11-10,314,0,0,0
Vila Nova dos Martírios,Vila Nova dos Martírios,2020-11-11,314,0,0,0
Vila Nova dos Martírios,Vila Nova dos Martírios,2020-11-12,314,0,0,0
Vila Nova dos Martírios,Vila Nova dos Martírios,2020-11-13,314,0,0,0
Vila Nova dos Martírios,Vila Nova dos Martírios,2020-11-14,314,0,0,0
Vila Nova dos Martírios,Vila Nova dos Martírios,2020-11-15,314,0,0,0
Vila Nova dos Martírios,Vila Nova dos Martírios,2020-11-16,314,0,0,0
Vila Nova dos Martírios,Vila Nova dos Martírios,2020-11-17,315,1,0,0
Vila Nova dos Martírios,Vila Nova dos Martírios,2020-11-18,315,0,1,1
Vila Nova dos Martírios,Vila Nova dos Martírios,2020-11-19,315,0,1,0
Vila Nova dos Martírios,Vila Nova dos Martírios,2020-11-20,317,2,1,0
Vila Nova dos Martírios,Vila Nova dos Martírios,2020-11-21,319,2,1,0
Vila Nova dos Martírios,Vila Nova dos Martírios,2020-11-22,319,0,1,0
Vila Nova dos Martírios,Vila Nova dos Martírios,2020-11-23,319,0,1,0
Vila Nova dos Martírios,Vila Nova dos Martírios,2020-11-24,319,0,1,0
Vila Nova dos Martírios,Vila Nova dos Martírios,2020-11-25,319,0,1,0
Vila Nova dos Martírios,Vila Nova dos Martírios,2020-11-26,319,0,1,0
Vila Nova dos Martírios,Vila Nova dos Martírios,2020-11-27,319,0,1,0
Vila Nova dos Martírios,Vila Nova dos Martírios,2020-11-28,321,2,1,0
Vila Nova dos Martírios,Vila Nova dos Martírios,2020-11-29,321,0,1,0
Vila Nova dos Martírios,Vila Nova dos Martírios,2020-11-30,321,0,1,0
Vila Nova dos Martírios,Vila Nova dos Martírios,2020-12-01,321,0,1,0
Vila Nova dos Martírios,Vila Nova dos Martírios,2020-12-02,323,2,1,0
Vila Nova dos Martírios,Vila Nova dos Martírios,2020-12-03,323,0,1,0
Vila Nova dos Martírios,Vila Nova dos Martírios,2020-12-04,330,7,1,0
Vila Nova dos Martírios,Vila Nova dos Martírios,2020-12-05,330,0,1,0
Vila Nova dos Martírios,Vila Nova dos Martírios,2020-12-06,330,0,1,0
Vila Nova dos Martírios,Vila Nova dos Martírios,2020-12-07,330,0,1,0
Vila Nova dos Martírios,Vila Nova dos Martírios,2020-12-08,330,0,1,0
Vila Nova dos Martírios,Vila Nova dos Martírios,2020-12-09,330,0,1,0
Vila Nova dos Martírios,Vila Nova dos Martírios,2020-12-10,330,0,1,0
Vila Nova dos Martírios,Vila Nova dos Martírios,2020-12-11,332,2,1,0
Vila Nova dos Martírios,Vila Nova dos Martírios,2020-12-12,332,0,1,0
Vila Nova dos Martírios,Vila Nova dos Martírios,2020-12-13,332,0,1,0
Vila Nova dos Martírios,Vila Nova dos Martírios,2020-12-14,332,0,1,0
Vila Nova dos Martírios,Vila Nova dos Martírios,2020-12-15,332,0,1,0
Vila Nova dos Martírios,Vila Nova dos Martírios,2020-12-16,338,6,1,0
Vila Nova dos Martírios,Vila Nova dos Martírios,2020-12-17,338,0,1,0
Vila Nova dos Martírios,Vila Nova dos Martírios,2020-12-18,338,0,1,0
Vila Nova dos Martírios,Vila Nova dos Martírios,2020-12-19,344,6,1,0
Vila Nova dos Martírios,Vila Nova dos Martírios,2020-12-20,344,0,1,0
Vila Nova dos Martírios,Vila Nova dos Martírios,2020-12-21,344,0,1,0
Vila Nova dos Martírios,Vila Nova dos Martírios,2020-12-22,345,1,1,0
Vila Nova dos Martírios,Vila Nova dos Martírios,2020-12-23,345,0,1,0
Vila Nova dos Martírios,Vila Nova dos Martírios,2020-12-24,345,0,1,0
Vila Nova dos Martírios,Vila Nova dos Martírios,2020-12-25,345,0,1,0
Vila Nova dos Martírios,Vila Nova dos Martírios,2020-12-26,345,0,1,0
Vila Nova dos Martírios,Vila Nova dos Martírios,2020-12-27,345,0,1,0
Vila Nova dos Martírios,Vila Nova dos Martírios,2020-12-28,345,0,1,0
Vila Nova dos Martírios,Vila Nova dos Martírios,2020-12-29,345,0,1,0
Vila Nova dos Martírios,Vila Nova dos Martírios,2020-12-30,345,0,1,0
Vila Nova dos Martírios,Vila Nova dos Martírios,2020-12-31,345,0,1,0
Vila Nova dos Martírios,Vila Nova dos Martírios,2021-01-01,345,0,1,0
Vila Nova dos Martírios,Vila Nova dos Martírios,2021-01-02,345,0,1,0
Vila Nova dos Martírios,Vila Nova dos Martírios,2021-01-03,345,0,1,0
Vila Nova dos Martírios,Vila Nova dos Martírios,2021-01-04,345,0,1,0
Vila Nova dos Martírios,Vila Nova dos Martírios,2021-01-05,345,0,1,0
Vila Nova dos Martírios,Vila Nova dos Martírios,2021-01-06,345,0,1,0
Vila Nova dos Martírios,Vila Nova dos Martírios,2021-01-07,345,0,1,0
Vila Nova dos Martírios,Vila Nova dos Martírios,2021-01-08,345,0,1,0
Vila Nova dos Martírios,Vila Nova dos Martírios,2021-01-09,345,0,1,0
Vila Nova dos Martírios,Vila Nova dos Martírios,2021-01-10,345,0,1,0
Vila Nova dos Martírios,Vila Nova dos Martírios,2021-01-11,345,0,1,0
Vila Nova dos Martírios,Vila Nova dos Martírios,2021-01-12,345,0,1,0
Vila Nova dos Martírios,Vila Nova dos Martírios,2021-01-13,345,0,1,0
Vila Nova dos Martírios,Vila Nova dos Martírios,2021-01-14,345,0,1,0
Vila Nova dos Martírios,Vila Nova dos Martírios,2021-01-15,345,0,1,0
Vila Nova dos Martírios,Vila Nova dos Martírios,2021-01-16,345,0,1,0
Vila Nova dos Martírios,Vila Nova dos Martírios,2021-01-17,345,0,1,0
Vila Nova dos Martírios,Vila Nova dos Martírios,2021-01-18,345,0,1,0
Vila Nova dos Martírios,Vila Nova dos Martírios,2021-01-19,345,0,1,0
Vila Nova dos Martírios,Vila Nova dos Martírios,2021-01-20,345,0,1,0
Vila Nova dos Martírios,Vila Nova dos Martírios,2021-01-21,345,0,1,0
Vila Nova dos Martírios,Vila Nova dos Martírios,2021-01-22,345,0,1,0
Vila Nova dos Martírios,Vila Nova dos Martírios,2021-01-23,345,0,1,0
Vila Nova dos Martírios,Vila Nova dos Martírios,2021-01-24,345,0,1,0
Vila Nova dos Martírios,Vila Nova dos Martírios,2021-01-25,345,0,1,0
Vila Nova dos Martírios,Vila Nova dos Martírios,2021-01-26,345,0,1,0
Vila Nova dos Martírios,Vila Nova dos Martírios,2021-01-27,345,0,1,0
Vila Nova dos Martírios,Vila Nova dos Martírios,2021-01-28,345,0,1,0
Vila Nova dos Martírios,Vila Nova dos Martírios,2021-01-29,345,0,1,0
Vila Nova dos Martírios,Vila Nova dos Martírios,2021-01-30,345,0,1,0
Vila Nova dos Martírios,Vila Nova dos Martírios,2021-01-31,345,0,1,0
Vila Nova dos Martírios,Vila Nova dos Martírios,2021-02-01,345,0,1,0
Vila Nova dos Martírios,Vila Nova dos Martírios,2021-02-02,345,0,1,0
Vila Nova dos Martírios,Vila Nova dos Martírios,2021-02-03,345,0,1,0
Vila Nova dos Martírios,Vila Nova dos Martírios,2021-02-04,345,0,1,0
Vila Nova dos Martírios,Vila Nova dos Martírios,2021-02-05,345,0,1,0
Vila Nova dos Martírios,Vila Nova dos Martírios,2021-02-06,345,0,1,0
Vila Nova dos Martírios,Vila Nova dos Martírios,2021-02-07,348,3,1,0
Vila Nova dos Martírios,Vila Nova dos Martírios,2021-02-08,348,0,1,0
