city,city,date,cases,daily cases,deaths,daily deaths
Vila Rica,Vila Rica,2020-03-27,0,0,0,0
Vila Rica,Vila Rica,2020-03-28,0,0,0,0
Vila Rica,Vila Rica,2020-03-29,0,0,0,0
Vila Rica,Vila Rica,2020-03-30,0,0,0,0
Vila Rica,Vila Rica,2020-03-31,0,0,0,0
Vila Rica,Vila Rica,2020-04-01,0,0,0,0
Vila Rica,Vila Rica,2020-04-02,0,0,0,0
Vila Rica,Vila Rica,2020-04-03,0,0,0,0
Vila Rica,Vila Rica,2020-04-04,0,0,0,0
Vila Rica,Vila Rica,2020-04-05,0,0,0,0
Vila Rica,Vila Rica,2020-04-06,0,0,0,0
Vila Rica,Vila Rica,2020-04-07,0,0,0,0
Vila Rica,Vila Rica,2020-04-08,0,0,0,0
Vila Rica,Vila Rica,2020-04-09,0,0,0,0
Vila Rica,Vila Rica,2020-04-10,0,0,0,0
Vila Rica,Vila Rica,2020-04-11,0,0,0,0
Vila Rica,Vila Rica,2020-04-12,0,0,0,0
Vila Rica,Vila Rica,2020-04-13,0,0,0,0
Vila Rica,Vila Rica,2020-04-14,0,0,0,0
Vila Rica,Vila Rica,2020-04-15,0,0,0,0
Vila Rica,Vila Rica,2020-04-16,0,0,0,0
Vila Rica,Vila Rica,2020-04-17,0,0,0,0
Vila Rica,Vila Rica,2020-04-18,0,0,0,0
Vila Rica,Vila Rica,2020-04-19,0,0,0,0
Vila Rica,Vila Rica,2020-04-20,0,0,0,0
Vila Rica,Vila Rica,2020-04-21,0,0,0,0
Vila Rica,Vila Rica,2020-04-22,0,0,0,0
Vila Rica,Vila Rica,2020-04-23,0,0,0,0
Vila Rica,Vila Rica,2020-04-24,0,0,0,0
Vila Rica,Vila Rica,2020-04-25,0,0,0,0
Vila Rica,Vila Rica,2020-04-26,0,0,0,0
Vila Rica,Vila Rica,2020-04-27,0,0,0,0
Vila Rica,Vila Rica,2020-04-28,0,0,0,0
Vila Rica,Vila Rica,2020-04-29,0,0,0,0
Vila Rica,Vila Rica,2020-04-30,0,0,0,0
Vila Rica,Vila Rica,2020-05-01,0,0,0,0
Vila Rica,Vila Rica,2020-05-02,0,0,0,0
Vila Rica,Vila Rica,2020-05-03,0,0,0,0
Vila Rica,Vila Rica,2020-05-04,0,0,0,0
Vila Rica,Vila Rica,2020-05-05,0,0,0,0
Vila Rica,Vila Rica,2020-05-06,0,0,0,0
Vila Rica,Vila Rica,2020-05-07,0,0,0,0
Vila Rica,Vila Rica,2020-05-08,0,0,0,0
Vila Rica,Vila Rica,2020-05-09,0,0,0,0
Vila Rica,Vila Rica,2020-05-10,0,0,0,0
Vila Rica,Vila Rica,2020-05-11,0,0,0,0
Vila Rica,Vila Rica,2020-05-12,0,0,0,0
Vila Rica,Vila Rica,2020-05-13,0,0,0,0
Vila Rica,Vila Rica,2020-05-14,0,0,0,0
Vila Rica,Vila Rica,2020-05-15,0,0,0,0
Vila Rica,Vila Rica,2020-05-16,4,4,0,0
Vila Rica,Vila Rica,2020-05-17,4,0,0,0
Vila Rica,Vila Rica,2020-05-18,4,0,0,0
Vila Rica,Vila Rica,2020-05-19,5,1,0,0
Vila Rica,Vila Rica,2020-05-20,5,0,0,0
Vila Rica,Vila Rica,2020-05-21,6,1,0,0
Vila Rica,Vila Rica,2020-05-22,6,0,0,0
Vila Rica,Vila Rica,2020-05-23,6,0,0,0
Vila Rica,Vila Rica,2020-05-24,7,1,0,0
Vila Rica,Vila Rica,2020-05-25,7,0,0,0
Vila Rica,Vila Rica,2020-05-26,11,4,0,0
Vila Rica,Vila Rica,2020-05-27,11,0,0,0
Vila Rica,Vila Rica,2020-05-28,11,0,0,0
Vila Rica,Vila Rica,2020-05-29,12,1,0,0
Vila Rica,Vila Rica,2020-05-30,12,0,0,0
Vila Rica,Vila Rica,2020-05-31,12,0,0,0
Vila Rica,Vila Rica,2020-06-01,15,3,0,0
Vila Rica,Vila Rica,2020-06-02,15,0,0,0
Vila Rica,Vila Rica,2020-06-03,21,6,0,0
Vila Rica,Vila Rica,2020-06-04,21,0,0,0
Vila Rica,Vila Rica,2020-06-05,23,2,0,0
Vila Rica,Vila Rica,2020-06-06,23,0,0,0
Vila Rica,Vila Rica,2020-06-07,26,3,0,0
Vila Rica,Vila Rica,2020-06-08,28,2,0,0
Vila Rica,Vila Rica,2020-06-09,28,0,1,1
Vila Rica,Vila Rica,2020-06-10,29,1,1,0
Vila Rica,Vila Rica,2020-06-11,34,5,1,0
Vila Rica,Vila Rica,2020-06-12,34,0,1,0
Vila Rica,Vila Rica,2020-06-13,34,0,1,0
Vila Rica,Vila Rica,2020-06-14,34,0,1,0
Vila Rica,Vila Rica,2020-06-15,34,0,1,0
Vila Rica,Vila Rica,2020-06-16,41,7,1,0
Vila Rica,Vila Rica,2020-06-17,44,3,1,0
Vila Rica,Vila Rica,2020-06-18,43,-1,1,0
Vila Rica,Vila Rica,2020-06-19,45,2,1,0
Vila Rica,Vila Rica,2020-06-20,50,5,1,0
Vila Rica,Vila Rica,2020-06-21,51,1,1,0
Vila Rica,Vila Rica,2020-06-22,51,0,2,1
Vila Rica,Vila Rica,2020-06-23,52,1,2,0
Vila Rica,Vila Rica,2020-06-24,52,0,2,0
Vila Rica,Vila Rica,2020-06-25,66,14,2,0
Vila Rica,Vila Rica,2020-06-26,66,0,2,0
Vila Rica,Vila Rica,2020-06-27,69,3,2,0
Vila Rica,Vila Rica,2020-06-28,69,0,2,0
Vila Rica,Vila Rica,2020-06-29,70,1,2,0
Vila Rica,Vila Rica,2020-06-30,70,0,2,0
Vila Rica,Vila Rica,2020-07-01,81,11,2,0
Vila Rica,Vila Rica,2020-07-02,81,0,2,0
Vila Rica,Vila Rica,2020-07-03,91,10,2,0
Vila Rica,Vila Rica,2020-07-04,92,1,2,0
Vila Rica,Vila Rica,2020-07-05,92,0,3,1
Vila Rica,Vila Rica,2020-07-06,93,1,3,0
Vila Rica,Vila Rica,2020-07-07,106,13,3,0
Vila Rica,Vila Rica,2020-07-08,106,0,3,0
Vila Rica,Vila Rica,2020-07-09,117,11,3,0
Vila Rica,Vila Rica,2020-07-10,117,0,3,0
Vila Rica,Vila Rica,2020-07-11,123,6,3,0
Vila Rica,Vila Rica,2020-07-12,123,0,3,0
Vila Rica,Vila Rica,2020-07-13,123,0,3,0
Vila Rica,Vila Rica,2020-07-14,123,0,3,0
Vila Rica,Vila Rica,2020-07-15,123,0,3,0
Vila Rica,Vila Rica,2020-07-16,117,-6,3,0
Vila Rica,Vila Rica,2020-07-17,141,24,3,0
Vila Rica,Vila Rica,2020-07-18,144,3,3,0
Vila Rica,Vila Rica,2020-07-19,148,4,3,0
Vila Rica,Vila Rica,2020-07-20,159,11,3,0
Vila Rica,Vila Rica,2020-07-21,165,6,3,0
Vila Rica,Vila Rica,2020-07-22,166,1,3,0
Vila Rica,Vila Rica,2020-07-23,184,18,4,1
Vila Rica,Vila Rica,2020-07-24,190,6,4,0
Vila Rica,Vila Rica,2020-07-25,191,1,4,0
Vila Rica,Vila Rica,2020-07-26,191,0,4,0
Vila Rica,Vila Rica,2020-07-27,203,12,4,0
Vila Rica,Vila Rica,2020-07-28,207,4,4,0
Vila Rica,Vila Rica,2020-07-29,214,7,4,0
Vila Rica,Vila Rica,2020-07-30,220,6,5,1
Vila Rica,Vila Rica,2020-07-31,226,6,5,0
Vila Rica,Vila Rica,2020-08-01,227,1,5,0
Vila Rica,Vila Rica,2020-08-02,227,0,5,0
Vila Rica,Vila Rica,2020-08-03,229,2,5,0
Vila Rica,Vila Rica,2020-08-04,233,4,5,0
Vila Rica,Vila Rica,2020-08-05,233,0,5,0
Vila Rica,Vila Rica,2020-08-06,245,12,5,0
Vila Rica,Vila Rica,2020-08-07,245,0,5,0
Vila Rica,Vila Rica,2020-08-08,244,-1,5,0
Vila Rica,Vila Rica,2020-08-09,244,0,5,0
Vila Rica,Vila Rica,2020-08-10,246,2,5,0
Vila Rica,Vila Rica,2020-08-11,254,8,5,0
Vila Rica,Vila Rica,2020-08-12,260,6,6,1
Vila Rica,Vila Rica,2020-08-13,263,3,6,0
Vila Rica,Vila Rica,2020-08-14,265,2,6,0
Vila Rica,Vila Rica,2020-08-15,266,1,6,0
Vila Rica,Vila Rica,2020-08-16,266,0,6,0
Vila Rica,Vila Rica,2020-08-17,273,7,6,0
Vila Rica,Vila Rica,2020-08-18,288,15,6,0
Vila Rica,Vila Rica,2020-08-19,292,4,6,0
Vila Rica,Vila Rica,2020-08-20,298,6,6,0
Vila Rica,Vila Rica,2020-08-21,299,1,6,0
Vila Rica,Vila Rica,2020-08-22,300,1,6,0
Vila Rica,Vila Rica,2020-08-23,300,0,6,0
Vila Rica,Vila Rica,2020-08-24,309,9,6,0
Vila Rica,Vila Rica,2020-08-25,314,5,7,1
Vila Rica,Vila Rica,2020-08-26,317,3,7,0
Vila Rica,Vila Rica,2020-08-27,319,2,8,1
Vila Rica,Vila Rica,2020-08-28,320,1,8,0
Vila Rica,Vila Rica,2020-08-29,320,0,9,1
Vila Rica,Vila Rica,2020-08-30,320,0,9,0
Vila Rica,Vila Rica,2020-08-31,328,8,9,0
Vila Rica,Vila Rica,2020-09-01,336,8,9,0
Vila Rica,Vila Rica,2020-09-02,340,4,9,0
Vila Rica,Vila Rica,2020-09-03,343,3,9,0
Vila Rica,Vila Rica,2020-09-04,344,1,9,0
Vila Rica,Vila Rica,2020-09-05,344,0,10,1
Vila Rica,Vila Rica,2020-09-06,345,1,10,0
Vila Rica,Vila Rica,2020-09-07,345,0,10,0
Vila Rica,Vila Rica,2020-09-08,351,6,11,1
Vila Rica,Vila Rica,2020-09-09,363,12,11,0
Vila Rica,Vila Rica,2020-09-10,366,3,11,0
Vila Rica,Vila Rica,2020-09-11,366,0,11,0
Vila Rica,Vila Rica,2020-09-12,366,0,11,0
Vila Rica,Vila Rica,2020-09-13,366,0,11,0
Vila Rica,Vila Rica,2020-09-14,370,4,11,0
Vila Rica,Vila Rica,2020-09-15,372,2,11,0
Vila Rica,Vila Rica,2020-09-16,378,6,11,0
Vila Rica,Vila Rica,2020-09-17,379,1,11,0
Vila Rica,Vila Rica,2020-09-18,380,1,11,0
Vila Rica,Vila Rica,2020-09-19,380,0,11,0
Vila Rica,Vila Rica,2020-09-20,380,0,11,0
Vila Rica,Vila Rica,2020-09-21,381,1,11,0
Vila Rica,Vila Rica,2020-09-22,384,3,11,0
Vila Rica,Vila Rica,2020-09-23,387,3,11,0
Vila Rica,Vila Rica,2020-09-24,388,1,11,0
Vila Rica,Vila Rica,2020-09-25,388,0,11,0
Vila Rica,Vila Rica,2020-09-26,388,0,11,0
Vila Rica,Vila Rica,2020-09-27,388,0,11,0
Vila Rica,Vila Rica,2020-09-28,389,1,11,0
Vila Rica,Vila Rica,2020-09-29,391,2,11,0
Vila Rica,Vila Rica,2020-09-30,391,0,11,0
Vila Rica,Vila Rica,2020-10-01,392,1,11,0
Vila Rica,Vila Rica,2020-10-02,393,1,11,0
Vila Rica,Vila Rica,2020-10-03,393,0,11,0
Vila Rica,Vila Rica,2020-10-04,393,0,11,0
Vila Rica,Vila Rica,2020-10-05,393,0,11,0
Vila Rica,Vila Rica,2020-10-06,395,2,11,0
Vila Rica,Vila Rica,2020-10-07,395,0,11,0
Vila Rica,Vila Rica,2020-10-08,395,0,11,0
Vila Rica,Vila Rica,2020-10-09,397,2,11,0
Vila Rica,Vila Rica,2020-10-10,399,2,11,0
Vila Rica,Vila Rica,2020-10-11,399,0,11,0
Vila Rica,Vila Rica,2020-10-12,399,0,11,0
Vila Rica,Vila Rica,2020-10-13,399,0,11,0
Vila Rica,Vila Rica,2020-10-14,399,0,11,0
Vila Rica,Vila Rica,2020-10-15,399,0,11,0
Vila Rica,Vila Rica,2020-10-16,399,0,11,0
Vila Rica,Vila Rica,2020-10-17,399,0,11,0
Vila Rica,Vila Rica,2020-10-18,399,0,11,0
Vila Rica,Vila Rica,2020-10-19,402,3,11,0
Vila Rica,Vila Rica,2020-10-20,402,0,11,0
Vila Rica,Vila Rica,2020-10-21,402,0,11,0
Vila Rica,Vila Rica,2020-10-22,406,4,11,0
Vila Rica,Vila Rica,2020-10-23,406,0,11,0
Vila Rica,Vila Rica,2020-10-24,406,0,11,0
Vila Rica,Vila Rica,2020-10-25,406,0,11,0
Vila Rica,Vila Rica,2020-10-26,406,0,11,0
Vila Rica,Vila Rica,2020-10-27,406,0,11,0
Vila Rica,Vila Rica,2020-10-28,407,1,11,0
Vila Rica,Vila Rica,2020-10-29,407,0,11,0
Vila Rica,Vila Rica,2020-10-30,407,0,11,0
Vila Rica,Vila Rica,2020-10-31,407,0,11,0
Vila Rica,Vila Rica,2020-11-01,407,0,11,0
Vila Rica,Vila Rica,2020-11-02,407,0,11,0
Vila Rica,Vila Rica,2020-11-03,407,0,11,0
Vila Rica,Vila Rica,2020-11-04,408,1,12,1
Vila Rica,Vila Rica,2020-11-05,408,0,12,0
Vila Rica,Vila Rica,2020-11-06,411,3,12,0
Vila Rica,Vila Rica,2020-11-07,411,0,12,0
Vila Rica,Vila Rica,2020-11-08,411,0,12,0
Vila Rica,Vila Rica,2020-11-09,411,0,12,0
Vila Rica,Vila Rica,2020-11-10,411,0,12,0
Vila Rica,Vila Rica,2020-11-11,411,0,12,0
Vila Rica,Vila Rica,2020-11-12,417,6,13,1
Vila Rica,Vila Rica,2020-11-13,417,0,13,0
Vila Rica,Vila Rica,2020-11-14,417,0,13,0
Vila Rica,Vila Rica,2020-11-15,417,0,13,0
Vila Rica,Vila Rica,2020-11-16,417,0,13,0
Vila Rica,Vila Rica,2020-11-17,417,0,13,0
Vila Rica,Vila Rica,2020-11-18,417,0,13,0
Vila Rica,Vila Rica,2020-11-19,417,0,13,0
Vila Rica,Vila Rica,2020-11-20,417,0,13,0
Vila Rica,Vila Rica,2020-11-21,417,0,13,0
Vila Rica,Vila Rica,2020-11-22,417,0,13,0
Vila Rica,Vila Rica,2020-11-23,417,0,13,0
Vila Rica,Vila Rica,2020-11-24,417,0,13,0
Vila Rica,Vila Rica,2020-11-25,418,1,13,0
Vila Rica,Vila Rica,2020-11-26,418,0,13,0
Vila Rica,Vila Rica,2020-11-27,418,0,13,0
Vila Rica,Vila Rica,2020-11-28,418,0,13,0
Vila Rica,Vila Rica,2020-11-29,418,0,13,0
Vila Rica,Vila Rica,2020-11-30,420,2,13,0
Vila Rica,Vila Rica,2020-12-01,420,0,13,0
Vila Rica,Vila Rica,2020-12-02,421,1,13,0
Vila Rica,Vila Rica,2020-12-03,422,1,13,0
Vila Rica,Vila Rica,2020-12-04,422,0,13,0
Vila Rica,Vila Rica,2020-12-05,422,0,13,0
Vila Rica,Vila Rica,2020-12-06,422,0,13,0
Vila Rica,Vila Rica,2020-12-07,422,0,13,0
Vila Rica,Vila Rica,2020-12-08,422,0,13,0
Vila Rica,Vila Rica,2020-12-09,423,1,13,0
Vila Rica,Vila Rica,2020-12-10,423,0,13,0
Vila Rica,Vila Rica,2020-12-11,423,0,13,0
Vila Rica,Vila Rica,2020-12-12,423,0,13,0
Vila Rica,Vila Rica,2020-12-13,423,0,13,0
Vila Rica,Vila Rica,2020-12-14,423,0,13,0
Vila Rica,Vila Rica,2020-12-15,423,0,13,0
Vila Rica,Vila Rica,2020-12-16,423,0,13,0
Vila Rica,Vila Rica,2020-12-17,423,0,13,0
Vila Rica,Vila Rica,2020-12-18,423,0,13,0
Vila Rica,Vila Rica,2020-12-19,423,0,13,0
Vila Rica,Vila Rica,2020-12-20,423,0,13,0
Vila Rica,Vila Rica,2020-12-21,423,0,13,0
Vila Rica,Vila Rica,2020-12-22,423,0,13,0
Vila Rica,Vila Rica,2020-12-23,423,0,13,0
Vila Rica,Vila Rica,2020-12-24,423,0,13,0
Vila Rica,Vila Rica,2020-12-25,423,0,13,0
Vila Rica,Vila Rica,2020-12-26,423,0,13,0
Vila Rica,Vila Rica,2020-12-27,423,0,13,0
Vila Rica,Vila Rica,2020-12-28,423,0,13,0
Vila Rica,Vila Rica,2020-12-29,423,0,13,0
Vila Rica,Vila Rica,2020-12-30,423,0,13,0
Vila Rica,Vila Rica,2020-12-31,426,3,13,0
Vila Rica,Vila Rica,2021-01-01,426,0,13,0
Vila Rica,Vila Rica,2021-01-02,426,0,13,0
Vila Rica,Vila Rica,2021-01-03,426,0,13,0
Vila Rica,Vila Rica,2021-01-04,426,0,13,0
Vila Rica,Vila Rica,2021-01-05,426,0,13,0
Vila Rica,Vila Rica,2021-01-06,426,0,13,0
Vila Rica,Vila Rica,2021-01-07,429,3,13,0
Vila Rica,Vila Rica,2021-01-08,430,1,13,0
Vila Rica,Vila Rica,2021-01-09,440,10,13,0
Vila Rica,Vila Rica,2021-01-10,440,0,13,0
Vila Rica,Vila Rica,2021-01-11,441,1,13,0
Vila Rica,Vila Rica,2021-01-12,441,0,13,0
Vila Rica,Vila Rica,2021-01-13,444,3,13,0
Vila Rica,Vila Rica,2021-01-14,463,19,13,0
Vila Rica,Vila Rica,2021-01-15,475,12,13,0
Vila Rica,Vila Rica,2021-01-16,482,7,13,0
Vila Rica,Vila Rica,2021-01-17,482,0,13,0
Vila Rica,Vila Rica,2021-01-18,482,0,13,0
Vila Rica,Vila Rica,2021-01-19,487,5,13,0
Vila Rica,Vila Rica,2021-01-20,503,16,13,0
Vila Rica,Vila Rica,2021-01-21,503,0,13,0
Vila Rica,Vila Rica,2021-01-22,505,2,13,0
Vila Rica,Vila Rica,2021-01-23,507,2,13,0
Vila Rica,Vila Rica,2021-01-24,507,0,13,0
Vila Rica,Vila Rica,2021-01-25,515,8,13,0
Vila Rica,Vila Rica,2021-01-26,521,6,13,0
Vila Rica,Vila Rica,2021-01-27,531,10,13,0
Vila Rica,Vila Rica,2021-01-28,537,6,13,0
Vila Rica,Vila Rica,2021-01-29,543,6,13,0
Vila Rica,Vila Rica,2021-01-30,550,7,13,0
Vila Rica,Vila Rica,2021-01-31,550,0,13,0
Vila Rica,Vila Rica,2021-02-01,553,3,13,0
Vila Rica,Vila Rica,2021-02-02,558,5,13,0
Vila Rica,Vila Rica,2021-02-03,579,21,13,0
Vila Rica,Vila Rica,2021-02-04,586,7,13,0
Vila Rica,Vila Rica,2021-02-05,592,6,13,0
Vila Rica,Vila Rica,2021-02-06,595,3,13,0
Vila Rica,Vila Rica,2021-02-07,595,0,13,0
Vila Rica,Vila Rica,2021-02-08,597,2,13,0
