city,city,date,cases,daily cases,deaths,daily deaths
Wanderlândia,Wanderlândia,2020-03-27,0,0,0,0
Wanderlândia,Wanderlândia,2020-03-28,0,0,0,0
Wanderlândia,Wanderlândia,2020-03-29,0,0,0,0
Wanderlândia,Wanderlândia,2020-03-30,0,0,0,0
Wanderlândia,Wanderlândia,2020-03-31,0,0,0,0
Wanderlândia,Wanderlândia,2020-04-01,0,0,0,0
Wanderlândia,Wanderlândia,2020-04-02,0,0,0,0
Wanderlândia,Wanderlândia,2020-04-03,0,0,0,0
Wanderlândia,Wanderlândia,2020-04-04,0,0,0,0
Wanderlândia,Wanderlândia,2020-04-05,0,0,0,0
Wanderlândia,Wanderlândia,2020-04-06,0,0,0,0
Wanderlândia,Wanderlândia,2020-04-07,0,0,0,0
Wanderlândia,Wanderlândia,2020-04-08,0,0,0,0
Wanderlândia,Wanderlândia,2020-04-09,0,0,0,0
Wanderlândia,Wanderlândia,2020-04-10,0,0,0,0
Wanderlândia,Wanderlândia,2020-04-11,0,0,0,0
Wanderlândia,Wanderlândia,2020-04-12,0,0,0,0
Wanderlândia,Wanderlândia,2020-04-13,0,0,0,0
Wanderlândia,Wanderlândia,2020-04-14,0,0,0,0
Wanderlândia,Wanderlândia,2020-04-15,0,0,0,0
Wanderlândia,Wanderlândia,2020-04-16,0,0,0,0
Wanderlândia,Wanderlândia,2020-04-17,0,0,0,0
Wanderlândia,Wanderlândia,2020-04-18,0,0,0,0
Wanderlândia,Wanderlândia,2020-04-19,0,0,0,0
Wanderlândia,Wanderlândia,2020-04-20,0,0,0,0
Wanderlândia,Wanderlândia,2020-04-21,0,0,0,0
Wanderlândia,Wanderlândia,2020-04-22,0,0,0,0
Wanderlândia,Wanderlândia,2020-04-23,0,0,0,0
Wanderlândia,Wanderlândia,2020-04-24,0,0,0,0
Wanderlândia,Wanderlândia,2020-04-25,0,0,0,0
Wanderlândia,Wanderlândia,2020-04-26,0,0,0,0
Wanderlândia,Wanderlândia,2020-04-27,0,0,0,0
Wanderlândia,Wanderlândia,2020-04-28,0,0,0,0
Wanderlândia,Wanderlândia,2020-04-29,1,1,0,0
Wanderlândia,Wanderlândia,2020-04-30,1,0,0,0
Wanderlândia,Wanderlândia,2020-05-01,3,2,0,0
Wanderlândia,Wanderlândia,2020-05-02,4,1,0,0
Wanderlândia,Wanderlândia,2020-05-03,4,0,0,0
Wanderlândia,Wanderlândia,2020-05-04,4,0,0,0
Wanderlândia,Wanderlândia,2020-05-05,5,1,0,0
Wanderlândia,Wanderlândia,2020-05-06,6,1,0,0
Wanderlândia,Wanderlândia,2020-05-07,5,-1,0,0
Wanderlândia,Wanderlândia,2020-05-08,7,2,0,0
Wanderlândia,Wanderlândia,2020-05-09,8,1,0,0
Wanderlândia,Wanderlândia,2020-05-10,8,0,0,0
Wanderlândia,Wanderlândia,2020-05-11,8,0,0,0
Wanderlândia,Wanderlândia,2020-05-12,8,0,0,0
Wanderlândia,Wanderlândia,2020-05-13,8,0,0,0
Wanderlândia,Wanderlândia,2020-05-14,9,1,0,0
Wanderlândia,Wanderlândia,2020-05-15,10,1,0,0
Wanderlândia,Wanderlândia,2020-05-16,12,2,0,0
Wanderlândia,Wanderlândia,2020-05-17,12,0,0,0
Wanderlândia,Wanderlândia,2020-05-18,12,0,0,0
Wanderlândia,Wanderlândia,2020-05-19,12,0,0,0
Wanderlândia,Wanderlândia,2020-05-20,13,1,0,0
Wanderlândia,Wanderlândia,2020-05-21,13,0,0,0
Wanderlândia,Wanderlândia,2020-05-22,13,0,0,0
Wanderlândia,Wanderlândia,2020-05-23,13,0,0,0
Wanderlândia,Wanderlândia,2020-05-24,15,2,0,0
Wanderlândia,Wanderlândia,2020-05-25,13,-2,0,0
Wanderlândia,Wanderlândia,2020-05-26,14,1,0,0
Wanderlândia,Wanderlândia,2020-05-27,14,0,0,0
Wanderlândia,Wanderlândia,2020-05-28,15,1,0,0
Wanderlândia,Wanderlândia,2020-05-29,16,1,0,0
Wanderlândia,Wanderlândia,2020-05-30,17,1,0,0
Wanderlândia,Wanderlândia,2020-05-31,17,0,0,0
Wanderlândia,Wanderlândia,2020-06-01,21,4,0,0
Wanderlândia,Wanderlândia,2020-06-02,21,0,0,0
Wanderlândia,Wanderlândia,2020-06-03,23,2,0,0
Wanderlândia,Wanderlândia,2020-06-04,23,0,0,0
Wanderlândia,Wanderlândia,2020-06-05,23,0,0,0
Wanderlândia,Wanderlândia,2020-06-06,29,6,0,0
Wanderlândia,Wanderlândia,2020-06-07,28,-1,0,0
Wanderlândia,Wanderlândia,2020-06-08,30,2,0,0
Wanderlândia,Wanderlândia,2020-06-09,31,1,0,0
Wanderlândia,Wanderlândia,2020-06-10,32,1,0,0
Wanderlândia,Wanderlândia,2020-06-11,34,2,0,0
Wanderlândia,Wanderlândia,2020-06-12,34,0,0,0
Wanderlândia,Wanderlândia,2020-06-13,35,1,0,0
Wanderlândia,Wanderlândia,2020-06-14,35,0,0,0
Wanderlândia,Wanderlândia,2020-06-15,35,0,0,0
Wanderlândia,Wanderlândia,2020-06-16,35,0,0,0
Wanderlândia,Wanderlândia,2020-06-17,36,1,0,0
Wanderlândia,Wanderlândia,2020-06-18,40,4,0,0
Wanderlândia,Wanderlândia,2020-06-19,40,0,0,0
Wanderlândia,Wanderlândia,2020-06-20,44,4,0,0
Wanderlândia,Wanderlândia,2020-06-21,51,7,2,2
Wanderlândia,Wanderlândia,2020-06-22,51,0,2,0
Wanderlândia,Wanderlândia,2020-06-23,51,0,2,0
Wanderlândia,Wanderlândia,2020-06-24,51,0,2,0
Wanderlândia,Wanderlândia,2020-06-25,51,0,2,0
Wanderlândia,Wanderlândia,2020-06-26,60,9,2,0
Wanderlândia,Wanderlândia,2020-06-27,61,1,2,0
Wanderlândia,Wanderlândia,2020-06-28,61,0,2,0
Wanderlândia,Wanderlândia,2020-06-29,67,6,3,1
Wanderlândia,Wanderlândia,2020-06-30,67,0,3,0
Wanderlândia,Wanderlândia,2020-07-01,68,1,3,0
Wanderlândia,Wanderlândia,2020-07-02,69,1,3,0
Wanderlândia,Wanderlândia,2020-07-03,70,1,3,0
Wanderlândia,Wanderlândia,2020-07-04,70,0,3,0
Wanderlândia,Wanderlândia,2020-07-05,72,2,3,0
Wanderlândia,Wanderlândia,2020-07-06,72,0,3,0
Wanderlândia,Wanderlândia,2020-07-07,72,0,3,0
Wanderlândia,Wanderlândia,2020-07-08,73,1,3,0
Wanderlândia,Wanderlândia,2020-07-09,73,0,3,0
Wanderlândia,Wanderlândia,2020-07-10,80,7,3,0
Wanderlândia,Wanderlândia,2020-07-11,80,0,3,0
Wanderlândia,Wanderlândia,2020-07-12,81,1,3,0
Wanderlândia,Wanderlândia,2020-07-13,81,0,3,0
Wanderlândia,Wanderlândia,2020-07-14,81,0,3,0
Wanderlândia,Wanderlândia,2020-07-15,80,-1,3,0
Wanderlândia,Wanderlândia,2020-07-16,81,1,3,0
Wanderlândia,Wanderlândia,2020-07-17,86,5,3,0
Wanderlândia,Wanderlândia,2020-07-18,86,0,3,0
Wanderlândia,Wanderlândia,2020-07-19,87,1,3,0
Wanderlândia,Wanderlândia,2020-07-20,90,3,4,1
Wanderlândia,Wanderlândia,2020-07-21,92,2,4,0
Wanderlândia,Wanderlândia,2020-07-22,92,0,4,0
Wanderlândia,Wanderlândia,2020-07-23,103,11,4,0
Wanderlândia,Wanderlândia,2020-07-24,103,0,4,0
Wanderlândia,Wanderlândia,2020-07-25,114,11,4,0
Wanderlândia,Wanderlândia,2020-07-26,114,0,4,0
Wanderlândia,Wanderlândia,2020-07-27,114,0,5,1
Wanderlândia,Wanderlândia,2020-07-28,128,14,5,0
Wanderlândia,Wanderlândia,2020-07-29,133,5,5,0
Wanderlândia,Wanderlândia,2020-07-30,133,0,5,0
Wanderlândia,Wanderlândia,2020-07-31,141,8,5,0
Wanderlândia,Wanderlândia,2020-08-01,145,4,5,0
Wanderlândia,Wanderlândia,2020-08-02,145,0,5,0
Wanderlândia,Wanderlândia,2020-08-03,158,13,5,0
Wanderlândia,Wanderlândia,2020-08-04,158,0,5,0
Wanderlândia,Wanderlândia,2020-08-05,158,0,5,0
Wanderlândia,Wanderlândia,2020-08-06,159,1,5,0
Wanderlândia,Wanderlândia,2020-08-07,160,1,5,0
Wanderlândia,Wanderlândia,2020-08-08,181,21,5,0
Wanderlândia,Wanderlândia,2020-08-09,182,1,5,0
Wanderlândia,Wanderlândia,2020-08-10,182,0,5,0
Wanderlândia,Wanderlândia,2020-08-11,189,7,5,0
Wanderlândia,Wanderlândia,2020-08-12,189,0,5,0
Wanderlândia,Wanderlândia,2020-08-13,189,0,5,0
Wanderlândia,Wanderlândia,2020-08-14,197,8,5,0
Wanderlândia,Wanderlândia,2020-08-15,198,1,5,0
Wanderlândia,Wanderlândia,2020-08-16,200,2,5,0
Wanderlândia,Wanderlândia,2020-08-17,212,12,5,0
Wanderlândia,Wanderlândia,2020-08-18,212,0,5,0
Wanderlândia,Wanderlândia,2020-08-19,212,0,5,0
Wanderlândia,Wanderlândia,2020-08-20,223,11,5,0
Wanderlândia,Wanderlândia,2020-08-21,227,4,5,0
Wanderlândia,Wanderlândia,2020-08-22,232,5,5,0
Wanderlândia,Wanderlândia,2020-08-23,240,8,5,0
Wanderlândia,Wanderlândia,2020-08-24,240,0,5,0
Wanderlândia,Wanderlândia,2020-08-25,240,0,5,0
Wanderlândia,Wanderlândia,2020-08-26,248,8,5,0
Wanderlândia,Wanderlândia,2020-08-27,251,3,5,0
Wanderlândia,Wanderlândia,2020-08-28,251,0,5,0
Wanderlândia,Wanderlândia,2020-08-29,252,1,5,0
Wanderlândia,Wanderlândia,2020-08-30,256,4,5,0
Wanderlândia,Wanderlândia,2020-08-31,256,0,5,0
Wanderlândia,Wanderlândia,2020-09-01,238,-18,5,0
Wanderlândia,Wanderlândia,2020-09-02,238,0,5,0
Wanderlândia,Wanderlândia,2020-09-03,240,2,5,0
Wanderlândia,Wanderlândia,2020-09-04,260,20,5,0
Wanderlândia,Wanderlândia,2020-09-05,260,0,5,0
Wanderlândia,Wanderlândia,2020-09-06,266,6,5,0
Wanderlândia,Wanderlândia,2020-09-07,266,0,5,0
Wanderlândia,Wanderlândia,2020-09-08,266,0,5,0
Wanderlândia,Wanderlândia,2020-09-09,265,-1,5,0
Wanderlândia,Wanderlândia,2020-09-10,266,1,5,0
Wanderlândia,Wanderlândia,2020-09-11,267,1,5,0
Wanderlândia,Wanderlândia,2020-09-12,269,2,5,0
Wanderlândia,Wanderlândia,2020-09-13,277,8,5,0
Wanderlândia,Wanderlândia,2020-09-14,280,3,5,0
Wanderlândia,Wanderlândia,2020-09-15,281,1,5,0
Wanderlândia,Wanderlândia,2020-09-16,280,-1,5,0
Wanderlândia,Wanderlândia,2020-09-17,283,3,5,0
Wanderlândia,Wanderlândia,2020-09-18,283,0,5,0
Wanderlândia,Wanderlândia,2020-09-19,288,5,5,0
Wanderlândia,Wanderlândia,2020-09-20,288,0,5,0
Wanderlândia,Wanderlândia,2020-09-21,288,0,5,0
Wanderlândia,Wanderlândia,2020-09-22,296,8,5,0
Wanderlândia,Wanderlândia,2020-09-23,299,3,5,0
Wanderlândia,Wanderlândia,2020-09-24,304,5,5,0
Wanderlândia,Wanderlândia,2020-09-25,306,2,5,0
Wanderlândia,Wanderlândia,2020-09-26,307,1,5,0
Wanderlândia,Wanderlândia,2020-09-27,307,0,5,0
Wanderlândia,Wanderlândia,2020-09-28,307,0,5,0
Wanderlândia,Wanderlândia,2020-09-29,310,3,5,0
Wanderlândia,Wanderlândia,2020-09-30,310,0,5,0
Wanderlândia,Wanderlândia,2020-10-01,315,5,5,0
Wanderlândia,Wanderlândia,2020-10-02,316,1,5,0
Wanderlândia,Wanderlândia,2020-10-03,318,2,5,0
Wanderlândia,Wanderlândia,2020-10-04,318,0,5,0
Wanderlândia,Wanderlândia,2020-10-05,321,3,5,0
Wanderlândia,Wanderlândia,2020-10-06,321,0,5,0
Wanderlândia,Wanderlândia,2020-10-07,322,1,5,0
Wanderlândia,Wanderlândia,2020-10-08,322,0,5,0
Wanderlândia,Wanderlândia,2020-10-09,323,1,5,0
Wanderlândia,Wanderlândia,2020-10-10,325,2,5,0
Wanderlândia,Wanderlândia,2020-10-11,325,0,5,0
Wanderlândia,Wanderlândia,2020-10-12,325,0,5,0
Wanderlândia,Wanderlândia,2020-10-13,325,0,5,0
Wanderlândia,Wanderlândia,2020-10-14,324,-1,5,0
Wanderlândia,Wanderlândia,2020-10-15,324,0,5,0
Wanderlândia,Wanderlândia,2020-10-16,324,0,5,0
Wanderlândia,Wanderlândia,2020-10-17,324,0,5,0
Wanderlândia,Wanderlândia,2020-10-18,324,0,5,0
Wanderlândia,Wanderlândia,2020-10-19,325,1,5,0
Wanderlândia,Wanderlândia,2020-10-20,325,0,5,0
Wanderlândia,Wanderlândia,2020-10-21,325,0,5,0
Wanderlândia,Wanderlândia,2020-10-22,325,0,5,0
Wanderlândia,Wanderlândia,2020-10-23,325,0,5,0
Wanderlândia,Wanderlândia,2020-10-24,325,0,5,0
Wanderlândia,Wanderlândia,2020-10-25,326,1,5,0
Wanderlândia,Wanderlândia,2020-10-26,327,1,5,0
Wanderlândia,Wanderlândia,2020-10-27,328,1,5,0
Wanderlândia,Wanderlândia,2020-10-28,327,-1,5,0
Wanderlândia,Wanderlândia,2020-10-29,335,8,5,0
Wanderlândia,Wanderlândia,2020-10-30,333,-2,5,0
Wanderlândia,Wanderlândia,2020-10-31,333,0,5,0
Wanderlândia,Wanderlândia,2020-11-01,333,0,5,0
Wanderlândia,Wanderlândia,2020-11-02,333,0,5,0
Wanderlândia,Wanderlândia,2020-11-03,339,6,5,0
Wanderlândia,Wanderlândia,2020-11-04,340,1,5,0
Wanderlândia,Wanderlândia,2020-11-05,344,4,5,0
Wanderlândia,Wanderlândia,2020-11-06,348,4,5,0
Wanderlândia,Wanderlândia,2020-11-07,348,0,5,0
Wanderlândia,Wanderlândia,2020-11-08,356,8,5,0
Wanderlândia,Wanderlândia,2020-11-09,356,0,5,0
Wanderlândia,Wanderlândia,2020-11-10,358,2,5,0
Wanderlândia,Wanderlândia,2020-11-11,357,-1,5,0
Wanderlândia,Wanderlândia,2020-11-12,362,5,5,0
Wanderlândia,Wanderlândia,2020-11-13,362,0,5,0
Wanderlândia,Wanderlândia,2020-11-14,361,-1,5,0
Wanderlândia,Wanderlândia,2020-11-15,365,4,5,0
Wanderlândia,Wanderlândia,2020-11-16,365,0,5,0
Wanderlândia,Wanderlândia,2020-11-17,365,0,5,0
Wanderlândia,Wanderlândia,2020-11-18,365,0,5,0
Wanderlândia,Wanderlândia,2020-11-19,373,8,5,0
Wanderlândia,Wanderlândia,2020-11-20,372,-1,5,0
Wanderlândia,Wanderlândia,2020-11-21,372,0,5,0
Wanderlândia,Wanderlândia,2020-11-22,383,11,5,0
Wanderlândia,Wanderlândia,2020-11-23,383,0,5,0
Wanderlândia,Wanderlândia,2020-11-24,384,1,5,0
Wanderlândia,Wanderlândia,2020-11-25,395,11,5,0
Wanderlândia,Wanderlândia,2020-11-26,396,1,6,1
Wanderlândia,Wanderlândia,2020-11-27,397,1,6,0
Wanderlândia,Wanderlândia,2020-11-28,397,0,6,0
Wanderlândia,Wanderlândia,2020-11-29,402,5,6,0
Wanderlândia,Wanderlândia,2020-11-30,412,10,6,0
Wanderlândia,Wanderlândia,2020-12-01,412,0,6,0
Wanderlândia,Wanderlândia,2020-12-02,412,0,6,0
Wanderlândia,Wanderlândia,2020-12-03,412,0,6,0
Wanderlândia,Wanderlândia,2020-12-04,414,2,6,0
Wanderlândia,Wanderlândia,2020-12-05,422,8,6,0
Wanderlândia,Wanderlândia,2020-12-06,422,0,6,0
Wanderlândia,Wanderlândia,2020-12-07,422,0,6,0
Wanderlândia,Wanderlândia,2020-12-08,422,0,6,0
Wanderlândia,Wanderlândia,2020-12-09,430,8,6,0
Wanderlândia,Wanderlândia,2020-12-10,434,4,6,0
Wanderlândia,Wanderlândia,2020-12-11,436,2,6,0
Wanderlândia,Wanderlândia,2020-12-12,436,0,6,0
Wanderlândia,Wanderlândia,2020-12-13,438,2,6,0
Wanderlândia,Wanderlândia,2020-12-14,438,0,6,0
Wanderlândia,Wanderlândia,2020-12-15,438,0,6,0
Wanderlândia,Wanderlândia,2020-12-16,438,0,6,0
Wanderlândia,Wanderlândia,2020-12-17,442,4,6,0
Wanderlândia,Wanderlândia,2020-12-18,442,0,6,0
Wanderlândia,Wanderlândia,2020-12-19,442,0,6,0
Wanderlândia,Wanderlândia,2020-12-20,442,0,6,0
Wanderlândia,Wanderlândia,2020-12-21,449,7,6,0
Wanderlândia,Wanderlândia,2020-12-22,449,0,6,0
Wanderlândia,Wanderlândia,2020-12-23,449,0,6,0
Wanderlândia,Wanderlândia,2020-12-24,449,0,6,0
Wanderlândia,Wanderlândia,2020-12-25,451,2,6,0
Wanderlândia,Wanderlândia,2020-12-26,451,0,6,0
Wanderlândia,Wanderlândia,2020-12-27,453,2,6,0
Wanderlândia,Wanderlândia,2020-12-28,453,0,6,0
Wanderlândia,Wanderlândia,2020-12-29,453,0,6,0
Wanderlândia,Wanderlândia,2020-12-30,453,0,6,0
Wanderlândia,Wanderlândia,2020-12-31,453,0,6,0
Wanderlândia,Wanderlândia,2021-01-01,460,7,6,0
Wanderlândia,Wanderlândia,2021-01-02,460,0,6,0
Wanderlândia,Wanderlândia,2021-01-03,460,0,6,0
Wanderlândia,Wanderlândia,2021-01-04,460,0,6,0
Wanderlândia,Wanderlândia,2021-01-05,460,0,6,0
Wanderlândia,Wanderlândia,2021-01-06,460,0,6,0
Wanderlândia,Wanderlândia,2021-01-07,460,0,6,0
Wanderlândia,Wanderlândia,2021-01-08,460,0,6,0
Wanderlândia,Wanderlândia,2021-01-09,468,8,6,0
Wanderlândia,Wanderlândia,2021-01-10,468,0,6,0
Wanderlândia,Wanderlândia,2021-01-11,477,9,6,0
Wanderlândia,Wanderlândia,2021-01-12,477,0,6,0
Wanderlândia,Wanderlândia,2021-01-13,477,0,6,0
Wanderlândia,Wanderlândia,2021-01-14,479,2,6,0
Wanderlândia,Wanderlândia,2021-01-15,484,5,6,0
Wanderlândia,Wanderlândia,2021-01-16,489,5,6,0
Wanderlândia,Wanderlândia,2021-01-17,492,3,6,0
Wanderlândia,Wanderlândia,2021-01-18,492,0,6,0
Wanderlândia,Wanderlândia,2021-01-19,493,1,6,0
Wanderlândia,Wanderlândia,2021-01-20,504,11,6,0
Wanderlândia,Wanderlândia,2021-01-21,502,-2,6,0
Wanderlândia,Wanderlândia,2021-01-22,507,5,6,0
Wanderlândia,Wanderlândia,2021-01-23,507,0,6,0
Wanderlândia,Wanderlândia,2021-01-24,507,0,6,0
Wanderlândia,Wanderlândia,2021-01-25,507,0,6,0
Wanderlândia,Wanderlândia,2021-01-26,506,-1,6,0
Wanderlândia,Wanderlândia,2021-01-27,519,13,6,0
Wanderlândia,Wanderlândia,2021-01-28,519,0,6,0
Wanderlândia,Wanderlândia,2021-01-29,525,6,6,0
Wanderlândia,Wanderlândia,2021-01-30,525,0,6,0
Wanderlândia,Wanderlândia,2021-01-31,525,0,6,0
Wanderlândia,Wanderlândia,2021-02-01,525,0,6,0
Wanderlândia,Wanderlândia,2021-02-02,525,0,6,0
Wanderlândia,Wanderlândia,2021-02-03,537,12,6,0
Wanderlândia,Wanderlândia,2021-02-04,537,0,6,0
Wanderlândia,Wanderlândia,2021-02-05,544,7,6,0
Wanderlândia,Wanderlândia,2021-02-06,545,1,6,0
Wanderlândia,Wanderlândia,2021-02-07,548,3,6,0
Wanderlândia,Wanderlândia,2021-02-08,548,0,6,0
