city,city,date,cases,daily cases,deaths,daily deaths
Xique-Xique,Xique-Xique,2020-03-27,0,0,0,0
Xique-Xique,Xique-Xique,2020-03-28,0,0,0,0
Xique-Xique,Xique-Xique,2020-03-29,0,0,0,0
Xique-Xique,Xique-Xique,2020-03-30,0,0,0,0
Xique-Xique,Xique-Xique,2020-03-31,0,0,0,0
Xique-Xique,Xique-Xique,2020-04-01,0,0,0,0
Xique-Xique,Xique-Xique,2020-04-02,0,0,0,0
Xique-Xique,Xique-Xique,2020-04-03,0,0,0,0
Xique-Xique,Xique-Xique,2020-04-04,0,0,0,0
Xique-Xique,Xique-Xique,2020-04-05,0,0,0,0
Xique-Xique,Xique-Xique,2020-04-06,0,0,0,0
Xique-Xique,Xique-Xique,2020-04-07,0,0,0,0
Xique-Xique,Xique-Xique,2020-04-08,0,0,0,0
Xique-Xique,Xique-Xique,2020-04-09,0,0,0,0
Xique-Xique,Xique-Xique,2020-04-10,0,0,0,0
Xique-Xique,Xique-Xique,2020-04-11,0,0,0,0
Xique-Xique,Xique-Xique,2020-04-12,0,0,0,0
Xique-Xique,Xique-Xique,2020-04-13,0,0,0,0
Xique-Xique,Xique-Xique,2020-04-14,0,0,0,0
Xique-Xique,Xique-Xique,2020-04-15,0,0,0,0
Xique-Xique,Xique-Xique,2020-04-16,0,0,0,0
Xique-Xique,Xique-Xique,2020-04-17,0,0,0,0
Xique-Xique,Xique-Xique,2020-04-18,0,0,0,0
Xique-Xique,Xique-Xique,2020-04-19,0,0,0,0
Xique-Xique,Xique-Xique,2020-04-20,0,0,0,0
Xique-Xique,Xique-Xique,2020-04-21,0,0,0,0
Xique-Xique,Xique-Xique,2020-04-22,0,0,0,0
Xique-Xique,Xique-Xique,2020-04-23,0,0,0,0
Xique-Xique,Xique-Xique,2020-04-24,0,0,0,0
Xique-Xique,Xique-Xique,2020-04-25,0,0,0,0
Xique-Xique,Xique-Xique,2020-04-26,0,0,0,0
Xique-Xique,Xique-Xique,2020-04-27,0,0,0,0
Xique-Xique,Xique-Xique,2020-04-28,0,0,0,0
Xique-Xique,Xique-Xique,2020-04-29,0,0,0,0
Xique-Xique,Xique-Xique,2020-04-30,0,0,0,0
Xique-Xique,Xique-Xique,2020-05-01,0,0,0,0
Xique-Xique,Xique-Xique,2020-05-02,0,0,0,0
Xique-Xique,Xique-Xique,2020-05-03,0,0,0,0
Xique-Xique,Xique-Xique,2020-05-04,0,0,0,0
Xique-Xique,Xique-Xique,2020-05-05,0,0,0,0
Xique-Xique,Xique-Xique,2020-05-06,0,0,0,0
Xique-Xique,Xique-Xique,2020-05-07,0,0,0,0
Xique-Xique,Xique-Xique,2020-05-08,0,0,0,0
Xique-Xique,Xique-Xique,2020-05-09,0,0,0,0
Xique-Xique,Xique-Xique,2020-05-10,0,0,0,0
Xique-Xique,Xique-Xique,2020-05-11,0,0,0,0
Xique-Xique,Xique-Xique,2020-05-12,0,0,0,0
Xique-Xique,Xique-Xique,2020-05-13,0,0,0,0
Xique-Xique,Xique-Xique,2020-05-14,0,0,0,0
Xique-Xique,Xique-Xique,2020-05-15,0,0,0,0
Xique-Xique,Xique-Xique,2020-05-16,0,0,0,0
Xique-Xique,Xique-Xique,2020-05-17,0,0,0,0
Xique-Xique,Xique-Xique,2020-05-18,0,0,0,0
Xique-Xique,Xique-Xique,2020-05-19,0,0,0,0
Xique-Xique,Xique-Xique,2020-05-20,0,0,0,0
Xique-Xique,Xique-Xique,2020-05-21,0,0,0,0
Xique-Xique,Xique-Xique,2020-05-22,1,1,0,0
Xique-Xique,Xique-Xique,2020-05-23,3,2,0,0
Xique-Xique,Xique-Xique,2020-05-24,3,0,0,0
Xique-Xique,Xique-Xique,2020-05-25,3,0,0,0
Xique-Xique,Xique-Xique,2020-05-26,3,0,0,0
Xique-Xique,Xique-Xique,2020-05-27,7,4,0,0
Xique-Xique,Xique-Xique,2020-05-28,10,3,0,0
Xique-Xique,Xique-Xique,2020-05-29,10,0,0,0
Xique-Xique,Xique-Xique,2020-05-30,13,3,0,0
Xique-Xique,Xique-Xique,2020-05-31,14,1,0,0
Xique-Xique,Xique-Xique,2020-06-01,14,0,0,0
Xique-Xique,Xique-Xique,2020-06-02,21,7,0,0
Xique-Xique,Xique-Xique,2020-06-03,21,0,0,0
Xique-Xique,Xique-Xique,2020-06-04,21,0,0,0
Xique-Xique,Xique-Xique,2020-06-05,25,4,0,0
Xique-Xique,Xique-Xique,2020-06-06,26,1,0,0
Xique-Xique,Xique-Xique,2020-06-07,26,0,0,0
Xique-Xique,Xique-Xique,2020-06-08,26,0,0,0
Xique-Xique,Xique-Xique,2020-06-09,29,3,0,0
Xique-Xique,Xique-Xique,2020-06-10,29,0,0,0
Xique-Xique,Xique-Xique,2020-06-11,30,1,0,0
Xique-Xique,Xique-Xique,2020-06-12,30,0,0,0
Xique-Xique,Xique-Xique,2020-06-13,30,0,0,0
Xique-Xique,Xique-Xique,2020-06-14,30,0,0,0
Xique-Xique,Xique-Xique,2020-06-15,30,0,0,0
Xique-Xique,Xique-Xique,2020-06-16,30,0,0,0
Xique-Xique,Xique-Xique,2020-06-17,30,0,0,0
Xique-Xique,Xique-Xique,2020-06-18,30,0,0,0
Xique-Xique,Xique-Xique,2020-06-19,30,0,0,0
Xique-Xique,Xique-Xique,2020-06-20,30,0,0,0
Xique-Xique,Xique-Xique,2020-06-21,30,0,0,0
Xique-Xique,Xique-Xique,2020-06-22,30,0,0,0
Xique-Xique,Xique-Xique,2020-06-23,31,1,0,0
Xique-Xique,Xique-Xique,2020-06-24,31,0,0,0
Xique-Xique,Xique-Xique,2020-06-25,31,0,0,0
Xique-Xique,Xique-Xique,2020-06-26,33,2,0,0
Xique-Xique,Xique-Xique,2020-06-27,35,2,0,0
Xique-Xique,Xique-Xique,2020-06-28,37,2,0,0
Xique-Xique,Xique-Xique,2020-06-29,37,0,0,0
Xique-Xique,Xique-Xique,2020-06-30,38,1,0,0
Xique-Xique,Xique-Xique,2020-07-01,38,0,0,0
Xique-Xique,Xique-Xique,2020-07-02,38,0,0,0
Xique-Xique,Xique-Xique,2020-07-03,38,0,1,1
Xique-Xique,Xique-Xique,2020-07-04,38,0,1,0
Xique-Xique,Xique-Xique,2020-07-05,38,0,1,0
Xique-Xique,Xique-Xique,2020-07-06,38,0,1,0
Xique-Xique,Xique-Xique,2020-07-07,39,1,1,0
Xique-Xique,Xique-Xique,2020-07-08,39,0,1,0
Xique-Xique,Xique-Xique,2020-07-09,39,0,1,0
Xique-Xique,Xique-Xique,2020-07-10,40,1,1,0
Xique-Xique,Xique-Xique,2020-07-11,40,0,1,0
Xique-Xique,Xique-Xique,2020-07-12,40,0,1,0
Xique-Xique,Xique-Xique,2020-07-13,40,0,1,0
Xique-Xique,Xique-Xique,2020-07-14,41,1,1,0
Xique-Xique,Xique-Xique,2020-07-15,44,3,1,0
Xique-Xique,Xique-Xique,2020-07-16,46,2,1,0
Xique-Xique,Xique-Xique,2020-07-17,46,0,1,0
Xique-Xique,Xique-Xique,2020-07-18,46,0,1,0
Xique-Xique,Xique-Xique,2020-07-19,50,4,1,0
Xique-Xique,Xique-Xique,2020-07-20,50,0,1,0
Xique-Xique,Xique-Xique,2020-07-21,50,0,1,0
Xique-Xique,Xique-Xique,2020-07-22,50,0,1,0
Xique-Xique,Xique-Xique,2020-07-23,51,1,1,0
Xique-Xique,Xique-Xique,2020-07-24,50,-1,1,0
Xique-Xique,Xique-Xique,2020-07-25,54,4,1,0
Xique-Xique,Xique-Xique,2020-07-26,54,0,1,0
Xique-Xique,Xique-Xique,2020-07-27,54,0,1,0
Xique-Xique,Xique-Xique,2020-07-28,56,2,1,0
Xique-Xique,Xique-Xique,2020-07-29,56,0,1,0
Xique-Xique,Xique-Xique,2020-07-30,58,2,1,0
Xique-Xique,Xique-Xique,2020-07-31,58,0,1,0
Xique-Xique,Xique-Xique,2020-08-01,61,3,1,0
Xique-Xique,Xique-Xique,2020-08-02,62,1,1,0
Xique-Xique,Xique-Xique,2020-08-03,63,1,1,0
Xique-Xique,Xique-Xique,2020-08-04,65,2,1,0
Xique-Xique,Xique-Xique,2020-08-05,67,2,1,0
Xique-Xique,Xique-Xique,2020-08-06,68,1,1,0
Xique-Xique,Xique-Xique,2020-08-07,69,1,1,0
Xique-Xique,Xique-Xique,2020-08-08,70,1,1,0
Xique-Xique,Xique-Xique,2020-08-09,70,0,1,0
Xique-Xique,Xique-Xique,2020-08-10,73,3,1,0
Xique-Xique,Xique-Xique,2020-08-11,74,1,2,1
Xique-Xique,Xique-Xique,2020-08-12,75,1,2,0
Xique-Xique,Xique-Xique,2020-08-13,75,0,2,0
Xique-Xique,Xique-Xique,2020-08-14,77,2,2,0
Xique-Xique,Xique-Xique,2020-08-15,77,0,2,0
Xique-Xique,Xique-Xique,2020-08-16,83,6,2,0
Xique-Xique,Xique-Xique,2020-08-17,85,2,2,0
Xique-Xique,Xique-Xique,2020-08-18,86,1,2,0
Xique-Xique,Xique-Xique,2020-08-19,86,0,2,0
Xique-Xique,Xique-Xique,2020-08-20,86,0,2,0
Xique-Xique,Xique-Xique,2020-08-21,87,1,2,0
Xique-Xique,Xique-Xique,2020-08-22,89,2,2,0
Xique-Xique,Xique-Xique,2020-08-23,92,3,2,0
Xique-Xique,Xique-Xique,2020-08-24,95,3,2,0
Xique-Xique,Xique-Xique,2020-08-25,95,0,2,0
Xique-Xique,Xique-Xique,2020-08-26,98,3,2,0
Xique-Xique,Xique-Xique,2020-08-27,98,0,2,0
Xique-Xique,Xique-Xique,2020-08-28,101,3,2,0
Xique-Xique,Xique-Xique,2020-08-29,102,1,2,0
Xique-Xique,Xique-Xique,2020-08-30,106,4,2,0
Xique-Xique,Xique-Xique,2020-08-31,106,0,2,0
Xique-Xique,Xique-Xique,2020-09-01,110,4,2,0
Xique-Xique,Xique-Xique,2020-09-02,112,2,2,0
Xique-Xique,Xique-Xique,2020-09-03,113,1,2,0
Xique-Xique,Xique-Xique,2020-09-04,120,7,2,0
Xique-Xique,Xique-Xique,2020-09-05,120,0,2,0
Xique-Xique,Xique-Xique,2020-09-06,121,1,2,0
Xique-Xique,Xique-Xique,2020-09-07,121,0,2,0
Xique-Xique,Xique-Xique,2020-09-08,121,0,2,0
Xique-Xique,Xique-Xique,2020-09-09,123,2,2,0
Xique-Xique,Xique-Xique,2020-09-10,123,0,2,0
Xique-Xique,Xique-Xique,2020-09-11,123,0,2,0
Xique-Xique,Xique-Xique,2020-09-12,123,0,2,0
Xique-Xique,Xique-Xique,2020-09-13,128,5,2,0
Xique-Xique,Xique-Xique,2020-09-14,139,11,2,0
Xique-Xique,Xique-Xique,2020-09-15,139,0,2,0
Xique-Xique,Xique-Xique,2020-09-16,140,1,2,0
Xique-Xique,Xique-Xique,2020-09-17,142,2,2,0
Xique-Xique,Xique-Xique,2020-09-18,142,0,2,0
Xique-Xique,Xique-Xique,2020-09-19,142,0,2,0
Xique-Xique,Xique-Xique,2020-09-20,150,8,2,0
Xique-Xique,Xique-Xique,2020-09-21,150,0,2,0
Xique-Xique,Xique-Xique,2020-09-22,152,2,2,0
Xique-Xique,Xique-Xique,2020-09-23,152,0,2,0
Xique-Xique,Xique-Xique,2020-09-24,159,7,2,0
Xique-Xique,Xique-Xique,2020-09-25,160,1,2,0
Xique-Xique,Xique-Xique,2020-09-26,161,1,2,0
Xique-Xique,Xique-Xique,2020-09-27,161,0,2,0
Xique-Xique,Xique-Xique,2020-09-28,161,0,2,0
Xique-Xique,Xique-Xique,2020-09-29,166,5,2,0
Xique-Xique,Xique-Xique,2020-09-30,166,0,2,0
Xique-Xique,Xique-Xique,2020-10-01,167,1,2,0
Xique-Xique,Xique-Xique,2020-10-02,167,0,2,0
Xique-Xique,Xique-Xique,2020-10-03,167,0,2,0
Xique-Xique,Xique-Xique,2020-10-04,167,0,2,0
Xique-Xique,Xique-Xique,2020-10-05,167,0,2,0
Xique-Xique,Xique-Xique,2020-10-06,178,11,2,0
Xique-Xique,Xique-Xique,2020-10-07,178,0,2,0
Xique-Xique,Xique-Xique,2020-10-08,178,0,2,0
Xique-Xique,Xique-Xique,2020-10-09,180,2,2,0
Xique-Xique,Xique-Xique,2020-10-10,181,1,2,0
Xique-Xique,Xique-Xique,2020-10-11,193,12,2,0
Xique-Xique,Xique-Xique,2020-10-12,195,2,2,0
Xique-Xique,Xique-Xique,2020-10-13,202,7,2,0
Xique-Xique,Xique-Xique,2020-10-14,211,9,2,0
Xique-Xique,Xique-Xique,2020-10-15,211,0,2,0
Xique-Xique,Xique-Xique,2020-10-16,211,0,2,0
Xique-Xique,Xique-Xique,2020-10-17,211,0,2,0
Xique-Xique,Xique-Xique,2020-10-18,237,26,2,0
Xique-Xique,Xique-Xique,2020-10-19,238,1,2,0
Xique-Xique,Xique-Xique,2020-10-20,264,26,2,0
Xique-Xique,Xique-Xique,2020-10-21,267,3,2,0
Xique-Xique,Xique-Xique,2020-10-22,284,17,2,0
Xique-Xique,Xique-Xique,2020-10-23,284,0,2,0
Xique-Xique,Xique-Xique,2020-10-24,292,8,2,0
Xique-Xique,Xique-Xique,2020-10-25,330,38,2,0
Xique-Xique,Xique-Xique,2020-10-26,370,40,2,0
Xique-Xique,Xique-Xique,2020-10-27,370,0,3,1
Xique-Xique,Xique-Xique,2020-10-28,372,2,3,0
Xique-Xique,Xique-Xique,2020-10-29,373,1,3,0
Xique-Xique,Xique-Xique,2020-10-30,375,2,3,0
Xique-Xique,Xique-Xique,2020-10-31,376,1,3,0
Xique-Xique,Xique-Xique,2020-11-01,408,32,3,0
Xique-Xique,Xique-Xique,2020-11-02,422,14,3,0
Xique-Xique,Xique-Xique,2020-11-03,422,0,3,0
Xique-Xique,Xique-Xique,2020-11-04,452,30,3,0
Xique-Xique,Xique-Xique,2020-11-05,463,11,4,1
Xique-Xique,Xique-Xique,2020-11-06,466,3,4,0
Xique-Xique,Xique-Xique,2020-11-07,482,16,4,0
Xique-Xique,Xique-Xique,2020-11-08,547,65,4,0
Xique-Xique,Xique-Xique,2020-11-09,549,2,5,1
Xique-Xique,Xique-Xique,2020-11-10,562,13,5,0
Xique-Xique,Xique-Xique,2020-11-11,575,13,6,1
Xique-Xique,Xique-Xique,2020-11-12,575,0,6,0
Xique-Xique,Xique-Xique,2020-11-13,593,18,6,0
Xique-Xique,Xique-Xique,2020-11-14,611,18,6,0
Xique-Xique,Xique-Xique,2020-11-15,635,24,6,0
Xique-Xique,Xique-Xique,2020-11-16,635,0,6,0
Xique-Xique,Xique-Xique,2020-11-17,639,4,6,0
Xique-Xique,Xique-Xique,2020-11-18,642,3,6,0
Xique-Xique,Xique-Xique,2020-11-19,651,9,6,0
Xique-Xique,Xique-Xique,2020-11-20,651,0,6,0
Xique-Xique,Xique-Xique,2020-11-21,669,18,6,0
Xique-Xique,Xique-Xique,2020-11-22,677,8,7,1
Xique-Xique,Xique-Xique,2020-11-23,678,1,7,0
Xique-Xique,Xique-Xique,2020-11-24,680,2,7,0
Xique-Xique,Xique-Xique,2020-11-25,697,17,7,0
Xique-Xique,Xique-Xique,2020-11-26,697,0,7,0
Xique-Xique,Xique-Xique,2020-11-27,710,13,7,0
Xique-Xique,Xique-Xique,2020-11-28,713,3,7,0
Xique-Xique,Xique-Xique,2020-11-29,755,42,8,1
Xique-Xique,Xique-Xique,2020-11-30,755,0,8,0
Xique-Xique,Xique-Xique,2020-12-01,755,0,8,0
Xique-Xique,Xique-Xique,2020-12-02,756,1,8,0
Xique-Xique,Xique-Xique,2020-12-03,757,1,8,0
Xique-Xique,Xique-Xique,2020-12-04,760,3,10,2
Xique-Xique,Xique-Xique,2020-12-05,761,1,11,1
Xique-Xique,Xique-Xique,2020-12-06,785,24,11,0
Xique-Xique,Xique-Xique,2020-12-07,829,44,11,0
Xique-Xique,Xique-Xique,2020-12-08,841,12,11,0
Xique-Xique,Xique-Xique,2020-12-09,851,10,11,0
Xique-Xique,Xique-Xique,2020-12-10,857,6,11,0
Xique-Xique,Xique-Xique,2020-12-11,867,10,12,1
Xique-Xique,Xique-Xique,2020-12-12,868,1,12,0
Xique-Xique,Xique-Xique,2020-12-13,874,6,12,0
Xique-Xique,Xique-Xique,2020-12-14,884,10,13,1
Xique-Xique,Xique-Xique,2020-12-15,903,19,13,0
Xique-Xique,Xique-Xique,2020-12-16,925,22,13,0
Xique-Xique,Xique-Xique,2020-12-17,961,36,13,0
Xique-Xique,Xique-Xique,2020-12-18,968,7,13,0
Xique-Xique,Xique-Xique,2020-12-19,979,11,13,0
Xique-Xique,Xique-Xique,2020-12-20,979,0,13,0
Xique-Xique,Xique-Xique,2020-12-21,982,3,14,1
Xique-Xique,Xique-Xique,2020-12-22,985,3,14,0
Xique-Xique,Xique-Xique,2020-12-23,1005,20,14,0
Xique-Xique,Xique-Xique,2020-12-24,1007,2,14,0
Xique-Xique,Xique-Xique,2020-12-25,1011,4,14,0
Xique-Xique,Xique-Xique,2020-12-26,1030,19,14,0
Xique-Xique,Xique-Xique,2020-12-27,1030,0,14,0
Xique-Xique,Xique-Xique,2020-12-28,1041,11,14,0
Xique-Xique,Xique-Xique,2020-12-29,1041,0,14,0
Xique-Xique,Xique-Xique,2020-12-30,1041,0,14,0
Xique-Xique,Xique-Xique,2020-12-31,1042,1,14,0
Xique-Xique,Xique-Xique,2021-01-01,1044,2,14,0
Xique-Xique,Xique-Xique,2021-01-02,1045,1,14,0
Xique-Xique,Xique-Xique,2021-01-03,1060,15,14,0
Xique-Xique,Xique-Xique,2021-01-04,1067,7,14,0
Xique-Xique,Xique-Xique,2021-01-05,1068,1,14,0
Xique-Xique,Xique-Xique,2021-01-06,1071,3,14,0
Xique-Xique,Xique-Xique,2021-01-07,1072,1,14,0
Xique-Xique,Xique-Xique,2021-01-08,1075,3,14,0
Xique-Xique,Xique-Xique,2021-01-09,1078,3,14,0
Xique-Xique,Xique-Xique,2021-01-10,1080,2,14,0
Xique-Xique,Xique-Xique,2021-01-11,1091,11,14,0
Xique-Xique,Xique-Xique,2021-01-12,1092,1,14,0
Xique-Xique,Xique-Xique,2021-01-13,1092,0,14,0
Xique-Xique,Xique-Xique,2021-01-14,1094,2,14,0
Xique-Xique,Xique-Xique,2021-01-15,1094,0,14,0
Xique-Xique,Xique-Xique,2021-01-16,1131,37,14,0
Xique-Xique,Xique-Xique,2021-01-17,1142,11,14,0
Xique-Xique,Xique-Xique,2021-01-18,1160,18,14,0
Xique-Xique,Xique-Xique,2021-01-19,1163,3,14,0
Xique-Xique,Xique-Xique,2021-01-20,1172,9,14,0
Xique-Xique,Xique-Xique,2021-01-21,1193,21,14,0
Xique-Xique,Xique-Xique,2021-01-22,1195,2,14,0
Xique-Xique,Xique-Xique,2021-01-23,1203,8,15,1
Xique-Xique,Xique-Xique,2021-01-24,1204,1,15,0
Xique-Xique,Xique-Xique,2021-01-25,1217,13,15,0
Xique-Xique,Xique-Xique,2021-01-26,1225,8,15,0
Xique-Xique,Xique-Xique,2021-01-27,1233,8,15,0
Xique-Xique,Xique-Xique,2021-01-28,1235,2,15,0
Xique-Xique,Xique-Xique,2021-01-29,1251,16,15,0
Xique-Xique,Xique-Xique,2021-01-30,1256,5,15,0
Xique-Xique,Xique-Xique,2021-01-31,1256,0,15,0
Xique-Xique,Xique-Xique,2021-02-01,1256,0,15,0
Xique-Xique,Xique-Xique,2021-02-02,1257,1,15,0
Xique-Xique,Xique-Xique,2021-02-03,1257,0,15,0
Xique-Xique,Xique-Xique,2021-02-04,1259,2,15,0
Xique-Xique,Xique-Xique,2021-02-05,1262,3,15,0
Xique-Xique,Xique-Xique,2021-02-06,1270,8,15,0
Xique-Xique,Xique-Xique,2021-02-07,1273,3,15,0
Xique-Xique,Xique-Xique,2021-02-08,1290,17,15,0
